Tick,NewlyInfected,NewlyRecovered,TotalSusceptible,TotalInfected,TotalRecovered,StepTimeNanos
0,2,0,249993,7,0,9256400
1,2,0,249991,9,0,9435600
2,4,2,249987,11,2,9250700
3,0,3,249987,8,5,9067500
4,2,0,249985,10,5,4563300
5,4,1,249981,13,6,9831000
6,1,1,249980,13,7,8841500
7,3,0,249978,15,7,8571800
8,4,1,249973,19,8,9218300
9,4,1,249969,22,9,4471000
10,6,1,249963,27,10,196100
11,7,1,249956,33,11,210200
12,9,2,249948,39,13,122800
13,7,0,249940,47,13,134700
14,6,0,249934,53,13,125800
15,6,6,249928,53,19,119500
16,8,6,249920,55,25,121000
17,5,2,249916,57,27,161600
18,11,4,249905,64,31,153000
19,14,8,249890,71,39,128100
20,11,3,249879,79,42,120000
21,8,4,249872,82,46,127300
22,15,3,249856,95,49,168000
23,8,7,249849,95,56,101200
24,11,7,249837,100,63,111900
25,16,8,249821,108,71,134200
26,14,7,249808,114,78,115100
27,10,7,249797,118,85,120700
28,10,4,249788,123,89,113700
29,19,8,249772,131,97,118200
30,13,7,249755,141,104,167900
31,17,7,249739,150,111,135600
32,14,11,249725,153,122,161000
33,14,12,249710,156,134,175200
34,21,6,249690,170,140,136200
35,17,8,249673,179,148,129800
36,32,12,249646,194,160,164900
37,26,17,249615,208,177,133300
38,15,12,249600,211,189,166000
39,24,16,249578,217,205,135700
40,20,8,249557,230,213,129300
41,23,23,249534,230,236,4482500
42,29,13,249507,244,249,401500
43,29,10,249477,264,259,171200
44,24,14,249453,274,273,132900
45,27,15,249425,287,288,152900
46,28,17,249397,298,305,169400
47,20,24,249376,295,329,167400
48,30,4,249349,318,333,128500
49,33,11,249318,338,344,223800
50,22,16,249292,348,360,151800
51,26,24,249266,350,384,134900
52,34,28,249233,355,412,505700
53,31,16,249201,371,428,153100
54,27,22,249175,375,450,154100
55,36,22,249141,387,472,165900
56,37,16,249102,410,488,173000
57,48,18,249052,442,506,151200
58,42,22,249009,463,528,116700
59,36,21,248974,477,549,148900
60,39,19,248937,495,568,169000
61,30,21,248906,505,589,132000
62,41,23,248864,524,612,110500
63,37,25,248830,533,637,156600
64,47,31,248784,548,668,153100
65,48,35,248735,562,703,158200
66,55,30,248677,590,733,140500
67,45,23,248633,611,756,169700
68,45,34,248589,621,790,185300
69,52,28,248536,646,818,135800
70,55,32,248486,664,850,155600
71,54,39,248426,685,889,165700
72,75,23,248353,735,912,417500
73,51,32,248303,753,944,196400
74,61,42,248239,775,986,193000
75,55,48,248189,777,1034,263800
76,62,31,248126,809,1065,123200
77,57,40,248065,830,1105,242700
78,50,44,248020,831,1149,250900
79,56,45,247963,843,1194,198100
80,59,37,247905,864,1231,156700
81,74,50,247834,885,1281,165800
82,61,42,247766,911,1323,166600
83,73,44,247696,937,1367,117800
84,64,44,247631,958,1411,131400
85,65,39,247566,984,1450,138400
86,60,59,247504,987,1509,140300
87,81,55,247427,1009,1564,127000
88,65,50,247359,1027,1614,118900
89,65,51,247294,1041,1665,145900
90,67,39,247227,1069,1704,134600
91,68,68,247164,1064,1772,146600
92,57,54,247103,1071,1826,136200
93,65,49,247038,1087,1875,115600
94,70,69,246969,1087,1944,135500
95,86,57,246879,1120,2001,137800
96,67,51,246814,1134,2052,204900
97,64,63,246750,1135,2115,160500
98,72,48,246679,1158,2163,142700
99,88,64,246591,1182,2227,112700
100,62,69,246528,1176,2296,136500
101,91,65,246437,1202,2361,140000
102,76,60,246363,1216,2421,117500
103,68,61,246295,1223,2482,122400
104,79,66,246216,1236,2548,135400
105,74,70,246139,1243,2618,156400
106,74,48,246067,1267,2666,187000
107,63,71,246004,1259,2737,152600
108,68,51,245933,1279,2788,157800
109,83,56,245854,1302,2844,123700
110,73,71,245781,1304,2915,129700
111,84,65,245696,1324,2980,152100
112,79,67,245617,1336,3047,167700
113,80,57,245540,1356,3104,168500
114,86,73,245455,1368,3177,175700
115,93,57,245361,1405,3234,191600
116,91,73,245267,1426,3307,255400
117,86,79,245181,1433,3386,182400
118,76,86,245106,1422,3472,201100
119,88,73,245016,1439,3545,248700
120,85,83,244931,1441,3628,177600
121,86,69,244846,1457,3697,191600
122,83,80,244766,1457,3777,169400
123,88,89,244673,1461,3866,195700
124,91,71,244583,1480,3937,159600
125,72,74,244517,1472,4011,155000
126,93,80,244421,1488,4091,169700
127,93,65,244326,1518,4156,186600
128,92,83,244234,1527,4239,172000
129,110,75,244126,1560,4314,179500
130,79,77,244045,1564,4391,230700
131,119,93,243924,1592,4484,209100
132,103,90,243824,1602,4574,187100
133,86,72,243734,1620,4646,134300
134,80,102,243661,1591,4748,137100
135,117,86,243547,1619,4834,144500
136,94,98,243448,1620,4932,153800
137,73,89,243373,1606,5021,159500
138,85,80,243290,1609,5101,205300
139,97,87,243195,1617,5188,187600
140,83,80,243108,1624,5268,220300
141,97,94,243014,1624,5362,278500
142,102,77,242914,1647,5439,182200
143,89,86,242825,1650,5525,180900
144,97,74,242725,1676,5599,193100
145,115,84,242610,1707,5683,161700
146,101,89,242511,1717,5772,170000
147,99,90,242413,1725,5862,149700
148,92,83,242319,1736,5945,149800
149,89,81,242228,1746,6026,158000
150,91,81,242135,1758,6107,156900
151,110,99,242029,1765,6206,147500
152,104,93,241925,1776,6299,164700
153,113,97,241810,1794,6396,164000
154,98,88,241716,1800,6484,165900
155,121,96,241592,1828,6580,143900
156,125,96,241466,1858,6676,148700
157,131,87,241339,1898,6763,153300
158,126,106,241217,1914,6869,157200
159,104,107,241105,1919,6976,165500
160,114,118,240992,1914,7094,137600
161,109,119,240882,1905,7213,164100
162,117,89,240769,1929,7302,137000
163,113,95,240653,1950,7397,155100
164,128,96,240528,1979,7493,150100
165,115,119,240409,1979,7612,144000
166,130,115,240281,1992,7727,154800
167,123,106,240157,2010,7833,156700
168,113,101,240042,2024,7934,165800
169,136,109,239910,2047,8043,212100
170,133,115,239774,2068,8158,157200
171,156,109,239618,2115,8267,173600
172,141,109,239480,2144,8376,179400
173,142,98,239335,2191,8474,151000
174,154,128,239184,2214,8602,127500
175,146,120,239037,2241,8722,136400
176,126,125,238920,2233,8847,151600
177,109,109,238800,2244,8956,142200
178,123,117,238683,2244,9073,136900
179,134,107,238545,2275,9180,166200
180,142,123,238404,2293,9303,131600
181,122,117,238279,2301,9420,128300
182,146,112,238141,2327,9532,143600
183,100,127,238031,2310,9659,133600
184,116,106,237919,2316,9765,145900
185,142,117,237779,2339,9882,140300
186,121,97,237653,2368,9979,152900
187,125,127,237530,2364,10106,148700
188,138,117,237393,2384,10223,148300
189,139,126,237255,2396,10349,161300
190,127,120,237129,2402,10469,135300
191,138,136,236990,2405,10605,132300
192,126,119,236863,2413,10724,322500
193,159,121,236705,2450,10845,155100
194,124,119,236583,2453,10964,138100
195,166,128,236418,2490,11092,131000
196,158,118,236261,2529,11210,156400
197,159,134,236099,2557,11344,130900
198,145,132,235956,2568,11476,114900
199,131,128,235824,2572,11604,120800
200,142,150,235682,2564,11754,168700
201,148,141,235537,2568,11895,147200
202,149,118,235392,2595,12013,152500
203,144,135,235237,2615,12148,133900
204,141,134,235099,2619,12282,125100
205,159,121,234938,2659,12403,134200
206,136,130,234801,2666,12533,150300
207,143,123,234661,2683,12656,148200
208,139,142,234526,2676,12798,124900
209,139,132,234384,2686,12930,125100
210,146,126,234238,2706,13056,123100
211,129,138,234106,2700,13194,132500
212,134,143,233971,2692,13337,150000
213,143,133,233830,2700,13470,166700
214,146,128,233686,2716,13598,118500
215,143,149,233536,2717,13747,132300
216,155,146,233390,2717,13893,160900
217,146,146,233239,2722,14039,140600
218,168,155,233077,2729,14194,140200
219,147,153,232927,2726,14347,156000
220,168,165,232755,2733,14512,294100
221,162,123,232595,2770,14635,142000
222,162,148,232434,2783,14783,147400
223,150,139,232282,2796,14922,134200
224,162,153,232118,2807,15075,132300
225,166,145,231958,2822,15220,128500
226,131,162,231820,2798,15382,129400
227,143,130,231680,2808,15512,128300
228,144,152,231539,2797,15664,121300
229,144,133,231391,2812,15797,141400
230,163,161,231228,2814,15958,140800
231,158,150,231071,2821,16108,121400
232,147,138,230922,2832,16246,144000
233,152,125,230773,2856,16371,148500
234,148,137,230630,2862,16508,152400
235,157,136,230467,2889,16644,128000
236,141,149,230329,2878,16793,146400
237,153,172,230170,2865,16965,123700
238,142,148,230032,2855,17113,142500
239,137,167,229894,2826,17280,126400
240,155,150,229741,2829,17430,144500
241,145,154,229596,2820,17584,128600
242,129,138,229465,2813,17722,146300
243,156,171,229309,2798,17893,132900
244,139,156,229170,2781,18049,129700
245,148,130,229019,2802,18179,125100
246,144,141,228879,2801,18320,123300
247,147,149,228730,2801,18469,145000
248,133,141,228599,2791,18610,155000
249,152,139,228450,2801,18749,232000
250,145,148,228300,2803,18897,152400
251,141,136,228160,2807,19033,151100
252,152,137,228012,2818,19170,154000
253,144,155,227863,2812,19325,145300
254,136,154,227726,2795,19479,122200
255,133,145,227592,2784,19624,138800
256,136,145,227455,2776,19769,138900
257,115,132,227345,2754,19901,172900
258,122,143,227219,2737,20044,145100
259,119,142,227103,2711,20186,179000
260,129,146,226975,2693,20332,137500
261,125,138,226845,2685,20470,167600
262,140,153,226712,2665,20623,131900
263,131,135,226578,2664,20758,164900
264,128,126,226454,2662,20884,146400
265,128,133,226320,2663,21017,135400
266,136,134,226186,2663,21151,126100
267,163,124,226019,2706,21275,162900
268,158,161,225865,2699,21436,152500
269,148,134,225717,2713,21570,142300
270,153,155,225571,2704,21725,127200
271,143,157,225423,2695,21882,144700
272,168,130,225252,2736,22012,152100
273,178,138,225078,2772,22150,137300
274,157,133,224923,2794,22283,131000
275,130,171,224792,2754,22454,118600
276,164,142,224626,2778,22596,139100
277,145,141,224478,2785,22737,157200
278,146,128,224336,2799,22865,151900
279,164,163,224176,2796,23028,145000
280,158,151,224012,2809,23179,137700
281,146,142,223867,2812,23321,127600
282,157,136,223710,2833,23457,140700
283,144,129,223565,2849,23586,135800
284,124,146,223441,2827,23732,124800
285,150,160,223295,2813,23892,136100
286,135,145,223155,2808,24037,126900
287,143,139,223015,2809,24176,143300
288,178,149,222838,2837,24325,149000
289,164,152,222674,2849,24477,149100
290,150,178,222518,2827,24655,146900
291,166,143,222359,2843,24798,153700
292,160,143,222200,2859,24941,152800
293,152,125,222046,2888,25066,129300
294,161,165,221886,2883,25231,122500
295,146,145,221737,2887,25376,147500
296,161,160,221585,2879,25536,127800
297,118,134,221457,2873,25670,137600
298,158,163,221296,2871,25833,124000
299,146,154,221155,2858,25987,153900
300,130,158,221025,2830,26145,154900
301,168,158,220858,2839,26303,146600
302,149,142,220714,2841,26445,131600
303,160,127,220543,2885,26572,129300
304,168,166,220378,2884,26738,135400
305,141,153,220236,2873,26891,135700
306,165,161,220072,2876,27052,286200
307,155,144,219913,2891,27196,135300
308,144,156,219777,2871,27352,130600
309,157,136,219619,2893,27488,148300
310,124,151,219494,2867,27639,147500
311,176,146,219321,2894,27785,135400
312,158,152,219154,2909,27937,135700
313,160,168,218999,2896,28105,157300
314,145,132,218859,2904,28237,126900
315,174,152,218678,2933,28389,139500
316,127,131,218549,2931,28520,144700
317,162,158,218395,2927,28678,140500
318,177,140,218212,2970,28818,129600
319,148,166,218067,2949,28984,131100
320,164,143,217906,2967,29127,134900
321,159,144,217737,2992,29271,124500
322,146,165,217596,2968,29436,146200
323,139,150,217460,2954,29586,132800
324,178,141,217280,2993,29727,120100
325,156,156,217126,2991,29883,151800
326,169,167,216959,2991,30050,146600
327,160,143,216797,3010,30193,132100
328,157,135,216640,3032,30328,122300
329,165,165,216471,3036,30493,130600
330,170,157,216305,3045,30650,124700
331,164,196,216137,3017,30846,133500
332,166,149,215975,3030,30995,131500
333,150,135,215818,3052,31130,129400
334,171,157,215653,3060,31287,131900
335,155,156,215499,3058,31443,128000
336,180,158,215313,3086,31601,123400
337,141,181,215174,3044,31782,147000
338,146,145,215032,3041,31927,177700
339,158,146,214873,3054,32073,153500
340,171,153,214700,3074,32226,148900
341,122,159,214579,3036,32385,145100
342,166,171,214414,3030,32556,143000
343,190,159,214225,3060,32715,143500
344,166,149,214059,3077,32864,145500
345,153,160,213903,3073,33024,121800
346,161,160,213744,3072,33184,142100
347,153,158,213588,3070,33342,144800
348,178,159,213411,3088,33501,146300
349,169,147,213245,3107,33648,132400
350,153,154,213084,3114,33802,140100
351,170,159,212921,3118,33961,153200
352,170,157,212751,3131,34118,144400
353,153,171,212594,3117,34289,198400
354,148,168,212444,3099,34457,156900
355,161,159,212288,3096,34616,155800
356,155,155,212135,3094,34771,149800
357,149,145,211985,3099,34916,116900
358,163,154,211820,3110,35070,151200
359,176,162,211651,3117,35232,148000
360,144,156,211501,3111,35388,160200
361,169,151,211334,3127,35539,159900
362,152,173,211179,3109,35712,186800
363,165,184,211017,3087,35896,192900
364,157,176,210856,3072,36072,188400
365,142,167,210710,3051,36239,150700
366,160,167,210558,3036,36406,136600
367,149,148,210406,3040,36554,148800
368,160,163,210253,3030,36717,142800
369,178,155,210073,3055,36872,228900
370,162,154,209909,3065,37026,135300
371,177,163,209731,3080,37189,132000
372,190,147,209539,3125,37336,152100
373,164,154,209374,3136,37490,142500
374,194,139,209188,3183,37629,151100
375,179,150,209006,3215,37779,143200
376,177,185,208831,3205,37964,154800
377,180,164,208651,3221,38128,168500
378,171,195,208476,3201,38323,138800
379,168,178,208310,3189,38501,164300
380,148,172,208157,3170,38673,170500
381,167,170,207995,3162,38843,164300
382,161,159,207832,3166,39002,151900
383,164,174,207666,3158,39176,156300
384,142,152,207526,3146,39328,182500
385,179,140,207353,3179,39468,183300
386,191,146,207160,3226,39614,171500
387,203,147,206954,3285,39761,188300
388,191,169,206765,3305,39930,188600
389,172,193,206594,3283,40123,192800
390,186,186,206403,3288,40309,169600
391,165,173,206236,3282,40482,153100
392,206,192,206034,3292,40674,151300
393,168,172,205868,3286,40846,156100
394,189,180,205683,3291,41026,153800
395,170,167,205515,3292,41193,176200
396,180,184,205329,3294,41377,152400
397,186,162,205141,3320,41539,153000
398,141,176,205003,3282,41715,154800
399,197,166,204810,3309,41881,174400
400,164,176,204634,3309,42057,172700
401,163,168,204476,3299,42225,181100
402,178,185,204303,3287,42410,174200
403,191,167,204108,3315,42577,150900
404,154,168,203953,3302,42745,176700
405,185,192,203763,3300,42937,159600
406,165,164,203602,3297,43101,142500
407,180,169,203434,3296,43270,146700
408,180,172,203250,3308,43442,150600
409,182,155,203061,3342,43597,134900
410,205,186,202853,3364,43783,135500
411,166,156,202694,3367,43939,137700
412,180,144,202512,3405,44083,156300
413,185,196,202321,3400,44279,161100
414,190,195,202134,3392,44474,189200
415,191,201,201941,3384,44675,181100
416,195,177,201745,3403,44852,169100
417,203,176,201547,3425,45028,177200
418,173,162,201376,3434,45190,203800
419,188,173,201186,3451,45363,191000
420,189,174,200991,3472,45537,146600
421,177,175,200821,3467,45712,212100
422,186,172,200639,3477,45884,166800
423,202,187,200434,3495,46071,153800
424,177,155,200258,3516,46226,164400
425,193,195,200063,3516,46421,198700
426,175,174,199892,3513,46595,164800
427,172,183,199710,3512,46778,166200
428,159,180,199555,3487,46958,196900
429,173,169,199381,3492,47127,143400
430,167,165,199215,3493,47292,164600
431,171,170,199045,3493,47462,148800
432,197,177,198841,3520,47639,144500
433,202,193,198646,3522,47832,148600
434,181,174,198463,3531,48006,149800
435,186,177,198288,3529,48183,159700
436,184,172,198095,3550,48355,148400
437,166,171,197923,3551,48526,168200
438,179,162,197752,3560,48688,154400
439,200,178,197547,3587,48866,162900
440,212,186,197332,3616,49052,196600
441,197,186,197142,3620,49238,169400
442,183,206,196953,3603,49444,171800
443,178,154,196777,3625,49598,156700
444,209,220,196577,3605,49818,168000
445,200,194,196372,3616,50012,161400
446,191,181,196176,3631,50193,149200
447,172,187,196007,3613,50380,160300
448,175,157,195825,3638,50537,164600
449,186,197,195640,3626,50734,168200
450,160,200,195483,3583,50934,197100
451,181,167,195303,3596,51101,172100
452,196,186,195111,3602,51287,174700
453,200,196,194910,3607,51483,164700
454,176,196,194738,3583,51679,177400
455,189,213,194543,3565,51892,146600
456,173,177,194372,3559,52069,149800
457,192,173,194184,3574,52242,181200
458,171,183,194010,3565,52425,172300
459,182,152,193834,3589,52577,161600
460,161,170,193661,3592,52747,147300
461,177,191,193493,3569,52938,151200
462,178,192,193313,3557,53130,150500
463,182,189,193126,3555,53319,180500
464,224,217,192901,3563,53536,141600
465,206,194,192701,3569,53730,154600
466,186,166,192514,3590,53896,164200
467,183,180,192334,3590,54076,148600
468,201,187,192131,3606,54263,164800
469,195,184,191939,3614,54447,1321600
470,218,175,191718,3660,54622,8835800
471,225,183,191493,3702,54805,9597700
472,209,210,191287,3698,55015,8920900
473,193,179,191087,3719,55194,191700
474,208,201,190890,3715,55395,154800
475,213,189,190672,3744,55584,128200
476,206,202,190459,3755,55786,141100
477,179,195,190286,3733,55981,121100
478,219,200,190066,3753,56181,133200
479,197,194,189868,3757,56375,121500
480,215,181,189664,3780,56556,128700
481,215,188,189434,3822,56744,138000
482,197,186,189239,3831,56930,116800
483,208,211,189037,3822,57141,133700
484,182,204,188850,3805,57345,132600
485,200,202,188654,3799,57547,124200
486,206,193,188445,3815,57740,125200
487,226,208,188218,3834,57948,129200
488,180,210,188040,3802,58158,128200
489,198,205,187837,3800,58363,131400
490,198,207,187637,3793,58570,136600
491,136,208,187506,3716,58778,137400
492,179,187,187333,3702,58965,132300
493,205,198,187118,3719,59163,138000
494,192,207,186929,3701,59370,129600
495,187,177,186737,3716,59547,136300
496,191,210,186551,3692,59757,136600
497,182,184,186368,3691,59941,130500
498,175,179,186191,3689,60120,125200
499,196,215,185997,3668,60335,134100
500,179,190,185823,3652,60525,126400
501,174,173,185642,3660,60698,130700
502,188,180,185455,3667,60878,129000
503,192,197,185265,3660,61075,237600
504,176,196,185089,3640,61271,122700
505,176,185,184911,3633,61456,127900
506,208,191,184706,3647,61647,126900
507,168,190,184538,3625,61837,146100
508,210,199,184334,3630,62036,124400
509,188,221,184140,3603,62257,116500
510,170,197,183966,3580,62454,121100
511,173,198,183797,3551,62652,128000
512,183,170,183613,3565,62822,147000
513,192,198,183420,3560,63020,136600
514,166,189,183262,3529,63209,118100
515,207,190,183051,3550,63399,133500
516,159,198,182892,3511,63597,128000
517,178,172,182712,3519,63769,133900
518,185,197,182520,3514,63966,135700
519,197,140,182332,3562,64106,131200
520,200,183,182129,3582,64289,128500
521,175,181,181951,3579,64470,131800
522,170,196,181786,3548,64666,119900
523,157,181,181626,3527,64847,121100
524,187,183,181441,3529,65030,128300
525,204,164,181237,3569,65194,126700
526,206,185,181038,3583,65379,132500
527,195,174,180835,3612,65553,131500
528,198,188,180630,3629,65741,119100
529,219,198,180419,3642,65939,129500
530,187,205,180229,3627,66144,131700
531,183,202,180045,3609,66346,123400
532,178,183,179868,3603,66529,121300
533,174,189,179692,3590,66718,132200
534,190,184,179509,3589,66902,142300
535,192,195,179311,3592,67097,131000
536,177,180,179137,3586,67277,138100
537,207,204,178931,3588,67481,138300
538,191,192,178739,3588,67673,131300
539,164,206,178573,3548,67879,140500
540,213,197,178354,3570,68076,143800
541,151,189,178212,3523,68265,142600
542,155,184,178049,3502,68449,123900
543,167,184,177884,3483,68633,117100
544,190,173,177700,3494,68806,129400
545,166,186,177533,3475,68992,164500
546,195,193,177338,3477,69185,140200
547,184,194,177153,3468,69379,183500
548,192,164,176962,3495,69543,163100
549,175,195,176788,3474,69738,140900
550,193,171,176596,3495,69909,134100
551,197,196,176398,3497,70105,153200
552,183,175,176210,3510,70280,145100
553,174,173,176042,3505,70453,138900
554,194,167,175842,3538,70620,132000
555,186,202,175657,3521,70822,175900
556,208,182,175461,3535,71004,127900
557,196,193,175258,3545,71197,131000
558,196,164,175059,3580,71361,130600
559,194,192,174865,3582,71553,121100
560,170,150,174699,3598,71703,133700
561,164,171,174535,3591,71874,129800
562,199,216,174334,3576,72090,143000
563,188,186,174152,3572,72276,132700
564,224,159,173921,3644,72435,138500
565,205,194,173713,3658,72629,138300
566,207,200,173519,3652,72829,130500
567,176,178,173329,3664,73007,123800
568,193,181,173137,3675,73188,131700
569,205,181,172940,3691,73369,138100
570,185,195,172750,3686,73564,133400
571,211,158,172540,3738,73722,141900
572,202,189,172340,3749,73911,261700
573,183,189,172157,3743,74100,140700
574,192,220,171965,3715,74320,128400
575,204,186,171758,3736,74506,149000
576,197,182,171563,3749,74688,277200
577,194,173,171363,3776,74861,151100
578,198,196,171167,3776,75057,143800
579,184,180,170990,3773,75237,144400
580,209,188,170775,3800,75425,139700
581,182,196,170598,3781,75621,131800
582,216,193,170379,3807,75814,129500
583,196,189,170186,3811,76003,132600
584,195,201,169982,3814,76204,149100
585,197,184,169788,3824,76388,137000
586,194,183,169602,3827,76571,125000
587,180,200,169417,3812,76771,151000
588,209,194,169210,3825,76965,127500
589,183,177,169024,3834,77142,126400
590,204,176,168826,3856,77318,135900
591,208,202,168613,3867,77520,141300
592,191,199,168420,3861,77719,148900
593,198,202,168224,3855,77921,165900
594,206,191,168020,3868,78112,147900
595,166,184,167845,3859,78296,150000
596,199,190,167657,3857,78486,151400
597,219,206,167439,3869,78692,151700
598,186,189,167246,3873,78881,142000
599,199,194,167050,3875,79075,144200
600,190,212,166857,3856,79287,159600
601,201,188,166659,3866,79475,149300
602,186,177,166471,3877,79652,154000
603,205,195,166267,3886,79847,141200
604,172,196,166096,3861,80043,158500
605,214,202,165875,3880,80245,204600
606,207,218,165677,3860,80463,177100
607,165,195,165510,3832,80658,139200
608,173,190,165340,3812,80848,148500
609,192,183,165146,3823,81031,139900
610,198,170,164943,3856,81201,154100
611,201,183,164747,3869,81384,132700
612,207,191,164536,3889,81575,154000
613,188,215,164352,3858,81790,145800
614,175,196,164172,3842,81986,159800
615,173,185,164005,3824,82171,140600
616,179,188,163820,3821,82359,148000
617,207,209,163617,3815,82568,159700
618,184,188,163431,3813,82756,155400
619,187,197,163242,3805,82953,134800
620,202,175,163042,3830,83128,128500
621,183,202,162856,3814,83330,128000
622,192,186,162670,3814,83516,131300
623,171,193,162492,3799,83709,160900
624,158,187,162334,3770,83896,147800
625,177,192,162167,3745,84088,114300
626,162,201,161997,3714,84289,136600
627,175,192,161824,3695,84481,144500
628,203,191,161625,3703,84672,135200
629,205,188,161421,3719,84860,130300
630,185,191,161236,3713,85051,148200
631,190,189,161042,3718,85240,142200
632,195,192,160851,3717,85432,133200
633,206,203,160641,3724,85635,141200
634,189,189,160458,3718,85824,124500
635,184,194,160269,3713,86018,125900
636,220,174,160052,3756,86192,130500
637,185,189,159857,3762,86381,132100
638,198,173,159661,3785,86554,136900
639,201,180,159463,3803,86734,1120400
640,200,187,159262,3817,86921,161000
641,192,192,159074,3813,87113,149500
642,200,201,158867,3819,87314,135900
643,212,197,158658,3831,87511,146400
644,221,207,158439,3843,87718,143200
645,194,201,158244,3837,87919,141600
646,229,207,158016,3858,88126,166100
647,223,202,157799,3873,88328,161200
648,198,215,157596,3861,88543,160700
649,208,205,157385,3867,88748,148000
650,200,184,157184,3884,88932,152600
651,202,216,156982,3870,89148,142300
652,190,180,156794,3878,89328,153900
653,222,189,156568,3915,89517,145500
654,223,207,156356,3920,89724,156600
655,197,211,156154,3911,89935,148500
656,233,207,155914,3944,90142,131100
657,213,216,155706,3936,90358,151200
658,204,196,155503,3943,90554,128100
659,213,196,155290,3960,90750,129700
660,218,170,155074,4006,90920,139300
661,200,201,154869,4010,91121,142000
662,207,173,154661,4045,91294,152600
663,210,229,154451,4026,91523,132500
664,191,192,154271,4014,91715,146900
665,190,179,154073,4033,91894,153300
666,212,218,153866,4022,92112,144900
667,201,214,153661,4013,92326,150900
668,224,178,153438,4058,92504,151400
669,214,198,153223,4075,92702,134900
670,218,204,153008,4086,92906,148300
671,181,217,152825,4052,93123,138800
672,204,208,152621,4048,93331,145200
673,234,205,152385,4079,93536,137100
674,209,221,152180,4063,93757,147600
675,214,198,151962,4083,93955,153700
676,194,214,151766,4065,94169,138300
677,186,215,151584,4032,94384,143500
678,178,202,151402,4012,94586,140800
679,182,201,151219,3994,94787,152600
680,179,211,151042,3960,94998,133000
681,195,201,150848,3953,95199,169800
682,194,213,150658,3930,95412,306900
683,232,208,150427,3953,95620,136700
684,193,204,150231,3945,95824,136100
685,199,209,150034,3933,96033,145900
686,186,192,149843,3932,96225,132500
687,189,191,149654,3930,96416,133200
688,195,205,149464,3915,96621,141200
689,187,186,149271,3922,96807,129000
690,234,210,149048,3935,97017,131200
691,187,216,148852,3915,97233,135800
692,211,199,148644,3924,97432,142600
693,177,195,148462,3911,97627,147900
694,197,204,148270,3899,97831,127100
695,169,195,148095,3879,98026,131700
696,166,192,147931,3851,98218,132300
697,207,226,147726,3830,98444,130300
698,166,198,147554,3804,98642,130500
699,193,183,147363,3812,98825,135300
700,181,193,147181,3801,99018,123400
701,183,193,147002,3787,99211,148200
702,198,194,146805,3790,99405,137100
703,194,182,146615,3798,99587,131000
704,174,184,146436,3793,99771,143000
705,201,185,146232,3812,99956,130600
706,207,192,146030,3822,100148,131600
707,196,206,145832,3814,100354,127800
708,193,214,145642,3790,100568,137100
709,174,184,145468,3780,100752,152800
710,194,194,145273,3781,100946,141400
711,201,192,145071,3791,101138,144300
712,202,206,144868,3788,101344,136400
713,208,193,144661,3802,101537,128900
714,197,200,144460,3803,101737,127800
715,206,174,144257,3832,101911,131800
716,233,210,144020,3859,102121,129300
717,201,185,143822,3872,102306,146100
718,195,218,143628,3848,102524,124300
719,239,199,143393,3884,102723,135200
720,210,199,143180,3898,102922,129100
721,216,199,142966,3913,103121,142300
722,186,214,142773,3892,103335,147700
723,220,198,142562,3905,103533,134300
724,202,229,142357,3881,103762,131300
725,209,220,142143,3875,103982,160200
726,215,194,141931,3893,104176,142900
727,208,200,141720,3904,104376,128900
728,233,202,141490,3932,104578,131700
729,218,238,141277,3907,104816,129500
730,205,206,141071,3907,105022,129100
731,214,208,140855,3915,105230,133500
732,192,238,140659,3873,105468,151200
733,217,216,140447,3869,105684,143000
734,252,188,140190,3938,105872,132800
735,239,180,139964,3984,106052,151200
736,236,215,139723,4010,106267,124600
737,213,205,139509,4019,106472,154700
738,238,211,139275,4042,106683,141600
739,223,186,139041,4090,106869,129900
740,238,220,138816,4095,107089,136400
741,219,219,138594,4098,107308,154700
742,182,227,138399,4066,107535,139300
743,195,200,138209,4056,107735,134400
744,222,220,137990,4055,107955,139100
745,229,222,137759,4064,108177,133500
746,206,255,137552,4016,108432,129100
747,206,197,137355,4016,108629,124500
748,207,215,137137,4019,108844,129800
749,205,202,136934,4020,109046,149100
750,230,226,136705,4023,109272,127800
751,204,202,136502,4024,109474,151200
752,206,203,136301,4022,109677,124700
753,236,196,136068,4059,109873,135900
754,228,198,135828,4101,110071,142900
755,206,206,135627,4096,110277,135000
756,211,232,135411,4080,110509,140200
757,215,209,135200,4082,110718,129700
758,203,209,134995,4078,110927,138100
759,204,201,134797,4075,111128,131100
760,234,217,134562,4093,111345,149500
761,182,198,134376,4081,111543,136000
762,229,223,134147,4087,111766,139000
763,218,203,133928,4103,111969,140900
764,210,207,133721,4103,112176,149300
765,240,209,133482,4133,112385,146500
766,224,201,133254,4160,112586,140800
767,224,172,133036,4206,112758,147500
768,212,201,132819,4222,112959,140900
769,221,204,132593,4244,113163,132000
770,280,212,132324,4301,113375,142300
771,240,224,132079,4322,113599,147700
772,280,230,131802,4369,113829,131200
773,228,231,131568,4372,114060,139200
774,260,230,131316,4394,114290,124300
775,267,210,131055,4445,114500,152800
776,239,240,130813,4447,114740,139500
777,223,232,130584,4444,114972,153200
778,234,215,130349,4464,115187,148300
779,258,265,130094,4454,115452,140700
780,236,223,129856,4469,115675,148400
781,262,227,129593,4505,115902,153000
782,244,225,129354,4519,116127,142900
783,244,244,129110,4519,116371,144700
784,252,252,128854,4523,116623,132900
785,210,252,128638,4487,116875,164400
786,227,231,128416,4478,117106,155100
787,199,237,128214,4443,117343,162200
788,249,255,127968,4434,117598,153700
789,240,219,127723,4460,117817,160000
790,240,209,127492,4482,118026,174300
791,212,242,127277,4455,118268,157900
792,218,224,127060,4448,118492,159000
793,240,246,126814,4448,118738,148500
794,210,224,126606,4432,118962,139700
795,214,213,126392,4433,119175,180200
796,208,231,126180,4414,119406,137500
797,207,226,125976,4392,119632,133300
798,252,217,125729,4422,119849,149600
799,196,231,125527,4393,120080,151700
800,197,224,125332,4364,120304,151700
801,226,222,125107,4367,120526,143700
802,218,228,124888,4358,120754,156700
803,238,237,124658,4351,120991,149500
804,223,241,124433,4335,121232,149000
805,205,215,124224,4329,121447,142400
806,212,223,124010,4320,121670,141100
807,214,205,123794,4331,121875,156900
808,205,234,123592,4299,122109,149400
809,203,209,123390,4292,122318,135000
810,194,213,123194,4275,122531,150000
811,227,222,122967,4280,122753,138400
812,223,239,122744,4264,122992,151000
813,219,203,122529,4276,123195,144100
814,221,222,122303,4280,123417,118900
815,216,222,122092,4269,123639,141300
816,220,227,121862,4272,123866,144400
817,204,180,121666,4288,124046,141100
818,242,210,121429,4315,124256,156900
819,225,227,121201,4316,124483,132900
820,224,196,120982,4339,124679,148000
821,199,232,120771,4318,124911,140000
822,264,229,120511,4349,125140,122400
823,255,220,120259,4381,125360,147900
824,238,225,120012,4403,125585,149500
825,225,229,119794,4392,125814,131500
826,250,222,119541,4423,126036,140100
827,224,214,119325,4425,126250,142600
828,230,213,119090,4447,126463,154800
829,239,244,118848,4445,126707,141300
830,258,232,118603,4458,126939,138500
831,236,232,118356,4473,127171,150600
832,258,232,118093,4504,127403,156500
833,243,207,117858,4532,127610,146500
834,231,220,117634,4536,127830,181700
835,214,234,117408,4528,128064,140400
836,248,235,117166,4535,128299,138700
837,225,216,116938,4547,128515,141000
838,217,227,116720,4538,128742,149200
839,184,241,116533,4484,128983,143500
840,215,247,116322,4448,129230,150500
841,212,219,116110,4441,129449,134600
842,213,239,115894,4418,129688,163500
843,191,236,115709,4367,129924,155900
844,185,227,115523,4326,130151,145700
845,217,222,115295,4332,130373,155000
846,201,226,115098,4303,130599,143400
847,200,204,114902,4295,130803,151400
848,218,237,114687,4273,131040,156800
849,200,239,114485,4236,131279,139000
850,207,216,114276,4229,131495,142200
851,215,175,114062,4268,131670,142700
852,230,215,113838,4277,131885,169400
853,199,219,113626,4270,132104,144000
854,217,201,113413,4282,132305,132800
855,198,222,113214,4259,132527,151000
856,225,218,112990,4265,132745,143100
857,239,201,112761,4293,132946,172000
858,216,222,112539,4293,133168,156300
859,234,204,112306,4322,133372,165100
860,236,204,112067,4357,133576,154400
861,210,212,111867,4345,133788,151900
862,223,217,111635,4360,134005,142800
863,229,209,111407,4379,134214,136400
864,213,229,111191,4366,134443,143800
865,228,221,110968,4368,134664,148600
866,210,241,110750,4345,134905,128600
867,219,243,110537,4315,135148,132900
868,219,224,110314,4314,135372,137100
869,232,261,110083,4284,135633,133300
870,211,191,109869,4307,135824,141400
871,199,227,109676,4273,136051,150600
872,236,206,109444,4299,136257,135600
873,210,227,109229,4287,136484,139700
874,231,211,108998,4307,136695,136300
875,228,205,108769,4331,136900,149000
876,222,236,108547,4317,137136,137600
877,212,237,108336,4291,137373,140100
878,226,220,108110,4297,137593,131000
879,216,210,107897,4300,137803,141500
880,237,233,107658,4306,138036,137900
881,200,215,107450,4299,138251,121800
882,238,205,107222,4322,138456,137700
883,217,207,107001,4336,138663,144600
884,217,212,106785,4340,138875,150100
885,224,230,106562,4333,139105,123600
886,252,241,106307,4347,139346,3323200
887,219,208,106091,4355,139554,9339500
888,250,195,105850,4401,139749,7933900
889,236,225,105596,4430,139974,8378500
890,209,248,105400,4378,140222,6963700
891,221,206,105172,4400,140428,166000
892,236,214,104938,4420,140642,137400
893,234,227,104698,4433,140869,141800
894,199,196,104505,4430,141065,146600
895,207,228,104302,4405,141293,133600
896,229,218,104065,4424,141511,138200
897,247,210,103825,4454,141721,136900
898,211,223,103616,4440,141944,130100
899,285,233,103325,4498,142177,134300
900,238,257,103089,4477,142434,138100
901,241,229,102853,4484,142663,130400
902,234,234,102620,4483,142897,141500
903,227,218,102385,4500,143115,127800
904,215,216,102168,4501,143331,132300
905,218,221,101949,4499,143552,137700
906,255,257,101698,4493,143809,143300
907,240,236,101459,4496,144045,134800
908,227,213,101236,4506,144258,136200
909,251,210,100979,4553,144468,143100
910,235,239,100746,4547,144707,133200
911,235,223,100509,4561,144930,143500
912,208,209,100304,4557,145139,139100
913,231,236,100075,4550,145375,133300
914,253,238,99819,4568,145613,131200
915,216,258,99606,4523,145871,134700
916,220,222,99381,4526,146093,141700
917,222,221,99159,4527,146314,141200
918,253,244,98908,4534,146558,143400
919,229,243,98675,4524,146801,146900
920,205,215,98468,4516,147016,127200
921,252,247,98224,4513,147263,128500
922,229,238,97989,4510,147501,153900
923,256,209,97736,4554,147710,152700
924,233,246,97503,4541,147956,150600
925,231,255,97267,4522,148211,146400
926,232,255,97038,4496,148466,152000
927,244,225,96805,4504,148691,142100
928,242,217,96557,4535,148908,139400
929,219,239,96333,4520,149147,174900
930,224,224,96109,4520,149371,129300
931,229,207,95886,4536,149578,150000
932,226,216,95660,4546,149794,153400
933,221,249,95440,4517,150043,144700
934,217,227,95217,4513,150270,147700
935,209,262,95013,4455,150532,178000
936,208,240,94800,4428,150772,156600
937,214,195,94588,4445,150967,152100
938,248,245,94338,4450,151212,151300
939,223,222,94114,4452,151434,153800
940,224,255,93894,4417,151689,169900
941,230,216,93663,4432,151905,163400
942,237,217,93424,4454,152122,146300
943,224,237,93205,4436,152359,152200
944,209,215,92992,4434,152574,139400
945,226,223,92767,4436,152797,150700
946,205,213,92557,4433,153010,162500
947,235,244,92326,4420,153254,145700
948,238,227,92093,4426,153481,170300
949,199,224,91888,4407,153705,147400
950,217,235,91677,4383,153940,141300
951,210,219,91467,4374,154159,140900
952,226,245,91242,4354,154404,130300
953,227,213,91010,4373,154617,139500
954,214,236,90798,4349,154853,138600
955,207,217,90582,4348,155070,129000
956,205,221,90382,4327,155291,142900
957,226,203,90156,4350,155494,145700
958,227,230,89928,4348,155724,135100
959,221,223,89704,4349,155947,127900
960,193,229,89517,4307,156176,124700
961,221,233,89294,4297,156409,145600
962,216,228,89079,4284,156637,146600
963,208,213,88876,4274,156850,165300
964,232,217,88640,4293,157067,151300
965,228,230,88411,4292,157297,130000
966,195,212,88212,4279,157509,141700
967,206,213,88009,4269,157722,142800
968,230,221,87785,4272,157943,155300
969,209,201,87569,4287,158144,144400
970,229,219,87343,4294,158363,155300
971,218,239,87122,4276,158602,132700
972,234,221,86896,4281,158823,145600
973,208,209,86681,4287,159032,149700
974,232,202,86452,4314,159234,135000
975,208,228,86245,4293,159462,143800
976,217,204,86019,4315,159666,144800
977,230,202,85793,4339,159868,153000
978,228,213,85569,4350,160081,138200
979,211,261,85351,4307,160342,123900
980,196,229,85158,4271,160571,143200
981,242,211,84916,4302,160782,145900
982,172,202,84744,4272,160984,138400
983,206,225,84536,4255,161209,162400
984,216,222,84325,4244,161431,150200
985,224,216,84095,4258,161647,138800
986,242,208,83860,4285,161855,144900
987,179,230,83677,4238,162085,139900
988,220,237,83453,4225,162322,152400
989,207,222,83249,4207,162544,153500
990,218,252,83026,4178,162796,137700
991,197,204,82841,4159,163000,134400
992,185,221,82650,4129,163221,124800
993,199,222,82455,4102,163443,144900
994,212,213,82241,4103,163656,140500
995,181,221,82065,4058,163877,147000
996,203,222,81856,4045,164099,141700
997,177,198,81682,4021,164297,144600
998,208,220,81477,4006,164517,165200
999,191,215,81284,3984,164732,139200
1000,226,210,81059,3999,164942,131500
1001,205,217,80856,3985,165159,133100
1002,195,196,80655,3990,165355,128200
1003,188,190,80470,3985,165545,146700
1004,207,215,80262,3978,165760,133100
1005,212,206,80048,3986,165966,154400
1006,195,220,79854,3960,166186,133800
1007,201,214,79653,3947,166400,144200
1008,209,219,79441,3940,166619,132100
1009,227,225,79214,3942,166844,134000
1010,215,185,78992,3979,167029,131400
1011,224,207,78781,3983,167236,129300
1012,232,199,78549,4016,167435,129400
1013,192,209,78351,4005,167644,140900
1014,214,198,78136,4022,167842,156000
1015,197,198,77938,4022,168040,142600
1016,180,198,77764,3998,168238,135200
1017,203,200,77560,4002,168438,128400
1018,192,194,77371,3997,168632,144900
1019,183,202,77185,3981,168834,134900
1020,184,185,77001,3980,169019,145500
1021,162,214,76842,3925,169233,141000
1022,182,194,76658,3915,169427,144700
1023,210,189,76448,3936,169616,130300
1024,197,200,76252,3932,169816,143600
1025,201,196,76042,3946,170012,121500
1026,167,226,75878,3884,170238,132800
1027,184,223,75696,3843,170461,130300
1028,219,194,75473,3872,170655,144900
1029,205,199,75275,3871,170854,149500
1030,202,189,75075,3882,171043,142600
1031,191,187,74878,3892,171230,156300
1032,210,211,74672,3887,171441,157500
1033,221,166,74455,3938,171607,140700
1034,223,203,74222,3968,171810,150500
1035,211,195,74015,3980,172005,129900
1036,239,227,73780,3988,172232,129600
1037,212,219,73564,3985,172451,128100
1038,213,188,73340,4021,172639,127600
1039,218,209,73135,4017,172848,134300
1040,231,225,72906,4021,173073,6236800
1041,218,219,72684,4024,173292,7837600
1042,222,202,72466,4040,173494,7997800
1043,241,224,72220,4062,173718,8235800
1044,219,209,72008,4065,173927,769200
1045,207,209,71796,4068,174136,167300
1046,213,217,71581,4066,174353,135500
1047,235,222,71342,4083,174575,127500
1048,198,185,71149,4091,174760,130600
1049,210,207,70940,4093,174967,130300
1050,228,206,70717,4110,175173,131800
1051,218,229,70490,4108,175402,122800
1052,199,201,70293,4104,175603,122400
1053,237,206,70057,4134,175809,202500
1054,223,240,69839,4112,176049,119300
1055,208,183,69622,4146,176232,120100
1056,196,246,69429,4093,176478,134200
1057,188,221,69241,4060,176699,128700
1058,202,206,69042,4053,176905,124600
1059,169,192,68867,4036,177097,112500
1060,199,201,68670,4032,177298,150400
1061,214,189,68458,4055,177487,134600
1062,180,209,68275,4029,177696,135000
1063,198,199,68079,4026,177895,121500
1064,221,218,67859,4028,178113,128300
1065,196,189,67665,4033,178302,136500
1066,219,217,67443,4038,178519,123600
1067,213,188,67238,4055,178707,125900
1068,216,223,67014,4056,178930,126700
1069,197,217,66822,4031,179147,133400
1070,193,198,66622,4033,179345,132000
1071,202,229,66420,4006,179574,122600
1072,203,205,66218,4003,179779,120700
1073,207,208,66016,3997,179987,146500
1074,182,208,65832,3973,180195,237800
1075,204,202,65629,3974,180397,133200
1076,181,199,65443,3961,180596,125500
1077,196,215,65251,3938,180811,123700
1078,196,190,65046,3953,181001,119900
1079,205,223,64845,3931,181224,122500
1080,195,204,64655,3917,181428,128500
1081,198,169,64456,3947,181597,145900
1082,197,231,64256,3916,181828,127300
1083,199,193,64061,3918,182021,131800
1084,208,201,63853,3925,182222,139000
1085,175,193,63672,3913,182415,123800
1086,197,204,63477,3904,182619,122100
1087,190,189,63287,3905,182808,149500
1088,195,218,63092,3882,183026,120200
1089,205,190,62888,3896,183216,127600
1090,191,201,62698,3885,183417,131200
1091,178,177,62524,3882,183594,135600
1092,191,207,62330,3869,183801,123600
1093,218,207,62123,3869,184008,137200
1094,187,179,61922,3891,184187,131200
1095,191,208,61737,3868,184395,126800
1096,190,192,61542,3871,184587,127900
1097,198,216,61345,3852,184803,131900
1098,198,185,61140,3872,184988,122100
1099,208,200,60941,3871,185188,138600
1100,202,221,60740,3851,185409,142500
1101,206,202,60531,3858,185611,126300
1102,201,209,60328,3852,185820,133400
1103,215,208,60112,3860,186028,112500
1104,209,204,59911,3857,186232,131200
1105,185,207,59716,3845,186439,120900
1106,193,209,59525,3827,186648,134300
1107,193,184,59334,3834,186832,123500
1108,183,190,59158,3820,187022,140400
1109,197,194,58954,3830,187216,129800
1110,199,221,58760,3803,187437,124700
1111,192,197,58566,3800,187634,123100
1112,210,186,58356,3824,187820,115700
1113,205,196,58157,3827,188016,127800
1114,196,196,57955,3833,188212,128800
1115,198,186,57754,3848,188398,142400
1116,187,191,57562,3849,188589,120600
1117,239,211,57338,3862,188800,132000
1118,195,181,57128,3891,188981,138700
1119,170,190,56958,3871,189171,119600
1120,191,192,56777,3860,189363,112800
1121,183,221,56587,3829,189584,131900
1122,191,173,56397,3846,189757,137700
1123,177,205,56221,3817,189962,133400
1124,187,188,56035,3815,190150,129900
1125,190,202,55845,3803,190352,122700
1126,168,187,55673,3788,190539,136000
1127,155,177,55517,3767,190716,138000
1128,165,207,55353,3724,190923,132700
1129,185,179,55174,3724,191102,124100
1130,194,204,54980,3714,191306,127800
1131,181,196,54800,3698,191502,138200
1132,159,185,54638,3675,191687,115500
1133,199,205,54435,3673,191892,115300
1134,187,194,54248,3666,192086,136300
1135,189,197,54065,3652,192283,119300
1136,180,184,53887,3646,192467,109700
1137,210,194,53670,3669,192661,198500
1138,181,182,53491,3666,192843,127500
1139,178,193,53321,3643,193036,123000
1140,166,191,53148,3625,193227,118200
1141,170,188,52982,3603,193415,140900
1142,158,189,52818,3578,193604,125500
1143,152,213,52672,3511,193817,128700
1144,184,183,52483,3517,194000,141000
1145,187,178,52300,3522,194178,139200
1146,190,187,52107,3528,194365,119700
1147,161,180,51939,3516,194545,132800
1148,163,192,51778,3485,194737,121700
1149,187,161,51595,3507,194898,134800
1150,153,162,51437,3503,195060,134300
1151,161,204,51284,3452,195264,158600
1152,166,173,51120,3443,195437,134600
1153,170,193,50942,3428,195630,118200
1154,168,190,50774,3406,195820,146500
1155,177,165,50611,3404,195985,130700
1156,165,163,50443,3409,196148,134300
1157,172,188,50264,3400,196336,122200
1158,168,177,50097,3390,196513,122400
1159,183,161,49915,3411,196674,131400
1160,172,184,49742,3400,196858,138300
1161,206,194,49543,3405,197052,120700
1162,168,156,49364,3428,197208,147500
1163,180,195,49186,3411,197403,123000
1164,165,162,49020,3415,197565,128200
1165,202,160,48819,3456,197725,129300
1166,196,177,48625,3473,197902,129600
1167,204,187,48419,3492,198089,161400
1168,195,172,48228,3511,198261,113700
1169,183,191,48046,3502,198452,147800
1170,183,173,47859,3516,198625,134100
1171,193,187,47664,3524,198812,139100
1172,188,184,47480,3524,198996,135300
1173,178,178,47299,3527,199174,126500
1174,187,190,47119,3517,199364,148600
1175,173,178,46942,3516,199542,135100
1176,183,163,46758,3537,199705,137100
1177,178,176,46583,3536,199881,121900
1178,165,189,46411,3519,200070,152400
1179,150,176,46261,3493,200246,135000
1180,163,182,46102,3470,200428,112000
1181,148,179,45946,3447,200607,142300
1182,164,182,45790,3421,200789,125800
1183,183,160,45604,3447,200949,142200
1184,195,187,45416,3448,201136,141900
1185,178,169,45228,3467,201305,147700
1186,158,190,45074,3431,201495,139800
1187,146,173,44924,3408,201668,121300
1188,153,156,44773,3403,201824,133400
1189,149,167,44625,3384,201991,125900
1190,188,160,44433,3416,202151,143000
1191,169,193,44267,3389,202344,135100
1192,162,173,44102,3381,202517,123900
1193,166,169,43935,3379,202686,149800
1194,153,191,43789,3334,202877,121300
1195,162,165,43623,3335,203042,128000
1196,161,156,43462,3340,203198,152400
1197,159,187,43313,3302,203385,141500
1198,160,158,43141,3316,203543,126700
1199,161,165,42982,3310,203708,129100
1200,187,172,42793,3327,203880,125100
1201,173,170,42628,3322,204050,158400
1202,167,180,42462,3308,204230,131500
1203,141,164,42317,3289,204394,139700
1204,164,178,42147,3281,204572,129100
1205,152,176,41999,3253,204748,135200
1206,175,151,41826,3275,204899,139900
1207,169,165,41654,3282,205064,123400
1208,148,180,41507,3249,205244,133800
1209,145,184,41360,3212,205428,137000
1210,174,177,41189,3206,205605,139700
1211,135,161,41054,3180,205766,154800
1212,158,161,40891,3182,205927,141300
1213,151,163,40748,3162,206090,126400
1214,156,183,40586,3141,206273,126200
1215,184,158,40412,3157,206431,141700
1216,163,177,40240,3152,206608,138000
1217,165,158,40079,3155,206766,212900
1218,148,170,39924,3140,206936,8307600
1219,155,164,39767,3133,207100,8701200
1220,176,163,39602,3135,207263,8180500
1221,149,175,39449,3113,207438,183800
1222,165,169,39280,3113,207607,140500
1223,166,183,39120,3090,207790,134700
1224,182,149,38933,3128,207939,116500
1225,156,148,38780,3133,208087,143600
1226,168,150,38607,3156,208237,120800
1227,157,148,38457,3158,208385,128100
1228,156,162,38298,3155,208547,126700
1229,155,166,38138,3149,208713,143700
1230,159,157,37979,3151,208870,132700
1231,156,165,37829,3136,209035,136700
1232,167,183,37661,3121,209218,1731200
1233,177,155,37482,3145,209373,8695400
1234,149,181,37339,3107,209554,7982700
1235,157,177,37177,3092,209731,7914400
1236,152,137,37028,3104,209868,7541700
1237,159,161,36865,3106,210029,5731700
1238,150,158,36718,3095,210187,154900
1239,174,181,36554,3078,210368,141700
1240,144,148,36400,3084,210516,127500
1241,164,153,36234,3097,210669,117200
1242,163,157,36074,3100,210826,125300
1243,151,190,35916,3068,211016,120700
1244,160,157,35763,3064,211173,139400
1245,159,153,35603,3071,211326,129600
1246,155,162,35446,3066,211488,131000
1247,155,156,35293,3063,211644,135000
1248,150,156,35139,3061,211800,116300
1249,150,146,34986,3068,211946,128000
1250,158,142,34839,3073,212088,119900
1251,140,176,34696,3040,212264,129200
1252,129,156,34565,3015,212420,114800
1253,163,142,34409,3029,212562,134500
1254,156,153,34247,3038,212715,121700
1255,125,166,34118,3001,212881,117500
1256,164,161,33960,2998,213042,133700
1257,158,146,33801,3011,213188,124400
1258,139,142,33657,3013,213330,121000
1259,168,161,33490,3019,213491,111600
1260,138,158,33354,2997,213649,124800
1261,151,140,33199,3012,213789,132300
1262,157,144,33049,3018,213933,132700
1263,144,172,32900,2995,214105,129300
1264,119,168,32785,2942,214273,136100
1265,141,147,32638,2942,214420,122400
1266,147,164,32493,2923,214584,126900
1267,155,150,32341,2925,214734,123900
1268,138,162,32205,2899,214896,123000
1269,126,156,32077,2871,215052,146400
1270,140,157,31932,2859,215209,138500
1271,137,158,31801,2832,215367,133100
1272,126,152,31674,2807,215519,137800
1273,149,147,31522,2812,215666,131200
1274,132,136,31393,2805,215802,110600
1275,143,138,31250,2810,215940,139000
1276,113,153,31133,2774,216093,116900
1277,131,125,31005,2777,216218,134900
1278,155,163,30848,2771,216381,124700
1279,130,125,30714,2780,216506,121500
1280,144,134,30577,2783,216640,116300
1281,136,140,30441,2779,216780,116800
1282,125,142,30310,2768,216922,124100
1283,122,143,30193,2742,217065,123500
1284,114,126,30077,2732,217191,121900
1285,124,153,29957,2699,217344,117600
1286,126,143,29825,2688,217487,124800
1287,145,135,29686,2692,217622,121700
1288,138,120,29546,2712,217742,101200
1289,111,134,29439,2685,217876,131400
1290,122,138,29306,2680,218014,126600
1291,126,146,29185,2655,218160,144900
1292,122,138,29060,2642,218298,117800
1293,122,153,28937,2612,218451,127700
1294,119,131,28827,2591,218582,131600
1295,125,132,28701,2585,218714,130200
1296,116,144,28580,2562,218858,125000
1297,105,135,28478,2529,218993,125300
1298,112,132,28364,2511,219125,127100
1299,115,106,28248,2521,219231,100200
1300,116,125,28137,2507,219356,118900
1301,111,121,28020,2503,219477,118900
1302,107,154,27912,2457,219631,107700
1303,105,126,27810,2433,219757,131900
1304,114,139,27691,2413,219896,130000
1305,82,106,27612,2386,220002,122500
1306,105,121,27506,2371,220123,133300
1307,83,113,27420,2344,220236,124200
1308,120,137,27303,2324,220373,122900
1309,101,120,27206,2301,220493,141500
1310,132,99,27075,2333,220592,134600
1311,121,125,26951,2332,220717,108100
1312,91,123,26864,2296,220840,127100
1313,107,113,26754,2293,220953,110900
1314,83,111,26669,2267,221064,131100
1315,103,119,26572,2245,221183,120000
1316,113,108,26462,2247,221291,125000
1317,113,119,26342,2248,221410,125100
1318,97,118,26240,2232,221528,134800
1319,108,116,26136,2220,221644,115500
1320,100,108,26032,2216,221752,124500
1321,95,89,25942,2217,221841,139400
1322,102,131,25834,2194,221972,118400
1323,88,105,25749,2174,222077,122900
1324,92,125,25657,2141,222202,114200
1325,95,102,25563,2133,222304,109200
1326,86,101,25474,2121,222405,127600
1327,104,113,25373,2109,222518,116500
1328,109,108,25261,2113,222626,129100
1329,89,114,25176,2084,222740,135300
1330,91,106,25085,2069,222846,129600
1331,94,111,24998,2045,222957,124100
1332,93,100,24898,2045,223057,117400
1333,74,103,24819,2021,223160,120100
1334,90,106,24736,1998,223266,125600
1335,75,122,24654,1958,223388,125300
1336,75,96,24580,1936,223484,121200
1337,87,104,24497,1915,223588,127800
1338,86,91,24410,1911,223679,125100
1339,82,103,24330,1888,223782,120100
1340,84,93,24245,1880,223875,127400
1341,70,87,24175,1863,223962,134400
1342,85,92,24089,1857,224054,134600
1343,87,111,24001,1834,224165,108000
1344,120,83,23885,1867,224248,121400
1345,75,87,23807,1858,224335,128900
1346,78,90,23729,1846,224425,125400
1347,89,99,23636,1840,224524,128300
1348,82,95,23555,1826,224619,123400
1349,107,100,23452,1829,224719,111400
1350,89,71,23366,1844,224790,123800
1351,79,80,23281,1849,224870,123400
1352,97,98,23182,1850,224968,116900
1353,83,98,23103,1831,225066,124000
1354,81,91,23021,1822,225157,115300
1355,90,89,22932,1822,225246,122900
1356,84,93,22843,1818,225339,113600
1357,95,107,22758,1796,225446,132600
1358,80,90,22670,1794,225536,129900
1359,74,94,22597,1773,225630,122400
1360,76,106,22523,1741,225736,123900
1361,88,84,22438,1742,225820,122600
1362,86,86,22350,1744,225906,132300
1363,81,85,22266,1743,225991,120000
1364,80,92,22187,1730,226083,122400
1365,96,81,22094,1742,226164,127300
1366,81,90,22010,1736,226254,132800
1367,85,73,21928,1745,226327,115200
1368,88,84,21836,1753,226411,118000
1369,85,94,21753,1742,226505,112700
1370,68,85,21684,1726,226590,121600
1371,84,66,21601,1743,226656,132700
1372,91,93,21508,1743,226749,121900
1373,66,107,21443,1701,226856,141800
1374,82,94,21362,1688,226950,109500
1375,78,85,21282,1683,227035,123700
1376,61,93,21221,1651,227128,137100
1377,65,74,21155,1643,227202,120600
1378,76,91,21080,1627,227293,107500
1379,60,55,21022,1630,227348,132500
1380,89,91,20934,1627,227439,124400
1381,66,91,20867,1603,227530,130000
1382,67,82,20799,1589,227612,131100
1383,68,73,20730,1585,227685,123100
1384,61,91,20670,1554,227776,119200
1385,58,68,20608,1548,227844,116100
1386,71,82,20541,1533,227926,249900
1387,63,74,20477,1523,228000,136900
1388,79,78,20398,1524,228078,121700
1389,59,75,20336,1511,228153,121500
1390,63,91,20280,1476,228244,115600
1391,63,84,20213,1459,228328,139800
1392,80,87,20137,1448,228415,114500
1393,57,70,20077,1438,228485,119900
1394,74,67,20002,1446,228552,105700
1395,69,71,19934,1443,228623,119400
1396,71,81,19864,1432,228704,124500
1397,77,68,19784,1444,228772,127600
1398,62,86,19722,1420,228858,124700
1399,42,65,19684,1393,228923,123900
1400,62,62,19621,1394,228985,120900
1401,75,67,19544,1404,229052,116200
1402,85,70,19463,1415,229122,132100
1403,61,69,19400,1409,229191,130200
1404,72,64,19327,1418,229255,118800
1405,74,67,19254,1424,229322,118200
1406,68,85,19182,1411,229407,125200
1407,66,81,19118,1394,229488,121400
1408,56,74,19062,1376,229562,110500
1409,71,72,18993,1373,229634,110000
1410,56,73,18934,1359,229707,121600
1411,57,70,18876,1347,229777,112500
1412,68,63,18811,1349,229840,122700
1413,75,76,18734,1350,229916,117400
1414,64,74,18672,1338,229990,126400
1415,78,58,18594,1358,230048,155500
1416,68,68,18529,1355,230116,109600
1417,65,69,18465,1350,230185,108000
1418,74,64,18384,1367,230249,113000
1419,53,70,18335,1346,230319,135800
1420,67,74,18270,1337,230393,115800
1421,68,68,18201,1338,230461,125600
1422,68,68,18129,1342,230529,104900
1423,82,69,18049,1353,230598,118000
1424,71,70,17977,1355,230668,115800
1425,79,67,17902,1363,230735,114100
1426,74,53,17825,1387,230788,124000
1427,67,63,17762,1387,230851,126300
1428,87,74,17671,1404,230925,118600
1429,78,65,17592,1418,230990,129300
1430,58,85,17534,1391,231075,134100
1431,73,70,17460,1395,231145,122200
1432,84,74,17375,1406,231219,112900
1433,66,90,17312,1379,231309,139000
1434,70,73,17243,1375,231382,129900
1435,67,69,17175,1374,231451,132500
1436,64,73,17111,1365,231524,142200
1437,64,75,17050,1351,231599,116000
1438,64,66,16984,1351,231665,127200
1439,91,89,16894,1352,231754,114600
1440,64,64,16832,1350,231818,114100
1441,67,83,16761,1338,231901,127700
1442,63,76,16700,1323,231977,113800
1443,56,71,16640,1312,232048,107600
1444,53,67,16587,1298,232115,110000
1445,54,69,16536,1280,232184,120800
1446,68,77,16465,1274,232261,115800
1447,50,72,16417,1250,232333,122300
1448,49,65,16365,1237,232398,126000
1449,62,70,16303,1229,232468,115600
1450,71,68,16235,1229,232536,107800
1451,56,68,16179,1217,232604,131100
1452,55,58,16123,1215,232662,136300
1453,55,68,16067,1203,232730,111200
1454,57,71,16009,1190,232801,107000
1455,49,59,15962,1178,232860,110500
1456,49,58,15912,1170,232918,131900
1457,56,60,15859,1163,232978,109200
1458,61,50,15795,1177,233028,129300
1459,47,68,15751,1153,233096,129700
1460,45,49,15704,1151,233145,133400
1461,51,55,15652,1148,233200,128100
1462,62,70,15590,1140,233270,127000
1463,62,54,15529,1147,233324,126500
1464,61,51,15467,1158,233375,134800
1465,49,67,15416,1142,233442,135100
1466,46,53,15371,1134,233495,118400
1467,45,61,15327,1117,233556,138600
1468,47,59,15282,1103,233615,127500
1469,48,58,15231,1096,233673,109300
1470,46,50,15186,1091,233723,117100
1471,55,49,15133,1095,233772,132500
1472,53,57,15080,1091,233829,143100
1473,45,57,15034,1080,233886,183600
1474,50,52,14983,1079,233938,124400
1475,59,54,14923,1085,233992,114600
1476,42,53,14883,1072,234045,127700
1477,54,63,14829,1063,234108,103900
1478,49,43,14778,1071,234151,118600
1479,50,54,14729,1066,234205,109300
1480,69,49,14662,1084,234254,111700
1481,50,48,14612,1086,234302,118500
1482,50,65,14561,1072,234367,117300
1483,35,37,14524,1072,234404,120400
1484,39,55,14485,1056,234459,127100
1485,46,51,14442,1048,234510,115900
1486,48,55,14392,1043,234565,125500
1487,55,49,14340,1046,234614,117100
1488,46,49,14292,1045,234663,116200
1489,53,46,14241,1050,234709,113600
1490,55,62,14183,1046,234771,133400
1491,52,48,14132,1049,234819,113100
1492,50,53,14080,1048,234872,110600
1493,41,44,14044,1040,234916,111500
1494,58,46,13980,1058,234962,123100
1495,46,64,13937,1037,235026,128400
1496,44,58,13891,1025,235084,131400
1497,47,70,13847,999,235154,118800
1498,45,63,13799,984,235217,130800
1499,49,47,13751,985,235264,122500
1500,53,44,13700,992,235308,121900
1501,52,47,13648,997,235355,108300
1502,52,57,13593,995,235412,125500
1503,36,47,13557,984,235459,129200
1504,41,41,13517,983,235500,111500
1505,50,34,13467,999,235534,120000
1506,46,47,13420,999,235581,127300
1507,47,47,13372,1000,235628,144800
1508,50,51,13322,999,235679,121100
1509,58,59,13268,994,235738,122100
1510,52,52,13212,998,235790,138000
1511,45,54,13171,985,235844,137500
1512,47,57,13122,977,235901,117800
1513,43,52,13079,968,235953,123400
1514,54,50,13025,972,236003,129100
1515,53,48,12970,979,236051,101900
1516,50,45,12921,983,236096,118000
1517,40,43,12883,978,236139,120100
1518,39,48,12842,971,236187,116100
1519,42,53,12800,960,236240,110900
1520,46,44,12756,960,236284,119300
1521,50,48,12704,964,236332,123700
1522,53,42,12652,974,236374,106900
1523,47,44,12604,978,236418,117200
1524,52,49,12553,980,236467,136600
1525,43,48,12510,975,236515,131000
1526,46,42,12463,980,236557,119900
1527,55,47,12412,984,236604,120200
1528,37,54,12375,967,236658,113600
1529,35,48,12335,959,236706,111900
1530,29,61,12307,926,236767,113200
1531,37,50,12269,914,236817,121600
1532,39,54,12231,898,236871,140600
1533,38,53,12198,878,236924,117900
1534,54,40,12141,895,236964,118600
1535,44,43,12097,896,237007,127300
1536,38,39,12059,895,237046,127000
1537,37,39,12019,896,237085,121700
1538,38,49,11984,882,237134,139100
1539,43,54,11939,873,237188,114000
1540,33,46,11908,858,237234,124800
1541,37,35,11869,862,237269,154600
1542,38,32,11831,868,237301,120500
1543,37,37,11795,867,237338,118000
1544,35,49,11759,854,237387,120700
1545,44,40,11715,858,237427,117900
1546,33,45,11682,846,237472,114800
1547,28,38,11653,837,237510,116600
1548,41,41,11615,834,237551,142700
1549,31,38,11581,830,237589,129900
1550,31,38,11552,821,237627,126800
1551,28,36,11523,814,237663,122000
1552,38,48,11485,804,237711,158300
1553,31,40,11453,796,237751,136400
1554,51,41,11404,804,237792,134200
1555,48,31,11357,820,237823,140000
1556,49,34,11308,835,237857,123800
1557,46,39,11260,844,237896,135300
1558,51,54,11212,838,237950,135400
1559,42,38,11169,843,237988,134400
1560,45,51,11123,838,238039,145100
1561,32,39,11089,833,238078,145200
1562,31,50,11060,812,238128,126500
1563,37,38,11021,813,238166,134700
1564,41,38,10983,813,238204,110200
1565,37,29,10945,822,238233,139200
1566,41,44,10903,820,238277,131800
1567,46,37,10860,826,238314,113200
1568,47,43,10815,828,238357,120800
1569,51,35,10760,848,238392,115100
1570,43,58,10717,833,238450,123000
1571,41,45,10676,829,238495,113000
1572,35,55,10641,809,238550,121800
1573,45,44,10594,812,238594,126000
1574,45,36,10551,819,238630,113300
1575,46,47,10506,817,238677,128400
1576,44,36,10461,826,238713,121100
1577,44,49,10417,821,238762,111100
1578,48,44,10369,825,238806,113800
1579,46,34,10323,837,238840,121400
1580,54,41,10271,848,238881,159000
1581,41,43,10226,850,238924,131400
1582,48,44,10178,854,238968,123300
1583,43,35,10141,856,239003,175800
1584,41,43,10095,859,239046,117300
1585,32,42,10064,848,239088,127300
1586,36,53,10027,832,239141,110400
1587,40,36,9987,836,239177,218800
1588,30,42,9956,825,239219,123000
1589,43,48,9916,817,239267,127200
1590,23,33,9890,810,239300,108400
1591,48,49,9843,808,239349,130400
1592,38,31,9805,815,239380,115300
1593,40,45,9765,810,239425,119800
1594,51,39,9717,819,239464,112800
1595,39,59,9676,801,239523,114500
1596,27,34,9650,793,239557,131200
1597,34,41,9618,784,239598,111000
1598,21,45,9595,762,239643,111400
1599,28,53,9565,739,239696,131500
1600,32,36,9533,735,239732,124500
1601,26,44,9507,717,239776,125100
1602,35,33,9472,719,239809,181500
1603,31,36,9442,713,239845,142000
1604,36,34,9405,716,239879,141100
1605,32,42,9372,707,239921,135600
1606,39,42,9337,700,239963,109800
1607,34,36,9302,699,239999,145300
1608,37,31,9263,707,240030,113300
1609,34,44,9229,697,240074,132900
1610,26,41,9204,681,240115,110200
1611,26,35,9179,671,240150,120200
1612,29,30,9147,673,240180,120400
1613,34,42,9113,665,240222,116600
1614,34,33,9079,666,240255,106200
1615,27,45,9052,648,240300,120200
1616,31,39,9023,638,240339,118300
1617,22,32,9000,629,240371,114900
1618,30,35,8970,624,240406,123100
1619,22,35,8948,611,240441,119800
1620,27,28,8922,609,240469,108800
1621,28,30,8892,609,240499,104300
1622,27,38,8869,594,240537,111200
1623,32,28,8833,602,240565,121800
1624,27,40,8806,589,240605,127600
1625,27,27,8781,587,240632,122100
1626,29,30,8750,588,240662,120500
1627,21,26,8730,582,240688,116200
1628,27,25,8703,584,240713,112400
1629,27,26,8677,584,240739,114400
1630,36,35,8641,585,240774,117900
1631,35,38,8606,582,240812,133100
1632,30,21,8575,592,240833,108800
1633,26,29,8549,589,240862,117600
1634,34,34,8517,587,240896,112800
1635,33,27,8481,596,240923,119900
1636,27,36,8454,587,240959,116100
1637,36,24,8419,598,240983,118800
1638,28,36,8392,589,241019,119300
1639,28,27,8363,591,241046,120900
1640,33,26,8331,597,241072,111400
1641,32,35,8299,594,241107,122500
1642,45,28,8254,611,241135,124000
1643,39,36,8216,613,241171,125900
1644,36,27,8180,622,241198,96400
1645,25,34,8153,615,241232,109900
1646,36,32,8117,619,241264,126500
1647,25,36,8094,606,241300,122700
1648,26,37,8067,596,241337,126500
1649,24,31,8041,591,241368,135200
1650,24,27,8019,586,241395,116100
1651,19,33,7998,574,241428,121700
1652,21,31,7977,564,241459,127100
1653,27,29,7951,561,241488,113000
1654,21,29,7929,554,241517,99500
1655,25,30,7905,548,241547,125700
1656,21,24,7884,545,241571,132200
1657,26,20,7857,552,241591,121100
1658,18,30,7841,538,241621,102800
1659,27,22,7814,543,241643,112800
1660,22,22,7791,544,241665,125300
1661,29,35,7763,537,241700,116000
1662,24,28,7737,535,241728,109100
1663,23,27,7714,531,241755,116600
1664,29,25,7687,533,241780,118600
1665,27,29,7660,531,241809,116400
1666,31,34,7631,526,241843,141500
1667,34,27,7594,536,241870,128200
1668,23,29,7572,529,241899,112000
1669,23,24,7547,530,241923,140600
1670,23,24,7524,529,241947,228600
1671,23,34,7502,517,241981,126100
1672,17,26,7486,507,242007,121200
1673,26,31,7459,503,242038,122500
1674,21,32,7437,493,242070,119600
1675,28,27,7410,493,242097,125500
1676,23,27,7388,488,242124,130700
1677,16,26,7371,479,242150,116800
1678,24,27,7346,477,242177,131600
1679,20,22,7327,474,242199,96200
1680,27,25,7302,474,242224,125400
1681,16,29,7283,464,242253,124000
1682,27,28,7256,463,242281,122100
1683,25,19,7232,468,242300,119300
1684,23,25,7209,466,242325,118900
1685,20,29,7189,457,242354,125600
1686,17,14,7171,461,242368,138300
1687,23,20,7148,464,242388,124600
1688,31,23,7122,467,242411,116000
1689,30,26,7090,473,242437,146500
1690,19,35,7068,460,242472,137200
1691,22,24,7047,457,242496,143300
1692,30,34,7018,452,242530,125400
1693,20,20,6997,453,242550,139400
1694,20,19,6976,455,242569,131300
1695,17,24,6959,448,242593,126800
1696,24,27,6937,443,242620,133400
1697,17,23,6918,439,242643,125000
1698,24,15,6897,445,242658,128200
1699,21,24,6874,444,242682,132600
1700,22,21,6851,446,242703,138000
1701,25,22,6826,449,242725,151600
1702,20,12,6808,455,242737,128100
1703,33,24,6774,465,242761,124300
1704,17,26,6756,457,242787,136400
1705,12,34,6746,433,242821,124300
1706,21,14,6723,442,242835,131700
1707,21,19,6702,444,242854,127000
1708,31,25,6672,449,242879,114500
1709,20,25,6651,445,242904,149900
1710,18,26,6636,434,242930,136100
1711,20,23,6614,433,242953,131000
1712,23,23,6591,433,242976,126700
1713,20,19,6571,434,242995,136500
1714,18,18,6554,433,243013,282500
1715,27,26,6527,434,243039,121900
1716,30,23,6496,442,243062,101600
1717,14,29,6482,427,243091,108600
1718,22,20,6461,428,243111,110700
1719,23,30,6436,423,243141,118100
1720,26,23,6410,426,243164,109100
1721,19,21,6392,423,243185,117000
1722,26,17,6365,433,243202,131900
1723,22,25,6344,429,243227,124000
1724,21,24,6322,427,243251,118300
1725,18,24,6305,420,243275,113500
1726,19,21,6285,419,243296,137400
1727,21,26,6264,414,243322,131800
1728,32,21,6233,424,243343,118200
1729,18,29,6216,412,243372,106900
1730,24,18,6193,417,243390,128300
1731,20,22,6171,417,243412,127200
1732,20,29,6152,407,243441,115300
1733,20,24,6130,405,243465,127400
1734,28,22,6104,409,243487,120800
1735,23,28,6080,405,243515,120700
1736,31,15,6048,422,243530,119500
1737,25,20,6026,424,243550,133900
1738,29,25,5994,431,243575,121400
1739,21,15,5974,436,243590,122400
1740,25,27,5949,434,243617,171500
1741,21,24,5927,432,243641,135700
1742,25,20,5903,436,243661,143800
1743,23,25,5882,432,243686,126800
1744,17,31,5862,421,243717,120100
1745,21,19,5842,422,243736,114900
1746,24,18,5820,426,243754,125000
1747,29,29,5792,425,243783,124500
1748,17,15,5771,431,243798,125100
1749,18,29,5753,420,243827,115600
1750,30,22,5724,427,243849,148600
1751,13,16,5711,424,243865,136600
1752,24,24,5687,424,243889,124400
1753,22,19,5665,427,243908,127800
1754,15,26,5649,417,243934,127000
1755,17,20,5632,414,243954,118500
1756,15,14,5618,414,243968,123100
1757,20,24,5599,409,243992,134400
1758,23,21,5575,412,244013,147000
1759,21,18,5553,416,244031,146500
1760,21,22,5534,413,244053,147100
1761,24,19,5511,417,244072,136400
1762,16,21,5492,415,244093,132500
1763,22,28,5471,408,244121,133900
1764,9,23,5461,395,244144,114800
1765,13,24,5448,384,244168,120300
1766,17,24,5433,375,244192,119400
1767,12,20,5419,369,244212,126300
1768,12,22,5407,359,244234,113700
1769,13,19,5395,352,244253,110800
1770,25,12,5371,364,244265,124800
1771,12,16,5357,362,244281,104100
1772,15,24,5342,353,244305,346800
1773,15,22,5328,345,244327,110700
1774,10,20,5317,336,244347,114700
1775,16,17,5302,334,244364,117600
1776,9,14,5292,330,244378,119900
1777,14,15,5278,329,244393,109600
1778,19,19,5260,328,244412,126100
1779,16,11,5244,333,244423,134700
1780,22,22,5223,332,244445,136700
1781,15,8,5208,339,244453,125600
1782,17,21,5190,336,244474,136200
1783,16,12,5174,340,244486,121400
1784,24,25,5150,339,244511,118100
1785,10,17,5139,333,244528,123700
1786,14,20,5125,327,244548,130300
1787,12,19,5114,319,244567,117700
1788,9,19,5104,310,244586,129700
1789,21,15,5084,315,244601,114400
1790,13,19,5070,310,244620,106500
1791,17,21,5053,306,244641,120600
1792,16,13,5037,309,244654,127900
1793,15,12,5023,311,244666,111200
1794,17,11,5005,318,244677,115800
1795,18,22,4987,314,244699,118300
1796,12,16,4975,310,244715,132300
1797,19,19,4957,309,244734,126700
1798,11,10,4946,310,244744,129600
1799,16,19,4930,307,244763,115900
1800,14,10,4916,311,244773,128200
1801,15,20,4902,305,244793,112300
1802,7,16,4893,298,244809,134200
1803,10,15,4883,293,244824,116700
1804,10,19,4873,284,244843,115000
1805,16,20,4857,280,244863,109600
1806,16,18,4841,278,244881,97600
1807,16,15,4827,277,244896,105300
1808,11,13,4815,276,244909,122700
1809,10,14,4804,273,244923,126100
1810,13,8,4792,277,244931,121600
1811,19,17,4772,280,244948,122600
1812,13,14,4759,279,244962,106900
1813,11,20,4748,270,244982,130600
1814,14,13,4734,271,244995,124200
1815,15,16,4720,269,245011,172700
1816,12,11,4707,271,245022,124100
1817,11,10,4698,270,245032,118000
1818,11,10,4686,272,245042,122400
1819,13,17,4672,269,245059,123700
1820,13,13,4661,267,245072,112200
1821,9,11,4650,267,245083,125500
1822,15,5,4636,276,245088,149200
1823,7,8,4628,276,245096,123300
1824,9,12,4619,273,245108,113600
1825,15,13,4604,275,245121,126100
1826,9,11,4595,273,245132,109400
1827,8,11,4587,270,245143,121700
1828,9,19,4579,259,245162,128300
1829,15,12,4563,263,245174,119000
1830,6,18,4558,250,245192,111200
1831,9,14,4548,246,245206,133100
1832,11,10,4537,247,245216,156200
1833,10,8,4527,249,245224,114600
1834,10,12,4517,247,245236,124900
1835,7,12,4510,242,245248,126100
1836,12,7,4498,247,245255,120600
1837,13,13,4485,247,245268,171600
1838,9,12,4476,244,245280,121300
1839,22,14,4455,251,245294,114500
1840,16,13,4438,255,245307,130300
1841,8,10,4430,253,245317,101900
1842,11,8,4419,256,245325,115000
1843,7,13,4413,249,245338,104700
1844,9,11,4404,247,245349,121900
1845,8,13,4395,243,245362,116100
1846,10,15,4385,238,245377,118300
1847,9,16,4376,231,245393,119400
1848,8,12,4368,227,245405,127500
1849,6,14,4362,219,245419,109900
1850,9,13,4353,215,245432,128000
1851,11,13,4342,213,245445,127100
1852,14,7,4328,220,245452,116400
1853,7,14,4321,213,245466,121600
1854,15,8,4306,220,245474,125900
1855,11,9,4295,222,245483,136000
1856,5,16,4290,211,245499,110400
1857,7,15,4283,203,245514,124200
1858,7,11,4277,198,245525,280700
1859,10,14,4266,195,245539,104900
1860,6,11,4260,190,245550,117400
1861,5,16,4256,178,245566,128900
1862,9,10,4246,178,245576,98800
1863,10,6,4237,181,245582,116900
1864,8,7,4229,182,245589,113700
1865,5,10,4223,178,245599,112800
1866,11,12,4212,177,245611,114800
1867,8,8,4204,177,245619,126000
1868,4,6,4200,175,245625,123100
1869,9,4,4191,180,245629,114000
1870,6,10,4185,176,245639,111300
1871,2,6,4183,172,245645,109000
1872,9,12,4175,168,245657,104600
1873,3,12,4171,160,245669,124700
1874,9,4,4162,165,245673,107100
1875,3,14,4159,154,245687,141700
1876,7,6,4152,155,245693,123100
1877,5,7,4147,153,245700,113700
1878,7,5,4140,155,245705,119000
1879,4,6,4136,153,245711,114500
1880,9,8,4128,153,245719,115400
1881,4,10,4124,147,245729,113900
1882,6,4,4117,150,245733,120900
1883,9,10,4109,148,245743,113200
1884,5,4,4104,149,245747,112400
1885,5,6,4099,148,245753,128300
1886,5,3,4093,151,245756,122700
1887,6,8,4087,149,245764,131500
1888,6,12,4082,142,245776,119200
1889,6,8,4075,141,245784,132800
1890,2,7,4073,136,245791,121600
1891,3,6,4070,133,245797,136100
1892,3,4,4067,132,245801,110700
1893,7,7,4060,132,245808,118100
1894,5,10,4055,127,245818,122400
1895,7,5,4048,129,245823,112700
1896,3,5,4046,126,245828,118500
1897,2,0,4043,129,245828,121400
1898,5,6,4038,128,245834,121700
1899,6,5,4032,129,245839,106200
1900,6,4,4026,131,245843,123100
1901,8,10,4018,129,245853,112100
1902,4,8,4015,124,245861,219400
1903,7,5,4008,126,245866,108600
1904,4,10,4003,121,245876,120100
1905,5,5,3998,121,245881,118000
1906,6,8,3992,119,245889,125000
1907,3,5,3989,117,245894,132500
1908,4,3,3986,117,245897,115800
1909,2,3,3983,117,245900,116100
1910,7,7,3976,117,245907,124700
1911,3,7,3973,113,245914,129900
1912,4,5,3969,112,245919,121700
1913,2,1,3968,112,245920,126000
1914,3,5,3964,111,245925,122300
1915,2,4,3963,108,245929,120900
1916,6,7,3958,106,245936,124100
1917,5,3,3951,110,245939,137400
1918,0,7,3951,103,245946,126000
1919,0,5,3951,98,245951,115200
1920,2,7,3949,93,245958,112500
1921,2,5,3947,90,245963,109800
1922,0,6,3947,84,245969,118100
1923,4,2,3944,85,245971,114100
1924,2,1,3941,87,245972,111400
1925,4,2,3938,88,245974,105300
1926,1,4,3936,86,245978,99200
1927,0,6,3936,80,245984,116600
1928,0,5,3936,75,245989,120200
1929,0,2,3936,73,245991,122500
1930,0,4,3936,69,245995,108700
1931,2,4,3934,67,245999,114800
1932,0,2,3934,65,246001,117800
1933,2,4,3932,63,246005,125200
1934,2,2,3930,63,246007,96300
1935,2,6,3928,59,246013,123700
1936,1,3,3927,57,246016,129300
1937,0,8,3927,49,246024,102500
1938,3,2,3924,50,246026,120400
1939,1,3,3923,48,246029,118600
1940,1,3,3922,46,246032,130600
1941,0,2,3922,44,246034,124700
1942,0,4,3922,40,246038,121800
1943,1,4,3921,37,246042,107800
1944,0,2,3921,35,246044,111800
1945,0,3,3921,32,246047,112900
1946,0,1,3921,31,246048,123100
1947,0,3,3921,28,246051,137200
1948,1,0,3921,28,246051,123000
1949,0,2,3920,27,246053,119300
1950,0,0,3920,27,246053,112800
1951,0,1,3920,26,246054,116600
1952,1,0,3919,27,246054,116900
1953,0,1,3919,26,246055,111700
1954,0,2,3919,24,246057,101800
1955,0,0,3919,24,246057,124100
1956,0,3,3919,21,246060,107200
1957,0,4,3919,17,246064,123900
1958,0,1,3919,16,246065,106300
1959,0,1,3919,15,246066,115600
1960,0,0,3919,15,246066,131800
1961,0,0,3919,15,246066,119100
1962,0,0,3919,15,246066,117200
1963,0,1,3919,14,246067,124800
1964,0,0,3919,14,246067,119100
1965,0,0,3919,14,246067,114900
1966,0,0,3919,14,246067,106700
1967,0,2,3919,12,246069,120800
1968,0,1,3919,11,246070,119100
1969,0,0,3919,11,246070,118800
1970,0,1,3919,10,246071,117300
1971,0,0,3919,10,246071,144300
1972,0,0,3919,10,246071,127400
1973,0,1,3919,9,246072,118200
1974,0,1,3919,8,246073,116400
1975,0,0,3919,8,246073,107500
1976,0,0,3919,8,246073,106800
1977,0,1,3919,7,246074,111500
1978,0,0,3919,7,246074,126900
1979,0,0,3919,7,246074,114000
1980,0,0,3919,7,246074,115600
1981,0,0,3919,7,246074,109100
1982,0,1,3919,6,246075,111700
1983,0,0,3919,6,246075,106100
1984,0,0,3919,6,246075,114500
1985,0,0,3919,6,246075,121100
1986,0,1,3919,5,246076,132400
1987,0,1,3919,4,246077,110200
1988,0,1,3919,3,246078,113600
1989,0,0,3919,3,246078,123100
1990,0,0,3919,3,246078,109000
1991,0,0,3919,3,246078,119500
1992,0,0,3919,3,246078,140500
1993,0,1,3919,2,246079,130800
1994,0,0,3919,2,246079,132200
1995,0,0,3919,2,246079,114900
1996,0,0,3919,2,246079,125700
1997,0,0,3919,2,246079,115900
1998,0,0,3919,2,246079,108800
1999,0,0,3919,2,246079,108000
2000,0,0,3919,2,246079,121300
2001,0,0,3919,2,246079,128100
2002,0,0,3919,2,246079,110500
2003,0,0,3919,2,246079,115900
2004,0,0,3919,2,246079,100200
2005,0,1,3919,1,246080,120000
2006,0,0,3919,1,246080,116200
2007,0,0,3919,1,246080,126300
2008,0,0,3919,1,246080,105900
2009,0,0,3919,1,246080,107700
2010,0,0,3919,1,246080,114600
2011,0,0,3919,1,246080,105000
2012,0,0,3919,1,246080,115400
2013,0,0,3919,1,246080,112300
2014,0,0,3919,1,246080,104000
2015,0,0,3919,1,246080,125700
2016,0,0,3919,1,246080,114500
2017,0,0,3919,1,246080,104100
2018,0,0,3919,1,246080,109200
2019,0,0,3919,1,246080,130300
2020,0,0,3919,1,246080,135800
2021,0,0,3919,1,246080,124900
2022,0,0,3919,1,246080,121400
2023,0,0,3919,1,246080,120200
2024,0,0,3919,1,246080,127400
2025,0,0,3919,1,246080,118700
2026,0,0,3919,1,246080,109600
2027,0,1,3919,0,246081,127700
