Tick,NewlyInfected,NewlyRecovered,TotalSusceptible,TotalInfected,TotalRecovered,StepTimeNanos
0,2,0,249993,7,0,6743900
1,2,0,249991,9,0,8737500
2,4,2,249987,11,2,8579200
3,0,3,249987,8,5,184400
4,2,0,249985,10,5,123900
5,4,1,249981,13,6,133100
6,1,1,249980,13,7,129500
7,3,0,249978,15,7,135000
8,4,1,249973,19,8,121300
9,4,1,249969,22,9,133900
10,6,1,249964,26,10,120800
11,7,1,249956,33,11,135800
12,9,2,249948,39,13,127300
13,7,0,249940,47,13,118400
14,6,0,249934,53,13,124000
15,6,6,249928,53,19,107800
16,8,6,249920,55,25,124600
17,5,2,249916,57,27,118800
18,11,4,249905,64,31,139500
19,14,8,249890,71,39,132600
20,11,3,249879,79,42,124200
21,8,4,249872,82,46,127700
22,15,3,249856,95,49,118100
23,8,7,249849,95,56,123800
24,11,7,249837,100,63,115100
25,16,8,249821,108,71,111600
26,14,7,249808,114,78,124500
27,10,7,249797,118,85,119700
28,10,4,249788,123,89,127900
29,19,8,249772,131,97,104600
30,13,7,249755,141,104,122900
31,17,7,249739,150,111,113500
32,14,11,249725,153,122,112600
33,14,12,249710,156,134,171900
34,21,6,249690,170,140,138600
35,17,8,249673,179,148,126400
36,32,12,249645,195,160,120700
37,26,17,249615,208,177,121200
38,15,12,249600,211,189,131900
39,25,16,249576,219,205,163500
40,20,8,249556,231,213,126200
41,23,23,249533,231,236,108600
42,29,13,249507,244,249,128800
43,29,10,249476,265,259,120100
44,24,14,249451,276,273,126300
45,28,15,249423,289,288,121500
46,29,16,249394,302,304,144200
47,24,23,249369,304,327,121400
48,35,4,249337,332,331,121500
49,34,12,249302,355,343,124300
50,24,19,249276,362,362,119800
51,32,22,249246,370,384,115100
52,38,27,249210,379,411,127500
53,34,20,249172,397,431,116700
54,27,24,249145,400,455,117600
55,44,24,249102,419,479,124900
56,35,18,249065,438,497,114900
57,46,20,249020,463,517,116400
58,37,23,248984,476,540,124500
59,37,20,248947,493,560,122800
60,40,24,248910,506,584,111300
61,34,26,248877,513,610,127500
62,43,26,248828,536,636,124400
63,41,31,248793,540,667,117800
64,52,35,248741,557,702,112900
65,46,33,248691,574,735,114100
66,51,36,248639,590,771,129000
67,44,27,248595,607,798,119300
68,46,26,248551,625,824,124400
69,51,19,248501,656,843,125500
70,46,37,248455,665,880,119800
71,51,44,248405,671,924,111900
72,68,25,248336,715,949,107500
73,49,27,248288,736,976,116400
74,67,42,248220,762,1018,124600
75,65,43,248153,786,1061,132100
76,56,44,248101,794,1105,115800
77,48,42,248052,801,1147,115600
78,57,42,247994,817,1189,117100
79,58,35,247936,840,1224,133200
80,43,39,247894,843,1263,106400
81,70,43,247824,870,1306,119200
82,48,52,247775,867,1358,121800
83,66,48,247710,884,1406,108300
84,56,39,247650,905,1445,121100
85,61,37,247589,929,1482,126200
86,68,49,247523,946,1531,112900
87,87,44,247434,991,1575,117700
88,64,50,247372,1003,1625,114700
89,57,47,247316,1012,1672,119700
90,61,40,247255,1033,1712,135200
91,70,62,247184,1042,1774,118800
92,54,49,247132,1045,1823,118400
93,48,54,247082,1041,1877,110700
94,77,66,247005,1052,1943,132600
95,69,53,246941,1063,1996,105700
96,67,56,246868,1080,2052,112100
97,62,57,246808,1083,2109,113100
98,58,65,246747,1079,2174,122400
99,78,53,246670,1103,2227,120700
100,69,54,246604,1115,2281,105800
101,88,58,246518,1143,2339,121100
102,73,55,246441,1165,2394,112100
103,69,63,246376,1167,2457,124500
104,84,61,246291,1191,2518,106400
105,83,69,246208,1205,2587,127400
106,87,43,246123,1247,2630,118200
107,77,70,246040,1260,2700,122800
108,69,55,245974,1271,2755,106500
109,77,66,245895,1284,2821,114600
110,87,68,245807,1304,2889,124400
111,96,57,245717,1337,2946,122700
112,87,70,245624,1360,3016,120400
113,87,51,245541,1392,3067,130800
114,85,87,245457,1389,3154,144300
115,76,72,245375,1399,3226,118900
116,86,66,245293,1415,3292,117400
117,88,75,245206,1427,3367,116800
118,77,88,245128,1417,3455,125300
119,95,73,245035,1437,3528,112900
120,90,79,244942,1451,3607,113000
121,98,65,244847,1481,3672,134000
122,102,74,244744,1510,3746,127400
123,91,82,244654,1518,3828,133100
124,105,74,244547,1551,3902,143700
125,96,68,244453,1577,3970,125700
126,96,87,244354,1589,4057,217900
127,92,70,244264,1609,4127,129500
128,92,84,244171,1618,4211,137900
129,103,90,244067,1632,4301,116000
130,86,92,243978,1629,4393,99300
131,102,100,243880,1627,4493,122600
132,93,93,243785,1629,4586,125900
133,87,75,243700,1639,4661,126100
134,108,86,243593,1660,4747,121600
135,103,83,243493,1677,4830,118000
136,118,76,243368,1726,4906,108100
137,78,98,243293,1703,5004,118300
138,97,78,243199,1719,5082,117600
139,104,85,243091,1742,5167,122100
140,111,77,242987,1769,5244,118500
141,93,108,242888,1760,5352,142300
142,105,82,242783,1783,5434,140100
143,91,88,242688,1790,5522,125600
144,110,87,242582,1809,5609,127400
145,109,97,242477,1817,5706,117900
146,107,109,242367,1818,5815,120000
147,120,96,242248,1841,5911,139600
148,107,87,242145,1857,5998,127800
149,113,84,242028,1890,6082,135500
150,112,100,241912,1906,6182,127100
151,117,113,241796,1909,6295,137300
152,111,93,241687,1925,6388,122500
153,127,103,241563,1946,6491,132500
154,103,87,241462,1960,6578,128900
155,127,107,241333,1982,6685,164700
156,107,119,241222,1974,6804,118400
157,115,101,241112,1983,6905,135400
158,103,118,241011,1966,7023,121200
159,96,117,240906,1954,7140,130500
160,124,107,240785,1968,7247,139900
161,102,121,240686,1946,7368,121200
162,111,92,240574,1966,7460,133100
163,100,93,240476,1971,7553,134000
164,105,108,240367,1972,7661,133600
165,105,119,240267,1953,7780,136000
166,123,116,240140,1964,7896,130700
167,100,112,240037,1955,8008,128200
168,119,104,239923,1965,8112,154300
169,109,99,239815,1974,8211,137700
170,127,125,239684,1980,8336,136300
171,123,114,239564,1986,8450,141200
172,106,97,239456,1997,8547,138600
173,129,108,239331,2014,8655,157900
174,116,117,239210,2018,8772,155700
175,117,116,239094,2018,8888,120800
176,137,87,238957,2068,8975,125800
177,118,106,238844,2075,9081,131400
178,122,97,238721,2101,9178,135200
179,145,93,238575,2154,9271,132700
180,123,121,238450,2158,9392,130500
181,139,89,238309,2210,9481,136500
182,150,105,238159,2255,9586,145900
183,106,127,238054,2233,9713,279200
184,124,94,237934,2259,9807,121300
185,117,119,237814,2260,9926,122100
186,129,91,237686,2297,10017,100200
187,130,120,237555,2308,10137,219200
188,151,114,237405,2344,10251,130000
189,160,125,237245,2379,10376,113300
190,129,117,237112,2395,10493,117000
191,135,126,236980,2401,10619,119000
192,146,105,236834,2442,10724,124500
193,168,131,236669,2476,10855,154400
194,153,117,236515,2513,10972,238200
195,166,144,236347,2537,11116,132900
196,160,127,236186,2571,11243,129700
197,145,131,236044,2582,11374,125200
198,126,128,235918,2580,11502,128400
199,161,118,235760,2620,11620,133800
200,152,138,235606,2636,11758,112300
201,166,147,235442,2653,11905,114800
202,140,132,235301,2662,12037,118300
203,161,137,235139,2687,12174,129400
204,168,143,234971,2712,12317,117700
205,150,134,234819,2730,12451,131600
206,154,138,234668,2743,12589,140000
207,162,117,234501,2793,12706,134500
208,151,135,234351,2808,12841,128500
209,163,139,234190,2830,12980,132700
210,156,139,234034,2847,13119,122700
211,151,139,233884,2858,13258,134900
212,167,147,233718,2877,13405,142200
213,183,160,233528,2907,13565,133900
214,162,152,233371,2912,13717,282400
215,187,157,233188,2938,13874,149900
216,171,153,233021,2952,14027,132100
217,187,160,232831,2982,14187,144500
218,203,168,232619,3026,14355,147400
219,193,146,232432,3067,14501,152600
220,181,183,232247,3069,14684,129700
221,178,169,232070,3077,14853,128200
222,165,159,231906,3082,15012,139000
223,157,170,231749,3069,15182,139000
224,187,165,231564,3089,15347,126600
225,169,152,231394,3107,15499,133500
226,179,164,231216,3121,15663,142300
227,188,166,231027,3144,15829,139500
228,151,156,230870,3145,15985,132000
229,142,148,230738,3129,16133,132000
230,165,173,230567,3127,16306,135100
231,164,164,230406,3124,16470,141500
232,161,152,230237,3141,16622,150600
233,192,141,230051,3186,16763,132800
234,164,158,229891,3188,16921,132400
235,161,173,229724,3182,17094,138400
236,141,167,229584,3155,17261,124100
237,198,175,229384,3180,17436,137300
238,140,158,229243,3163,17594,139700
239,162,153,229083,3170,17747,153700
240,155,177,228924,3152,17924,148500
241,183,155,228746,3175,18079,176300
242,156,158,228595,3168,18237,144700
243,170,182,228423,3158,18419,148900
244,173,162,228245,3174,18581,148000
245,161,162,228087,3170,18743,172500
246,192,175,227898,3184,18918,138000
247,176,164,227716,3202,19082,134900
248,151,156,227567,3195,19238,129300
249,162,163,227408,3191,19401,138000
250,169,154,227237,3208,19555,147500
251,157,176,227083,3186,19731,134800
252,178,159,226903,3207,19890,136800
253,166,159,226735,3216,20049,123200
254,159,164,226572,3215,20213,141500
255,150,175,226425,3187,20388,140100
256,189,172,226237,3203,20560,154400
257,170,169,226072,3199,20729,129900
258,182,160,225888,3223,20889,150200
259,185,166,225700,3245,21055,144700
260,167,182,225536,3227,21237,137600
261,174,166,225367,3230,21403,124100
262,159,179,225200,3218,21582,223300
263,165,158,225037,3223,21740,161000
264,135,159,224900,3201,21899,184500
265,181,164,224721,3216,22063,146100
266,163,177,224553,3207,22240,153800
267,159,157,224402,3201,22397,137400
268,165,191,224233,3179,22588,145700
269,147,167,224084,3161,22755,128900
270,166,189,223917,3139,22944,151300
271,154,172,223764,3120,23116,139900
272,158,164,223608,3112,23280,116700
273,179,170,223428,3122,23450,126900
274,150,161,223280,3109,23611,124200
275,144,173,223131,3085,23784,143900
276,160,152,222969,3095,23936,127000
277,151,156,222827,3081,24092,142500
278,144,150,222677,3081,24242,134100
279,140,186,222537,3035,24428,131900
280,156,162,222379,3031,24590,128100
281,160,147,222224,3039,24737,144000
282,138,148,222080,3035,24885,129600
283,148,161,221936,3018,25046,147400
284,169,138,221763,3053,25184,139000
285,160,152,221604,3060,25336,132700
286,161,151,221448,3065,25487,127200
287,167,155,221280,3078,25642,143800
288,156,168,221122,3068,25810,131900
289,172,174,220955,3061,25984,137400
290,173,171,220783,3062,26155,138300
291,180,164,220602,3079,26319,143100
292,146,158,220454,3069,26477,143200
293,161,142,220292,3089,26619,136000
294,146,171,220145,3065,26790,155200
295,166,168,219980,3062,26958,135800
296,151,183,219827,3032,27141,124700
297,152,136,219676,3047,27277,147700
298,177,180,219505,3038,27457,130800
299,143,164,219352,3027,27621,165000
300,146,156,219213,3010,27777,138800
301,173,180,219033,3010,27957,123500
302,146,161,218890,2992,28118,129300
303,159,148,218731,3003,28266,160700
304,169,160,218561,3013,28426,152200
305,165,138,218404,3032,28564,130900
306,186,160,218216,3060,28724,126000
307,157,149,218053,3074,28873,145000
308,173,162,217887,3078,29035,145800
309,160,151,217728,3086,29186,139400
310,151,151,217578,3085,29337,126700
311,149,183,217421,3059,29520,139900
312,188,141,217238,3101,29661,139000
313,175,163,217061,3115,29824,149900
314,166,156,216896,3124,29980,133200
315,153,158,216740,3122,30138,121200
316,137,144,216606,3112,30282,123400
317,175,159,216432,3127,30441,136300
318,172,149,216255,3155,30590,122300
319,168,183,216096,3131,30773,133300
320,171,157,215916,3154,30930,139500
321,143,145,215776,3149,31075,121400
322,155,165,215619,3141,31240,124900
323,166,153,215451,3156,31393,131400
324,167,159,215284,3164,31552,154700
325,154,155,215130,3163,31707,144000
326,176,165,214957,3171,31872,137300
327,179,154,214779,3195,32026,119700
328,160,172,214620,3182,32198,136700
329,171,188,214449,3165,32386,128800
330,159,162,214285,3167,32548,148300
331,183,199,214105,3148,32747,132100
332,172,157,213929,3167,32904,130500
333,155,152,213773,3171,33056,146000
334,176,158,213606,3180,33214,139100
335,162,155,213446,3185,33369,125500
336,174,178,213269,3184,33547,122500
337,179,166,213092,3195,33713,123300
338,141,148,212946,3193,33861,133800
339,180,145,212766,3228,34006,132700
340,180,159,212583,3252,34165,131800
341,180,153,212415,3267,34318,154100
342,173,177,212239,3266,34495,134000
343,164,177,212073,3255,34672,128900
344,177,164,211892,3272,34836,130900
345,166,178,211727,3259,35014,151600
346,167,178,211558,3250,35192,127000
347,157,159,211401,3248,35351,142800
348,165,163,211238,3248,35514,118500
349,186,168,211055,3263,35682,144000
350,155,171,210895,3252,35853,140000
351,183,159,210721,3267,36012,131100
352,172,164,210541,3283,36176,133000
353,171,189,210370,3265,36365,135100
354,142,176,210225,3234,36541,137400
355,192,162,210038,3259,36703,133800
356,175,166,209865,3266,36869,128200
357,162,140,209699,3292,37009,140600
358,164,167,209536,3288,37176,130100
359,188,170,209348,3306,37346,137100
360,164,170,209187,3297,37516,133200
361,170,154,209014,3316,37670,132600
362,162,189,208854,3287,37859,138600
363,175,204,208675,3262,38063,151700
364,189,177,208486,3274,38240,128900
365,174,162,208312,3286,38402,118100
366,188,176,208127,3295,38578,133400
367,158,168,207970,3284,38746,136000
368,196,170,207772,3312,38916,138300
369,186,167,207581,3336,39083,127500
370,185,152,207398,3367,39235,139700
371,166,178,207239,3348,39413,131800
372,183,168,207055,3364,39581,121400
373,152,176,206897,3346,39757,135900
374,208,171,206698,3374,39928,140800
375,181,177,206508,3387,40105,147300
376,184,161,206324,3410,40266,142900
377,183,162,206149,3423,40428,129100
378,192,181,205953,3438,40609,133800
379,171,188,205778,3425,40797,140700
380,178,179,205603,3421,40976,121000
381,175,189,205425,3410,41165,140600
382,162,180,205269,3386,41345,134000
383,186,189,205086,3380,41534,139400
384,158,159,204920,3387,41693,136200
385,151,169,204766,3372,41862,148500
386,162,172,204607,3359,42034,148900
387,151,180,204454,3332,42214,138700
388,190,169,204269,3348,42383,127700
389,198,167,204065,3385,42550,132800
390,176,203,203899,3348,42753,124100
391,202,170,203690,3387,42923,130400
392,207,190,203484,3403,43113,132500
393,184,179,203302,3406,43292,134500
394,179,185,203120,3403,43477,125400
395,183,175,202938,3410,43652,134900
396,180,175,202760,3413,43827,135500
397,182,160,202576,3437,43987,174600
398,191,179,202383,3451,44166,149800
399,192,183,202197,3454,44349,145700
400,195,165,202006,3480,44514,147500
401,182,170,201817,3499,44684,138600
402,186,187,201634,3495,44871,140400
403,214,197,201415,3517,45068,142900
404,195,173,201234,3525,45241,141500
405,182,200,201038,3521,45441,135300
406,195,164,200849,3546,45605,135700
407,194,170,200649,3576,45775,144900
408,204,176,200456,3593,45951,131800
409,155,194,200296,3559,46145,173100
410,156,203,200139,3513,46348,144500
411,162,168,199979,3505,46516,143300
412,209,152,199760,3572,46668,141100
413,183,198,199580,3554,46866,148300
414,212,195,199374,3565,47061,151200
415,190,190,199178,3571,47251,125100
416,215,195,198964,3590,47446,152000
417,187,181,198784,3589,47627,146800
418,171,180,198607,3586,47807,164300
419,204,181,198405,3607,47988,150700
420,192,190,198213,3609,48178,122200
421,187,181,198026,3615,48359,131600
422,199,188,197830,3623,48547,144200
423,197,197,197631,3625,48744,145200
424,190,156,197436,3664,48900,141900
425,201,216,197245,3639,49116,148200
426,180,189,197064,3631,49305,144300
427,201,189,196859,3647,49494,146900
428,178,184,196683,3639,49678,151400
429,204,183,196477,3662,49861,125700
430,201,165,196277,3697,50026,128600
431,175,165,196097,3712,50191,158500
432,175,200,195928,3681,50391,124300
433,213,217,195708,3684,50608,147800
434,188,182,195521,3689,50790,144200
435,187,196,195338,3676,50986,147300
436,205,172,195131,3711,51158,136500
437,200,201,194929,3712,51359,141500
438,193,179,194744,3718,51538,142400
439,196,194,194540,3728,51732,135500
440,201,198,194339,3731,51930,139300
441,192,202,194143,3725,52132,143200
442,209,202,193945,3721,52334,255800
443,202,159,193739,3768,52493,143700
444,225,222,193519,3766,52715,144600
445,211,210,193302,3773,52925,141700
446,241,191,193064,3820,53116,134200
447,222,177,192835,3872,53293,142800
448,221,191,192618,3898,53484,153300
449,220,205,192398,3913,53689,135000
450,232,213,192170,3928,53902,127400
451,195,194,191969,3935,54096,130100
452,200,202,191777,3925,54298,147600
453,201,227,191574,3901,54525,142500
454,231,210,191348,3917,54735,144000
455,218,215,191126,3924,54950,139100
456,204,196,190926,3928,55146,126700
457,224,200,190696,3958,55346,129400
458,193,205,190497,3952,55551,129600
459,202,155,190303,3991,55706,137500
460,204,196,190094,4004,55902,123600
461,211,198,189889,4011,56100,136300
462,199,242,189684,3974,56342,129400
463,203,211,189486,3961,56553,121100
464,223,236,189259,3952,56789,135100
465,224,218,189030,3963,57007,124400
466,182,177,188857,3959,57184,127100
467,219,179,188639,3998,57363,131700
468,209,197,188424,4016,57560,138700
469,213,197,188207,4036,57757,129600
470,233,209,187980,4054,57966,142900
471,216,212,187765,4057,58178,122800
472,204,225,187555,4042,58403,132400
473,189,193,187368,4036,58596,148400
474,199,199,187172,4033,58795,138600
475,227,192,186940,4073,58987,132300
476,211,193,186737,4083,59180,222000
477,203,200,186530,4090,59380,137800
478,204,221,186329,4070,59601,151300
479,205,210,186118,4071,59811,131800
480,217,193,185904,4092,60004,135400
481,214,210,185686,4100,60214,131600
482,181,216,185513,4057,60430,116100
483,222,222,185280,4068,60652,123400
484,205,210,185084,4054,60862,146800
485,232,199,184851,4088,61061,126500
486,208,228,184644,4067,61289,123300
487,232,232,184410,4069,61521,232400
488,213,212,184203,4064,61733,127100
489,219,238,183973,4056,61971,126500
490,216,232,183767,4030,62203,140500
491,201,211,183562,4024,62414,130600
492,199,200,183357,4029,62614,119600
493,202,215,183159,4012,62829,162300
494,213,219,182942,4010,63048,159000
495,197,190,182749,4013,63238,346500
496,215,208,182537,4017,63446,152300
497,218,201,182320,4033,63647,163800
498,204,208,182116,4029,63855,140500
499,186,213,181926,4006,64068,129400
500,208,208,181717,4007,64276,137000
501,213,191,181504,4029,64467,140800
502,198,208,181303,4022,64675,134600
503,211,195,181094,4036,64870,140200
504,213,195,180885,4050,65065,139700
505,202,195,180682,4058,65260,116900
506,221,206,180461,4073,65466,144000
507,217,207,180242,4085,65673,129900
508,186,234,180054,4039,65907,135100
509,212,241,179842,4010,66148,129700
510,204,228,179650,3974,66376,146000
511,194,238,179443,3943,66614,148500
512,180,217,179265,3904,66831,140400
513,213,209,179045,3915,67040,126200
514,175,198,178878,3884,67238,133300
515,175,223,178702,3837,67461,133600
516,195,208,178517,3814,67669,132200
517,173,187,178331,3813,67856,144200
518,176,209,178161,3774,68065,127500
519,202,157,177964,3814,68222,145100
520,184,201,177776,3801,68423,134700
521,176,181,177597,3799,68604,142900
522,193,204,177410,3782,68808,149300
523,192,181,177219,3792,68989,135500
524,195,176,177011,3824,69165,116600
525,198,190,176825,3820,69355,121000
526,194,211,176630,3804,69566,124700
527,209,209,176420,3805,69775,138900
528,207,186,176211,3828,69961,146900
529,222,201,175987,3851,70162,145500
530,198,215,175784,3839,70377,136400
531,221,201,175571,3851,70578,127300
532,189,178,175381,3863,70756,146300
533,201,195,175182,3867,70951,135800
534,236,193,174945,3911,71144,131900
535,200,210,174740,3906,71354,154300
536,187,189,174562,3895,71543,139200
537,178,203,174378,3876,71746,140000
538,198,201,174180,3873,71947,143700
539,193,204,173984,3865,72151,152400
540,215,219,173770,3860,72370,134600
541,185,203,173588,3839,72573,154200
542,179,182,173407,3838,72755,135300
543,178,193,173228,3824,72948,128300
544,202,184,173029,3839,73132,134900
545,159,199,172867,3802,73331,111900
546,191,192,172672,3805,73523,137500
547,196,216,172480,3781,73739,143500
548,192,187,172290,3784,73926,141000
549,195,206,172090,3778,74132,141600
550,177,191,171917,3760,74323,130000
551,215,220,171705,3752,74543,128400
552,191,188,171508,3761,74731,118600
553,188,180,171319,3770,74911,126400
554,175,196,171148,3745,75107,134100
555,211,213,170937,3743,75320,149200
556,169,194,170766,3720,75514,142800
557,181,208,170589,3689,75722,152100
558,189,190,170398,3690,75912,151800
559,174,210,170225,3653,76122,128900
560,165,179,170059,3640,76301,130600
561,166,195,169892,3612,76496,127800
562,184,231,169711,3562,76727,150000
563,188,197,169522,3554,76924,142600
564,181,172,169345,3559,77096,139600
565,180,210,169159,3535,77306,126100
566,181,187,168981,3526,77493,126800
567,187,165,168793,3549,77658,140000
568,189,170,168603,3569,77828,148900
569,192,186,168417,3569,78014,139200
570,196,182,168214,3590,78196,245100
571,172,174,168043,3587,78370,142300
572,160,180,167883,3567,78550,140500
573,180,187,167704,3559,78737,147500
574,192,222,167515,3526,78959,124000
575,198,184,167316,3541,79143,136300
576,180,159,167140,3558,79302,122500
577,192,176,166947,3575,79478,126800
578,163,195,166782,3545,79673,131500
579,176,173,166605,3549,79846,236100
580,178,203,166423,3528,80049,123600
581,169,182,166254,3515,80231,125000
582,197,190,166061,3518,80421,140200
583,191,162,165872,3545,80583,137800
584,208,200,165661,3556,80783,190100
585,168,178,165489,3550,80961,126400
586,185,180,165308,3551,81141,136300
587,191,171,165118,3570,81312,135400
588,203,190,164914,3584,81502,132200
589,160,170,164752,3576,81672,128000
590,179,175,164576,3577,81847,137200
591,225,182,164347,3624,82029,124400
592,174,183,164175,3613,82212,126300
593,185,193,163993,3602,82405,140900
594,182,177,163803,3615,82582,268800
595,177,174,163632,3612,82756,267400
596,199,168,163436,3640,82924,191700
597,213,204,163222,3650,83128,300200
598,220,169,162999,3704,83297,185800
599,203,189,162801,3713,83486,152100
600,208,186,162589,3739,83672,160200
601,205,189,162389,3750,83861,147200
602,185,175,162198,3766,84036,152400
603,197,186,162009,3769,84222,129400
604,183,192,161820,3766,84414,128800
605,210,200,161612,3774,84614,130300
606,231,196,161377,3813,84810,164600
607,188,195,161189,3806,85005,140000
608,222,194,160968,3833,85199,141400
609,198,174,160773,3854,85373,120100
610,193,179,160573,3875,85552,134400
611,202,175,160374,3899,85727,179800
612,208,202,160171,3900,85929,147900
613,189,233,159975,3863,86162,136000
614,176,185,159800,3853,86347,124400
615,181,181,159617,3855,86528,142400
616,182,202,159439,3831,86730,137800
617,202,220,159240,3810,86950,129200
618,209,187,159032,3831,87137,130300
619,220,189,158804,3870,87326,127000
620,208,191,158599,3884,87517,143000
621,187,208,158408,3867,87725,138200
622,183,191,158228,3856,87916,141700
623,194,190,158035,3859,88106,124600
624,207,178,157830,3886,88284,138500
625,212,208,157619,3889,88492,142200
626,206,208,157414,3886,88700,136300
627,221,202,157189,3909,88902,146500
628,201,189,156991,3918,89091,127500
629,221,207,156766,3936,89298,140900
630,176,207,156587,3908,89505,150200
631,204,195,156381,3919,89700,123500
632,226,195,156162,3943,89895,136000
633,210,202,155950,3953,90097,132500
634,223,198,155737,3968,90295,134100
635,204,225,155523,3957,90520,147600
636,222,197,155311,3972,90717,149100
637,210,194,155094,3995,90911,150800
638,184,198,154908,3983,91109,130200
639,202,196,154708,3987,91305,142500
640,209,173,154501,4021,91478,145500
641,202,192,154293,4037,91670,158300
642,203,222,154093,4015,91892,155500
643,198,226,153893,3989,92118,150000
644,203,227,153695,3960,92345,145300
645,210,199,153483,3973,92544,128000
646,186,217,153301,3938,92761,134300
647,196,206,153099,3934,92967,214700
648,213,215,152890,3928,93182,146300
649,207,204,152683,3931,93386,149800
650,216,193,152462,3959,93579,139800
651,231,223,152240,3958,93802,140900
652,229,192,152009,3997,93994,146600
653,217,197,151791,4018,94191,137600
654,228,200,151557,4052,94391,140800
655,223,220,151338,4051,94611,154100
656,233,200,151105,4084,94811,142700
657,252,225,150853,4111,95036,136700
658,213,213,150639,4112,95249,137300
659,219,218,150419,4114,95467,146400
660,221,199,150196,4138,95666,140600
661,219,235,149976,4123,95901,143200
662,202,201,149778,4120,96102,133100
663,223,218,149558,4122,96320,149200
664,212,204,149339,4137,96524,130700
665,203,195,149146,4135,96719,114900
666,218,198,148921,4162,96917,240900
667,229,218,148693,4172,97135,129000
668,197,206,148493,4166,97341,132200
669,226,207,148267,4185,97548,145000
670,235,204,148031,4217,97752,141400
671,217,224,147818,4206,97976,140700
672,215,225,147607,4192,98201,128000
673,219,220,147379,4200,98421,127700
674,231,231,147156,4192,98652,146300
675,206,193,146947,4208,98845,150700
676,200,222,146750,4183,99067,154300
677,219,196,146529,4208,99263,128100
678,194,206,146335,4196,99469,142800
679,189,186,146145,4200,99655,138100
680,191,209,145950,4186,99864,145200
681,197,215,145758,4163,100079,147100
682,210,213,145548,4160,100292,131300
683,208,211,145340,4157,100503,140700
684,207,202,145133,4162,100705,144400
685,175,199,144960,4136,100904,143600
686,193,211,144766,4119,101115,134800
687,185,242,144576,4067,101357,137800
688,190,210,144387,4046,101567,151300
689,184,206,144201,4026,101773,142200
690,205,235,143997,3995,102008,135500
691,203,202,143795,3995,102210,142300
692,211,211,143582,3997,102421,145800
693,164,219,143419,3941,102640,143900
694,209,184,143215,3961,102824,131400
695,198,183,143014,3979,103007,133600
696,201,179,142810,4004,103186,148400
697,192,229,142626,3959,103415,128700
698,176,214,142450,3921,103629,154500
699,201,187,142242,3942,103816,150500
700,183,217,142061,3906,104033,130700
701,193,204,141865,3898,104237,132400
702,220,210,141644,3909,104447,136400
703,195,208,141459,3886,104655,129200
704,213,178,141239,3928,104833,147900
705,213,200,141032,3935,105033,145000
706,233,207,140796,3964,105240,129200
707,205,223,140590,3947,105463,152400
708,236,198,140354,3985,105661,135800
709,208,199,140150,3990,105860,141600
710,190,194,139956,3990,106054,122800
711,201,205,139754,3987,106259,127800
712,200,230,139551,3960,106489,121000
713,230,184,139330,3997,106673,133300
714,208,197,139118,4012,106870,146900
715,208,188,138909,4033,107058,141600
716,214,214,138696,4032,107272,181000
717,189,195,138507,4026,107467,133500
718,203,201,138306,4026,107668,758400
719,198,213,138107,4012,107881,153300
720,195,200,137906,4013,108081,522700
721,186,203,137721,3995,108284,286400
722,194,212,137527,3977,108496,141100
723,206,191,137325,3988,108687,141600
724,201,224,137127,3962,108911,137100
725,208,220,136914,3955,109131,123400
726,203,189,136708,3972,109320,134200
727,183,211,136531,3938,109531,127800
728,211,209,136317,3943,109740,145900
729,180,227,136133,3900,109967,133100
730,205,228,135930,3875,110195,124200
731,215,213,135719,3873,110408,139300
732,194,222,135522,3848,110630,124900
733,199,226,135324,3820,110856,128200
734,227,193,135097,3854,111049,144800
735,185,205,134914,3832,111254,116600
736,204,218,134712,3816,111472,115100
737,230,181,134481,3866,111653,121100
738,217,205,134258,3884,111858,132200
739,208,180,134052,3910,112038,131900
740,247,206,133805,3951,112244,132700
741,210,213,133596,3947,112457,123700
742,199,196,133398,3949,112653,140000
743,177,185,133225,3937,112838,129000
744,228,219,132994,3949,113057,128300
745,244,215,132750,3978,113272,137000
746,271,211,132482,4035,113483,123300
747,251,191,132222,4104,113674,136500
748,247,212,131985,4129,113886,161000
749,225,213,131765,4136,114099,129400
750,245,218,131509,4174,114317,124500
751,232,216,131277,4190,114533,130500
752,210,217,131064,4186,114750,141800
753,220,221,130855,4174,114971,117400
754,225,212,130624,4193,115183,133600
755,258,234,130366,4217,115417,126000
756,212,221,130155,4207,115638,123500
757,238,237,129917,4208,115875,146700
758,263,202,129656,4267,116077,126700
759,225,232,129426,4265,116309,125600
760,226,237,129198,4256,116546,135300
761,187,205,129017,4232,116751,113300
762,231,214,128790,4245,116965,134000
763,205,215,128574,4246,117180,132200
764,172,230,128406,4184,117410,140200
765,224,206,128183,4201,117616,134200
766,205,195,127978,4211,117811,136100
767,219,216,127755,4218,118027,131600
768,193,205,127563,4205,118232,120800
769,199,217,127359,4192,118449,127600
770,217,208,127149,4194,118657,138800
771,206,207,126939,4197,118864,138400
772,201,240,126735,4161,119104,133900
773,177,228,126562,4106,119332,132000
774,213,215,126353,4100,119547,126400
775,229,200,126129,4124,119747,127500
776,217,216,125907,4130,119963,135500
777,231,199,125675,4163,120162,126300
778,213,210,125467,4161,120372,131800
779,221,221,125242,4165,120593,125700
780,243,211,124996,4200,120804,132600
781,206,242,124794,4160,121046,138900
782,181,229,124607,4118,121275,129800
783,216,208,124396,4121,121483,132200
784,259,228,124142,4147,121711,127800
785,221,214,123912,4163,121925,138900
786,233,205,123696,4174,122130,145900
787,221,234,123455,4181,122364,124900
788,220,234,123245,4157,122598,134100
789,222,229,123012,4161,122827,152700
790,216,217,122804,4152,123044,135500
791,222,208,122583,4165,123252,143900
792,192,224,122380,4144,123476,135600
793,205,232,122180,4112,123708,140200
794,205,187,121979,4126,123895,129200
795,224,205,121750,4150,124100,151500
796,199,248,121554,4098,124348,153500
797,188,216,121368,4068,124564,139600
798,209,209,121155,4072,124773,123100
799,210,219,120946,4062,124992,139900
800,210,193,120740,4075,125185,127000
801,232,198,120503,4114,125383,133600
802,201,201,120302,4114,125584,129700
803,192,221,120113,4082,125805,136100
804,201,207,119917,4071,126012,145100
805,208,205,119704,4079,126217,124500
806,196,214,119512,4057,126431,142800
807,196,199,119313,4057,126630,135600
808,177,220,119129,4021,126850,135900
809,239,202,118902,4046,127052,121100
810,240,193,118656,4099,127245,144900
811,212,217,118446,4092,127462,131200
812,215,219,118231,4088,127681,126100
813,201,207,118028,4084,127888,143800
814,233,192,117792,4128,128080,125700
815,232,213,117566,4141,128293,140500
816,235,199,117329,4179,128492,145500
817,205,209,117122,4177,128701,135000
818,244,191,116882,4226,128892,129700
819,216,232,116663,4213,129124,125400
820,236,212,116425,4239,129336,135800
821,196,213,116233,4218,129549,136700
822,240,214,116000,4237,129763,133700
823,235,217,115756,4264,129980,126400
824,211,224,115549,4247,130204,121200
825,218,215,115326,4255,130419,140300
826,237,230,115089,4262,130649,139800
827,199,203,114893,4255,130852,132300
828,212,206,114675,4267,131058,148700
829,240,227,114443,4272,131285,110000
830,241,214,114202,4299,131499,136500
831,219,236,113981,4284,131735,143800
832,219,252,113764,4249,131987,136500
833,234,219,113528,4266,132206,146100
834,228,190,113296,4308,132396,129900
835,214,219,113083,4302,132615,128500
836,224,233,112863,4289,132848,132200
837,210,225,112651,4276,133073,153700
838,230,200,112421,4306,133273,145500
839,188,216,112232,4279,133489,152500
840,234,229,111999,4283,133718,133300
841,210,220,111789,4273,133938,159900
842,226,225,111565,4272,134163,147800
843,215,214,111346,4277,134377,129400
844,207,194,111143,4286,134571,130900
845,220,205,110924,4300,134776,134500
846,233,216,110695,4313,134992,130200
847,238,196,110451,4361,135188,152800
848,214,242,110234,4336,135430,145900
849,231,258,110006,4306,135688,145400
850,211,218,109794,4300,135906,140600
851,212,212,109579,4303,136118,164000
852,208,220,109371,4291,136338,129000
853,231,216,109144,4302,136554,127600
854,210,220,108929,4297,136774,147100
855,227,220,108709,4297,136994,140100
856,219,219,108490,4297,137213,151000
857,202,221,108289,4277,137434,143200
858,198,231,108085,4250,137665,134800
859,227,226,107858,4251,137891,142900
860,220,221,107638,4250,138112,120600
861,215,194,107422,4272,138306,126400
862,210,235,107211,4248,138541,133100
863,236,213,106975,4271,138754,140600
864,222,204,106755,4287,138958,149100
865,219,203,106532,4307,139161,137400
866,229,246,106304,4289,139407,124200
867,245,244,106065,4284,139651,127500
868,222,212,105845,4292,139863,134800
869,260,250,105578,4309,140113,125100
870,223,226,105360,4301,140339,134200
871,231,231,105134,4296,140570,124000
872,250,237,104878,4315,140807,135400
873,225,240,104656,4297,141047,138000
874,232,244,104417,4292,141291,143100
875,233,207,104188,4314,141498,157200
876,266,214,103931,4357,141712,142500
877,229,237,103695,4356,141949,132500
878,254,223,103434,4394,142172,138600
879,226,239,103213,4376,142411,131800
880,248,223,102969,4397,142634,128000
881,231,228,102743,4395,142862,139600
882,221,209,102514,4415,143071,121800
883,235,220,102277,4432,143291,139600
884,225,209,102051,4449,143500,123500
885,217,229,101837,4434,143729,151900
886,215,250,101620,4401,143979,139600
887,195,187,101434,4400,144166,138900
888,215,222,101205,4407,144388,145500
889,203,222,101011,4379,144610,147300
890,225,248,100784,4358,144858,138600
891,198,205,100583,4354,145063,151400
892,210,219,100373,4345,145282,123800
893,214,225,100160,4333,145507,136800
894,228,203,99933,4357,145710,140800
895,196,221,99734,4335,145931,135800
896,230,218,99505,4346,146149,142700
897,225,227,99284,4340,146376,145000
898,209,217,99073,4334,146593,165400
899,231,231,98840,4336,146824,143600
900,238,247,98600,4329,147071,140800
901,203,247,98401,4281,147318,140700
902,241,215,98163,4304,147533,131500
903,205,222,97956,4289,147755,139500
904,210,200,97748,4297,147955,138500
905,219,202,97522,4321,148157,130700
906,230,234,97291,4318,148391,140100
907,211,222,97084,4303,148613,135000
908,185,224,96904,4259,148837,145800
909,206,221,96688,4254,149058,125500
910,205,205,96488,4249,149263,142100
911,225,239,96265,4233,149502,147500
912,191,189,96073,4236,149691,132600
913,232,214,95842,4253,149905,145400
914,211,246,95630,4219,150151,145100
915,235,231,95394,4224,150382,127000
916,198,231,95196,4191,150613,128700
917,225,194,94977,4216,150807,133100
918,203,227,94765,4201,151034,150100
919,224,220,94549,4197,151254,129200
920,219,203,94328,4215,151457,138800
921,215,234,94110,4199,151691,142300
922,219,196,93887,4226,151887,152000
923,219,223,93678,4212,152110,142900
924,203,226,93470,4194,152336,112600
925,186,222,93284,4158,152558,144500
926,219,208,93065,4169,152766,132300
927,228,188,92833,4213,152954,141300
928,217,223,92613,4210,153177,120200
929,194,217,92429,4177,153394,124600
930,228,209,92198,4199,153603,146500
931,214,192,91988,4217,153795,141100
932,191,194,91791,4220,153989,133500
933,207,216,91583,4212,154205,142300
934,221,223,91359,4213,154428,134700
935,213,228,91155,4189,154656,127900
936,230,209,90926,4209,154865,143500
937,201,192,90728,4215,155057,129700
938,230,233,90486,4224,155290,133000
939,171,203,90321,4186,155493,134000
940,229,219,90091,4197,155712,126800
941,247,200,89845,4243,155912,137300
942,217,214,89622,4252,156126,132500
943,220,246,89405,4223,156372,137300
944,187,218,89217,4193,156590,127400
945,219,200,89004,4206,156790,137300
946,184,212,88810,4188,157002,128000
947,221,233,88595,4170,157235,135800
948,199,232,88392,4141,157467,139100
949,207,201,88196,4136,157668,136200
950,172,224,88019,4089,157892,132200
951,175,207,87844,4057,158099,130100
952,214,206,87628,4067,158305,140300
953,218,202,87416,4077,158507,128500
954,222,208,87198,4087,158715,119600
955,208,220,86977,4088,158935,125900
956,215,213,86765,4087,159148,143300
957,217,214,86547,4091,159362,143900
958,219,212,86328,4098,159574,131600
959,211,199,86117,4110,159773,126400
960,197,225,85919,4083,159998,144000
961,213,223,85706,4073,160221,142500
962,235,203,85481,4095,160424,131100
963,203,213,85277,4086,160637,128100
964,228,222,85047,4094,160859,141800
965,215,209,84833,4099,161068,140600
966,229,207,84601,4124,161275,101800
967,200,214,84403,4108,161489,121800
968,207,218,84191,4102,161707,141800
969,194,199,84000,4094,161906,142500
970,230,209,83764,4121,162115,130200
971,228,230,83544,4111,162345,132800
972,232,208,83306,4141,162553,139900
973,215,205,83093,4149,162758,142800
974,220,190,82879,4173,162948,132000
975,229,217,82647,4188,163165,147400
976,231,209,82407,4219,163374,149000
977,223,214,82190,4222,163588,255700
978,206,225,81981,4206,163813,142000
979,213,253,81776,4158,164066,150400
980,207,207,81563,4164,164273,157500
981,198,228,81367,4132,164501,153400
982,188,190,81171,4138,164691,134700
983,193,201,80983,4125,164892,142500
984,206,204,80782,4122,165096,118600
985,205,225,80573,4106,165321,141900
986,200,213,80375,4091,165534,144700
987,197,202,80178,4086,165736,143000
988,226,221,79952,4091,165957,131800
989,213,221,79739,4083,166178,136800
990,214,232,79530,4060,166410,157200
991,196,203,79322,4065,166613,122300
992,201,201,79123,4063,166814,142500
993,190,223,78939,4024,167037,127200
994,216,209,78727,4027,167246,140000
995,181,222,78541,3991,167468,141300
996,225,214,78317,4001,167682,146400
997,197,210,78114,3994,167892,128600
998,192,194,77922,3992,168086,140400
999,212,204,77712,3998,168290,146200
1000,201,222,77512,3976,168512,137300
1001,205,216,77305,3967,168728,143900
1002,192,200,77111,3961,168928,141100
1003,184,179,76929,3964,169107,135200
1004,171,201,76760,3932,169308,129500
1005,181,219,76575,3898,169527,137300
1006,174,207,76404,3862,169734,153800
1007,217,193,76188,3885,169927,132000
1008,197,205,75997,3871,170132,135800
1009,227,224,75762,3882,170356,271200
1010,197,187,75570,3887,170543,150300
1011,182,192,75389,3876,170735,136000
1012,189,219,75196,3850,170954,144000
1013,173,210,75025,3811,171164,129900
1014,182,207,74842,3787,171371,130200
1015,181,201,74660,3768,171572,144100
1016,184,175,74471,3782,171747,134100
1017,215,208,74267,3778,171955,133800
1018,190,193,74077,3775,172148,142300
1019,196,190,73878,3784,172338,146500
1020,207,188,73670,3804,172526,159600
1021,204,195,73474,3805,172721,125100
1022,182,190,73283,3806,172911,118200
1023,210,186,73074,3829,173097,122900
1024,206,206,72872,3825,173303,133200
1025,212,214,72651,3832,173517,129800
1026,189,200,72464,3819,173717,159600
1027,192,199,72269,3815,173916,149100
1028,219,188,72059,3837,174104,132500
1029,189,191,71865,3840,174295,134600
1030,205,190,71660,3855,174485,115200
1031,178,173,71482,3860,174658,145900
1032,193,216,71288,3838,174874,145600
1033,191,175,71098,3853,175049,131400
1034,201,211,70895,3845,175260,141700
1035,228,204,70677,3859,175464,134500
1036,216,216,70449,3871,175680,132200
1037,224,222,70235,3863,175902,194400
1038,194,181,70033,3884,176083,159000
1039,223,189,69814,3914,176272,131200
1040,231,205,69584,3939,176477,139400
1041,195,206,69387,3930,176683,142000
1042,195,214,69192,3911,176897,150700
1043,215,223,68978,3902,177120,140900
1044,184,216,68799,3865,177336,159400
1045,191,198,68598,3868,177534,168300
1046,180,227,68428,3811,177761,146800
1047,206,206,68212,3821,177967,140200
1048,188,183,68024,3826,178150,124700
1049,209,185,67824,3841,178335,133100
1050,201,204,67627,3834,178539,225100
1051,193,212,67429,3820,178751,135500
1052,182,177,67243,3829,178928,152100
1053,225,191,67020,3861,179119,132100
1054,222,214,66798,3869,179333,144700
1055,198,196,66593,3878,179529,150800
1056,199,213,66394,3864,179742,152200
1057,192,193,66203,3862,179935,144200
1058,194,177,66011,3877,180112,142000
1059,172,191,65838,3859,180303,141100
1060,163,177,65673,3847,180480,137100
1061,181,190,65500,3830,180670,139500
1062,199,185,65301,3844,180855,127600
1063,163,196,65135,3814,181051,142700
1064,190,219,64949,3781,181270,142700
1065,184,194,64762,3774,181464,137500
1066,197,206,64563,3767,181670,146900
1067,189,182,64376,3772,181852,148100
1068,199,206,64173,3769,182058,133300
1069,186,202,63986,3754,182260,148400
1070,182,167,63808,3765,182427,139900
1071,188,223,63618,3732,182650,138400
1072,188,201,63435,3714,182851,136600
1073,199,175,63229,3745,183026,146200
1074,178,187,63051,3736,183213,133200
1075,184,180,62866,3741,183393,124500
1076,169,175,62696,3736,183568,144000
1077,170,218,62535,3679,183786,143100
1078,170,189,62357,3668,183975,141100
1079,200,190,62162,3673,184165,116000
1080,192,194,61970,3671,184359,131800
1081,169,176,61797,3668,184535,140600
1082,184,186,61615,3664,184721,129800
1083,175,179,61435,3665,184900,132500
1084,183,159,61254,3687,185059,143900
1085,163,173,61088,3680,185232,143100
1086,165,201,60927,3640,185433,153300
1087,165,190,60762,3615,185623,148400
1088,177,183,60588,3606,185806,130500
1089,169,192,60417,3585,185998,133900
1090,189,161,60229,3612,186159,136600
1091,182,163,60048,3630,186322,163200
1092,186,184,59859,3635,186506,129800
1093,180,209,59683,3602,186715,150700
1094,169,164,59514,3607,186879,136500
1095,188,179,59326,3616,187058,141700
1096,154,187,59171,3584,187245,158100
1097,184,205,58986,3564,187450,147600
1098,184,164,58808,3578,187614,150200
1099,187,180,58617,3589,187794,154200
1100,163,192,58450,3564,187986,137300
1101,175,187,58276,3551,188173,141600
1102,167,213,58108,3506,188386,126000
1103,171,172,57939,3503,188558,138200
1104,182,189,57757,3496,188747,134200
1105,170,185,57581,3487,188932,148500
1106,187,171,57398,3499,189103,142900
1107,181,173,57219,3505,189276,131800
1108,178,154,57043,3527,189430,153300
1109,168,169,56873,3528,189599,131500
1110,177,201,56694,3506,189800,176100
1111,175,176,56523,3501,189976,157800
1112,167,168,56357,3499,190144,142700
1113,179,173,56172,3511,190317,144000
1114,164,190,56014,3479,190507,127300
1115,186,167,55826,3500,190674,274300
1116,161,186,55660,3480,190860,182300
1117,189,185,55479,3476,191045,136400
1118,210,182,55263,3510,191227,138700
1119,163,192,55104,3477,191419,149100
1120,178,177,54929,3475,191596,142600
1121,167,193,54755,3456,191789,143700
1122,160,160,54595,3456,191949,126500
1123,176,168,54422,3461,192117,131100
1124,146,172,54276,3435,192289,129100
1125,190,194,54085,3432,192483,141300
1126,161,166,53933,3418,192649,150800
1127,150,159,53773,3419,192808,147600
1128,138,188,53633,3371,192996,141200
1129,167,164,53463,3377,193160,133500
1130,140,174,53326,3340,193334,138100
1131,144,180,53181,3305,193514,351600
1132,160,164,53023,3299,193678,118800
1133,177,187,52846,3289,193865,142000
1134,146,176,52697,3262,194041,129300
1135,149,163,52553,3243,194204,129400
1136,157,163,52398,3235,194367,142400
1137,161,182,52236,3215,194549,130100
1138,166,158,52068,3225,194707,173500
1139,156,174,51917,3202,194881,150600
1140,169,166,51744,3209,195047,138400
1141,147,170,51601,3182,195217,146000
1142,171,155,51424,3204,195372,132900
1143,164,181,51259,3188,195553,135700
1144,133,173,51124,3150,195726,127200
1145,172,148,50955,3171,195874,143000
1146,176,171,50778,3177,196045,140100
1147,130,165,50646,3144,196210,164000
1148,171,168,50480,3142,196378,131600
1149,160,156,50321,3145,196534,127000
1150,166,150,50155,3161,196684,125000
1151,167,172,49987,3157,196856,139200
1152,151,176,49832,3136,197032,131600
1153,153,188,49688,3092,197220,143400
1154,165,159,49517,3104,197379,158300
1155,151,160,49366,3095,197539,132200
1156,153,148,49218,3095,197687,287700
1157,161,172,49048,3093,197859,137400
1158,173,136,48876,3129,197995,137200
1159,150,153,48729,3123,198148,130600
1160,149,173,48578,3101,198321,135800
1161,164,178,48416,3085,198499,124800
1162,162,157,48256,3088,198656,130200
1163,169,176,48089,3079,198832,138600
1164,158,142,47925,3101,198974,151500
1165,173,159,47761,3106,199133,140900
1166,154,160,47603,3104,199293,142100
1167,164,163,47435,3109,199456,146500
1168,148,161,47288,3095,199617,379100
1169,145,169,47149,3065,199786,130000
1170,143,163,46996,3055,199949,134500
1171,160,164,46840,3047,200113,123600
1172,169,158,46670,3059,200271,117100
1173,148,152,46525,3052,200423,122000
1174,185,149,46340,3088,200572,127900
1175,148,166,46191,3071,200738,127500
1176,159,162,46035,3065,200900,125200
1177,142,148,45887,3065,201048,132200
1178,172,144,45720,3088,201192,127000
1179,138,155,45577,3076,201347,129000
1180,141,146,45440,3067,201493,136000
1181,144,155,45298,3054,201648,132900
1182,147,142,45148,3062,201790,127200
1183,171,125,44977,3108,201915,145500
1184,163,189,44812,3084,202104,127900
1185,136,159,44671,3066,202263,132900
1186,161,172,44513,3052,202435,122500
1187,132,164,44382,3019,202599,125400
1188,132,149,44243,3009,202748,127700
1189,167,153,44085,3014,202901,134400
1190,156,164,43927,3008,203065,137100
1191,159,174,43776,2985,203239,152900
1192,142,163,43629,2969,203402,137900
1193,163,133,43460,3005,203535,149300
1194,134,167,43332,2966,203702,125600
1195,170,136,43160,3002,203838,139400
1196,134,133,43021,3008,203971,155500
1197,177,149,42848,3032,204120,131700
1198,158,153,42690,3037,204273,116400
1199,159,154,42533,3040,204427,143400
1200,155,157,42376,3040,204584,137000
1201,141,157,42239,3020,204741,124500
1202,164,165,42069,3025,204906,125200
1203,134,146,41941,3007,205052,127900
1204,146,162,41786,3000,205214,125900
1205,143,164,41651,2971,205378,127600
1206,159,138,41494,2990,205516,117100
1207,133,159,41353,2972,205675,138300
1208,150,166,41210,2949,205841,121000
1209,161,138,41041,2980,205979,137600
1210,168,155,40875,2991,206134,118100
1211,160,140,40711,3015,206274,135200
1212,154,156,40565,3005,206430,133700
1213,158,162,40403,3005,206592,147500
1214,173,173,40235,3000,206765,146700
1215,168,159,40068,3008,206924,118500
1216,139,172,39926,2978,207096,135800
1217,160,134,39769,3001,207230,122900
1218,116,141,39648,2981,207371,142700
1219,147,148,39497,2984,207519,134300
1220,132,160,39366,2955,207679,150800
1221,142,134,39230,2957,207813,131800
1222,146,156,39084,2947,207969,118600
1223,144,175,38938,2918,208144,130800
1224,140,154,38798,2904,208298,126200
1225,148,134,38645,2923,208432,113100
1226,135,136,38510,2922,208568,123800
1227,118,145,38399,2888,208713,121500
1228,139,156,38256,2875,208869,132600
1229,128,148,38131,2852,209017,128800
1230,148,149,37983,2851,209166,123300
1231,136,148,37846,2840,209314,130800
1232,140,160,37708,2818,209474,121700
1233,161,124,37547,2855,209598,131600
1234,138,150,37406,2846,209748,139400
1235,146,149,37258,2845,209897,120900
1236,129,138,37132,2833,210035,133100
1237,143,139,36987,2839,210174,138800
1238,122,160,36865,2801,210334,139200
1239,171,159,36693,2814,210493,131100
1240,147,134,36554,2819,210627,139100
1241,135,126,36416,2831,210753,126600
1242,132,141,36281,2825,210894,124600
1243,130,159,36152,2795,211053,129400
1244,142,147,36013,2787,211200,126900
1245,129,139,35885,2776,211339,131000
1246,156,131,35723,2807,211470,121800
1247,136,139,35592,2799,211609,130300
1248,130,143,35457,2791,211752,143200
1249,119,122,35343,2783,211874,132300
1250,126,122,35210,2794,211996,156900
1251,126,139,35089,2776,212135,153500
1252,134,130,34951,2784,212265,140000
1253,163,143,34797,2795,212408,151400
1254,168,127,34631,2834,212535,153300
1255,136,174,34484,2807,212709,162300
1256,146,167,34338,2786,212876,157400
1257,135,133,34209,2782,213009,127200
1258,154,152,34051,2788,213161,156600
1259,168,148,33886,2805,213309,128700
1260,128,148,33755,2788,213457,131500
1261,134,131,33625,2787,213588,126400
1262,154,129,33472,2811,213717,117900
1263,136,149,33332,2802,213866,140500
1264,145,138,33188,2808,214004,135900
1265,145,137,33045,2814,214141,124400
1266,144,146,32896,2817,214287,130400
1267,131,164,32765,2784,214451,134800
1268,115,157,32649,2743,214608,198800
1269,134,128,32519,2745,214736,132700
1270,116,138,32400,2726,214874,127400
1271,123,134,32278,2714,215008,138200
1272,123,143,32154,2695,215151,121300
1273,128,159,32030,2660,215310,135700
1274,112,120,31916,2654,215430,118700
1275,106,135,31808,2627,215565,123000
1276,101,137,31707,2591,215702,127800
1277,107,147,31601,2550,215849,115300
1278,112,142,31490,2519,215991,121400
1279,119,119,31371,2519,216110,128100
1280,118,132,31255,2503,216242,130600
1281,129,125,31128,2505,216367,132700
1282,119,122,31004,2507,216489,119900
1283,118,119,30886,2506,216608,112100
1284,85,135,30799,2458,216743,126500
1285,137,128,30659,2470,216871,135700
1286,116,130,30545,2454,217001,131500
1287,132,114,30418,2467,217115,295200
1288,100,116,30315,2454,217231,144100
1289,105,118,30208,2443,217349,136500
1290,109,124,30104,2423,217473,129100
1291,107,121,29999,2407,217594,135900
1292,94,140,29899,2367,217734,133000
1293,121,137,29777,2352,217871,169700
1294,111,115,29666,2348,217986,133600
1295,97,129,29573,2312,218115,132100
1296,98,125,29471,2289,218240,127900
1297,105,119,29370,2271,218359,117500
1298,118,116,29250,2275,218475,136400
1299,117,96,29133,2296,218571,137200
1300,105,109,29027,2293,218680,149000
1301,99,121,28933,2266,218801,130100
1302,117,121,28814,2264,218922,135700
1303,118,108,28696,2274,219030,151400
1304,90,129,28604,2237,219159,125200
1305,98,101,28504,2236,219260,133100
1306,94,121,28411,2208,219381,122700
1307,78,110,28331,2178,219491,161700
1308,120,116,28210,2183,219607,125500
1309,102,101,28109,2183,219708,120000
1310,103,108,28008,2176,219816,117200
1311,127,101,27886,2197,219917,130500
1312,126,110,27759,2214,220027,135300
1313,120,87,27636,2250,220114,118600
1314,112,117,27528,2241,220231,126400
1315,111,123,27413,2233,220354,146100
1316,96,117,27315,2214,220471,135700
1317,128,100,27188,2241,220571,135100
1318,105,123,27083,2223,220694,128100
1319,123,114,26965,2227,220808,137300
1320,129,110,26837,2245,220918,119800
1321,106,97,26728,2257,221015,144900
1322,121,127,26606,2252,221142,131800
1323,129,118,26475,2265,221260,130100
1324,123,103,26353,2284,221363,132300
1325,107,106,26252,2279,221469,112300
1326,92,105,26154,2272,221574,326700
1327,129,103,26024,2299,221677,152700
1328,121,128,25905,2290,221805,141700
1329,103,107,25800,2288,221912,109700
1330,108,118,25692,2278,222030,130500
1331,111,118,25582,2270,222148,136200
1332,101,116,25480,2256,222264,130600
1333,99,103,25378,2255,222367,134900
1334,105,113,25276,2244,222480,131800
1335,103,113,25175,2232,222593,133000
1336,76,115,25092,2200,222708,126500
1337,109,104,24990,2198,222812,139800
1338,91,110,24894,2184,222922,122900
1339,93,111,24804,2163,223033,135800
1340,101,110,24702,2155,223143,124300
1341,79,86,24626,2145,223229,139000
1342,81,121,24541,2109,223350,142700
1343,111,107,24430,2113,223457,140000
1344,102,99,24330,2114,223556,149700
1345,101,103,24227,2114,223659,147000
1346,101,90,24131,2120,223749,144200
1347,91,106,24037,2108,223855,135200
1348,96,124,23939,2082,223979,213700
1349,103,120,23838,2063,224099,138100
1350,79,88,23760,2053,224187,122700
1351,88,98,23669,2046,224285,154600
1352,100,101,23576,2038,224386,130100
1353,97,93,23473,2048,224479,118200
1354,99,101,23379,2041,224580,128600
1355,88,98,23289,2033,224678,116700
1356,88,112,23200,2010,224790,131000
1357,99,112,23102,1996,224902,128100
1358,81,101,23016,1981,225003,137800
1359,82,97,22933,1967,225100,110500
1360,92,87,22844,1969,225187,137800
1361,98,94,22749,1970,225281,120700
1362,79,114,22665,1940,225395,132900
1363,98,101,22571,1933,225496,133300
1364,83,105,22487,1912,225601,316900
1365,81,97,22404,1898,225698,136300
1366,81,94,22322,1886,225792,133400
1367,99,91,22224,1893,225883,153000
1368,86,100,22139,1878,225983,128200
1369,87,101,22054,1862,226084,149200
1370,72,85,21977,1854,226169,130500
1371,85,85,21897,1849,226254,127500
1372,75,98,21817,1831,226352,139900
1373,91,95,21729,1824,226447,138900
1374,81,91,21646,1816,226538,125100
1375,81,86,21568,1808,226624,140500
1376,73,88,21494,1794,226712,129700
1377,80,82,21415,1791,226794,125900
1378,95,98,21323,1785,226892,121400
1379,86,67,21230,1811,226959,128600
1380,98,103,21137,1801,227062,127100
1381,79,98,21057,1783,227160,144400
1382,88,87,20967,1786,227247,119300
1383,85,80,20883,1790,227327,124900
1384,71,93,20811,1769,227420,165500
1385,55,96,20755,1729,227516,129400
1386,66,86,20688,1710,227602,136300
1387,76,88,20616,1694,227690,127100
1388,78,93,20534,1683,227783,129800
1389,83,88,20452,1677,227871,120000
1390,83,94,20373,1662,227965,120500
1391,84,87,20289,1659,228052,115000
1392,82,102,20203,1643,228154,129800
1393,83,71,20124,1651,228225,133400
1394,98,76,20026,1673,228301,115000
1395,72,79,19953,1667,228380,114200
1396,86,85,19869,1666,228465,127700
1397,86,87,19781,1667,228552,129100
1398,77,85,19706,1657,228637,135600
1399,75,69,19629,1665,228706,126400
1400,79,83,19549,1662,228789,130200
1401,84,74,19463,1674,228863,144500
1402,79,103,19387,1647,228966,123300
1403,76,84,19308,1642,229050,130000
1404,65,92,19243,1615,229142,127000
1405,101,79,19145,1634,229221,147400
1406,76,100,19066,1613,229321,135600
1407,96,79,18969,1631,229400,134000
1408,99,80,18872,1648,229480,123700
1409,96,81,18777,1662,229561,143000
1410,74,104,18707,1628,229665,127300
1411,78,83,18632,1620,229748,130800
1412,81,88,18544,1620,229836,151400
1413,83,85,18462,1617,229921,142300
1414,82,86,18382,1611,230007,125700
1415,62,67,18314,1612,230074,115600
1416,54,78,18260,1588,230152,118700
1417,86,77,18179,1592,230229,134900
1418,86,77,18092,1602,230306,138600
1419,64,76,18027,1591,230382,127000
1420,74,78,17951,1589,230460,143200
1421,61,85,17889,1566,230545,118500
1422,81,84,17812,1559,230629,137300
1423,69,76,17741,1554,230705,121900
1424,61,72,17683,1540,230777,158000
1425,78,71,17600,1552,230848,133000
1426,59,78,17547,1527,230926,133400
1427,68,76,17475,1523,231002,144600
1428,69,82,17403,1513,231084,148500
1429,69,67,17337,1512,231151,132300
1430,64,89,17274,1486,231240,130700
1431,65,76,17206,1478,231316,146500
1432,82,73,17126,1485,231389,158100
1433,70,84,17056,1471,231473,134700
1434,74,74,16983,1470,231547,135000
1435,70,64,16910,1479,231611,118500
1436,68,63,16845,1481,231674,131100
1437,62,74,16784,1468,231748,118100
1438,57,51,16725,1476,231799,136500
1439,85,99,16640,1462,231898,121000
1440,53,69,16588,1445,231967,127400
1441,65,81,16522,1430,232048,118400
1442,68,79,16454,1419,232127,146800
1443,58,67,16396,1410,232194,135200
1444,44,79,16351,1376,232273,253000
1445,62,75,16293,1359,232348,131900
1446,59,71,16232,1349,232419,132700
1447,59,71,16172,1338,232490,136400
1448,70,72,16101,1337,232562,118900
1449,51,82,16051,1305,232644,141900
1450,66,80,15985,1291,232724,128200
1451,58,69,15929,1278,232793,134100
1452,57,64,15869,1274,232857,137700
1453,61,72,15809,1262,232929,120300
1454,59,64,15751,1256,232993,120600
1455,48,60,15701,1246,233053,133200
1456,48,55,15652,1240,233108,136900
1457,65,72,15591,1229,233180,118700
1458,61,56,15526,1238,233236,126300
1459,59,58,15468,1238,233294,119300
1460,54,55,15414,1237,233349,130000
1461,58,78,15357,1216,233427,106200
1462,69,82,15289,1202,233509,126300
1463,60,50,15226,1215,233559,148300
1464,68,58,15158,1225,233617,142200
1465,63,72,15100,1211,233689,139600
1466,69,55,15033,1223,233744,135800
1467,57,72,14971,1213,233816,138700
1468,75,54,14897,1233,233870,132400
1469,65,61,14832,1237,233931,126900
1470,58,66,14777,1226,233997,126900
1471,59,57,14713,1233,234054,125400
1472,64,65,14648,1233,234119,115300
1473,65,70,14584,1227,234189,120900
1474,71,68,14516,1227,234257,169900
1475,64,61,14450,1232,234318,117500
1476,57,65,14393,1224,234383,137400
1477,71,63,14322,1232,234446,114500
1478,65,57,14255,1242,234503,128000
1479,68,64,14191,1242,234567,123500
1480,66,57,14123,1253,234624,118300
1481,58,57,14066,1253,234681,122000
1482,63,73,14001,1245,234754,137400
1483,40,57,13962,1227,234811,149000
1484,58,68,13904,1217,234879,284400
1485,70,52,13833,1236,234931,137500
1486,70,72,13762,1235,235003,133800
1487,82,51,13683,1263,235054,145700
1488,79,55,13605,1286,235109,142200
1489,73,78,13531,1282,235187,117700
1490,60,83,13470,1260,235270,118700
1491,65,63,13407,1260,235333,127200
1492,57,59,13345,1263,235392,125300
1493,58,61,13290,1257,235453,126300
1494,56,62,13236,1249,235515,127800
1495,54,77,13181,1227,235592,129600
1496,59,70,13122,1216,235662,134800
1497,56,79,13064,1195,235741,118800
1498,58,66,13008,1185,235807,125300
1499,38,53,12970,1170,235860,120400
1500,61,59,12908,1173,235919,116200
1501,43,58,12863,1160,235977,128200
1502,45,63,12818,1142,236040,125200
1503,40,49,12779,1132,236089,127100
1504,52,53,12729,1129,236142,121500
1505,49,38,12677,1143,236180,124700
1506,46,56,12632,1132,236236,132900
1507,42,51,12589,1124,236287,111000
1508,46,51,12543,1119,236338,134800
1509,55,49,12494,1119,236387,114800
1510,41,58,12448,1107,236445,121000
1511,49,53,12398,1104,236498,121400
1512,55,47,12345,1110,236545,114700
1513,61,49,12284,1122,236594,123200
1514,59,56,12225,1125,236650,121200
1515,52,59,12173,1118,236709,119000
1516,49,66,12125,1100,236775,120000
1517,48,52,12076,1097,236827,120000
1518,42,54,12035,1084,236881,118900
1519,47,55,11986,1078,236936,117000
1520,51,50,11935,1079,236986,137100
1521,65,68,11874,1072,237054,153200
1522,61,54,11812,1080,237108,128000
1523,60,55,11747,1090,237163,130500
1524,66,57,11682,1098,237220,124600
1525,53,61,11632,1087,237281,219300
1526,47,52,11582,1085,237333,160000
1527,53,50,11530,1087,237383,126700
1528,44,67,11485,1065,237450,142100
1529,54,54,11434,1062,237504,136500
1530,41,59,11392,1045,237563,131400
1531,44,56,11348,1033,237619,121900
1532,57,63,11292,1026,237682,130800
1533,55,48,11235,1035,237730,129300
1534,47,62,11187,1021,237792,201200
1535,45,42,11143,1023,237834,157500
1536,40,54,11107,1005,237888,135200
1537,43,47,11061,1004,237935,145400
1538,35,57,11027,981,237992,156900
1539,56,51,10973,984,238043,137000
1540,38,50,10932,975,238093,137000
1541,47,39,10884,984,238132,152900
1542,41,46,10843,979,238178,144400
1543,52,50,10790,982,238228,139600
1544,53,55,10738,979,238283,129200
1545,65,45,10674,998,238328,134300
1546,48,53,10627,992,238381,120900
1547,42,44,10583,992,238425,140400
1548,56,50,10528,997,238475,133800
1549,36,46,10490,989,238521,123300
1550,57,42,10435,1002,238563,128200
1551,46,55,10387,995,238618,125900
1552,53,52,10333,997,238670,127300
1553,33,52,10300,978,238722,133500
1554,58,53,10247,978,238775,139600
1555,44,47,10199,979,238822,118500
1556,45,40,10155,983,238862,131200
1557,45,55,10111,972,238917,130600
1558,45,59,10065,959,238976,112900
1559,44,42,10020,962,239018,125100
1560,55,49,9967,966,239067,130900
1561,38,59,9928,946,239126,139700
1562,58,50,9871,953,239176,114300
1563,39,50,9830,944,239226,319900
1564,46,49,9785,940,239275,129600
1565,47,31,9737,957,239306,132200
1566,45,50,9693,951,239356,136200
1567,45,46,9651,947,239402,150900
1568,40,50,9607,941,239452,126400
1569,49,42,9560,946,239494,135000
1570,40,58,9518,930,239552,166600
1571,39,45,9479,924,239597,131300
1572,35,51,9445,907,239648,134600
1573,52,54,9393,905,239702,139100
1574,39,44,9353,901,239746,132200
1575,36,54,9319,881,239800,123900
1576,40,46,9278,876,239846,125500
1577,38,47,9241,866,239893,128900
1578,49,44,9189,874,239937,145000
1579,46,41,9145,877,239978,132300
1580,48,50,9097,875,240028,125400
1581,37,41,9061,870,240069,178200
1582,47,49,9013,869,240118,124800
1583,47,34,8965,883,240152,123300
1584,30,47,8935,866,240199,196400
1585,28,41,8906,854,240240,127000
1586,43,55,8864,841,240295,120400
1587,39,38,8824,843,240333,133800
1588,29,46,8796,825,240379,110700
1589,37,41,8758,822,240420,120500
1590,24,31,8734,815,240451,132400
1591,47,48,8689,812,240499,133200
1592,38,42,8651,808,240541,122500
1593,31,42,8619,798,240583,121700
1594,42,46,8579,792,240629,145600
1595,41,41,8535,795,240670,125700
1596,31,39,8504,787,240709,145600
1597,26,42,8479,770,240751,126000
1598,30,40,8448,761,240791,136900
1599,41,50,8410,749,240841,130200
1600,41,33,8367,759,240874,155300
1601,43,48,8323,755,240922,148600
1602,33,45,8295,738,240967,132800
1603,39,35,8252,746,241002,144100
1604,34,48,8217,733,241050,132400
1605,20,39,8198,713,241089,146300
1606,39,35,8159,717,241124,128900
1607,30,35,8134,707,241159,139200
1608,35,30,8096,715,241189,134100
1609,38,55,8057,699,241244,135700
1610,26,34,8031,691,241278,150400
1611,36,32,7994,696,241310,139200
1612,28,34,7969,687,241344,117000
1613,29,40,7937,679,241384,138800
1614,23,43,7914,659,241427,117400
1615,27,45,7887,641,241472,157400
1616,37,29,7850,649,241501,116600
1617,30,34,7819,646,241535,126600
1618,32,41,7788,636,241576,146100
1619,21,34,7766,624,241610,156000
1620,13,32,7754,604,241642,140100
1621,26,28,7727,603,241670,125100
1622,29,30,7699,601,241700,132000
1623,33,37,7667,596,241737,152500
1624,33,38,7633,592,241775,152700
1625,26,30,7608,587,241805,132300
1626,27,33,7580,582,241838,137100
1627,28,28,7552,582,241866,146600
1628,28,28,7525,581,241894,138100
1629,29,30,7494,582,241924,124500
1630,32,30,7464,582,241954,142100
1631,30,29,7433,584,241983,143600
1632,29,19,7404,594,242002,114500
1633,18,24,7385,589,242026,144100
1634,28,38,7360,576,242064,129600
1635,21,26,7337,573,242090,148900
1636,26,34,7310,566,242124,132400
1637,19,31,7292,553,242155,128200
1638,36,23,7256,566,242178,137400
1639,22,26,7233,563,242204,126700
1640,26,26,7207,563,242230,134600
1641,30,30,7178,562,242260,135800
1642,32,26,7146,568,242286,117100
1643,22,29,7124,561,242315,106700
1644,23,39,7104,542,242354,148800
1645,20,30,7081,535,242384,135600
1646,32,23,7051,542,242407,142300
1647,23,26,7026,541,242433,137100
1648,26,27,6999,541,242460,138500
1649,24,25,6976,539,242485,160700
1650,20,23,6958,534,242508,155700
1651,19,28,6937,527,242536,135400
1652,26,26,6911,527,242562,142800
1653,15,30,6895,513,242592,129800
1654,27,25,6871,512,242617,118000
1655,23,27,6846,510,242644,124900
1656,21,24,6825,507,242668,126200
1657,17,25,6808,499,242693,147200
1658,21,16,6787,504,242709,135100
1659,25,22,6766,503,242731,135800
1660,22,28,6740,501,242759,152300
1661,27,36,6712,493,242795,144200
1662,19,27,6693,485,242822,124600
1663,17,20,6676,482,242842,141100
1664,27,22,6650,486,242864,140300
1665,21,26,6630,480,242890,174400
1666,28,28,6603,479,242918,146600
1667,36,27,6566,489,242945,129200
1668,19,29,6545,481,242974,130300
1669,24,30,6522,474,243004,128700
1670,17,32,6505,459,243036,134300
1671,21,28,6484,452,243064,128400
1672,18,28,6465,443,243092,139900
1673,20,28,6446,434,243120,132100
1674,22,22,6423,435,243142,123000
1675,18,25,6405,428,243167,130900
1676,20,16,6386,431,243183,136800
1677,22,18,6364,435,243201,136300
1678,12,25,6352,422,243226,126100
1679,13,21,6338,415,243247,129600
1680,21,24,6317,412,243271,363600
1681,22,23,6296,410,243294,132400
1682,28,18,6267,421,243312,147100
1683,16,14,6251,423,243326,137900
1684,24,25,6230,419,243351,131600
1685,16,26,6211,412,243377,135700
1686,16,18,6196,409,243395,116600
1687,14,22,6182,401,243417,168100
1688,17,16,6165,402,243433,149500
1689,21,27,6144,396,243460,152900
1690,23,25,6120,395,243485,156700
1691,22,21,6098,396,243506,189200
1692,19,25,6080,389,243531,194400
1693,20,22,6059,388,243553,142900
1694,17,17,6042,388,243570,152100
1695,19,18,6024,388,243588,116400
1696,20,15,6004,393,243603,127500
1697,20,17,5985,395,243620,144400
1698,14,20,5970,390,243640,132600
1699,24,21,5945,394,243661,110100
1700,17,16,5928,395,243677,124900
1701,13,17,5915,391,243694,128300
1702,11,11,5904,391,243705,117600
1703,21,19,5884,392,243724,117200
1704,14,22,5869,385,243746,119500
1705,11,13,5859,382,243759,127500
1706,9,13,5850,378,243772,125200
1707,12,17,5838,373,243789,113900
1708,18,23,5820,368,243812,131500
1709,17,23,5803,362,243835,133000
1710,18,14,5786,365,243849,126100
1711,15,16,5770,365,243865,122300
1712,15,16,5754,365,243881,124300
1713,14,15,5740,364,243896,112600
1714,15,19,5725,360,243915,127100
1715,18,22,5707,356,243937,130700
1716,15,20,5692,351,243957,134400
1717,9,15,5683,345,243972,136300
1718,21,17,5663,348,243989,133200
1719,21,13,5641,357,244002,147900
1720,21,17,5620,361,244019,137700
1721,15,19,5605,357,244038,147700
1722,16,20,5589,353,244058,135900
1723,18,18,5572,352,244076,138900
1724,18,24,5554,346,244100,172600
1725,20,15,5534,351,244115,184800
1726,14,16,5520,349,244131,185100
1727,18,23,5504,342,244154,144300
1728,16,21,5485,340,244175,128200
1729,14,16,5473,336,244191,139500
1730,19,13,5454,342,244204,128100
1731,11,19,5442,335,244223,141000
1732,19,23,5423,331,244246,141700
1733,15,19,5408,327,244265,139600
1734,26,18,5382,335,244283,146600
1735,23,16,5360,341,244299,130400
1736,16,16,5342,343,244315,127200
1737,16,25,5326,334,244340,153300
1738,14,19,5312,329,244359,129000
1739,14,18,5299,324,244377,143100
1740,17,20,5281,322,244397,141300
1741,16,19,5265,319,244416,145400
1742,13,7,5253,324,244423,144000
1743,17,16,5236,325,244439,138400
1744,23,13,5214,334,244452,168700
1745,9,14,5204,330,244466,140200
1746,14,9,5189,336,244475,110900
1747,17,21,5172,332,244496,133100
1748,11,19,5163,322,244515,135300
1749,16,24,5145,316,244539,119900
1750,20,16,5126,319,244555,112600
1751,11,19,5114,312,244574,117600
1752,12,16,5103,307,244590,135300
1753,6,22,5097,291,244612,133500
1754,11,15,5085,288,244627,146600
1755,12,10,5074,289,244637,146700
1756,16,13,5059,291,244650,333100
1757,11,23,5046,281,244673,132100
1758,7,15,5039,273,244688,126100
1759,13,10,5027,275,244698,128300
1760,11,10,5015,277,244708,122000
1761,9,16,5006,270,244724,150700
1762,16,9,4991,276,244733,153600
1763,13,24,4977,266,244757,125000
1764,9,17,4968,258,244774,126300
1765,10,10,4959,257,244784,147200
1766,16,10,4942,264,244794,138100
1767,7,12,4936,258,244806,192700
1768,10,16,4926,252,244822,184200
1769,14,12,4911,255,244834,142000
1770,15,14,4896,256,244848,178600
1771,10,8,4886,258,244856,137500
1772,11,12,4875,257,244868,134800
1773,11,15,4865,252,244883,139100
1774,10,15,4854,248,244898,141700
1775,11,7,4844,251,244905,123100
1776,7,10,4836,249,244915,118300
1777,6,15,4830,240,244930,115800
1778,14,14,4817,239,244944,128200
1779,12,9,4804,243,244953,121400
1780,15,12,4789,246,244965,130600
1781,8,10,4781,244,244975,136100
1782,14,11,4767,247,244986,147000
1783,7,9,4760,245,244995,114800
1784,20,17,4740,248,245012,135400
1785,9,14,4731,243,245026,135400
1786,14,15,4717,242,245041,126700
1787,12,13,4706,240,245054,137900
1788,15,10,4690,246,245064,170400
1789,11,14,4679,243,245078,151200
1790,13,14,4667,241,245092,149400
1791,9,16,4657,235,245108,115500
1792,13,11,4645,236,245119,135800
1793,9,9,4636,236,245128,352900
1794,5,17,4630,225,245145,140000
1795,13,11,4617,227,245156,144900
1796,11,13,4606,225,245169,151200
1797,14,17,4593,221,245186,145000
1798,5,5,4587,222,245191,122900
1799,7,12,4580,217,245203,124100
1800,8,7,4572,218,245210,134000
1801,10,17,4562,211,245227,137000
1802,7,9,4555,209,245236,154900
1803,13,10,4543,211,245246,128700
1804,14,8,4528,218,245254,122600
1805,16,10,4512,224,245264,127000
1806,15,12,4499,225,245276,131400
1807,19,14,4478,232,245290,135500
1808,17,10,4461,239,245300,146500
1809,10,14,4451,235,245314,128900
1810,13,10,4438,238,245324,141600
1811,9,12,4429,235,245336,129000
1812,7,15,4422,227,245351,125000
1813,7,9,4415,225,245360,143000
1814,8,14,4408,218,245374,128300
1815,6,11,4402,213,245385,144000
1816,13,6,4388,221,245391,138000
1817,11,8,4378,223,245399,127700
1818,6,11,4371,219,245410,134400
1819,8,15,4363,212,245425,132400
1820,11,8,4353,214,245433,131400
1821,6,12,4346,209,245445,107600
1822,6,12,4340,203,245457,114200
1823,4,9,4336,198,245466,114500
1824,10,6,4326,202,245472,126800
1825,9,11,4317,200,245483,121700
1826,7,9,4310,198,245492,114800
1827,3,10,4307,191,245502,142400
1828,6,6,4301,191,245508,127100
1829,8,7,4293,192,245515,134300
1830,4,8,4291,186,245523,134700
1831,6,7,4283,187,245530,155600
1832,6,11,4277,182,245541,213500
1833,8,7,4270,182,245548,137800
1834,4,8,4265,179,245556,155500
1835,9,10,4257,177,245566,110600
1836,11,4,4246,184,245570,130300
1837,9,16,4236,178,245586,130200
1838,6,7,4230,177,245593,98600
1839,8,15,4224,168,245608,119800
1840,12,8,4211,173,245616,130200
1841,6,8,4204,172,245624,126100
1842,9,3,4196,177,245627,121900
1843,9,7,4187,179,245634,127800
1844,6,5,4180,181,245639,132400
1845,4,8,4176,177,245647,134600
1846,4,8,4172,173,245655,146000
1847,10,7,4162,176,245662,116200
1848,4,10,4158,170,245672,131900
1849,6,6,4153,169,245678,132300
1850,11,4,4141,177,245682,124300
1851,8,9,4133,176,245691,116600
1852,9,10,4125,174,245701,145600
1853,7,4,4117,178,245705,120200
1854,4,11,4113,171,245716,127200
1855,4,6,4110,168,245722,125500
1856,4,12,4105,161,245734,143200
1857,10,9,4095,162,245743,120500
1858,6,8,4090,159,245751,120000
1859,4,16,4085,148,245767,104200
1860,7,10,4079,144,245777,119400
1861,6,9,4073,141,245786,122300
1862,7,7,4065,142,245793,113900
1863,7,6,4059,142,245799,114200
1864,7,7,4051,143,245806,109000
1865,2,4,4049,141,245810,130300
1866,8,7,4042,141,245817,112300
1867,2,4,4039,140,245821,109700
1868,5,5,4034,140,245826,116900
1869,5,4,4029,141,245830,116500
1870,9,7,4020,143,245837,124100
1871,1,5,4019,139,245842,99900
1872,3,9,4016,133,245851,108600
1873,5,7,4011,131,245858,135100
1874,4,5,4007,130,245863,115600
1875,6,10,4001,126,245873,194900
1876,4,3,3997,127,245876,134200
1877,5,5,3992,127,245881,126100
1878,5,3,3987,129,245884,112500
1879,5,3,3982,131,245887,112700
1880,4,7,3980,126,245894,115300
1881,7,9,3971,126,245903,116100
1882,7,5,3964,128,245908,141800
1883,9,7,3955,130,245915,117600
1884,3,11,3952,122,245926,116900
1885,3,6,3949,119,245932,111500
1886,1,2,3948,118,245934,127400
1887,6,4,3942,120,245938,101400
1888,6,9,3936,117,245947,121700
1889,4,4,3932,117,245951,127700
1890,4,3,3928,118,245954,121900
1891,4,4,3924,118,245958,126400
1892,5,3,3919,120,245961,98500
1893,4,10,3915,114,245971,115100
1894,3,5,3912,112,245976,122100
1895,4,4,3908,112,245980,113500
1896,2,5,3906,109,245985,110500
1897,1,4,3905,106,245989,127800
1898,1,5,3904,102,245994,128200
1899,0,3,3904,99,245997,126100
1900,2,6,3902,95,246003,112900
1901,2,6,3900,91,246009,107700
1902,3,6,3897,88,246015,111300
1903,0,4,3897,84,246019,101700
1904,3,5,3894,82,246024,121600
1905,0,7,3894,75,246031,124200
1906,1,5,3893,71,246036,116900
1907,2,1,3891,72,246037,126600
1908,2,2,3889,72,246039,118100
1909,1,2,3888,71,246041,113300
1910,0,5,3888,66,246046,115400
1911,1,2,3887,65,246048,117000
1912,0,4,3887,61,246052,107000
1913,0,1,3887,60,246053,123200
1914,0,1,3887,59,246054,110300
1915,1,0,3886,60,246054,120900
1916,0,4,3886,56,246058,121200
1917,1,2,3886,54,246060,127500
1918,0,3,3885,52,246063,123400
1919,0,2,3885,50,246065,118100
1920,0,2,3885,48,246067,122100
1921,0,2,3885,46,246069,112700
1922,0,0,3885,46,246069,120000
1923,0,1,3885,45,246070,111800
1924,0,1,3885,44,246071,120600
1925,0,3,3885,41,246074,115700
1926,0,3,3885,38,246077,123000
1927,1,3,3884,36,246080,111200
1928,0,3,3884,33,246083,211900
1929,0,2,3884,31,246085,111900
1930,0,0,3884,31,246085,111600
1931,0,3,3884,28,246088,120200
1932,0,1,3884,27,246089,124800
1933,0,2,3884,25,246091,113700
1934,0,1,3884,24,246092,105800
1935,0,4,3884,20,246096,118700
1936,0,1,3884,19,246097,124600
1937,1,3,3883,17,246100,116000
1938,1,0,3882,18,246100,106700
1939,0,2,3882,16,246102,121400
1940,0,2,3882,14,246104,118900
1941,1,0,3881,15,246104,105600
1942,1,2,3880,14,246106,112700
1943,2,1,3878,15,246107,112200
1944,0,0,3878,15,246107,119400
1945,0,1,3878,14,246108,108200
1946,0,0,3878,14,246108,119900
1947,0,0,3878,14,246108,121600
1948,0,1,3878,13,246109,89300
1949,0,1,3878,12,246110,114100
1950,1,2,3877,11,246112,122200
1951,0,0,3877,11,246112,120200
1952,0,0,3877,11,246112,113600
1953,0,0,3877,11,246112,131500
1954,0,2,3877,9,246114,123100
1955,0,0,3877,9,246114,120100
1956,0,1,3877,8,246115,176800
1957,0,3,3877,5,246118,126000
1958,0,1,3877,4,246119,110400
1959,0,0,3877,4,246119,119400
1960,0,0,3877,4,246119,129000
1961,0,0,3877,4,246119,122100
1962,0,0,3877,4,246119,99500
1963,0,0,3877,4,246119,90200
1964,0,0,3877,4,246119,120500
1965,0,0,3877,4,246119,125500
1966,0,0,3877,4,246119,119200
1967,0,0,3877,4,246119,115500
1968,0,0,3877,4,246119,112900
1969,0,0,3877,4,246119,107700
1970,0,1,3877,3,246120,111600
1971,0,0,3877,3,246120,106800
1972,0,0,3877,3,246120,240000
1973,0,0,3877,3,246120,126200
1974,0,0,3877,3,246120,114800
1975,0,0,3877,3,246120,116400
1976,0,0,3877,3,246120,116400
1977,0,1,3877,2,246121,117000
1978,0,0,3877,2,246121,120500
1979,0,0,3877,2,246121,109300
1980,0,0,3877,2,246121,121700
1981,0,0,3877,2,246121,124300
1982,0,0,3877,2,246121,119800
1983,0,0,3877,2,246121,121300
1984,0,0,3877,2,246121,118400
1985,0,0,3877,2,246121,113500
1986,0,0,3877,2,246121,130300
1987,0,0,3877,2,246121,123500
1988,0,0,3877,2,246121,116700
1989,0,0,3877,2,246121,112600
1990,0,0,3877,2,246121,103100
1991,0,0,3877,2,246121,128200
1992,0,0,3877,2,246121,118200
1993,0,0,3877,2,246121,102100
1994,0,0,3877,2,246121,98400
1995,0,0,3877,2,246121,129500
1996,0,0,3877,2,246121,112600
1997,0,0,3877,2,246121,106300
1998,0,0,3877,2,246121,132900
1999,0,0,3877,2,246121,102900
2000,0,0,3877,2,246121,107400
2001,0,0,3877,2,246121,112700
2002,0,0,3877,2,246121,115000
2003,0,0,3877,2,246121,112900
2004,0,0,3877,2,246121,115700
2005,0,1,3877,1,246122,125800
2006,0,0,3877,1,246122,118900
2007,0,0,3877,1,246122,125600
2008,0,0,3877,1,246122,127500
2009,0,0,3877,1,246122,108800
2010,0,0,3877,1,246122,127000
2011,0,0,3877,1,246122,120600
2012,0,1,3877,0,246123,123800
