Tick,NewlyInfected,NewlyRecovered,TotalSusceptible,TotalInfected,TotalRecovered,StepTimeNanos
0,2,0,249993,7,0,832800
1,2,0,249991,9,0,147800
2,4,2,249987,11,2,143400
3,0,3,249987,8,5,125400
4,2,0,249985,10,5,124200
5,4,1,249981,13,6,114900
6,1,1,249980,13,7,144900
7,3,0,249978,15,7,125800
8,4,1,249973,19,8,134700
9,4,1,249969,22,9,121700
10,6,1,249964,26,10,111200
11,7,1,249956,33,11,95700
12,9,2,249948,39,13,108000
13,7,0,249940,47,13,109000
14,6,0,249934,53,13,104200
15,6,6,249928,53,19,114800
16,8,6,249920,55,25,164900
17,5,2,249916,57,27,120200
18,11,4,249905,64,31,114800
19,14,8,249890,71,39,120900
20,11,3,249879,79,42,123600
21,8,4,249872,82,46,126400
22,15,3,249856,95,49,139400
23,8,7,249849,95,56,116600
24,11,8,249837,99,64,106100
25,16,7,249821,108,71,131100
26,14,7,249808,114,78,112700
27,10,7,249797,118,85,106400
28,10,4,249789,122,89,129400
29,19,8,249772,131,97,113800
30,13,7,249755,141,104,101400
31,17,7,249739,150,111,114900
32,14,11,249725,153,122,101100
33,14,12,249710,156,134,99900
34,21,6,249690,170,140,114300
35,17,8,249673,179,148,103100
36,32,11,249644,197,159,104100
37,27,17,249613,211,176,122000
38,18,11,249595,218,187,106200
39,26,14,249572,227,201,98000
40,22,7,249550,242,208,101200
41,29,20,249521,251,228,114400
42,32,13,249489,270,241,117900
43,34,14,249456,289,255,111500
44,24,18,249430,297,273,109000
45,28,16,249403,308,289,113000
46,26,19,249374,318,308,112400
47,27,24,249349,319,332,116800
48,31,7,249320,341,339,100900
49,36,15,249282,364,354,119600
50,20,21,249262,363,375,111600
51,28,23,249234,368,398,110100
52,37,28,249198,376,426,106500
53,31,23,249164,387,449,102200
54,31,20,249134,397,469,106000
55,36,23,249102,406,492,104400
56,44,16,249054,438,508,159800
57,52,19,249003,470,527,111000
58,39,26,248962,485,553,103900
59,29,26,248933,488,579,114200
60,34,23,248901,497,602,108000
61,34,25,248866,507,627,112600
62,36,31,248829,513,658,120000
63,37,25,248794,523,683,128600
64,36,32,248756,529,715,124100
65,44,32,248713,540,747,108300
66,50,25,248665,563,772,125000
67,38,26,248627,575,798,110400
68,38,32,248588,582,830,107100
69,50,24,248541,605,854,125100
70,53,36,248485,625,890,102800
71,38,49,248448,613,939,111700
72,43,31,248405,625,970,97800
73,50,28,248353,649,998,114700
74,57,38,248296,668,1036,109100
75,53,46,248246,672,1082,110700
76,58,37,248189,692,1119,120900
77,50,35,248140,706,1154,104000
78,60,35,248077,734,1189,117300
79,62,33,248013,765,1222,112900
80,41,31,247974,773,1253,113400
81,50,48,247924,775,1301,118900
82,51,45,247872,782,1346,103700
83,73,45,247800,809,1391,117800
84,58,27,247744,838,1418,129300
85,64,48,247676,858,1466,99600
86,54,47,247625,862,1513,112000
87,70,42,247554,891,1555,130600
88,46,39,247508,898,1594,110800
89,43,56,247466,884,1650,102500
90,57,37,247409,904,1687,109500
91,68,57,247341,915,1744,121300
92,66,42,247275,939,1786,105600
93,58,49,247214,951,1835,111500
94,70,58,247143,964,1893,106800
95,75,58,247072,977,1951,124700
96,68,49,247006,994,2000,120400
97,75,42,246926,1032,2042,121300
98,82,49,246847,1062,2091,115200
99,86,61,246762,1086,2152,117500
100,65,68,246695,1085,2220,113400
101,80,58,246613,1109,2278,133300
102,87,59,246529,1134,2337,113900
103,62,57,246469,1137,2394,104700
104,88,60,246381,1165,2454,109600
105,73,68,246305,1173,2522,110500
106,82,54,246224,1200,2576,111800
107,88,57,246137,1230,2633,117400
108,82,48,246054,1265,2681,112000
109,85,59,245966,1294,2740,102300
110,87,60,245884,1316,2800,104300
111,88,54,245797,1349,2854,120600
112,69,74,245725,1347,2928,115400
113,98,52,245632,1388,2980,111200
114,93,77,245532,1411,3057,119200
115,96,65,245440,1438,3122,117200
116,78,77,245362,1439,3199,113200
117,98,79,245263,1459,3278,99000
118,84,83,245178,1461,3361,96700
119,103,78,245077,1484,3439,134400
120,101,78,244976,1507,3517,132800
121,107,83,244868,1532,3600,107800
122,75,89,244796,1515,3689,113700
123,105,83,244686,1542,3772,119800
124,98,86,244587,1555,3858,113800
125,95,66,244498,1578,3924,108700
126,95,80,244400,1596,4004,115700
127,79,82,244316,1598,4086,107000
128,98,82,244218,1614,4168,117200
129,106,78,244118,1636,4246,151200
130,95,89,244026,1639,4335,120900
131,114,92,243911,1662,4427,117100
132,94,87,243814,1672,4514,116700
133,103,72,243711,1703,4586,116900
134,116,90,243598,1726,4676,102900
135,97,97,243499,1728,4773,117800
136,99,99,243402,1726,4872,103200
137,88,90,243309,1729,4962,112400
138,76,80,243234,1724,5042,113800
139,102,89,243132,1737,5131,120500
140,83,90,243046,1733,5221,123600
141,97,101,242960,1718,5322,122500
142,100,96,242854,1728,5418,112600
143,96,87,242761,1734,5505,113000
144,99,80,242658,1757,5585,130400
145,121,94,242538,1783,5679,115000
146,127,92,242411,1818,5771,109900
147,100,113,242311,1805,5884,110400
148,115,88,242204,1824,5972,111900
149,116,85,242081,1862,6057,127800
150,93,108,241989,1846,6165,104600
151,117,108,241868,1859,6273,112600
152,91,98,241780,1849,6371,106400
153,100,109,241677,1843,6480,114400
154,90,82,241585,1853,6562,121700
155,103,95,241489,1854,6657,111400
156,107,102,241380,1861,6759,123300
157,126,96,241252,1893,6855,120700
158,112,116,241138,1891,6971,140700
159,109,95,241030,1904,7066,111800
160,99,107,240932,1895,7173,128600
161,109,115,240824,1888,7288,132700
162,116,94,240705,1913,7382,128400
163,110,98,240600,1920,7480,198400
164,116,103,240484,1933,7583,125100
165,117,118,240366,1933,7701,106300
166,125,107,240243,1949,7808,122800
167,110,106,240130,1956,7914,115000
168,128,101,240000,1985,8015,114600
169,132,97,239873,2015,8112,122700
170,136,118,239732,2038,8230,121400
171,143,96,239591,2083,8326,124800
172,118,108,239474,2092,8434,124900
173,109,104,239364,2098,8538,119900
174,143,126,239223,2113,8664,110700
175,133,123,239088,2125,8787,127100
176,135,113,238951,2149,8900,115600
177,123,109,238827,2164,9009,108200
178,114,121,238715,2155,9130,116300
179,127,103,238591,2176,9233,128000
180,136,125,238454,2188,9358,124900
181,131,107,238321,2214,9465,121900
182,127,132,238198,2205,9597,125800
183,107,116,238090,2197,9713,112500
184,127,100,237958,2229,9813,114100
185,112,116,237852,2219,9929,114600
186,120,91,237729,2251,10020,125500
187,127,116,237606,2258,10136,205400
188,145,109,237462,2293,10245,117000
189,164,117,237296,2342,10362,117300
190,126,122,237168,2348,10484,118100
191,124,121,237044,2351,10605,120800
192,136,118,236908,2369,10723,113300
193,147,128,236765,2384,10851,233200
194,131,109,236628,2412,10960,113100
195,143,133,236487,2420,11093,117000
196,141,121,236350,2436,11214,120600
197,151,136,236197,2453,11350,121000
198,131,135,236068,2447,11485,121800
199,129,121,235933,2461,11606,117000
200,152,132,235784,2478,11738,121200
201,137,138,235649,2475,11876,125100
202,126,116,235523,2485,11992,112200
203,150,120,235371,2517,12112,133600
204,152,129,235220,2539,12241,118000
205,159,114,235064,2581,12355,110500
206,153,123,234909,2613,12478,110300
207,162,120,234749,2653,12598,127500
208,149,137,234594,2671,12735,112800
209,173,126,234424,2715,12861,114900
210,168,129,234254,2756,12990,133800
211,166,120,234095,2795,13110,114400
212,167,145,233920,2825,13255,129000
213,148,146,233777,2822,13401,122400
214,133,138,233643,2818,13539,124000
215,155,146,233485,2830,13685,121100
216,144,154,233342,2819,13839,130500
217,163,156,233179,2826,13995,112200
218,189,144,232995,2866,14139,124900
219,176,147,232817,2897,14286,124400
220,200,168,232620,2926,14454,120600
221,167,151,232448,2947,14605,126500
222,175,149,232275,2971,14754,107600
223,171,139,232101,3006,14893,122000
224,161,171,231942,2994,15064,128700
225,167,150,231769,3017,15214,126700
226,170,168,231605,3013,15382,118800
227,153,150,231451,3017,15532,125300
228,148,160,231302,3006,15692,116800
229,157,138,231149,3021,15830,120200
230,167,166,230981,3023,15996,121200
231,174,159,230804,3041,16155,103900
232,153,147,230652,3046,16302,124700
233,167,156,230482,3060,16458,122800
234,175,136,230311,3095,16594,115900
235,189,154,230120,3132,16748,123400
236,166,167,229957,3128,16915,123200
237,183,190,229774,3121,17105,126900
238,177,170,229600,3125,17275,142500
239,161,170,229432,3123,17445,124100
240,177,177,229257,3121,17622,125200
241,195,161,229063,3154,17783,108400
242,172,140,228895,3182,17923,113000
243,178,189,228715,3173,18112,117600
244,155,162,228555,3171,18274,127300
245,167,152,228390,3184,18426,132800
246,193,151,228195,3228,18577,126500
247,171,158,228027,3238,18735,129400
248,175,154,227852,3259,18889,110700
249,157,174,227708,3229,19063,134100
250,182,156,227509,3272,19219,127600
251,142,193,227368,3220,19412,120100
252,158,188,227209,3191,19600,116700
253,155,165,227061,3174,19765,116100
254,169,148,226889,3198,19913,122200
255,148,168,226741,3178,20081,151000
256,157,181,226580,3158,20262,129700
257,165,143,226423,3172,20405,125800
258,151,155,226268,3172,20560,120600
259,155,190,226113,3137,20750,123800
260,167,162,225943,3145,20912,127100
261,144,173,225805,3110,21085,134300
262,172,164,225630,3121,21249,132300
263,151,167,225479,3105,21416,123900
264,157,147,225326,3111,21563,122100
265,147,149,225176,3112,21712,122400
266,183,146,224989,3153,21858,127000
267,155,153,224837,3152,22011,140600
268,168,182,224666,3141,22193,136000
269,162,147,224507,3153,22340,125800
270,207,185,224302,3173,22525,124500
271,170,158,224127,3190,22683,125700
272,154,160,223974,3183,22843,122800
273,188,176,223783,3198,23019,130900
274,136,189,223645,3147,23208,238600
275,171,168,223476,3148,23376,119500
276,153,163,223324,3137,23539,131900
277,175,151,223155,3155,23690,137100
278,172,153,222985,3172,23843,132400
279,173,181,222810,3166,24024,119200
280,164,174,222638,3164,24198,129600
281,162,153,222480,3169,24351,112800
282,180,155,222303,3191,24506,117200
283,186,164,222116,3214,24670,129300
284,163,171,221951,3208,24841,113200
285,160,167,221797,3195,25008,124400
286,174,167,221626,3199,25175,127000
287,172,166,221444,3215,25341,129500
288,197,163,221253,3243,25504,133700
289,185,183,221077,3236,25687,116900
290,191,194,220874,3245,25881,131800
291,168,182,220704,3233,26063,117500
292,166,149,220539,3249,26212,132500
293,180,153,220362,3273,26365,122500
294,184,184,220175,3276,26549,128100
295,174,182,220007,3262,26731,122100
296,177,180,219820,3269,26911,130800
297,152,159,219667,3263,27070,124700
298,163,194,219508,3228,27264,118200
299,161,180,219346,3210,27444,117600
300,163,164,219187,3205,27608,121800
301,194,176,218992,3224,27784,135900
302,162,159,218828,3229,27943,129600
303,184,173,218645,3239,28116,117900
304,163,194,218483,3207,28310,154000
305,147,144,218330,3216,28454,118200
306,149,190,218186,3170,28644,128400
307,144,161,218043,3152,28805,131500
308,158,150,217883,3162,28955,140300
309,127,162,217752,3131,29117,128200
310,143,149,217611,3123,29266,125200
311,154,176,217464,3094,29442,125300
312,135,164,217320,3074,29606,127200
313,154,162,217172,3060,29768,126100
314,154,150,217023,3059,29918,132600
315,155,165,216861,3056,30083,140400
316,141,122,216714,3081,30205,136300
317,160,168,216562,3065,30373,124000
318,174,161,216386,3080,30534,143600
319,163,169,216222,3075,30703,112900
320,149,157,216072,3068,30860,120700
321,154,140,215925,3075,31000,130200
322,161,164,215758,3078,31164,117900
323,166,154,215593,3089,31318,127600
324,170,152,215423,3107,31470,130000
325,159,168,215267,3095,31638,119000
326,176,165,215087,3110,31803,128800
327,156,150,214934,3113,31953,109200
328,163,153,214772,3122,32106,124300
329,167,187,214605,3102,32293,144700
330,163,157,214438,3112,32450,138500
331,196,173,214245,3132,32623,130700
332,178,159,214072,3146,32782,136800
333,176,145,213892,3181,32927,129200
334,197,154,213698,3221,33081,118400
335,158,156,213541,3222,33237,125000
336,186,176,213351,3236,33413,123900
337,197,175,213155,3257,33588,103200
338,167,151,212995,3266,33739,135400
339,194,170,212789,3302,33909,140600
340,165,190,212627,3274,34099,134500
341,183,152,212440,3309,34251,125000
342,161,191,212287,3271,34442,118400
343,183,184,212102,3272,34626,135200
344,178,160,211930,3284,34786,135200
345,192,152,211728,3334,34938,123900
346,169,178,211556,3328,35116,121900
347,170,165,211394,3325,35281,141100
348,149,174,211245,3300,35455,127100
349,181,169,211064,3312,35624,125000
350,179,163,210886,3327,35787,163200
351,167,190,210709,3314,35977,131300
352,169,163,210542,3318,36140,122300
353,181,191,210367,3302,36331,147900
354,176,156,210183,3330,36487,136800
355,200,160,209989,3364,36647,110800
356,204,161,209791,3401,36808,134500
357,162,158,209622,3412,36966,119500
358,210,181,209419,3434,37147,138700
359,197,202,209220,3431,37349,123700
360,177,163,209038,3450,37512,136500
361,167,177,208869,3442,37689,137900
362,187,183,208690,3438,37872,134600
363,185,196,208501,3431,38068,131400
364,183,181,208312,3439,38249,131700
365,184,168,208136,3447,38417,126600
366,202,164,207928,3491,38581,135100
367,168,171,207762,3486,38752,140200
368,189,188,207572,3488,38940,128100
369,175,175,207401,3484,39115,137300
370,180,164,207221,3500,39279,119400
371,182,195,207033,3493,39474,124400
372,219,179,206817,3530,39653,131800
373,176,186,206636,3525,39839,132700
374,185,183,206455,3523,40022,122100
375,184,170,206281,3527,40192,130400
376,182,197,206094,3517,40389,133600
377,198,168,205894,3549,40557,125100
378,189,201,205707,3535,40758,121900
379,195,178,205511,3553,40936,131200
380,196,168,205311,3585,41104,128100
381,196,188,205122,3586,41292,132300
382,181,186,204940,3582,41478,132200
383,195,201,204744,3577,41679,123500
384,190,167,204558,3596,41846,120800
385,178,166,204373,3615,42012,120300
386,192,166,204186,3636,42178,115900
387,206,174,203973,3675,42352,143800
388,223,174,203754,3720,42526,122800
389,197,200,203552,3722,42726,137100
390,184,205,203385,3684,42931,129100
391,216,181,203156,3732,43112,121900
392,205,194,202951,3743,43306,141200
393,181,212,202770,3712,43518,131500
394,201,185,202570,3727,43703,123900
395,194,191,202372,3734,43894,132300
396,215,191,202164,3751,44085,125400
397,193,187,201966,3762,44272,133100
398,177,190,201790,3748,44462,133600
399,212,196,201578,3764,44658,134400
400,166,219,201412,3711,44877,132300
401,206,171,201205,3747,45048,138700
402,204,181,201003,3768,45229,124800
403,185,212,200814,3745,45441,131000
404,177,188,200644,3727,45629,118000
405,187,208,200452,3711,45837,112300
406,164,189,200288,3686,46026,133600
407,184,186,200110,3678,46212,129000
408,184,193,199923,3672,46405,125900
409,180,195,199742,3658,46600,131000
410,180,189,199560,3651,46789,137300
411,183,184,199388,3639,46973,131000
412,165,162,199210,3655,47135,123700
413,182,193,199035,3637,47328,129800
414,184,216,198847,3609,47544,117300
415,172,218,198672,3566,47762,151600
416,199,186,198476,3576,47948,135600
417,184,182,198290,3580,48130,136000
418,184,170,198110,3590,48300,131000
419,173,184,197935,3581,48484,133600
420,169,185,197759,3572,48669,121800
421,171,177,197593,3561,48846,128300
422,189,178,197411,3565,49024,130300
423,201,175,197207,3594,49199,122500
424,178,162,197029,3610,49361,125100
425,194,204,196835,3600,49565,134700
426,186,185,196647,3603,49750,120700
427,166,191,196487,3572,49941,118900
428,170,162,196310,3587,50103,143400
429,187,184,196119,3594,50287,140600
430,163,179,195959,3575,50466,133200
431,174,170,195783,3581,50636,123900
432,197,180,195587,3597,50816,127500
433,208,201,195385,3598,51017,134100
434,184,184,195202,3597,51201,146900
435,203,188,194998,3613,51389,138100
436,218,176,194782,3653,51565,136800
437,198,197,194577,3661,51762,135800
438,168,176,194415,3647,51938,132100
439,223,182,194194,3686,52120,127100
440,210,171,193980,3729,52291,115200
441,207,186,193771,3752,52477,133200
442,213,207,193563,3753,52684,136500
443,174,155,193382,3779,52839,131900
444,204,234,193183,3744,53073,121100
445,189,205,192992,3730,53278,139700
446,192,205,192800,3717,53483,145300
447,173,180,192623,3714,53663,128000
448,181,191,192439,3707,53854,124200
449,192,179,192252,3715,54033,151900
450,206,206,192047,3714,54239,131900
451,192,181,191853,3727,54420,124300
452,202,192,191656,3732,54612,127900
453,190,209,191466,3713,54821,124000
454,202,201,191260,3718,55022,126500
455,212,206,191046,3726,55228,145200
456,199,172,190848,3752,55400,120700
457,196,193,190658,3749,55593,112900
458,177,200,190476,3731,55793,131900
459,191,155,190283,3769,55948,128100
460,199,181,190088,3783,56129,118500
461,200,185,189891,3795,56314,129800
462,201,207,189689,3790,56521,121200
463,182,208,189506,3765,56729,127000
464,233,208,189277,3786,56937,121700
465,192,204,189090,3769,57141,122300
466,152,168,188924,3767,57309,135900
467,193,194,188735,3762,57503,122100
468,216,186,188517,3794,57689,124000
469,197,202,188321,3788,57891,133400
470,201,207,188120,3782,58098,115500
471,205,191,187909,3802,58289,133900
472,188,203,187726,3782,58492,125700
473,186,184,187542,3782,58676,233400
474,215,195,187332,3797,58871,138100
475,227,183,187099,3847,59054,119400
476,200,198,186898,3850,59252,130700
477,193,199,186705,3844,59451,122300
478,224,203,186485,3861,59654,111000
479,215,196,186270,3880,59850,134100
480,216,201,186059,3890,60051,184500
481,218,209,185834,3906,60260,129300
482,180,210,185648,3882,60470,124600
483,201,220,185451,3859,60690,122000
484,204,227,185248,3835,60917,129200
485,223,206,185031,3846,61123,125000
486,214,209,184810,3858,61332,133800
487,236,223,184580,3865,61555,137400
488,206,203,184371,3871,61758,137600
489,238,197,184134,3911,61955,127800
490,254,202,183881,3962,62157,124400
491,203,205,183685,3953,62362,119700
492,212,193,183462,3983,62555,127500
493,231,204,183235,4006,62759,126400
494,206,226,183026,3989,62985,128800
495,200,192,182825,3998,63177,131300
496,216,229,182608,3986,63406,138800
497,201,196,182407,3991,63602,133300
498,195,195,182217,3986,63797,131000
499,202,214,182014,3975,64011,130900
500,194,199,181815,3975,64210,124400
501,221,191,181596,4003,64401,134800
502,181,208,181414,3977,64609,126900
503,197,203,181220,3968,64812,132500
504,194,194,181027,3967,65006,130100
505,184,208,180837,3949,65214,119700
506,203,211,180636,3939,65425,111800
507,207,196,180429,3950,65621,122200
508,232,211,180203,3965,65832,129700
509,196,248,179998,3922,66080,119100
510,200,221,179805,3894,66301,122500
511,214,211,179589,3899,66512,120400
512,218,194,179370,3924,66706,131300
513,195,207,179172,3915,66913,131200
514,176,202,179005,3880,67115,117400
515,191,189,178808,3888,67304,119100
516,182,208,178627,3861,67512,122900
517,181,194,178447,3847,67706,127700
518,215,184,178228,3882,67890,119100
519,186,184,178041,3885,68074,129200
520,208,191,177839,3896,68265,126500
521,197,193,177638,3904,68458,120000
522,224,194,177423,3925,68652,135700
523,191,199,177224,3925,68851,132500
524,191,190,177034,3925,69041,120900
525,180,198,176851,3910,69239,122100
526,196,215,176658,3888,69454,136700
527,206,210,176453,3883,69664,122300
528,183,216,176273,3847,69880,124800
529,198,222,176067,3831,70102,137700
530,210,211,175869,3818,70313,125600
531,209,190,175651,3846,70503,132800
532,182,195,175465,3837,70698,125700
533,185,194,175289,3819,70892,132300
534,177,176,175109,3823,71068,127700
535,217,185,174896,3851,71253,133600
536,188,183,174697,3867,71436,133700
537,208,197,174494,3873,71633,136100
538,174,208,174320,3839,71841,133500
539,181,208,174142,3809,72049,124100
540,190,225,173948,3778,72274,143100
541,176,207,173777,3742,72481,128000
542,175,181,173599,3739,72662,127900
543,180,165,173425,3748,72827,118800
544,194,184,173225,3764,73011,126700
545,175,190,173049,3750,73201,115700
546,198,209,172856,3734,73410,130400
547,200,207,172653,3730,73617,119200
548,178,183,172474,3726,73800,131800
549,172,205,172300,3695,74005,128300
550,211,161,172092,3742,74166,125500
551,228,224,171861,3749,74390,133500
552,212,186,171662,3762,74576,123500
553,178,174,171475,3775,74750,151600
554,189,191,171279,3780,74941,132500
555,204,191,171079,3789,75132,126000
556,182,208,170903,3757,75340,120600
557,158,223,170734,3703,75563,135100
558,169,204,170563,3670,75767,135000
559,211,190,170364,3679,75957,125900
560,179,177,170182,3684,76134,147600
561,201,193,169978,3695,76327,140600
562,202,215,169783,3675,76542,130500
563,190,191,169588,3679,76733,132600
564,175,189,169409,3669,76922,141200
565,193,202,169228,3648,77124,127000
566,208,198,169012,3666,77322,137600
567,181,198,168828,3652,77520,137000
568,176,180,168655,3645,77700,113500
569,182,196,168474,3630,77896,129000
570,203,167,168266,3671,78063,131700
571,189,177,168084,3676,78240,124900
572,196,177,167888,3695,78417,128700
573,189,192,167692,3699,78609,129300
574,182,215,167509,3667,78824,139200
575,177,197,167334,3645,79021,122300
576,211,168,167127,3684,79189,123500
577,219,216,166908,3687,79405,129600
578,188,199,166716,3680,79604,125400
579,186,187,166533,3676,79791,166000
580,197,197,166340,3672,79988,117000
581,173,205,166159,3648,80193,118200
582,215,194,165945,3668,80387,125200
583,196,189,165754,3670,80576,122800
584,175,198,165573,3653,80774,122600
585,189,182,165389,3655,80956,120000
586,204,184,165185,3675,81140,132800
587,226,179,164965,3716,81319,126200
588,204,183,164760,3738,81502,133800
589,191,181,164561,3756,81683,143100
590,216,186,164351,3780,81869,128100
591,238,203,164111,3817,82072,120800
592,204,197,163907,3824,82269,118800
593,202,188,163702,3841,82457,118700
594,217,181,163493,3869,82638,136700
595,207,185,163279,3898,82823,127700
596,200,185,163084,3908,83008,130500
597,232,230,162857,3905,83238,130600
598,187,203,162659,3900,83441,119000
599,222,186,162438,3935,83627,131300
600,213,212,162228,3933,83839,143200
601,223,200,162002,3959,84039,138300
602,210,189,161796,3976,84228,136800
603,218,199,161578,3995,84427,139200
604,211,203,161362,4008,84630,169000
605,209,209,161154,4007,84839,123300
606,216,223,160937,4001,85062,148600
607,188,200,160754,3984,85262,132700
608,223,182,160527,4029,85444,132900
609,218,189,160315,4052,85633,167600
610,168,184,160143,4040,85817,141300
611,205,196,159937,4050,86013,138500
612,211,201,159727,4059,86214,244500
613,209,214,159514,4058,86428,157300
614,198,192,159322,4058,86620,122800
615,224,161,159097,4122,86781,124000
616,208,211,158886,4122,86992,136900
617,223,232,158663,4113,87224,125900
618,207,203,158454,4119,87427,223900
619,239,199,158220,4154,87626,128000
620,207,194,158006,4174,87820,122600
621,233,217,157774,4189,88037,120000
622,194,213,157585,4165,88250,132900
623,196,224,157388,4138,88474,134800
624,200,200,157184,4142,88674,135100
625,216,225,156980,4121,88899,129600
626,211,242,156764,4095,89141,136700
627,230,202,156531,4126,89343,129200
628,205,186,156323,4148,89529,124600
629,254,211,156078,4182,89740,124600
630,200,205,155866,4189,89945,132900
631,213,220,155662,4173,90165,130300
632,200,211,155452,4172,90376,141000
633,206,220,155254,4150,90596,127700
634,211,222,155041,4141,90818,118300
635,205,196,154836,4150,91014,104900
636,216,182,154622,4182,91196,135900
637,191,215,154432,4157,91411,123700
638,198,215,154238,4136,91626,133300
639,190,199,154042,4133,91825,122100
640,196,206,153844,4125,92031,227200
641,199,209,153646,4114,92240,127000
642,176,224,153466,4070,92464,124700
643,212,211,153253,4072,92675,119000
644,205,214,153049,4062,92889,136500
645,191,215,152860,4036,93104,120500
646,200,198,152665,4033,93302,123200
647,199,225,152466,4007,93527,128300
648,208,216,152254,4003,93743,112500
649,184,219,152072,3966,93962,133400
650,187,192,151883,3963,94154,205200
651,197,224,151686,3936,94378,129200
652,183,190,151503,3929,94568,121200
653,183,203,151330,3899,94771,121900
654,175,199,151143,3887,94970,159700
655,172,216,150969,3845,95186,125500
656,198,191,150774,3849,95377,138100
657,210,204,150570,3849,95581,146100
658,162,201,150402,3816,95782,130900
659,175,189,150236,3793,95971,140300
660,190,184,150042,3803,96155,133400
661,214,186,149822,3837,96341,116300
662,185,180,149638,3841,96521,124700
663,215,222,149425,3832,96743,114500
664,181,181,149242,3834,96924,139500
665,183,181,149060,3835,97105,126100
666,198,200,148857,3838,97305,127100
667,198,194,148656,3845,97499,128300
668,224,185,148440,3876,97684,126800
669,199,206,148242,3868,97890,120200
670,212,189,148035,3886,98079,134500
671,195,196,147836,3889,98275,130300
672,188,199,147643,3883,98474,122800
673,190,198,147458,3870,98672,116400
674,188,226,147273,3829,98898,129800
675,187,187,147080,3835,99085,124100
676,181,204,146898,3813,99289,122400
677,184,207,146725,3779,99496,123600
678,192,170,146526,3808,99666,125300
679,197,169,146336,3829,99835,135700
680,181,197,146145,3823,100032,134000
681,196,196,145949,3823,100228,140800
682,164,203,145781,3788,100431,127700
683,199,208,145592,3769,100639,131600
684,187,183,145401,3777,100822,136600
685,184,183,145214,3781,101005,131900
686,203,194,145017,3784,101199,124800
687,177,210,144833,3758,101409,131300
688,167,192,144672,3727,101601,126800
689,201,181,144472,3746,101782,137700
690,202,216,144268,3734,101998,129500
691,176,218,144095,3689,102216,130900
692,218,186,143871,3727,102402,131900
693,215,197,143651,3750,102599,129600
694,182,202,143479,3720,102801,151000
695,209,174,143271,3754,102975,133100
696,206,170,143064,3791,103145,144400
697,200,209,142862,3784,103354,145500
698,197,202,142663,3781,103556,137100
699,223,180,142449,3815,103736,118800
700,217,197,142226,3841,103933,122500
701,207,191,142011,3865,104124,136600
702,206,205,141812,3859,104329,129600
703,234,189,141583,3899,104518,127100
704,185,200,141390,3892,104718,122100
705,211,202,141179,3901,104920,127800
706,228,193,140954,3933,105113,132400
707,217,218,140737,3932,105331,130100
708,242,199,140498,3972,105530,132600
709,207,186,140290,3994,105716,116000
710,207,183,140083,4018,105899,132000
711,215,197,139866,4038,106096,123100
712,209,203,139652,4049,106299,180600
713,232,191,139425,4085,106490,142900
714,216,204,139210,4096,106694,123100
715,218,182,138990,4134,106876,133200
716,224,229,138765,4130,107105,128900
717,192,199,138573,4123,107304,114300
718,216,229,138367,4100,107533,126900
719,230,215,138129,4123,107748,115400
720,188,220,137942,4090,107968,131000
721,189,208,137750,4074,108176,139500
722,190,215,137557,4052,108391,152800
723,211,208,137348,4053,108599,135500
724,206,226,137149,4026,108825,119000
725,192,208,136950,4017,109033,134800
726,195,212,136749,4006,109245,134300
727,209,192,136555,4008,109437,129600
728,215,205,136333,4025,109642,135600
729,221,227,136114,4017,109869,141100
730,186,220,135920,3991,110089,126100
731,181,196,135742,3973,110285,129400
732,203,202,135539,3974,110487,123700
733,208,226,135341,3946,110713,147200
734,191,203,135139,3945,110916,137400
735,190,199,134956,3929,111115,153400
736,192,226,134760,3899,111341,136500
737,182,189,134584,3886,111530,122300
738,191,219,134391,3860,111749,128400
739,200,190,134192,3869,111939,139500
740,200,213,133987,3861,112152,143000
741,208,203,133777,3868,112355,124400
742,204,182,133570,3893,112537,140400
743,185,174,133393,3896,112711,113300
744,198,224,133191,3874,112935,123500
745,192,203,133001,3861,113138,125500
746,234,221,132772,3869,113359,138200
747,228,179,132541,3921,113538,133100
748,209,195,132333,3934,113733,126900
749,214,206,132117,3944,113939,132900
750,190,221,131929,3911,114160,143300
751,205,197,131729,3914,114357,130500
752,205,199,131524,3920,114556,129100
753,251,211,131271,3962,114767,131000
754,223,192,131038,4003,114959,127500
755,233,205,130811,4025,115164,140400
756,208,223,130598,4015,115387,140900
757,233,209,130372,4032,115596,135400
758,213,204,130157,4043,115800,136000
759,201,199,129961,4040,115999,138600
760,218,214,129735,4052,116213,134300
761,170,197,129563,4027,116410,138400
762,215,209,129352,4029,116619,135900
763,223,198,129128,4055,116817,121300
764,190,220,128939,4024,117037,137900
765,204,208,128731,4024,117245,110800
766,193,216,128538,4001,117461,121600
767,194,204,128344,3991,117665,121100
768,204,210,128143,3982,117875,120600
769,212,198,127930,3997,118073,131600
770,215,207,127716,4004,118280,140800
771,197,217,127519,3984,118497,123900
772,199,247,127319,3937,118744,146600
773,183,216,127131,3909,118960,143800
774,210,210,126919,3911,119170,119500
775,193,204,126737,3889,119374,142800
776,190,203,126538,3885,119577,127500
777,219,191,126334,3898,119768,139800
778,202,204,126130,3898,119972,124000
779,224,200,125905,3923,120172,122200
780,212,197,125688,3943,120369,191900
781,201,203,125490,3938,120572,126000
782,227,193,125265,3970,120765,120500
783,198,214,125059,3962,120979,128300
784,246,231,124812,3978,121210,229600
785,184,190,124629,3971,121400,144900
786,201,200,124430,3970,121600,137100
787,187,206,124236,3958,121806,140700
788,204,219,124036,3939,122025,141800
789,181,229,123855,3891,122254,136900
790,215,187,123646,3913,122441,128800
791,207,200,123438,3921,122641,133700
792,197,192,123235,3932,122833,123800
793,212,200,123023,3944,123033,136800
794,195,199,122829,3939,123232,129100
795,181,200,122651,3917,123432,133400
796,235,187,122413,3968,123619,130000
797,181,193,122235,3953,123812,135800
798,197,202,122033,3953,124014,122600
799,206,207,121827,3952,124221,132000
800,203,218,121629,3932,124439,140400
801,189,204,121435,3922,124643,140900
802,197,193,121250,3914,124836,132900
803,197,208,121044,3912,125044,126000
804,207,207,120837,3912,125251,128200
805,183,215,120661,3873,125466,143700
806,204,186,120458,3890,125652,141600
807,183,188,120263,3897,125840,137400
808,198,212,120067,3881,126052,142800
809,214,201,119860,3887,126253,123100
810,197,199,119662,3886,126452,117800
811,205,196,119464,3888,126648,145900
812,213,200,119242,3910,126848,142600
813,230,199,119023,3930,127047,127800
814,228,206,118783,3964,127253,125400
815,229,205,118563,3979,127458,149700
816,246,212,118310,4020,127670,133500
817,210,197,118105,4028,127867,136800
818,224,219,117878,4036,128086,129900
819,251,233,117619,4062,128319,138100
820,237,210,117389,4082,128529,121600
821,212,209,117176,4086,128738,146600
822,247,241,116928,4093,128979,148600
823,232,224,116699,4098,129203,130800
824,214,218,116482,4097,129421,139600
825,207,237,116272,4070,129658,123600
826,245,205,116038,4099,129863,133600
827,235,184,115797,4156,130047,134800
828,204,210,115595,4148,130257,153300
829,245,220,115348,4175,130477,151600
830,212,230,115130,4163,130707,132300
831,217,200,114922,4171,130907,131200
832,241,231,114683,4179,131138,123600
833,225,207,114448,4207,131345,128900
834,251,213,114208,4234,131558,147800
835,187,217,114009,4216,131775,139700
836,230,235,113781,4209,132010,135000
837,226,216,113563,4211,132226,137000
838,239,206,113324,4244,132432,143600
839,197,211,113119,4238,132643,141100
840,239,216,112882,4259,132859,157100
841,213,235,112669,4237,133094,124200
842,224,239,112447,4220,133333,136900
843,185,227,112260,4180,133560,133400
844,203,224,112053,4163,133784,145500
845,223,206,111832,4178,133990,131500
846,212,212,111629,4169,134202,118900
847,202,185,111418,4195,134387,127900
848,232,224,111191,4198,134611,140000
849,227,238,110962,4189,134849,122300
850,227,215,110736,4200,135064,124500
851,240,194,110498,4244,135258,125700
852,222,222,110268,4252,135480,141200
853,220,220,110046,4254,135700,145500
854,202,228,109851,4221,135928,119000
855,224,205,109631,4236,136133,142700
856,218,232,109408,4227,136365,136900
857,223,212,109187,4236,136577,144000
858,202,225,108980,4218,136802,140600
859,206,237,108779,4182,137039,129000
860,196,229,108581,4151,137268,122700
861,204,218,108377,4137,137486,133100
862,196,218,108179,4117,137704,139900
863,211,205,107970,4121,137909,149800
864,223,192,107746,4153,138101,136200
865,212,203,107536,4160,138304,139100
866,208,215,107326,4155,138519,127000
867,227,228,107106,4147,138747,126300
868,186,197,106913,4143,138944,135300
869,212,229,106701,4126,139173,142400
870,195,199,106500,4128,139372,128700
871,194,199,106315,4114,139571,130200
872,235,221,106083,4125,139792,130600
873,208,204,105871,4133,139996,127900
874,224,204,105651,4149,140200,118300
875,201,215,105450,4135,140415,109000
876,227,215,105219,4151,140630,127100
877,205,215,105012,4143,140845,115100
878,237,217,104778,4160,141062,128700
879,196,228,104575,4135,141290,145400
880,245,209,104338,4163,141499,135900
881,196,236,104137,4128,141735,150000
882,203,214,103939,4112,141949,140700
883,189,207,103743,4101,142156,124200
884,197,183,103550,4111,142339,145000
885,219,221,103331,4109,142560,148400
886,218,213,103114,4113,142773,135100
887,194,193,102918,4116,142966,139700
888,177,228,102739,4067,143194,140300
889,202,212,102532,4062,143406,144200
890,209,212,102330,4052,143618,135100
891,192,199,102147,4036,143817,129500
892,199,208,101942,4033,144025,145100
893,220,197,101719,4059,144222,136300
894,206,184,101517,4077,144406,133200
895,200,201,101317,4076,144607,129700
896,217,211,101101,4081,144818,133800
897,211,194,100888,4100,145012,124100
898,202,210,100692,4086,145222,139600
899,207,213,100474,4091,145435,127100
900,202,235,100277,4053,145670,137700
901,195,239,100077,4014,145909,127900
902,208,203,99868,4020,146112,140000
903,193,198,99679,4011,146310,153900
904,219,182,99459,4049,146492,145300
905,206,213,99261,4034,146705,129800
906,229,214,99025,4056,146919,138500
907,214,198,98817,4066,147117,131200
908,196,198,98622,4063,147315,145100
909,194,204,98422,4059,147519,132500
910,221,195,98204,4082,147714,123700
911,198,207,98003,4076,147921,128800
912,185,196,97817,4066,148117,129100
913,217,199,97600,4084,148316,137700
914,207,208,97399,4077,148524,128100
915,208,237,97185,4054,148761,138400
916,192,195,96996,4048,148956,148100
917,209,216,96793,4035,149172,128300
918,210,215,96581,4032,149387,154500
919,183,217,96390,4006,149604,129600
920,209,182,96182,4032,149786,146300
921,201,227,95983,4004,150013,136300
922,218,205,95767,4015,150218,130000
923,202,204,95559,4019,150422,141300
924,207,213,95358,4007,150635,135800
925,193,219,95157,3989,150854,144100
926,240,209,94923,4014,151063,137100
927,207,208,94713,4016,151271,146600
928,179,215,94537,3977,151486,128700
929,180,197,94353,3964,151683,150100
930,177,219,94181,3917,151902,142900
931,193,198,93984,3916,152100,143200
932,182,185,93804,3911,152285,131800
933,219,199,93592,3924,152484,135200
934,199,192,93387,3937,152676,122800
935,211,237,93177,3910,152913,135800
936,219,204,92963,3920,153117,125200
937,193,188,92767,3928,153305,127400
938,207,210,92557,3928,153515,147300
939,190,181,92363,3941,153696,145800
940,232,198,92129,3977,153894,124200
941,206,201,91928,3977,154095,132100
942,191,204,91736,3965,154299,129100
943,190,223,91543,3935,154522,127500
944,216,186,91336,3956,154708,146900
945,220,190,91106,3996,154898,143500
946,192,200,90924,3978,155098,129000
947,211,225,90710,3967,155323,126300
948,206,201,90496,3980,155524,137300
949,180,181,90324,3971,155705,127600
950,200,204,90117,3974,155909,139300
951,187,194,89934,3963,156103,132000
952,196,216,89741,3940,156319,143200
953,194,201,89547,3933,156520,134400
954,203,204,89337,3939,156724,141300
955,217,196,89125,3955,156920,129900
956,166,207,88961,3912,157127,133800
957,187,199,88777,3897,157326,166500
958,192,211,88581,3882,157537,141200
959,184,202,88388,3873,157739,136600
960,202,204,88191,3866,157943,144900
961,170,224,88021,3812,158167,140100
962,227,180,87798,3855,158347,138700
963,220,191,87580,3882,158538,132500
964,209,203,87374,3885,158741,148300
965,220,197,87153,3909,158938,142400
966,217,187,86930,3945,159125,142600
967,218,208,86715,3952,159333,138400
968,217,219,86497,3951,159552,128700
969,239,184,86261,4003,159736,130100
970,225,225,86033,4006,159961,139200
971,233,199,85799,4041,160160,131500
972,210,216,85585,4039,160376,146800
973,207,180,85382,4062,160556,134800
974,200,195,85183,4066,160751,134400
975,209,213,84975,4061,160964,123400
976,203,204,84768,4064,161168,140700
977,208,191,84563,4078,161359,114900
978,198,204,84364,4073,161563,131400
979,207,233,84163,4041,161796,145300
980,207,200,83952,4052,161996,130400
981,218,208,83732,4064,162204,132200
982,199,179,83528,4089,162383,122600
983,229,214,83311,4092,162597,132400
984,211,210,83092,4101,162807,127300
985,218,228,82873,4092,163035,126500
986,194,227,82681,4057,163262,136400
987,198,218,82482,4038,163480,127300
988,217,225,82271,4024,163705,122300
989,224,211,82050,4034,163916,169100
990,203,240,81840,4004,164156,130600
991,177,228,81659,3957,164384,133800
992,211,201,81449,3966,164585,129700
993,211,221,81243,3951,164806,138500
994,203,202,81035,3957,165008,143200
995,209,212,80832,3948,165220,139200
996,209,227,80626,3927,165447,146200
997,225,175,80401,3977,165622,139300
998,217,194,80175,4009,165816,137300
999,243,207,79936,4041,166023,130000
1000,217,232,79716,4029,166255,137400
1001,210,204,79504,4037,166459,139000
1002,210,194,79299,4048,166653,139100
1003,191,183,79105,4059,166836,132700
1004,239,223,78875,4066,167059,124700
1005,243,214,78626,4101,167273,121000
1006,181,247,78439,4041,167520,137100
1007,189,224,78253,4003,167744,132600
1008,196,223,78053,3980,167967,134600
1009,226,217,77832,3984,168184,133500
1010,199,189,77633,3994,168373,149400
1011,226,214,77404,4009,168587,132700
1012,213,218,77195,4000,168805,128800
1013,206,187,76991,4017,168992,132800
1014,161,224,76829,3955,169216,126100
1015,219,189,76610,3985,169405,134900
1016,185,175,76419,4001,169580,135400
1017,231,200,76191,4029,169780,122500
1018,196,183,75993,4044,169963,146900
1019,217,190,75781,4066,170153,121600
1020,221,185,75560,4102,170338,137200
1021,184,215,75370,4077,170553,115300
1022,205,197,75165,4085,170750,129400
1023,218,204,74948,4098,170954,151400
1024,207,211,74739,4096,171165,130800
1025,207,226,74535,4074,171391,142500
1026,194,211,74345,4053,171602,122900
1027,194,217,74151,4030,171819,134600
1028,204,197,73945,4039,172016,123400
1029,204,205,73746,4033,172221,132600
1030,214,194,73522,4063,172415,137300
1031,177,190,73345,4050,172605,142700
1032,220,218,73131,4046,172823,132000
1033,170,186,72954,4037,173009,147300
1034,183,222,72774,3995,173231,158200
1035,212,213,72562,3994,173444,125700
1036,213,224,72349,3983,173668,138800
1037,178,221,72171,3940,173889,235400
1038,201,176,71966,3969,174065,134800
1039,190,201,71786,3948,174266,136300
1040,223,199,71561,3974,174465,133000
1041,207,203,71351,3981,174668,123100
1042,191,213,71166,3953,174881,127400
1043,177,239,70982,3898,175120,149800
1044,207,204,70770,3906,175324,139700
1045,201,206,70578,3892,175530,125000
1046,192,205,70390,3875,175735,126300
1047,207,219,70187,3859,175954,119100
1048,190,197,69981,3868,176151,127300
1049,190,206,69796,3847,176357,137500
1050,217,206,69580,3857,176563,150400
1051,209,217,69372,3848,176780,142400
1052,177,175,69196,3849,176955,136300
1053,212,186,68993,3866,177141,139500
1054,215,228,68769,3862,177369,130700
1055,190,202,68573,3856,177571,131500
1056,199,219,68381,3829,177790,135900
1057,212,205,68163,3842,177995,136900
1058,210,182,67956,3867,178177,168400
1059,189,172,67764,3887,178349,127500
1060,211,175,67559,3917,178524,217100
1061,214,188,67342,3946,178712,136100
1062,210,202,67129,3957,178914,130200
1063,191,207,66943,3936,179121,157800
1064,226,233,66717,3929,179354,158100
1065,232,181,66483,3982,179535,245700
1066,242,217,66246,4002,179752,151000
1067,211,197,66034,4017,179949,121900
1068,217,234,65814,4003,180183,132400
1069,197,201,65615,4001,180384,135100
1070,214,192,65400,4024,180576,138400
1071,208,229,65200,3995,180805,148800
1072,221,200,64976,4019,181005,117600
1073,189,207,64784,4004,181212,138600
1074,186,195,64604,3989,181407,127900
1075,205,212,64397,3984,181619,130400
1076,194,191,64200,3990,181810,140700
1077,216,208,63987,3995,182018,133800
1078,192,191,63789,4002,182209,139600
1079,219,219,63576,3996,182428,136200
1080,233,205,63339,4028,182633,142500
1081,208,172,63132,4063,182805,140600
1082,237,228,62897,4070,183033,140600
1083,196,203,62700,4064,183236,135000
1084,193,213,62509,4042,183449,146200
1085,203,185,62301,4065,183634,278100
1086,203,210,62101,4055,183844,173900
1087,197,197,61901,4058,184041,128000
1088,203,222,61698,4039,184263,136900
1089,184,207,61520,4010,184470,129100
1090,188,205,61323,4002,184675,269900
1091,203,174,61124,4027,184849,137800
1092,190,225,60933,3993,185074,138800
1093,220,213,60713,4000,185287,137000
1094,190,199,60530,3984,185486,142400
1095,185,204,60338,3972,185690,127900
1096,191,198,60155,3957,185888,136100
1097,199,226,59946,3940,186114,143000
1098,188,181,59766,3939,186295,130200
1099,177,207,59583,3915,186502,139200
1100,200,203,59386,3909,186705,146300
1101,169,207,59211,3877,186912,158900
1102,213,203,59001,3884,187115,139600
1103,199,195,58806,3884,187310,148500
1104,206,230,58594,3866,187540,141700
1105,172,211,58425,3824,187751,149400
1106,190,214,58238,3797,187965,114100
1107,202,201,58029,3805,188166,144300
1108,187,178,57843,3813,188344,131900
1109,205,204,57644,3808,188548,130200
1110,209,188,57432,3832,188736,139700
1111,220,217,57212,3835,188953,132500
1112,209,186,57006,3855,189139,144200
1113,202,212,56796,3853,189351,134400
1114,215,185,56589,3875,189536,136000
1115,219,194,56375,3895,189730,128000
1116,194,212,56176,3882,189942,123700
1117,196,229,55972,3857,190171,142200
1118,192,191,55783,3855,190362,139100
1119,163,198,55621,3819,190560,133300
1120,188,195,55432,3813,190755,138000
1121,194,197,55238,3810,190952,199600
1122,194,176,55046,3826,191128,144500
1123,188,201,54856,3815,191329,135600
1124,197,185,54659,3827,191514,125700
1125,215,199,54449,3838,191713,143200
1126,177,191,54264,3832,191904,130600
1127,171,181,54098,3817,192085,149800
1128,189,198,53907,3810,192283,107500
1129,193,210,53714,3793,192493,144600
1130,192,209,53521,3777,192702,127700
1131,195,209,53329,3760,192911,123700
1132,187,182,53139,3768,193093,128900
1133,192,214,52957,3736,193307,128200
1134,188,200,52766,3727,193507,144400
1135,164,204,52594,3695,193711,137300
1136,179,189,52420,3680,193900,131000
1137,195,184,52224,3692,194084,115700
1138,178,186,52042,3688,194270,122900
1139,185,181,51865,3684,194451,136800
1140,193,196,51670,3683,194647,136100
1141,195,191,51478,3684,194838,120600
1142,180,184,51291,3687,195022,130500
1143,188,180,51103,3695,195202,123800
1144,193,197,50907,3694,195399,132500
1145,189,182,50722,3697,195581,116700
1146,202,200,50528,3691,195781,135900
1147,170,180,50356,3683,195961,132400
1148,175,203,50172,3664,196164,137300
1149,199,183,49978,3675,196347,133000
1150,168,177,49813,3663,196524,119800
1151,142,191,49664,3621,196715,128500
1152,167,170,49498,3617,196885,129800
1153,182,199,49316,3600,197084,119400
1154,161,198,49155,3563,197282,137900
1155,179,195,48978,3545,197477,133100
1156,160,166,48813,3544,197643,135000
1157,189,200,48627,3530,197843,122700
1158,157,189,48466,3502,198032,124300
1159,163,161,48306,3501,198193,129700
1160,165,203,48146,3458,198396,125000
1161,202,180,47944,3480,198576,136500
1162,168,171,47775,3478,198747,132500
1163,188,196,47586,3471,198943,133600
1164,176,156,47407,3494,199099,139300
1165,174,181,47232,3488,199280,122900
1166,155,187,47078,3455,199467,133000
1167,171,193,46912,3428,199660,126800
1168,187,175,46721,3444,199835,118900
1169,184,165,46538,3462,200000,143800
1170,177,175,46360,3465,200175,141900
1171,187,190,46170,3465,200365,140000
1172,185,179,45994,3462,200544,118100
1173,160,193,45827,3436,200737,127300
1174,177,179,45657,3427,200916,132200
1175,187,181,45467,3436,201097,139300
1176,178,175,45285,3443,201272,135500
1177,180,167,45104,3457,201439,130200
1178,191,163,44913,3485,201602,132700
1179,166,169,44748,3481,201771,116700
1180,144,165,44601,3463,201936,128600
1181,165,177,44443,3444,202113,121800
1182,169,173,44278,3436,202286,122800
1183,170,141,44099,3474,202427,129600
1184,160,207,43942,3424,202634,134300
1185,153,153,43789,3424,202787,141100
1186,171,184,43620,3409,202971,222800
1187,151,179,43470,3380,203150,136800
1188,178,150,43291,3409,203300,119400
1189,151,171,43135,3394,203471,133000
1190,165,155,42975,3399,203626,150100
1191,177,176,42791,3407,203802,135700
1192,163,165,42632,3401,203967,149500
1193,170,164,42464,3405,204131,144000
1194,159,190,42301,3378,204321,132900
1195,185,164,42116,3399,204485,120100
1196,170,165,41950,3400,204650,128200
1197,182,166,41762,3422,204816,121200
1198,170,170,41598,3416,204986,132900
1199,186,160,41412,3442,205146,136800
1200,170,164,41242,3448,205310,139200
1201,154,179,41086,3425,205489,134100
1202,184,182,40905,3424,205671,115900
1203,139,169,40763,3397,205840,123400
1204,152,162,40614,3384,206002,122800
1205,168,158,40447,3393,206160,127300
1206,154,169,40288,3383,206329,142900
1207,156,181,40128,3362,206510,139400
1208,166,168,39961,3361,206678,118500
1209,144,195,39822,3305,206873,130900
1210,160,177,39661,3289,207050,119600
1211,149,159,39513,3278,207209,124100
1212,135,161,39377,3253,207370,129200
1213,156,173,39222,3235,207543,141200
1214,152,177,39069,3211,207720,123300
1215,186,165,38888,3227,207885,135900
1216,173,172,38708,3235,208057,156400
1217,164,156,38553,3234,208213,136000
1218,140,167,38411,3209,208380,143000
1219,145,169,38259,3192,208549,134500
1220,160,164,38102,3185,208713,126400
1221,175,157,37933,3197,208870,125400
1222,157,174,37766,3190,209044,127000
1223,157,172,37617,3167,209216,125600
1224,154,172,37461,3151,209388,132400
1225,141,135,37317,3160,209523,123700
1226,136,152,37184,3141,209675,148900
1227,143,144,37042,3139,209819,125100
1228,136,170,36901,3110,209989,137100
1229,149,155,36753,3103,210144,126000
1230,138,164,36617,3075,210308,141900
1231,131,156,36481,3055,210464,133000
1232,181,173,36304,3059,210637,124400
1233,155,157,36153,3053,210794,121200
1234,147,153,36002,3051,210947,126000
1235,150,193,35852,3008,211140,143800
1236,165,140,35690,3030,211280,128200
1237,134,172,35558,2990,211452,135300
1238,137,161,35417,2970,211613,128800
1239,178,160,35242,2985,211773,132700
1240,154,148,35082,2997,211921,126300
1241,137,145,34945,2989,212066,129200
1242,144,138,34798,2998,212204,137200
1243,153,160,34647,2989,212364,114300
1244,148,155,34502,2979,212519,126100
1245,159,152,34339,2990,212671,135800
1246,142,163,34198,2968,212834,140900
1247,141,137,34061,2968,212971,133000
1248,145,161,33910,2958,213132,110200
1249,137,155,33774,2939,213287,127900
1250,135,134,33639,2940,213421,132400
1251,140,148,33499,2932,213569,211800
1252,127,131,33371,2929,213700,121200
1253,134,142,33237,2921,213842,149300
1254,151,146,33089,2923,213988,118100
1255,127,170,32967,2875,214158,140900
1256,151,146,32810,2886,214304,129500
1257,127,159,32685,2852,214463,139900
1258,126,135,32563,2839,214598,127200
1259,127,152,32432,2818,214750,146800
1260,132,138,32302,2810,214888,149400
1261,128,136,32168,2808,215024,144000
1262,132,147,32044,2785,215171,134700
1263,125,151,31912,2766,215322,140100
1264,108,144,31800,2734,215466,134100
1265,112,139,31694,2701,215605,133800
1266,124,154,31570,2671,215759,116500
1267,134,130,31437,2674,215889,134500
1268,125,149,31307,2655,216038,122400
1269,104,135,31209,2618,216173,127200
1270,109,139,31097,2591,216312,145100
1271,118,151,30979,2558,216463,130200
1272,132,122,30851,2564,216585,135900
1273,115,148,30732,2535,216733,148500
1274,115,117,30623,2527,216850,143300
1275,119,113,30502,2535,216963,122900
1276,113,127,30386,2524,217090,127100
1277,123,132,30266,2512,217222,128800
1278,135,145,30130,2503,217367,123500
1279,115,122,30017,2494,217489,138600
1280,128,129,29887,2495,217618,125600
1281,122,136,29764,2482,217754,120500
1282,121,134,29640,2472,217888,123300
1283,117,112,29523,2477,218000,128900
1284,101,113,29429,2458,218113,118100
1285,111,131,29313,2443,218244,129800
1286,129,124,29185,2447,218368,133500
1287,120,122,29059,2451,218490,131100
1288,114,114,28948,2448,218604,125900
1289,113,115,28831,2450,218719,127600
1290,122,122,28714,2445,218841,135700
1291,97,134,28614,2411,218975,132900
1292,115,127,28500,2398,219102,122100
1293,125,144,28377,2377,219246,138500
1294,118,111,28260,2383,219357,130900
1295,110,118,28149,2376,219475,136900
1296,107,116,28040,2369,219591,128300
1297,122,116,27923,2370,219707,140800
1298,114,119,27804,2370,219826,133000
1299,102,104,27702,2368,219930,127800
1300,99,109,27603,2358,220039,135400
1301,115,118,27491,2352,220157,151800
1302,108,119,27385,2339,220276,131300
1303,105,110,27278,2336,220386,134300
1304,111,138,27165,2311,220524,136000
1305,84,112,27077,2287,220636,126000
1306,100,117,26981,2266,220753,151400
1307,88,109,26890,2248,220862,125600
1308,110,139,26790,2209,221001,135200
1309,101,110,26686,2203,221111,205800
1310,115,113,26563,2213,221224,144200
1311,101,109,26466,2201,221333,131200
1312,107,115,26361,2191,221448,130700
1313,113,96,26247,2209,221544,140000
1314,111,106,26136,2214,221650,134200
1315,110,112,26024,2214,221762,143500
1316,96,102,25927,2209,221864,125800
1317,117,95,25813,2228,221959,126000
1318,109,111,25699,2231,222070,147200
1319,101,131,25607,2192,222201,121600
1320,106,119,25499,2181,222320,107900
1321,105,91,25393,2196,222411,144800
1322,107,139,25286,2164,222550,137100
1323,123,118,25167,2165,222668,152900
1324,124,106,25040,2186,222774,132500
1325,87,105,24947,2174,222879,127600
1326,96,100,24855,2166,222979,122100
1327,105,107,24748,2166,223086,131600
1328,119,126,24629,2159,223212,145800
1329,99,101,24533,2154,223313,122400
1330,106,108,24427,2152,223421,129500
1331,98,128,24329,2122,223549,133400
1332,109,110,24223,2118,223659,114200
1333,95,114,24119,2108,223773,157400
1334,124,98,24002,2127,223871,145400
1335,122,118,23880,2131,223989,114200
1336,95,99,23779,2133,224088,126600
1337,82,125,23697,2090,224213,130500
1338,93,100,23606,2081,224313,132900
1339,62,112,23546,2029,224425,126600
1340,89,109,23459,2007,224534,123300
1341,75,88,23381,1997,224622,141400
1342,101,88,23278,2012,224710,110800
1343,116,115,23161,2014,224825,146900
1344,97,95,23067,2013,224920,141800
1345,100,93,22963,2024,225013,128200
1346,87,95,22879,2013,225108,121100
1347,97,105,22784,2003,225213,141100
1348,86,121,22697,1969,225334,116600
1349,88,112,22609,1945,225446,124200
1350,72,84,22537,1933,225530,126700
1351,75,95,22461,1914,225625,128900
1352,89,111,22372,1892,225736,129300
1353,92,96,22278,1890,225832,137100
1354,85,105,22194,1869,225937,129000
1355,84,88,22111,1864,226025,136600
1356,78,90,22033,1852,226115,118900
1357,92,108,21943,1834,226223,125600
1358,73,97,21869,1811,226320,129600
1359,80,81,21787,1812,226401,152800
1360,89,86,21697,1816,226487,122200
1361,99,92,21603,1818,226579,107000
1362,87,103,21511,1807,226682,124900
1363,95,90,21420,1808,226772,118400
1364,83,94,21332,1802,226866,129300
1365,82,90,21253,1791,226956,247900
1366,74,85,21177,1782,227041,133400
1367,90,78,21091,1790,227119,145400
1368,76,101,21015,1765,227220,126400
1369,91,89,20923,1768,227309,122000
1370,83,88,20840,1763,227397,134400
1371,81,77,20759,1767,227474,134700
1372,99,86,20660,1780,227560,133700
1373,100,105,20559,1776,227665,128000
1374,77,89,20483,1763,227754,129200
1375,80,91,20406,1749,227845,137000
1376,81,90,20319,1746,227935,121400
1377,71,91,20249,1725,228026,133200
1378,104,92,20150,1732,228118,136400
1379,74,71,20073,1738,228189,136200
1380,106,103,19968,1740,228292,129200
1381,100,89,19864,1755,228381,125100
1382,90,94,19776,1749,228475,145700
1383,69,95,19709,1721,228570,131400
1384,81,100,19624,1706,228670,223200
1385,80,68,19548,1714,228738,122600
1386,77,100,19471,1691,228838,134800
1387,80,83,19391,1688,228921,140200
1388,89,96,19303,1680,229017,138900
1389,77,90,19221,1672,229107,111600
1390,54,117,19168,1608,229224,122200
1391,89,81,19081,1614,229305,125500
1392,79,94,18998,1603,229399,161600
1393,76,69,18923,1609,229468,132600
1394,70,86,18854,1592,229554,145800
1395,69,78,18786,1582,229632,133800
1396,88,79,18698,1591,229711,124000
1397,86,90,18610,1589,229801,120000
1398,62,88,18550,1561,229889,138400
1399,59,65,18493,1553,229954,127800
1400,60,78,18431,1537,230032,123500
1401,72,75,18357,1536,230107,132700
1402,76,82,18281,1530,230189,114300
1403,56,81,18226,1504,230270,149400
1404,70,80,18157,1493,230350,123400
1405,67,81,18088,1481,230431,131300
1406,58,95,18029,1445,230526,151000
1407,78,59,17953,1462,230585,131200
1408,72,74,17880,1461,230659,128700
1409,79,69,17804,1468,230728,135400
1410,68,77,17733,1462,230805,128500
1411,59,76,17672,1447,230881,127400
1412,78,81,17598,1440,230962,132400
1413,72,72,17528,1438,231034,159900
1414,61,86,17465,1415,231120,136300
1415,81,61,17382,1437,231181,147700
1416,62,70,17320,1429,231251,125000
1417,59,79,17262,1408,231330,130800
1418,67,70,17194,1406,231400,140800
1419,65,59,17130,1411,231459,174100
1420,63,75,17070,1396,231534,126200
1421,70,77,16997,1392,231611,126500
1422,70,88,16927,1374,231699,121800
1423,74,93,16852,1356,231792,128800
1424,62,72,16792,1344,231864,119400
1425,71,61,16718,1357,231925,111900
1426,80,68,16642,1365,231993,150300
1427,72,76,16569,1362,232069,141900
1428,66,79,16501,1351,232148,127400
1429,65,70,16439,1343,232218,126900
1430,71,75,16364,1343,232293,126300
1431,68,66,16298,1343,232359,131600
1432,70,82,16229,1330,232441,120100
1433,64,71,16164,1324,232512,127200
1434,75,70,16088,1330,232582,138700
1435,66,70,16025,1323,232652,140500
1436,70,58,15954,1336,232710,110100
1437,74,65,15880,1345,232775,130300
1438,56,61,15825,1339,232836,129300
1439,78,90,15743,1331,232926,131700
1440,72,52,15675,1347,232978,121400
1441,72,73,15604,1345,233051,100300
1442,71,73,15532,1344,233124,124200
1443,63,66,15465,1345,233190,197800
1444,63,59,15405,1346,233249,147400
1445,63,76,15344,1331,233325,141200
1446,60,70,15281,1324,233395,159200
1447,59,72,15222,1311,233467,135800
1448,58,69,15163,1301,233536,135500
1449,68,62,15096,1306,233598,118500
1450,70,74,15028,1300,233672,125400
1451,54,57,14973,1298,233729,120300
1452,66,55,14908,1308,233784,131900
1453,68,57,14837,1322,233841,127700
1454,59,67,14784,1308,233908,126500
1455,52,68,14724,1300,233976,112100
1456,73,53,14655,1316,234029,133000
1457,66,70,14585,1316,234099,115800
1458,67,56,14525,1320,234155,133200
1459,56,71,14467,1307,234226,133100
1460,58,62,14407,1305,234288,124800
1461,63,65,14345,1302,234353,113100
1462,54,85,14290,1272,234438,143100
1463,59,59,14234,1269,234497,122800
1464,51,63,14181,1259,234560,104700
1465,53,67,14129,1244,234627,122500
1466,45,55,14082,1236,234682,116800
1467,60,61,14021,1236,234743,112200
1468,55,69,13969,1219,234812,126200
1469,59,55,13910,1223,234867,132500
1470,59,60,13849,1224,234927,144600
1471,56,59,13791,1223,234986,126000
1472,72,67,13724,1223,235053,116000
1473,64,74,13658,1215,235127,144700
1474,64,58,13593,1222,235185,145300
1475,78,59,13515,1241,235244,122900
1476,53,59,13460,1237,235303,133500
1477,48,86,13413,1198,235389,110300
1478,50,53,13361,1197,235442,117500
1479,61,54,13301,1203,235496,117900
1480,63,51,13240,1213,235547,111600
1481,60,54,13182,1217,235601,111700
1482,52,67,13128,1204,235668,106400
1483,35,54,13094,1184,235722,117200
1484,48,63,13043,1172,235785,136900
1485,50,46,12994,1175,235831,126300
1486,39,54,12956,1159,235885,136100
1487,49,59,12908,1148,235944,114500
1488,52,61,12855,1140,236005,122300
1489,44,56,12809,1130,236061,147900
1490,49,73,12762,1104,236134,132600
1491,62,46,12702,1118,236180,127000
1492,46,56,12655,1109,236236,152500
1493,50,53,12604,1107,236289,99900
1494,50,48,12553,1110,236337,134000
1495,56,68,12497,1098,236405,111600
1496,54,60,12441,1094,236465,106100
1497,47,82,12395,1058,236547,118800
1498,59,52,12338,1063,236599,127800
1499,48,55,12289,1057,236654,135600
1500,58,54,12230,1062,236708,112100
1501,58,49,12176,1067,236757,166000
1502,50,53,12124,1066,236810,134200
1503,41,50,12081,1059,236860,134100
1504,47,49,12036,1055,236909,125400
1505,47,37,11988,1066,236946,102400
1506,45,53,11943,1058,236999,115900
1507,49,49,11892,1060,237048,131000
1508,52,52,11846,1054,237100,121400
1509,54,61,11786,1053,237161,116900
1510,47,58,11745,1036,237219,177600
1511,55,50,11685,1046,237269,121200
1512,34,69,11653,1009,237338,108200
1513,53,50,11599,1013,237388,132500
1514,64,52,11533,1027,237440,113900
1515,61,56,11477,1027,237496,128800
1516,47,54,11429,1021,237550,123300
1517,46,41,11380,1029,237591,109200
1518,32,61,11347,1001,237652,112000
1519,43,50,11304,994,237702,117700
1520,46,53,11259,986,237755,119300
1521,51,56,11210,979,237811,118100
1522,49,47,11161,981,237858,106300
1523,60,48,11099,995,237906,105800
1524,37,59,11061,974,237965,105900
1525,32,52,11029,954,238017,105300
1526,41,41,10991,951,238058,137200
1527,38,52,10950,940,238110,110600
1528,39,43,10914,933,238153,98000
1529,42,48,10870,929,238201,118700
1530,40,51,10830,918,238252,133300
1531,45,40,10786,922,238292,123200
1532,43,58,10745,905,238350,131100
1533,40,51,10702,897,238401,137600
1534,45,55,10660,884,238456,114100
1535,31,40,10627,877,238496,102900
1536,33,44,10596,864,238540,116300
1537,34,43,10560,857,238583,124600
1538,27,42,10532,843,238625,128800
1539,35,47,10497,831,238672,135700
1540,40,35,10457,836,238707,98400
1541,40,30,10419,844,238737,124200
1542,27,36,10391,836,238773,118100
1543,33,47,10356,824,238820,106300
1544,38,48,10319,813,238868,126200
1545,42,36,10279,817,238904,119300
1546,32,47,10246,803,238951,116800
1547,34,35,10212,802,238986,124400
1548,50,44,10163,807,239030,152100
1549,47,33,10113,824,239063,107800
1550,38,35,10077,825,239098,109200
1551,30,47,10049,806,239145,119900
1552,35,44,10011,800,239189,125000
1553,41,36,9971,804,239225,114200
1554,46,44,9924,807,239269,117800
1555,45,33,9879,819,239302,103600
1556,34,40,9846,812,239342,107400
1557,43,43,9804,811,239385,108900
1558,33,49,9769,797,239434,112100
1559,39,31,9733,802,239465,106800
1560,38,38,9695,802,239503,112100
1561,34,39,9658,800,239542,105200
1562,34,48,9626,784,239590,114500
1563,35,40,9591,779,239630,98000
1564,33,44,9557,769,239674,122600
1565,28,31,9528,767,239705,163500
1566,31,54,9498,743,239759,156500
1567,28,29,9471,741,239788,152000
1568,33,46,9435,731,239834,118900
1569,37,44,9400,722,239878,112400
1570,35,45,9364,713,239923,123700
1571,33,40,9331,706,239963,131200
1572,33,50,9300,687,240013,118900
1573,30,43,9268,676,240056,145900
1574,29,27,9240,677,240083,135500
1575,34,34,9205,678,240117,115700
1576,29,33,9175,675,240150,125100
1577,36,30,9140,680,240180,151600
1578,37,44,9103,673,240224,138700
1579,23,35,9080,661,240259,135900
1580,38,39,9042,660,240298,127400
1581,25,34,9017,651,240332,147400
1582,36,34,8982,652,240366,128600
1583,25,30,8955,649,240396,114600
1584,35,34,8923,647,240430,172300
1585,25,24,8897,649,240454,117200
1586,26,33,8871,642,240487,125200
1587,36,26,8833,654,240513,114600
1588,26,33,8808,646,240546,103400
1589,38,40,8771,643,240586,124100
1590,32,20,8737,657,240606,130500
1591,25,38,8714,642,240644,104400
1592,32,31,8682,643,240675,109500
1593,26,32,8656,637,240707,98800
1594,38,33,8619,641,240740,96800
1595,42,31,8575,654,240771,110500
1596,31,32,8544,653,240803,94700
1597,33,42,8511,644,240845,94100
1598,30,35,8480,640,240880,139400
1599,34,47,8448,625,240927,124100
1600,43,28,8405,640,240955,116600
1601,25,36,8379,630,240991,115100
1602,30,32,8349,628,241023,121100
1603,31,37,8318,622,241060,123200
1604,36,36,8283,621,241096,136200
1605,24,21,8257,626,241117,96100
1606,28,32,8231,620,241149,122500
1607,26,20,8204,627,241169,116100
1608,34,29,8172,630,241198,113200
1609,41,32,8129,641,241230,113500
1610,40,28,8089,653,241258,117700
1611,32,26,8058,658,241284,104000
1612,26,39,8030,647,241323,123100
1613,45,34,7987,656,241357,107800
1614,25,38,7961,644,241395,115100
1615,34,36,7929,640,241431,121200
1616,29,41,7898,630,241472,102900
1617,33,32,7865,631,241504,129000
1618,33,30,7831,635,241534,121900
1619,24,28,7808,630,241562,110100
1620,35,27,7772,639,241589,115000
1621,31,30,7741,640,241619,121500
1622,33,41,7708,632,241660,115700
1623,34,29,7675,636,241689,122100
1624,30,42,7645,624,241731,98300
1625,30,30,7616,623,241761,106800
1626,27,35,7588,616,241796,120000
1627,36,24,7551,629,241820,117400
1628,22,29,7529,622,241849,117100
1629,30,26,7501,624,241875,117300
1630,42,36,7458,631,241911,116000
1631,27,39,7430,620,241950,126800
1632,20,25,7410,615,241975,127700
1633,24,25,7386,614,242000,107700
1634,37,37,7350,613,242037,119600
1635,22,27,7328,608,242064,116000
1636,31,35,7296,605,242099,118600
1637,29,28,7268,605,242127,140200
1638,21,31,7248,594,242158,109300
1639,22,29,7226,587,242187,102800
1640,25,32,7203,578,242219,129000
1641,24,32,7176,573,242251,116200
1642,26,22,7152,575,242273,114800
1643,20,36,7131,560,242309,112500
1644,22,31,7107,553,242340,106500
1645,23,28,7085,547,242368,116100
1646,22,30,7063,539,242398,110600
1647,17,29,7047,526,242427,126800
1648,26,18,7019,536,242445,111700
1649,19,25,7001,529,242470,122800
1650,11,23,6989,518,242493,126700
1651,27,20,6962,525,242513,104900
1652,27,22,6937,528,242535,113000
1653,25,25,6910,530,242560,104900
1654,16,25,6895,520,242585,99900
1655,24,24,6870,521,242609,102400
1656,22,28,6848,515,242637,116400
1657,22,20,6827,516,242657,108100
1658,19,32,6809,502,242689,107500
1659,20,27,6788,496,242716,123400
1660,20,27,6768,489,242743,124400
1661,27,34,6741,482,242777,105500
1662,16,21,6724,478,242798,108300
1663,13,23,6712,467,242821,106300
1664,21,25,6691,463,242846,113400
1665,17,25,6674,455,242871,116600
1666,25,29,6651,449,242900,127100
1667,17,25,6632,443,242925,312700
1668,22,24,6609,442,242949,131500
1669,19,27,6592,432,242976,130500
1670,12,17,6579,428,242993,133000
1671,16,28,6563,416,243021,131400
1672,10,23,6554,402,243044,140500
1673,15,25,6538,393,243069,112900
1674,14,26,6523,382,243095,160300
1675,19,19,6504,382,243114,120200
1676,23,20,6482,384,243134,104300
1677,14,19,6467,380,243153,120800
1678,22,22,6446,379,243175,109800
1679,15,21,6431,373,243196,123100
1680,19,19,6412,373,243215,119100
1681,18,19,6395,371,243234,110200
1682,27,27,6368,371,243261,108700
1683,17,15,6350,374,243276,95900
1684,26,18,6323,383,243294,115300
1685,21,24,6302,380,243318,104400
1686,14,17,6288,377,243335,102700
1687,15,19,6274,372,243354,104400
1688,18,14,6256,376,243368,110200
1689,20,26,6237,369,243394,121600
1690,20,21,6215,370,243415,124900
1691,15,24,6200,361,243439,98300
1692,22,23,6180,358,243462,119000
1693,19,20,6159,359,243482,122100
1694,20,17,6140,361,243499,131100
1695,17,17,6122,362,243516,123200
1696,15,17,6108,359,243533,111500
1697,27,15,6080,372,243548,113900
1698,19,15,6061,376,243563,130500
1699,17,19,6045,373,243582,100300
1700,16,22,6028,368,243604,116400
1701,17,16,6012,368,243620,125600
1702,7,14,6007,359,243634,123100
1703,18,21,5988,357,243655,122800
1704,23,17,5964,364,243672,116300
1705,10,12,5954,362,243684,119600
1706,16,12,5938,366,243696,117900
1707,13,11,5924,369,243707,105600
1708,20,27,5904,362,243734,118800
1709,12,20,5894,352,243754,123300
1710,12,16,5880,350,243770,123900
1711,12,19,5868,343,243789,290900
1712,14,14,5855,342,243803,103400
1713,15,14,5839,344,243817,119900
1714,13,15,5826,342,243832,117700
1715,21,24,5807,337,243856,112100
1716,21,18,5785,341,243874,114300
1717,7,21,5778,327,243895,110600
1718,24,18,5755,332,243913,121800
1719,17,23,5736,328,243936,103000
1720,23,12,5713,339,243948,112200
1721,16,23,5697,332,243971,97800
1722,19,15,5680,334,243986,99900
1723,20,15,5659,340,244001,103900
1724,13,19,5645,335,244020,115200
1725,16,12,5629,339,244032,102100
1726,12,18,5617,333,244050,106800
1727,19,22,5599,329,244072,111900
1728,23,14,5575,339,244086,110700
1729,20,14,5555,345,244100,121000
1730,18,12,5537,351,244112,125500
1731,26,12,5511,365,244124,122200
1732,15,22,5496,358,244146,101100
1733,16,21,5480,353,244167,111800
1734,16,16,5465,352,244183,151700
1735,14,14,5451,352,244197,124400
1736,19,18,5432,353,244215,115900
1737,22,17,5410,358,244232,133100
1738,9,22,5400,346,244254,105600
1739,15,20,5385,341,244274,107900
1740,16,17,5369,340,244291,110500
1741,12,14,5358,337,244305,123800
1742,9,18,5349,328,244323,124200
1743,9,20,5339,318,244343,130300
1744,14,19,5325,313,244362,125700
1745,16,13,5309,316,244375,108300
1746,11,12,5298,315,244387,114800
1747,19,18,5279,316,244405,127200
1748,10,18,5272,305,244423,112500
1749,10,19,5259,299,244442,117500
1750,16,12,5243,303,244454,106800
1751,15,9,5228,309,244463,82400
1752,17,20,5211,306,244483,119300
1753,12,20,5199,298,244503,105600
1754,18,15,5181,301,244518,110000
1755,15,9,5166,307,244527,123100
1756,13,11,5153,309,244538,95100
1757,17,20,5137,305,244558,318000
1758,14,12,5122,308,244570,105100
1759,17,14,5105,311,244584,119300
1760,11,13,5094,309,244597,122600
1761,13,12,5082,309,244609,107500
1762,16,11,5066,314,244620,134800
1763,13,27,5052,301,244647,121000
1764,13,12,5039,302,244659,110100
1765,13,15,5027,299,244674,112700
1766,7,14,5019,293,244688,121800
1767,10,17,5009,286,244705,118900
1768,17,12,4993,290,244717,121500
1769,13,11,4979,293,244728,106300
1770,13,20,4967,285,244748,123600
1771,13,10,4953,289,244758,115800
1772,13,16,4943,283,244774,114400
1773,10,17,4930,279,244791,102900
1774,10,13,4920,276,244804,129300
1775,7,11,4913,272,244815,105900
1776,11,10,4903,272,244825,106800
1777,12,15,4890,270,244840,120400
1778,13,14,4877,269,244854,101900
1779,13,10,4865,271,244864,109300
1780,17,12,4847,277,244876,101700
1781,10,10,4837,277,244886,108000
1782,9,22,4828,264,244908,118000
1783,11,10,4817,265,244918,134300
1784,17,18,4802,262,244936,111500
1785,10,14,4791,259,244950,101600
1786,18,13,4772,265,244963,110700
1787,10,16,4762,259,244979,109900
1788,11,14,4751,256,244993,114000
1789,6,15,4745,247,245008,105400
1790,11,11,4734,247,245019,110300
1791,8,17,4727,237,245036,104200
1792,10,10,4716,238,245046,111800
1793,13,8,4703,243,245054,100600
1794,10,15,4693,238,245069,108000
1795,14,13,4680,238,245082,111500
1796,10,10,4670,238,245092,121600
1797,18,12,4651,245,245104,115700
1798,10,8,4641,247,245112,126800
1799,12,15,4630,243,245127,116000
1800,9,7,4621,245,245134,122900
1801,3,16,4617,233,245150,105300
1802,4,8,4613,229,245158,301000
1803,8,11,4605,226,245169,132300
1804,10,11,4595,225,245180,107600
1805,11,18,4584,218,245198,124000
1806,12,8,4572,222,245206,108500
1807,14,14,4558,222,245220,117100
1808,8,10,4550,220,245230,121900
1809,12,7,4538,225,245237,242300
1810,12,7,4526,230,245244,82200
1811,9,13,4518,225,245257,117600
1812,6,12,4511,220,245269,122900
1813,12,9,4499,223,245278,117400
1814,11,11,4489,222,245289,124000
1815,8,11,4481,219,245300,130900
1816,14,6,4467,227,245306,128000
1817,5,10,4461,223,245316,116200
1818,9,4,4452,228,245320,166500
1819,11,12,4442,226,245332,113800
1820,9,10,4432,226,245342,110900
1821,7,12,4426,220,245354,96200
1822,9,10,4416,220,245364,104700
1823,7,6,4411,219,245370,119400
1824,5,10,4404,216,245380,104400
1825,5,13,4399,208,245393,109900
1826,4,10,4395,202,245403,103600
1827,5,7,4391,199,245410,94600
1828,3,12,4387,191,245422,106500
1829,5,12,4383,183,245434,111500
1830,2,10,4380,176,245444,124500
1831,7,8,4373,175,245452,102100
1832,4,9,4369,170,245461,117400
1833,6,8,4363,168,245469,115200
1834,7,4,4356,171,245473,114600
1835,6,6,4350,171,245479,107300
1836,9,7,4341,173,245486,109700
1837,8,14,4334,166,245500,116300
1838,2,7,4331,162,245507,109800
1839,12,12,4319,162,245519,119600
1840,7,8,4313,160,245527,122500
1841,1,8,4311,154,245535,123600
1842,4,5,4307,153,245540,123600
1843,6,5,4301,154,245545,115900
1844,5,6,4296,153,245551,130900
1845,7,2,4289,158,245553,99800
1846,9,5,4280,162,245558,118400
1847,6,10,4274,158,245568,108800
1848,8,6,4266,160,245574,118900
1849,5,8,4261,157,245582,111200
1850,5,10,4256,152,245592,126100
1851,6,6,4251,151,245598,116600
1852,5,8,4245,149,245606,118400
1853,2,7,4243,144,245613,107400
1854,6,6,4237,144,245619,112400
1855,6,5,4231,145,245624,117900
1856,5,9,4227,140,245633,108900
1857,3,9,4223,135,245642,122100
1858,5,5,4218,135,245647,105100
1859,7,11,4211,131,245658,115200
1860,9,5,4202,135,245663,111600
1861,6,10,4197,130,245673,104900
1862,3,6,4193,128,245679,117100
1863,6,8,4188,125,245687,106100
1864,5,6,4182,125,245693,107900
1865,2,2,4180,125,245695,138100
1866,7,10,4173,122,245705,110100
1867,7,9,4166,120,245714,104100
1868,6,4,4161,121,245718,101300
1869,3,2,4157,123,245720,99000
1870,6,9,4151,120,245729,118900
1871,2,4,4149,118,245733,101100
1872,7,11,4143,113,245744,115100
1873,5,7,4137,112,245751,102200
1874,7,2,4131,116,245753,85300
1875,3,6,4127,114,245759,124600
1876,2,4,4125,112,245763,118300
1877,2,4,4123,110,245767,115600
1878,2,4,4121,108,245771,106000
1879,2,4,4120,105,245775,106900
1880,3,7,4116,102,245782,112300
1881,4,7,4112,99,245789,100900
1882,4,6,4108,97,245795,111500
1883,5,12,4103,90,245807,112500
1884,4,3,4099,91,245810,113300
1885,2,1,4097,92,245811,106900
1886,1,2,4096,91,245813,112300
1887,2,4,4094,89,245817,130100
1888,4,5,4090,88,245822,114000
1889,4,6,4086,86,245828,109200
1890,1,5,4085,82,245833,104200
1891,1,4,4084,79,245837,126300
1892,3,3,4081,79,245840,113900
1893,2,5,4079,76,245845,117600
1894,1,3,4078,74,245848,311700
1895,5,4,4074,74,245852,114800
1896,1,2,4072,74,245854,115200
1897,1,0,4071,75,245854,121900
1898,1,4,4070,72,245858,116500
1899,1,2,4069,71,245860,114100
1900,1,5,4068,67,245865,102900
1901,0,4,4068,63,245869,131200
1902,2,5,4066,60,245874,110400
1903,0,0,4066,60,245874,122600
1904,2,4,4064,58,245878,118600
1905,0,3,4064,55,245881,102900
1906,0,4,4064,51,245885,104200
1907,0,2,4064,49,245887,105200
1908,0,2,4064,47,245889,111400
1909,0,2,4064,45,245891,102800
1910,2,3,4062,44,245894,103400
1911,0,2,4062,42,245896,118600
1912,1,1,4061,42,245897,115100
1913,0,0,4061,42,245897,112600
1914,0,0,4061,42,245897,112400
1915,0,0,4061,42,245897,113800
1916,0,1,4061,41,245898,118000
1917,1,1,4060,41,245899,107500
1918,0,1,4060,40,245900,106600
1919,0,2,4060,38,245902,103400
1920,0,2,4060,36,245904,104600
1921,0,2,4060,34,245906,114400
1922,1,0,4059,35,245906,102200
1923,0,0,4059,35,245906,90300
1924,0,0,4059,35,245906,101000
1925,0,1,4059,34,245907,111700
1926,0,2,4059,32,245909,105900
1927,0,3,4059,29,245912,115600
1928,0,1,4059,28,245913,102100
1929,0,2,4059,26,245915,104100
1930,0,0,4059,26,245915,104900
1931,0,2,4059,24,245917,118700
1932,0,1,4059,23,245918,102800
1933,0,2,4059,21,245920,106600
1934,0,0,4059,21,245920,108100
1935,0,4,4059,17,245924,112800
1936,0,2,4059,15,245926,104800
1937,0,3,4059,12,245929,110000
1938,0,1,4059,11,245930,101600
1939,0,0,4059,11,245930,114700
1940,0,2,4059,9,245932,99200
1941,0,0,4059,9,245932,120100
1942,0,2,4059,7,245934,282400
1943,0,1,4059,6,245935,108200
1944,0,0,4059,6,245935,105000
1945,0,1,4059,5,245936,114000
1946,0,0,4059,5,245936,125300
1947,0,0,4059,5,245936,111900
1948,0,0,4059,5,245936,120400
1949,0,1,4059,4,245937,99900
1950,0,0,4059,4,245937,120800
1951,0,0,4059,4,245937,116600
1952,0,0,4059,4,245937,118400
1953,0,0,4059,4,245937,143100
1954,0,0,4059,4,245937,109800
1955,0,0,4059,4,245937,130300
1956,0,1,4059,3,245938,131800
1957,0,2,4059,1,245940,101900
1958,0,0,4059,1,245940,111200
1959,0,0,4059,1,245940,125200
1960,0,0,4059,1,245940,101700
1961,0,0,4059,1,245940,104300
1962,0,0,4059,1,245940,136100
1963,0,0,4059,1,245940,113400
1964,0,0,4059,1,245940,117700
1965,0,0,4059,1,245940,124800
1966,0,0,4059,1,245940,119100
1967,0,0,4059,1,245940,113300
1968,0,1,4059,0,245941,100600
