Tick,NewlyInfected,NewlyRecovered,TotalSusceptible,TotalInfected,TotalRecovered,StepTimeNanos
0,6,0,999990,10,0,1308900
1,4,1,999985,14,1,717400
2,2,2,999983,14,3,610600
3,10,2,999973,22,5,423500
4,5,0,999969,26,5,339000
5,8,1,999962,32,6,334200
6,9,2,999954,38,8,286100
7,6,1,999945,46,9,298700
8,7,2,999940,49,11,304000
9,6,1,999932,56,12,321400
10,12,2,999923,63,14,331100
11,8,2,999914,70,16,306900
12,12,2,999900,82,18,304600
13,14,9,999886,87,27,280700
14,11,8,999877,88,35,287600
15,9,6,999869,90,41,304400
16,13,7,999854,98,48,323400
17,19,6,999837,109,54,336500
18,12,9,999824,113,63,390800
19,20,11,999806,120,74,337000
20,12,6,999791,129,80,320500
21,20,11,999770,139,91,295600
22,16,7,999755,147,98,285900
23,8,8,999747,147,106,271900
24,18,8,999732,154,114,288800
25,19,11,999711,164,125,309200
26,7,8,999702,165,133,308400
27,21,14,999683,170,147,388000
28,27,11,999655,187,158,294400
29,14,11,999642,189,169,318800
30,30,17,999615,199,186,305700
31,21,12,999592,210,198,305300
32,27,13,999566,223,211,326700
33,27,14,999536,239,225,285800
34,17,12,999523,240,237,283000
35,22,14,999499,250,251,288000
36,31,14,999467,268,265,270900
37,23,13,999442,280,278,282400
38,28,13,999417,292,291,283800
39,26,19,999390,300,310,306200
40,38,18,999358,314,328,293900
41,25,15,999332,325,343,405300
42,25,9,999302,346,352,333900
43,27,26,999275,347,378,310000
44,24,13,999250,359,391,335200
45,33,16,999221,372,407,307000
46,35,19,999182,392,426,307900
47,40,18,999146,410,444,288100
48,24,20,999121,415,464,298600
49,34,14,999088,434,478,295500
50,34,23,999055,444,501,275900
51,42,18,999009,472,519,287600
52,30,23,998983,475,542,303100
53,39,18,998940,500,560,312400
54,36,22,998906,512,582,272300
55,35,26,998871,521,608,277700
56,37,24,998837,531,632,288000
57,51,21,998786,561,653,286900
58,41,27,998744,576,680,277200
59,43,28,998698,594,708,327000
60,37,33,998661,598,741,350100
61,37,23,998625,611,764,342200
62,34,34,998588,614,798,340100
63,36,31,998555,616,829,305700
64,42,48,998516,607,877,313100
65,45,41,998471,611,918,287000
66,52,32,998416,634,950,459200
67,46,28,998375,647,978,323400
68,42,32,998330,660,1010,285600
69,46,29,998283,678,1039,318000
70,47,38,998234,689,1077,320000
71,58,42,998178,703,1119,294700
72,57,31,998125,725,1150,284600
73,48,46,998070,734,1196,290600
74,51,40,998023,741,1236,259100
75,45,31,997978,755,1267,297000
76,60,33,997917,783,1300,285700
77,50,46,997868,786,1346,309700
78,46,59,997822,773,1405,296900
79,62,31,997760,804,1436,287100
80,61,38,997700,826,1474,300200
81,68,43,997640,843,1517,291400
82,61,54,997569,860,1571,303200
83,71,46,997504,879,1617,287300
84,56,43,997445,895,1660,267200
85,67,32,997376,932,1692,292200
86,64,55,997313,940,1747,299700
87,67,40,997250,963,1787,285000
88,71,50,997182,981,1837,296600
89,72,53,997106,1004,1890,280800
90,75,57,997030,1023,1947,278500
91,83,68,996946,1039,2015,258000
92,71,44,996875,1066,2059,252400
93,83,53,996793,1095,2112,246500
94,97,65,996697,1126,2177,270100
95,78,52,996621,1150,2229,294900
96,77,56,996538,1177,2285,274600
97,99,63,996451,1201,2348,277100
98,72,61,996366,1225,2409,274500
99,92,69,996281,1241,2478,265400
100,86,68,996191,1263,2546,249900
101,93,68,996103,1283,2614,284300
102,91,75,996012,1299,2689,284300
103,94,68,995921,1322,2757,275800
104,85,61,995831,1351,2818,278200
105,97,70,995732,1380,2888,264100
106,99,73,995635,1404,2961,267700
107,82,71,995550,1418,3032,273500
108,94,71,995455,1442,3103,265200
109,100,75,995368,1454,3178,245400
110,98,86,995261,1475,3264,279900
111,99,65,995160,1511,3329,281600
112,110,67,995059,1545,3396,279700
113,89,85,994969,1550,3481,291000
114,120,78,994847,1594,3559,282900
115,137,103,994710,1628,3662,251800
116,101,93,994604,1641,3755,284200
117,96,76,994515,1654,3831,293000
118,125,71,994386,1712,3902,284500
119,118,105,994270,1723,4007,267900
120,121,94,994148,1751,4101,290300
121,107,99,994041,1759,4200,287000
122,129,84,993915,1801,4284,313000
123,124,87,993788,1841,4371,330800
124,118,85,993672,1872,4456,298600
125,137,88,993531,1925,4544,319100
126,112,100,993421,1935,4644,310500
127,119,107,993302,1947,4751,282100
128,110,91,993194,1964,4842,304800
129,100,91,993086,1981,4933,327900
130,128,105,992963,1999,5038,321700
131,95,114,992865,1983,5152,302800
132,126,90,992740,2018,5242,300100
133,118,105,992622,2031,5347,303900
134,126,114,992494,2045,5461,272900
135,125,100,992372,2067,5561,297200
136,128,104,992245,2090,5665,275600
137,147,95,992109,2131,5760,301500
138,138,114,991960,2166,5874,291200
139,129,111,991837,2178,5985,326300
140,120,123,991713,2179,6108,283800
141,138,103,991573,2216,6211,270100
142,151,120,991424,2245,6331,299500
143,162,110,991270,2289,6441,342900
144,149,112,991114,2333,6553,342000
145,150,117,990978,2352,6670,286300
146,138,113,990819,2398,6783,279100
147,147,118,990677,2422,6901,291200
148,143,140,990539,2420,7041,266900
149,159,123,990382,2454,7164,274900
150,145,128,990240,2468,7292,275200
151,169,121,990063,2524,7413,263900
152,178,140,989894,2553,7553,291500
153,153,144,989740,2563,7697,288700
154,150,105,989586,2612,7802,264200
155,146,121,989438,2639,7923,282900
156,163,138,989286,2653,8061,302900
157,169,125,989105,2709,8186,268800
158,166,134,988942,2738,8320,266300
159,167,131,988783,2766,8451,282500
160,149,156,988626,2767,8607,254100
161,179,144,988446,2803,8751,265100
162,166,142,988285,2822,8893,270400
163,163,141,988119,2847,9034,268100
164,167,141,987947,2878,9175,261300
165,168,128,987784,2913,9303,262200
166,176,162,987607,2928,9465,294300
167,183,168,987427,2940,9633,245900
168,169,147,987256,2964,9780,267800
169,182,157,987075,2988,9937,269400
170,166,164,986907,2992,10101,255100
171,159,160,986749,2990,10261,260300
172,174,172,986575,2992,10433,277000
173,179,171,986396,3000,10604,255700
174,177,164,986223,3009,10768,276600
175,167,142,986052,3038,10910,305900
176,176,156,985876,3058,11066,281200
177,159,169,985719,3046,11235,287500
178,168,144,985550,3071,11379,265800
179,177,176,985374,3071,11555,263900
180,165,153,985206,3086,11708,279800
181,149,177,985054,3061,11885,278200
182,192,170,984872,3073,12055,271800
183,173,165,984692,3088,12220,259700
184,197,149,984494,3137,12369,283700
185,194,170,984306,3155,12539,261900
186,199,149,984102,3210,12688,293200
187,180,160,983928,3224,12848,288700
188,198,162,983729,3261,13010,296700
189,192,174,983531,3285,13184,282200
190,200,171,983338,3307,13355,287400
191,205,163,983127,3355,13518,290400
192,224,172,982909,3401,13690,298400
193,231,179,982680,3451,13869,290200
194,199,184,982485,3462,14053,266400
195,212,183,982262,3502,14236,303900
196,220,205,982040,3519,14441,282600
197,223,189,981835,3535,14630,299100
198,212,179,981611,3580,14809,290200
199,190,176,981415,3600,14985,258500
200,194,210,981232,3573,15195,265900
201,231,188,981006,3611,15383,270600
202,180,187,980809,3621,15570,292100
203,226,179,980599,3652,15749,293800
204,220,182,980368,3701,15931,294100
205,232,182,980133,3754,16113,354600
206,214,176,979924,3787,16289,299000
207,237,213,979691,3807,16502,305200
208,241,185,979448,3865,16687,279200
209,196,195,979250,3868,16882,265300
210,211,199,979047,3872,17081,283700
211,207,218,978827,3874,17299,273500
212,213,203,978621,3877,17502,287600
213,210,183,978406,3909,17685,329900
214,230,224,978186,3905,17909,279700
215,246,223,977940,3928,18132,323900
216,202,213,977736,3919,18345,281100
217,221,212,977505,3938,18557,305900
218,223,206,977291,3946,18763,278000
219,183,212,977104,3921,18975,266900
220,223,218,976887,3920,19193,306200
221,206,193,976671,3943,19386,280000
222,212,200,976471,3943,19586,276200
223,225,192,976249,3973,19778,272500
224,211,206,976024,3992,19984,277800
225,214,215,975815,3986,20199,273100
226,227,212,975590,3999,20411,281100
227,224,206,975367,4016,20617,307100
228,234,186,975132,4065,20803,304100
229,239,228,974892,4077,21031,333300
230,219,204,974681,4084,21235,316200
231,257,217,974420,4128,21452,315200
232,255,217,974162,4169,21669,309000
233,249,239,973917,4175,21908,349500
234,278,235,973643,4214,22143,347000
235,246,228,973399,4230,22371,292800
236,258,233,973141,4255,22604,287200
237,277,208,972868,4320,22812,307400
238,260,240,972599,4349,23052,275900
239,249,223,972350,4375,23275,296100
240,269,233,972080,4412,23508,295500
241,252,207,971824,4461,23715,252300
242,270,213,971566,4506,23928,250700
243,280,222,971281,4569,24150,325800
244,269,261,971015,4574,24411,277100
245,289,253,970724,4612,24664,387000
246,280,237,970448,4651,24901,263500
247,297,244,970133,4722,25145,292100
248,279,242,969877,4736,25387,291800
249,262,230,969617,4766,25617,286800
250,288,280,969321,4782,25897,292000
251,281,242,969033,4828,26139,266200
252,283,253,968759,4849,26392,276700
253,325,243,968439,4926,26635,272500
254,320,256,968110,4999,26891,258000
255,294,254,967819,5036,27145,264900
256,276,257,967537,5061,27402,276600
257,278,275,967261,5062,27677,282800
258,314,259,966950,5114,27936,290300
259,309,272,966641,5151,28208,305400
260,310,263,966324,5205,28471,332800
261,315,268,966014,5247,28739,328300
262,291,252,965733,5276,28991,294400
263,318,283,965405,5321,29274,290500
264,315,280,965084,5362,29554,293000
265,332,329,964770,5347,29883,294300
266,306,279,964450,5388,30162,309900
267,301,305,964151,5382,30467,303200
268,290,303,963857,5373,30770,332600
269,307,288,963546,5396,31058,295800
270,316,259,963242,5441,31317,293200
271,302,266,962932,5485,31583,322500
272,319,253,962612,5552,31836,464600
273,330,278,962291,5595,32114,325000
274,281,313,962004,5569,32427,324500
275,299,281,961708,5584,32708,313200
276,314,281,961394,5617,32989,320000
277,316,289,961077,5645,33278,291800
278,335,308,960749,5665,33586,305500
279,330,304,960419,5691,33890,343300
280,325,275,960090,5745,34165,318100
281,327,323,959764,5748,34488,288300
282,343,323,959411,5778,34811,313200
283,343,297,959093,5799,35108,324600
284,366,280,958711,5901,35388,300800
285,336,341,958371,5900,35729,301000
286,319,326,958061,5884,36055,288000
287,364,279,957702,5964,36334,293700
288,304,333,957382,5951,36667,315300
289,347,308,957052,5973,36975,364700
290,331,316,956707,6002,37291,296000
291,354,311,956369,6029,37602,295300
292,316,304,956036,6058,37906,336200
293,348,340,955686,6068,38246,315100
294,354,306,955348,6100,38552,304900
295,335,342,955005,6101,38894,332200
296,341,282,954674,6150,39176,337800
297,345,330,954314,6180,39506,317700
298,364,332,953968,6194,39838,342600
299,379,354,953576,6232,40192,305100
300,377,313,953204,6291,40505,317300
301,331,343,952851,6301,40848,325900
302,354,322,952516,6314,41170,345800
303,347,302,952170,6358,41472,317300
304,335,340,951824,6364,41812,345300
305,337,336,951492,6360,42148,315300
306,374,295,951119,6438,42443,336100
307,407,345,950725,6487,42788,309900
308,357,338,950346,6528,43126,327000
309,373,339,949995,6540,43465,304400
310,372,348,949611,6576,43813,348000
311,366,318,949254,6615,44131,323900
312,381,343,948864,6662,44474,308600
313,387,335,948485,6706,44809,316400
314,376,341,948114,6736,45150,300700
315,385,368,947718,6764,45518,320400
316,384,349,947338,6795,45867,308900
317,396,374,946931,6828,46241,313800
318,377,380,946563,6816,46621,342700
319,343,355,946217,6807,46976,333200
320,357,364,945854,6806,47340,312800
321,381,359,945481,6820,47699,319800
322,406,342,945101,6858,48041,306700
323,414,353,944661,6945,48394,313800
324,354,329,944309,6968,48723,317300
325,378,361,943928,6988,49084,308100
326,364,350,943557,7009,49434,287800
327,385,381,943183,7002,49815,306200
328,393,374,942792,7019,50189,284600
329,363,345,942427,7039,50534,290700
330,399,330,942018,7118,50864,299900
331,397,374,941632,7130,51238,320700
332,369,355,941257,7150,51593,273600
333,392,388,940862,7157,51981,279800
334,389,348,940470,7201,52329,313600
335,396,373,940090,7208,52702,307500
336,406,409,939686,7203,53111,307700
337,397,346,939280,7263,53457,314000
338,363,400,938915,7228,53857,294300
339,375,370,938536,7237,54227,304500
340,364,350,938176,7247,54577,329200
341,415,374,937772,7277,54951,355300
342,411,365,937358,7326,55316,358400
343,407,378,936950,7356,55694,427100
344,390,381,936560,7365,56075,347300
345,466,374,936092,7459,56449,353900
346,469,354,935634,7563,56803,359000
347,390,369,935231,7597,57172,355200
348,386,390,934839,7599,57562,355900
349,402,376,934448,7614,57938,374400
350,421,394,934030,7638,58332,318500
351,434,398,933596,7674,58730,354400
352,422,416,933162,7692,59146,310500
353,436,399,932746,7709,59545,350200
354,430,362,932289,7804,59907,317800
355,429,389,931871,7833,60296,335500
356,431,430,931452,7822,60726,336800
357,422,406,931015,7853,61132,378000
358,428,412,930598,7858,61544,307700
359,437,392,930163,7901,61936,384000
360,393,388,929766,7910,62324,331900
361,404,401,929349,7926,62725,330800
362,427,404,928945,7926,63129,317200
363,409,396,928527,7948,63525,321600
364,414,420,928120,7935,63945,350000
365,449,413,927660,7982,64358,359500
366,438,392,927214,8036,64750,371300
367,433,390,926796,8064,65140,402000
368,461,454,926330,8076,65594,374600
369,452,422,925881,8103,66016,388700
370,441,427,925442,8115,66443,334100
371,436,418,925010,8129,66861,326200
372,425,420,924584,8135,67281,322500
373,420,428,924159,8132,67709,333200
374,481,429,923681,8181,68138,329800
375,449,392,923235,8235,68530,323300
376,436,444,922797,8229,68974,368600
377,498,405,922302,8319,69379,367300
378,494,437,921809,8375,69816,327300
379,439,448,921357,8379,70264,326500
380,477,454,920882,8400,70718,335600
381,447,423,920433,8426,71141,334400
382,474,447,919970,8442,71588,318400
383,445,415,919519,8478,72003,433100
384,470,410,919050,8537,72413,373100
385,479,444,918579,8564,72857,378300
386,503,443,918076,8624,73300,330400
387,480,469,917585,8646,73769,306200
388,520,452,917080,8699,74221,326200
389,519,459,916564,8756,74680,323300
390,485,464,916063,8793,75144,321300
391,468,435,915597,8824,75579,355600
392,470,483,915135,8803,76062,345500
393,512,460,914636,8842,76522,344900
394,542,448,914079,8951,76970,347300
395,484,459,913598,8973,77429,356200
396,501,470,913100,9001,77899,344400
397,435,429,912658,9014,78328,362500
398,479,496,912181,8995,78824,358200
399,494,474,911681,9021,79298,362300
400,486,466,911196,9040,79764,371400
401,498,446,910704,9086,80210,352900
402,545,438,910177,9175,80648,374200
403,489,489,909669,9194,81137,390100
404,541,468,909126,9269,81605,387300
405,483,511,908654,9230,82116,339200
406,472,482,908172,9230,82598,360700
407,531,469,907651,9282,83067,342200
408,520,484,907127,9322,83551,364600
409,494,465,906628,9356,84016,384500
410,508,491,906112,9381,84507,429700
411,514,490,905607,9396,84997,397600
412,523,510,905083,9410,85507,402500
413,542,464,904538,9491,85971,398500
414,522,483,904033,9513,86454,379700
415,494,498,903503,9545,86952,405900
416,525,515,902996,9537,87467,394700
417,503,486,902490,9557,87953,349500
418,527,472,901966,9609,88425,372500
419,498,498,901476,9601,88923,369400
420,509,500,900956,9621,89423,377600
421,484,499,900479,9599,89922,325700
422,512,495,899965,9618,90417,368400
423,511,485,899445,9653,90902,493400
424,519,491,898931,9676,91393,472100
425,465,465,898458,9684,91858,532800
426,497,516,897981,9645,92374,449200
427,474,492,897488,9646,92866,402900
428,545,480,896957,9697,93346,409600
429,504,480,896457,9717,93826,450800
430,532,494,895923,9757,94320,360100
431,491,497,895429,9754,94817,408500
432,506,514,894928,9741,95331,457900
433,471,529,894449,9691,95860,381600
434,484,506,893969,9665,96366,465900
435,498,530,893473,9631,96896,390700
436,503,480,892971,9653,97376,423600
437,500,492,892460,9672,97868,425200
438,510,470,891967,9695,98338,521900
439,485,502,891489,9671,98840,391800
440,496,487,890967,9706,99327,427200
441,525,484,890460,9729,99811,404100
442,524,469,889929,9791,100280,386800
443,525,462,889407,9851,100742,386400
444,513,510,888885,9863,101252,351600
445,518,512,888375,9861,101764,366100
446,521,525,887853,9858,102289,372500
447,505,504,887340,9867,102793,368300
448,532,538,886819,9850,103331,402800
449,489,509,886325,9835,103840,425600
450,507,533,885815,9812,104373,386300
451,535,520,885276,9831,104893,377600
452,528,478,884743,9886,105371,364100
453,517,540,884237,9852,105911,406200
454,521,521,883715,9853,106432,346500
455,509,542,883203,9823,106974,362300
456,563,492,882652,9882,107466,355800
457,522,550,882116,9868,108016,370700
458,505,523,881605,9856,108539,395100
459,541,494,881075,9892,109033,489600
460,537,510,880553,9904,109543,438800
461,535,501,880002,9954,110044,437000
462,528,568,879473,9915,110612,358800
463,519,558,878945,9885,111170,377000
464,536,516,878417,9897,111686,343200
465,515,490,877902,9922,112176,325900
466,552,516,877356,9952,112692,319400
467,543,462,876817,10029,113154,326700
468,539,494,876275,10077,113648,338000
469,514,524,875751,10077,114172,337300
470,549,498,875214,10116,114670,325600
471,524,545,874688,10097,115215,327800
472,505,526,874173,10086,115741,357800
473,528,463,873649,10147,116204,323700
474,502,532,873150,10114,116736,420100
475,533,526,872609,10129,117262,434100
476,522,485,872088,10165,117747,378900
477,517,526,871573,10154,118273,363400
478,531,502,871042,10183,118775,351600
479,517,540,870537,10148,119315,355400
480,516,538,870005,10142,119853,524800
481,557,517,869456,10174,120370,356400
482,536,535,868925,10170,120905,381000
483,533,530,868388,10177,121435,338000
484,519,527,867873,10165,121962,382400
485,592,558,867281,10199,122520,369000
486,565,535,866739,10206,123055,343300
487,540,522,866182,10241,123577,315400
488,550,539,865617,10267,124116,496000
489,529,530,865089,10265,124646,379900
490,524,522,864574,10258,125168,329000
491,512,571,864041,10220,125739,340100
492,568,523,863500,10238,126262,321700
493,524,531,862965,10242,126793,333600
494,539,586,862440,10181,127379,318700
495,585,578,861863,10180,127957,347100
496,578,555,861274,10214,128512,328600
497,524,504,860730,10254,129016,324700
498,535,529,860211,10244,129545,348900
499,541,540,859667,10248,130085,319700
500,538,522,859125,10268,130607,339400
501,604,548,858519,10326,131155,378500
502,537,506,857989,10350,131661,336700
503,557,549,857435,10355,132210,326000
504,510,503,856903,10384,132713,331100
505,522,548,856408,10331,133261,338000
506,536,545,855854,10340,133806,325900
507,562,524,855310,10360,134330,346400
508,558,544,854730,10396,134874,342200
509,509,541,854236,10349,135415,324500
510,577,548,853672,10365,135963,331600
511,516,544,853139,10354,136507,338100
512,530,530,852619,10344,137037,364000
513,528,526,852088,10349,137563,364000
514,600,535,851491,10411,138098,328900
515,567,541,850914,10447,138639,349800
516,564,524,850349,10488,139163,371200
517,575,553,849794,10490,139716,360600
518,546,533,849234,10517,140249,355600
519,605,537,848621,10593,140786,376100
520,540,553,848076,10585,141339,404200
521,590,561,847504,10596,141900,388700
522,596,568,846891,10641,142468,370000
523,567,520,846339,10673,142988,367300
524,596,528,845727,10757,143516,345500
525,540,552,845193,10739,144068,330800
526,565,558,844617,10757,144626,338700
527,533,560,844094,10720,145186,322700
528,565,570,843531,10713,145756,294700
529,586,539,842952,10753,146295,322900
530,511,577,842427,10701,146872,330300
531,586,543,841852,10733,147415,322900
532,544,592,841311,10682,148007,312500
533,548,561,840765,10667,148568,327500
534,534,546,840207,10679,149114,343300
535,575,551,839641,10694,149665,349600
536,568,537,839083,10715,150202,387700
537,551,586,838528,10684,150788,351800
538,566,553,837962,10697,151341,379500
539,518,550,837425,10684,151891,397000
540,573,517,836864,10728,152408,406600
541,543,526,836337,10729,152934,354100
542,557,566,835760,10740,153500,407500
543,563,569,835208,10723,154069,348000
544,572,535,834642,10754,154604,353300
545,533,560,834099,10737,155164,350400
546,571,588,833532,10716,155752,379300
547,571,488,832971,10789,156240,332200
548,592,558,832394,10808,156798,351700
549,571,580,831806,10816,157378,348300
550,592,559,831213,10850,157937,558100
551,585,567,830629,10867,158504,400600
552,579,568,830046,10882,159072,369800
553,547,560,829503,10865,159632,323900
554,584,572,828927,10869,160204,324100
555,562,567,828352,10877,160771,308500
556,563,557,827791,10881,161328,340400
557,564,541,827224,10907,161869,361300
558,580,555,826653,10923,162424,361600
559,552,571,826091,10914,162995,367300
560,562,545,825523,10937,163540,345700
561,584,593,824955,10912,164133,366900
562,557,537,824407,10923,164670,344700
563,557,565,823831,10934,165235,333000
564,599,566,823229,10970,165801,333800
565,593,607,822643,10949,166408,490800
566,599,604,822044,10944,167012,335800
567,533,588,821495,10905,167600,364100
568,503,539,821004,10857,168139,364000
569,592,519,820412,10930,168658,392800
570,569,561,819840,10941,169219,381900
571,563,595,819285,10901,169814,407000
572,562,550,818731,10905,170364,374800
573,547,575,818163,10898,170939,309000
574,625,572,817558,10931,171511,339800
575,591,502,816966,11021,172013,371800
576,571,567,816400,11020,172580,416400
577,564,575,815821,11024,173155,343400
578,593,546,815242,11057,173701,347700
579,603,560,814635,11104,174261,337000
580,598,569,814030,11140,174830,391900
581,573,554,813457,11159,175384,334600
582,557,556,812908,11152,175940,357000
583,559,570,812332,11158,176510,354500
584,597,596,811742,11152,177106,338700
585,538,566,811195,11133,177672,391400
586,587,578,810604,11146,178250,372400
587,567,615,810053,11082,178865,374100
588,621,545,809433,11157,179410,404700
589,594,634,808836,11120,180044,376300
590,580,577,808252,11127,180621,408400
591,557,545,807698,11136,181166,387100
592,593,562,807116,11156,181728,353600
593,564,581,806545,11146,182309,327300
594,547,547,805994,11150,182856,578900
595,591,586,805411,11147,183442,346700
596,561,604,804836,11118,184046,350600
597,595,595,804253,11106,184641,354400
598,543,591,803706,11062,185232,322700
599,577,571,803120,11077,185803,323400
600,578,572,802562,11063,186375,364000
601,571,571,801969,11085,186946,332100
602,530,537,801429,11088,187483,337800
603,540,576,800915,11026,188059,328100
604,583,582,800335,11024,188641,360700
605,605,588,799741,11030,189229,339900
606,562,564,799146,11061,189793,381500
607,597,553,798569,11085,190346,408300
608,582,601,797985,11068,190947,356100
609,549,589,797436,11028,191536,454100
610,563,564,796885,11015,192100,363600
611,580,564,796304,11032,192664,405200
612,557,593,795735,11008,193257,411200
613,534,629,795190,10924,193886,399300
614,558,597,794640,10877,194483,325100
615,543,571,794080,10866,195054,336200
616,542,569,793560,10817,195623,363200
617,592,558,792974,10845,196181,370800
618,529,548,792443,10828,196729,349800
619,567,564,791862,10845,197293,328800
620,551,553,791325,10829,197846,306200
621,595,565,790722,10867,198411,322700
622,574,542,790155,10892,198953,348900
623,591,564,789550,10933,199517,342800
624,605,558,788954,10971,200075,764500
625,570,545,788393,10987,200620,470500
626,552,564,787828,10988,201184,436500
627,580,570,787248,10998,201754,391900
628,583,553,786667,11026,202307,547700
629,614,534,786051,11108,202841,370800
630,605,615,785446,11098,203456,371200
631,612,580,784860,11104,204036,332400
632,596,609,784236,11119,204645,381200
633,533,568,783707,11080,205213,374500
634,550,572,783156,11059,205785,372600
635,532,533,782614,11068,206318,371500
636,576,552,782051,11079,206870,399100
637,589,531,781462,11137,207401,393500
638,630,611,780836,11152,208012,388200
639,581,558,780244,11186,208570,401300
640,599,580,779664,11186,209150,405400
641,617,566,779043,11241,209716,395200
642,646,590,778414,11280,210306,467300
643,589,617,777794,11283,210923,442300
644,607,632,777196,11249,211555,415000
645,577,565,776610,11270,212120,380400
646,595,583,776020,11277,212703,378300
647,593,594,775430,11273,213297,382500
648,570,555,774849,11299,213852,397200
649,653,583,774199,11366,214435,356700
650,613,611,773603,11351,215046,566100
651,583,602,773019,11333,215648,429400
652,627,561,772387,11404,216209,426000
653,618,595,771756,11440,216804,424300
654,544,587,771211,11398,217391,431700
655,613,591,770607,11411,217982,332000
656,597,599,770007,11412,218581,349400
657,574,557,769429,11433,219138,352200
658,630,619,768807,11436,219757,316300
659,617,556,768196,11491,220313,359000
660,630,639,767555,11493,220952,347400
661,587,574,766964,11510,221526,352900
662,627,608,766358,11508,222134,331800
663,650,580,765710,11576,222714,370500
664,575,579,765120,11587,223293,579100
665,668,617,764447,11643,223910,406300
666,602,592,763851,11647,224502,452400
667,593,644,763255,11599,225146,425200
668,602,613,762657,11584,225759,414500
669,641,608,762018,11615,226367,353800
670,619,627,761399,11607,226994,357800
671,618,598,760796,11612,227592,387600
672,634,607,760148,11653,228199,364000
673,573,571,759563,11667,228770,384600
674,631,600,758935,11695,229370,354700
675,599,624,758340,11666,229994,355600
676,621,621,757731,11654,230615,367200
677,624,578,757096,11711,231193,346800
678,619,627,756488,11692,231820,474300
679,602,565,755877,11738,232385,385100
680,647,600,755221,11794,232985,368500
681,655,605,754590,11820,233590,420800
682,579,594,753989,11827,234184,410700
683,623,555,753370,11891,234739,474600
684,599,627,752767,11867,235366,390900
685,631,587,752143,11904,235953,374700
686,656,600,751506,11941,236553,382200
687,642,650,750839,11958,237203,342100
688,591,631,750248,11918,237834,352200
689,636,570,749630,11966,238404,320500
690,676,601,748949,12046,239005,337700
691,662,660,748281,12054,239665,334600
692,620,617,747656,12062,240282,541800
693,639,571,747014,12133,240853,393500
694,629,632,746404,12111,241485,415600
695,623,670,745773,12072,242155,405100
696,639,595,745125,12125,242750,407900
697,638,668,744494,12088,243418,425200
698,658,646,743839,12097,244064,378200
699,637,645,743198,12093,244709,368400
700,676,594,742539,12158,245303,355700
701,703,613,741828,12256,245916,346800
702,684,635,741136,12313,246551,409500
703,635,638,740502,12309,247189,480700
704,632,685,739865,12261,247874,411500
705,657,628,739213,12285,248502,662200
706,675,633,738556,12309,249135,411500
707,670,611,737875,12379,249746,392400
708,601,658,737270,12326,250404,388200
709,639,647,736629,12320,251051,392500
710,601,652,736011,12286,251703,358200
711,669,627,735359,12311,252330,327200
712,639,621,734709,12340,252951,336400
713,662,630,734077,12342,253581,355800
714,640,682,733404,12333,254263,326700
715,630,609,732784,12344,254872,321300
716,648,603,732150,12375,255475,366900
717,641,615,731513,12397,256090,350400
718,643,643,730857,12410,256733,383800
719,628,672,730225,12370,257405,704500
720,593,687,729623,12285,258092,385600
721,638,686,728988,12234,258778,413200
722,641,644,728342,12236,259422,358700
723,643,645,727735,12198,260067,381600
724,647,628,727060,12245,260695,363900
725,621,610,726444,12251,261305,341600
726,601,608,725830,12257,261913,388000
727,675,667,725175,12245,262580,379600
728,616,640,724552,12228,263220,394400
729,694,638,723871,12271,263858,383900
730,638,597,723213,12332,264455,352900
731,645,601,722585,12359,265056,352700
732,691,617,721899,12428,265673,351800
733,669,634,721217,12476,266307,554900
734,632,662,720590,12441,266969,441000
735,696,623,719887,12521,267592,370500
736,639,649,719257,12502,268241,426100
737,648,631,718596,12532,268872,399900
738,625,631,717976,12521,269503,394900
739,604,695,717367,12435,270198,370500
740,698,690,716674,12438,270888,436400
741,635,628,716039,12445,271516,360600
742,660,666,715379,12439,272182,336900
743,711,655,714664,12499,272837,341600
744,633,631,714022,12510,273468,318900
745,648,620,713395,12517,274088,335500
746,698,664,712693,12555,274752,343200
747,639,634,712043,12571,275386,567300
748,655,665,711388,12561,276051,367800
749,684,643,710713,12593,276694,364800
750,702,629,710019,12658,277323,374100
751,671,662,709341,12674,277985,319400
752,631,640,708700,12675,278625,337300
753,679,571,708034,12770,279196,321900
754,750,653,707296,12855,279849,338600
755,709,678,706582,12891,280527,382900
756,669,682,705905,12886,281209,407100
757,685,663,705214,12914,281872,402800
758,696,642,704517,12969,282514,391900
759,683,660,703834,12992,283174,371200
760,671,701,703181,12944,283875,431800
761,694,684,702468,12973,284559,359500
762,692,660,701777,13004,285219,347600
763,663,673,701119,12989,285892,358800
764,685,670,700449,12989,286562,369200
765,694,608,699758,13072,287170,389400
766,709,650,699031,13149,287820,341700
767,672,671,698362,13147,288491,415500
768,666,676,697675,13158,289167,387200
769,619,680,697083,13070,289847,388900
770,723,669,696387,13097,290516,360500
771,725,704,695615,13165,291220,385300
772,696,636,694942,13202,291856,332300
773,716,689,694220,13235,292545,312700
774,691,724,693530,13201,293269,317600
775,667,677,692858,13196,293946,337300
776,681,692,692170,13192,294638,304000
777,679,689,691504,13169,295327,342500
778,667,699,690824,13150,296026,353000
779,702,700,690117,13157,296726,348700
780,682,682,689456,13136,297408,381500
781,682,656,688766,13170,298064,369900
782,654,694,688114,13128,298758,359500
783,627,695,687483,13064,299453,356700
784,646,708,686825,13014,300161,352700
785,680,666,686179,12994,300827,381800
786,657,679,685495,12999,301506,365400
787,651,640,684844,13010,302146,347600
788,621,709,684230,12915,302855,348700
789,624,707,683570,12868,303562,377500
790,643,697,682956,12785,304259,336100
791,666,635,682280,12826,304894,350800
792,640,677,681656,12773,305571,368300
793,637,696,681018,12715,306267,386000
794,671,618,680350,12765,306885,369200
795,649,672,679689,12754,307557,351200
796,671,688,679030,12725,308245,358800
797,649,634,678377,12744,308879,350800
798,629,647,677743,12731,309526,353900
799,604,643,677137,12694,310169,358400
800,666,686,676468,12677,310855,356900
801,635,666,675848,12631,311521,370800
802,663,633,675194,12652,312154,325100
803,618,643,674571,12632,312797,362300
804,652,670,673906,12627,313467,310100
805,607,661,673285,12587,314128,323000
806,591,634,672691,12547,314762,323700
807,597,686,672108,12444,315448,513600
808,612,625,671501,12426,316073,346500
809,619,667,670886,12374,316740,312300
810,667,611,670215,12434,317351,334500
811,616,637,669590,12422,317988,312800
812,597,595,668996,12421,318583,308900
813,631,626,668384,12407,319209,333000
814,611,675,667766,12350,319884,337200
815,619,632,667132,12352,320516,344800
816,595,639,666539,12306,321155,336700
817,600,616,665935,12294,321771,335300
818,585,601,665362,12266,322372,327800
819,628,660,664742,12226,323032,347300
820,598,612,664141,12215,323644,321200
821,615,608,663523,12225,324252,302000
822,676,661,662844,12243,324913,305600
823,616,609,662233,12245,325522,319200
824,600,608,661627,12243,326130,345100
825,633,620,660983,12267,326750,312600
826,612,647,660386,12217,327397,328300
827,625,607,659764,12232,328004,395300
828,669,658,659096,12242,328662,392300
829,618,628,658455,12255,329290,348400
830,597,594,657864,12252,329884,315500
831,578,610,657290,12216,330494,323900
832,615,624,656682,12200,331118,338200
833,595,680,656074,12128,331798,335800
834,632,632,655454,12116,332430,343600
835,596,625,654849,12096,333055,307700
836,623,613,654236,12096,333668,318900
837,612,652,653629,12051,334320,335100
838,597,631,653015,12034,334951,323100
839,623,645,652399,12005,335596,330700
840,629,647,651758,11999,336243,408300
841,614,615,651156,11986,336858,318700
842,579,632,650580,11930,337490,357400
843,609,622,649962,11926,338112,325200
844,620,627,649346,11915,338739,345500
845,630,591,648706,11964,339330,337100
846,632,566,648077,12027,339896,331000
847,633,627,647455,12022,340523,344200
848,627,595,646833,12049,341118,356000
849,626,618,646196,12068,341736,323200
850,620,600,645576,12088,342336,346500
851,642,640,644950,12074,342976,318500
852,646,634,644287,12103,343610,328200
853,632,601,643682,12107,344211,323600
854,642,666,643009,12114,344877,302800
855,605,615,642401,12107,345492,334300
856,606,609,641809,12090,346101,332400
857,610,670,641219,12010,346771,316900
858,591,577,640600,12052,347348,329900
859,649,588,639957,12107,347936,300800
860,665,629,639284,12151,348565,308500
861,651,594,638644,12197,349159,325200
862,623,640,638024,12177,349799,331100
863,647,592,637380,12229,350391,303500
864,600,656,636766,12187,351047,337300
865,632,650,636141,12162,351697,312600
866,609,629,635522,12152,352326,338900
867,663,680,634879,12115,353006,308200
868,624,652,634254,12088,353658,297300
869,647,648,633612,12082,354306,295700
870,628,602,632978,12114,354908,328300
871,590,672,632372,12048,355580,335400
872,613,631,631771,12018,356211,314700
873,668,569,631097,12123,356780,351100
874,617,592,630474,12154,357372,337500
875,645,630,629840,12158,358002,342900
876,677,600,629167,12231,358602,328300
877,673,649,628488,12261,359251,336200
878,670,659,627810,12280,359910,310800
879,685,672,627138,12280,360582,330100
880,674,635,626450,12333,361217,334500
881,664,645,625796,12342,361862,321700
882,614,645,625181,12312,362507,369900
883,695,589,624494,12410,363096,331600
884,663,639,623821,12444,363735,380100
885,692,681,623137,12447,364416,367700
886,691,652,622449,12483,365068,326200
887,698,618,621754,12560,365686,365000
888,596,643,621145,12526,366329,328400
889,619,644,620543,12484,366973,320800
890,604,672,619906,12449,367645,315600
891,645,659,619274,12422,368304,314400
892,652,660,618625,12411,368964,337500
893,652,666,617990,12380,369630,348800
894,642,634,617346,12390,370264,305200
895,605,610,616715,12411,370874,314600
896,680,650,616065,12411,371524,318200
897,621,664,615424,12388,372188,318000
898,661,618,614774,12420,372806,325400
899,620,643,614137,12414,373449,306400
900,648,642,613494,12415,374091,329600
901,658,643,612848,12418,374734,341900
902,657,616,612182,12468,375350,316300
903,613,667,611566,12417,376017,304100
904,576,647,610987,12349,376664,319400
905,650,627,610339,12370,377291,311900
906,622,638,609709,12362,377929,317500
907,652,637,609075,12359,378566,293000
908,613,644,608433,12357,379210,313400
909,586,651,607859,12280,379861,329700
910,629,673,607237,12229,380534,351500
911,635,650,606601,12215,381184,356100
912,646,654,605975,12187,381838,323000
913,623,576,605335,12251,382414,301700
914,678,635,604668,12283,383049,339300
915,670,641,604002,12308,383690,331800
916,645,653,603351,12306,384343,333200
917,643,635,602701,12321,384978,333700
918,669,671,602043,12308,385649,315600
919,623,652,601397,12302,386301,314100
920,656,608,600751,12340,386909,351100
921,648,609,600121,12361,387518,362000
922,670,615,599436,12431,388133,330600
923,639,655,598794,12418,388788,354700
924,661,592,598137,12483,389380,323100
925,666,675,597467,12478,390055,324700
926,639,652,596827,12466,390707,333300
927,635,615,596189,12489,391322,346000
928,653,615,595540,12523,391937,322600
929,685,628,594851,12584,392565,322000
930,635,617,594211,12607,393182,317800
931,586,613,593624,12581,393795,301200
932,651,677,592997,12531,394472,300600
933,653,680,592359,12489,395152,332500
934,632,638,591699,12511,395790,341700
935,670,647,591022,12541,396437,399900
936,619,655,590410,12498,397092,329300
937,702,612,589719,12577,397704,323800
938,647,667,589053,12576,398371,374400
939,655,656,588415,12558,399027,396300
940,696,649,587697,12627,399676,362600
941,686,649,587031,12644,400325,396500
942,581,647,586427,12601,400972,406700
943,642,651,585797,12580,401623,498400
944,635,655,585169,12553,402278,356100
945,654,662,584515,12545,402940,366900
946,624,665,583885,12510,403605,434800
947,665,666,583216,12513,404271,392300
948,636,629,582591,12509,404900,380000
949,659,659,581939,12502,405559,364500
950,647,646,581272,12523,406205,334300
951,656,654,580635,12506,406859,355400
952,618,613,580005,12523,407472,391500
953,651,658,579363,12507,408130,433200
954,664,656,578698,12516,408786,413700
955,679,647,578000,12567,409433,376700
956,693,659,577326,12582,410092,388800
957,742,649,576592,12667,410741,359100
958,655,606,575924,12729,411347,365700
959,673,662,575243,12748,412009,327500
960,616,623,574624,12744,412632,382900
961,687,625,573951,12792,413257,335200
962,694,677,573266,12800,413934,340000
963,699,673,572551,12842,414607,360800
964,692,681,571870,12842,415288,306900
965,663,667,571198,12847,415955,357500
966,634,642,570574,12829,416597,350900
967,689,651,569870,12882,417248,358300
968,648,648,569245,12859,417896,357700
969,698,631,568533,12940,418527,365900
970,686,672,567841,12960,419199,353300
971,677,626,567173,13002,419825,368100
972,685,628,566470,13077,420453,346200
973,686,716,565799,13032,421169,363100
974,627,630,565146,13055,421799,378600
975,696,633,564478,13090,422432,377800
976,670,687,563794,13087,423119,350800
977,689,689,563117,13075,423808,353300
978,664,658,562469,13065,424466,378800
979,660,632,561795,13107,425098,396300
980,683,678,561116,13108,425776,374800
981,654,683,560460,13081,426459,366500
982,663,682,559783,13076,427141,606700
983,650,638,559139,13082,427779,330300
984,620,664,558510,13047,428443,320900
985,687,655,557839,13063,429098,361100
986,668,731,557162,13009,429829,373300
987,607,663,556570,12938,430492,329200
988,610,683,555938,12887,431175,336300
989,653,717,555305,12803,431892,386600
990,634,664,554657,12787,432556,345700
991,655,625,554013,12806,433181,349000
992,659,611,553346,12862,433792,345900
993,646,715,552702,12791,434507,340000
994,629,637,552077,12779,435144,361200
995,659,650,551424,12782,435794,360000
996,661,639,550739,12828,436433,348200
997,675,669,550082,12816,437102,385100
998,640,645,549438,12815,437747,354400
999,650,669,548788,12796,438416,338900
1000,646,675,548123,12786,439091,368900
1001,641,651,547507,12751,439742,366900
1002,647,647,546863,12748,440389,379700
1003,724,659,546127,12825,441048,407100
1004,678,674,545452,12826,441722,372300
1005,589,665,544852,12761,442387,399200
1006,652,628,544206,12779,443015,409100
1007,654,661,543544,12780,443676,365800
1008,652,634,542897,12793,444310,382400
1009,664,688,542245,12757,444998,351000
1010,604,698,541633,12671,445696,415900
1011,635,648,540997,12659,446344,397900
1012,652,673,540333,12650,447017,367700
1013,647,647,539693,12643,447664,369700
1014,673,655,539027,12654,448319,379100
1015,673,660,538369,12652,448979,390300
1016,662,620,537697,12704,449599,352100
1017,652,670,537046,12685,450269,502500
1018,583,685,536451,12595,450954,388300
1019,698,671,535771,12604,451625,358600
1020,669,661,535093,12621,452286,342400
1021,620,665,534474,12575,452951,391100
1022,601,681,533880,12488,453632,366900
1023,622,611,533239,12518,454243,365300
1024,636,608,532613,12536,454851,354600
1025,620,696,531989,12464,455547,349000
1026,635,636,531340,12477,456183,345700
1027,666,705,530689,12423,456888,373700
1028,658,658,530031,12423,457546,354500
1029,627,655,529402,12397,458201,372600
1030,624,627,528773,12399,458828,344700
1031,655,656,528144,12372,459484,340600
1032,670,639,527456,12421,460123,348600
1033,648,653,526814,12410,460776,334500
1034,582,604,526220,12400,461380,352600
1035,655,621,525569,12430,462001,318400
1036,667,624,524912,12463,462625,345500
1037,641,644,524262,12469,463269,376400
1038,618,610,523656,12465,463879,328500
1039,665,624,522990,12507,464503,338700
1040,662,694,522323,12480,465197,357300
1041,661,659,521666,12478,465856,360000
1042,699,689,520949,12506,466545,353500
1043,677,648,520302,12505,467193,376000
1044,661,605,519610,12592,467798,343900
1045,654,639,518971,12592,468437,365900
1046,723,668,518255,12640,469105,347700
1047,631,656,517596,12643,469761,338800
1048,681,646,516932,12661,470407,359700
1049,641,673,516288,12632,471080,362400
1050,743,662,515554,12704,471742,351100
1051,680,646,514884,12728,472388,349800
1052,656,678,514216,12718,473066,357200
1053,657,674,513560,12700,473740,332800
1054,638,651,512908,12701,474391,365800
1055,606,688,512304,12617,475079,338500
1056,606,656,511699,12566,475735,352000
1057,619,611,511076,12578,476346,362600
1058,645,650,510438,12566,476996,333100
1059,625,671,509805,12528,477667,333100
1060,705,688,509111,12534,478355,363500
1061,628,678,508489,12478,479033,329200
1062,649,619,507828,12520,479652,307600
1063,639,648,507186,12514,480300,361200
1064,633,696,506556,12448,480996,314800
1065,657,641,505908,12455,481637,334700
1066,620,622,505274,12467,482259,329400
1067,631,628,504656,12457,482887,357000
1068,682,673,503975,12465,483560,370200
1069,609,650,503351,12439,484210,359900
1070,605,643,502747,12400,484853,344100
1071,657,641,502099,12407,485494,363900
1072,654,619,501450,12437,486113,338100
1073,609,629,500833,12425,486742,358300
1074,686,657,500145,12456,487399,360100
1075,639,613,499513,12475,488012,346800
1076,654,627,498860,12501,488639,401700
1077,672,630,498194,12537,489269,389600
1078,673,647,497513,12571,489916,343200
1079,685,707,496845,12532,490623,350000
1080,681,638,496147,12592,491261,355800
1081,638,635,495516,12588,491896,333600
1082,628,634,494887,12583,492530,351800
1083,666,595,494206,12669,493125,351300
1084,626,630,493585,12660,493755,334600
1085,656,606,492941,12698,494361,360000
1086,613,603,492307,12729,494964,383100
1087,677,667,491641,12728,495631,366400
1088,662,631,490989,12749,496262,362600
1089,679,627,490326,12785,496889,361200
1090,646,693,489666,12752,497582,359100
1091,663,633,488989,12796,498215,324800
1092,648,647,488350,12788,498862,327000
1093,644,668,487693,12777,499530,323700
1094,658,664,487036,12770,500194,331300
1095,725,669,486330,12807,500863,342600
1096,679,702,485638,12797,501565,351200
1097,634,631,485002,12802,502196,356200
1098,642,632,484365,12807,502828,340300
1099,645,658,483724,12790,503486,335600
1100,661,620,483064,12830,504106,358200
1101,645,658,482434,12802,504764,332200
1102,648,644,481758,12834,505408,351400
1103,685,680,481084,12828,506088,333000
1104,651,650,480425,12837,506738,381400
1105,634,667,479790,12805,507405,370700
1106,650,687,479153,12755,508092,342000
1107,624,643,478509,12756,508735,336300
1108,718,696,477821,12748,509431,344800
1109,647,647,477156,12766,510078,333700
1110,664,686,476505,12731,510764,327700
1111,636,663,475863,12710,511427,333300
1112,662,660,475184,12729,512087,368100
1113,670,689,474524,12700,512776,342800
1114,627,695,473915,12614,513471,370300
1115,660,636,473249,12644,514107,356000
1116,668,668,472577,12648,514775,378100
1117,705,657,471863,12705,515432,445600
1118,683,629,471175,12764,516061,437100
1119,685,631,470507,12801,516692,440100
1120,673,638,469826,12844,517330,374600
1121,682,675,469146,12849,518005,403900
1122,668,633,468484,12878,518638,373800
1123,706,672,467777,12913,519310,369500
1124,644,650,467110,12930,519960,375200
1125,700,670,466432,12938,520630,366800
1126,691,682,465736,12952,521312,409100
1127,680,698,465064,12926,522010,373600
1128,629,691,464417,12882,522701,463600
1129,676,681,463754,12864,523382,470800
1130,635,645,463129,12844,524027,408500
1131,649,713,462461,12799,524740,535400
1132,722,649,461754,12857,525389,381500
1133,656,671,461095,12845,526060,404800
1134,683,688,460406,12846,526748,399500
1135,647,659,459764,12829,527407,396800
1136,672,647,459095,12851,528054,407400
1137,667,650,458435,12861,528704,368700
1138,649,645,457789,12862,529349,362200
1139,618,675,457151,12825,530024,340400
1140,663,634,456480,12862,530658,382600
1141,654,660,455809,12873,531318,358800
1142,694,640,455143,12899,531958,372300
1143,718,677,454422,12943,532635,374100
1144,670,657,453752,12956,533292,394900
1145,659,666,453096,12946,533958,543900
1146,651,651,452430,12961,534609,400400
1147,671,682,451773,12936,535291,360300
1148,670,660,451121,12928,535951,374200
1149,667,649,450429,12971,536600,352900
1150,688,680,449761,12959,537280,352200
1151,670,661,449062,12997,537941,344200
1152,700,681,448393,12985,538622,382500
1153,610,720,447759,12899,539342,368700
1154,636,629,447132,12897,539971,349400
1155,666,649,446468,12912,540620,333500
1156,631,658,445833,12889,541278,376000
1157,698,679,445127,12916,541957,361900
1158,648,672,444472,12899,542629,351300
1159,641,655,443841,12875,543284,359100
1160,657,655,443191,12870,543939,362800
1161,666,659,442520,12882,544598,442700
1162,676,652,441852,12898,545250,372700
1163,655,702,441188,12860,545952,353600
1164,678,692,440521,12835,546644,344400
1165,648,669,439868,12819,547313,345600
1166,656,665,439213,12809,547978,360200
1167,621,596,438573,12853,548574,354900
1168,651,650,437940,12836,549224,361000
1169,633,701,437306,12769,549925,358100
1170,631,631,436664,12780,550556,355800
1171,658,637,436031,12776,551193,371500
1172,651,671,435352,12784,551864,339000
1173,645,648,434683,12805,552512,337600
1174,683,727,434038,12723,553239,345600
1175,608,680,433432,12649,553919,323700
1176,685,667,432745,12669,554586,327600
1177,669,669,432073,12672,555255,318800
1178,633,667,431454,12624,555922,324000
1179,646,647,430793,12638,556569,328200
1180,615,669,430169,12593,557238,355700
1181,679,658,429505,12599,557896,322400
1182,659,668,428850,12586,558564,336600
1183,631,611,428214,12611,559175,328400
1184,663,674,427541,12610,559849,369600
1185,685,648,426872,12631,560497,337600
1186,661,685,426208,12610,561182,353400
1187,654,656,425574,12588,561838,360200
1188,698,650,424849,12663,562488,362800
1189,680,650,424178,12684,563138,331600
1190,683,624,423478,12760,563762,329900
1191,662,618,422837,12783,564380,318500
1192,676,654,422155,12811,565034,321100
1193,649,677,421506,12783,565711,343900
1194,670,663,420825,12801,566374,322300
1195,690,622,420152,12852,566996,344200
1196,723,694,419430,12880,567690,349300
1197,602,684,418816,12810,568374,348800
1198,635,663,418174,12789,569037,329400
1199,632,626,417547,12790,569663,367300
1200,695,672,416862,12803,570335,364400
1201,629,691,416219,12755,571026,349300
1202,651,668,415591,12715,571694,352500
1203,600,661,414963,12682,572355,323000
1204,684,623,414295,12727,572978,345900
1205,631,650,413643,12729,573628,349700
1206,712,669,412950,12753,574297,349700
1207,672,625,412282,12796,574922,356700
1208,677,627,411605,12846,575549,350200
1209,671,694,410929,12828,576243,330100
1210,671,653,410254,12850,576896,328000
1211,695,697,409570,12837,577593,342200
1212,652,676,408917,12814,578269,345100
1213,619,678,408287,12766,578947,355200
1214,626,662,407657,12734,579609,388200
1215,626,607,407036,12748,580216,346000
1216,646,673,406408,12703,580889,332200
1217,653,619,405729,12763,581508,344700
1218,653,687,405091,12714,582195,335900
1219,661,649,404416,12740,582844,340100
1220,645,644,403781,12731,583488,319000
1221,648,743,403123,12646,584231,339000
1222,691,683,402438,12648,584914,335600
1223,665,645,401782,12659,585559,322800
1224,624,613,401141,12687,586172,330800
1225,654,643,400509,12676,586815,351900
1226,660,643,399843,12699,587458,348900
1227,656,678,399166,12698,588136,329800
1228,658,660,398525,12679,588796,327400
1229,628,651,397895,12658,589447,367700
1230,637,645,397247,12661,590092,352700
1231,666,604,396588,12716,590696,340500
1232,635,669,395947,12688,591365,326700
1233,610,632,395358,12645,591997,372800
1234,621,664,394716,12623,592661,319600
1235,631,622,394071,12646,593283,318800
1236,607,672,393475,12570,593955,313900
1237,613,664,392867,12514,594619,339900
1238,664,662,392210,12509,595281,382100
1239,627,682,391582,12455,595963,335700
1240,610,639,390970,12428,596602,321500
1241,610,616,390367,12415,597218,355900
1242,656,615,389711,12456,597833,337700
1243,627,632,389064,12471,598465,327500
1244,624,629,388456,12450,599094,351100
1245,621,654,387832,12420,599748,378400
1246,667,662,387182,12408,600410,358700
1247,624,624,386540,12426,601034,374800
1248,649,656,385914,12396,601690,388400
1249,575,683,385308,12319,602373,378700
1250,648,672,384666,12289,603045,364800
1251,634,676,384030,12249,603721,378700
1252,628,629,383405,12245,604350,377400
1253,659,646,382747,12257,604996,366800
1254,608,627,382126,12251,605623,364100
1255,617,656,381527,12194,606279,402400
1256,666,622,380864,12235,606901,344900
1257,597,671,380268,12160,607572,410800
1258,649,595,379625,12208,608167,461700
1259,578,639,379021,12173,608806,405000
1260,582,632,378433,12129,609438,371500
1261,583,613,377861,12088,610051,339800
1262,601,610,377264,12075,610661,379600
1263,616,554,376645,12140,611215,358000
1264,610,638,376045,12102,611853,374600
1265,626,638,375402,12107,612491,362500
1266,623,655,374788,12066,613146,352400
1267,610,636,374185,12033,613782,385600
1268,629,596,373549,12073,614378,359900
1269,594,649,372964,12009,615027,359200
1270,589,667,372354,11952,615694,358900
1271,618,612,371738,11956,616306,346600
1272,536,585,371202,11907,616891,360400
1273,596,615,370609,11885,617506,353000
1274,618,630,369989,11875,618136,354400
1275,611,560,369400,11904,618696,381200
1276,584,579,368799,11926,619275,356600
1277,646,618,368176,11931,619893,336300
1278,610,616,367551,11940,620509,380900
1279,629,612,366920,11959,621121,372800
1280,637,662,366283,11934,621783,341100
1281,634,615,365661,11941,622398,364000
1282,618,651,365037,11914,623049,338000
1283,673,623,364364,11964,623672,355700
1284,588,641,363777,11910,624313,394600
1285,589,616,363166,11905,624929,343600
1286,598,600,362590,11881,625529,382100
1287,625,582,361966,11923,626111,362100
1288,621,601,361341,11947,626712,352400
1289,632,586,360708,11994,627298,340800
1290,599,620,360107,11975,627918,377200
1291,572,642,359527,11913,628560,366500
1292,624,592,358909,11939,629152,348200
1293,684,653,358246,11949,629805,341800
1294,618,591,357603,12001,630396,352200
1295,595,631,357003,11970,631027,384400
1296,646,638,356360,11975,631665,354500
1297,633,616,355746,11973,632281,388200
1298,646,597,355088,12034,632878,414000
1299,621,628,354483,12011,633506,381300
1300,668,650,353808,12036,634156,400000
1301,623,637,353178,12029,634793,354500
1302,580,614,352590,12003,635407,337600
1303,587,639,352007,11947,636046,403300
1304,661,583,351353,12018,636629,335000
1305,595,638,350749,11984,637267,363600
1306,602,648,350153,11932,637915,369400
1307,598,630,349559,11896,638545,391300
1308,606,643,348941,11871,639188,390600
1309,560,625,348383,11804,639813,384400
1310,588,589,347793,11805,640402,376700
1311,644,578,347171,11849,640980,368100
1312,618,631,346536,11853,641611,341100
1313,626,624,345915,11850,642235,413500
1314,578,601,345322,11842,642836,359900
1315,616,640,344727,11797,643476,393500
1316,654,590,344063,11871,644066,388800
1317,564,635,343488,11811,644701,389100
1318,604,598,342898,11803,645299,391900
1319,622,586,342267,11848,645885,377100
1320,642,606,341629,11880,646491,358500
1321,595,621,341051,11837,647112,342500
1322,582,622,340446,11820,647734,374000
1323,576,604,339874,11788,648338,355400
1324,568,617,339315,11730,648955,346500
1325,562,579,338741,11725,649534,346200
1326,590,603,338165,11698,650137,370500
1327,632,636,337527,11700,650773,348200
1328,612,583,336900,11744,651356,376000
1329,599,589,336329,11726,651945,388800
1330,579,604,335729,11722,652549,338700
1331,667,605,335085,11761,653154,366600
1332,594,630,334472,11744,653784,347700
1333,618,610,333859,11747,654394,366200
1334,596,633,333270,11703,655027,383200
1335,572,624,332676,11673,655651,338200
1336,502,597,332184,11568,656248,358600
1337,548,635,331644,11473,656883,365100
1338,543,589,331107,11421,657472,362100
1339,598,586,330489,11453,658058,545400
1340,546,575,329944,11423,658633,535300
1341,584,593,329377,11397,659226,380200
1342,533,591,328836,11347,659817,370300
1343,612,565,328237,11381,660382,372100
1344,579,580,327650,11388,660962,381800
1345,566,551,327074,11413,661513,377500
1346,559,610,326525,11352,662123,400700
1347,577,615,325933,11329,662738,470900
1348,560,591,325382,11289,663329,406600
1349,557,597,324812,11262,663926,381700
1350,564,584,324263,11227,664510,394000
1351,569,591,323685,11214,665101,372600
1352,596,606,323103,11190,665707,400100
1353,617,575,322489,11229,666282,371400
1354,604,577,321861,11280,666859,343900
1355,625,564,321247,11330,667423,365400
1356,584,614,320665,11298,668037,343200
1357,589,629,320077,11257,668666,378700
1358,622,575,319456,11303,669241,352400
1359,565,601,318888,11270,669842,362500
1360,594,567,318299,11292,670409,349400
1361,584,568,317720,11303,670977,356700
1362,582,617,317139,11267,671594,350100
1363,572,582,316560,11264,672176,355700
1364,609,600,315950,11274,672776,364800
1365,613,586,315338,11300,673362,362800
1366,602,568,314741,11329,673930,348800
1367,578,618,314151,11301,674548,363600
1368,629,560,313531,11361,675108,367700
1369,601,612,312932,11348,675720,354600
1370,636,621,312289,11370,676341,390700
1371,550,587,311734,11338,676928,360200
1372,596,537,311154,11381,677465,334500
1373,600,609,310537,11389,678074,443200
1374,609,550,309940,11436,678624,379200
1375,638,576,309297,11503,679200,383600
1376,600,615,308716,11469,679815,347300
1377,624,650,308075,11460,680465,332300
1378,591,618,307498,11419,681083,448600
1379,605,607,306868,11442,681690,361200
1380,643,549,306246,11515,682239,459700
1381,575,556,305652,11553,682795,351600
1382,624,516,305034,11655,683311,360900
1383,641,572,304402,11715,683883,351300
1384,585,567,303805,11745,684450,334900
1385,653,617,303149,11784,685067,365100
1386,567,613,302590,11730,685680,400300
1387,581,555,301996,11769,686235,386100
1388,641,624,301376,11765,686859,344100
1389,612,621,300761,11759,687480,364900
1390,557,601,300180,11739,688081,358300
1391,588,610,299599,11710,688691,363900
1392,604,603,299009,11697,689294,374800
1393,599,587,298420,11699,689881,356700
1394,584,606,297822,11691,690487,375400
1395,574,591,297228,11694,691078,378600
1396,634,630,296608,11684,691708,367800
1397,565,605,296044,11643,692313,368600
1398,579,602,295470,11615,692915,361700
1399,554,559,294912,11614,693474,390000
1400,558,622,294347,11557,694096,398400
1401,640,577,293728,11599,694673,358000
1402,572,625,293146,11556,695298,353200
1403,547,555,292603,11544,695853,395000
1404,602,590,291996,11561,696443,362700
1405,578,582,291416,11559,697025,380500
1406,605,630,290813,11532,697655,312100
1407,600,618,290206,11521,698273,332300
1408,599,602,289619,11506,698875,326600
1409,612,568,288993,11564,699443,318600
1410,617,623,288380,11554,700066,319200
1411,564,610,287826,11498,700676,316900
1412,591,637,287227,11460,701313,336900
1413,609,567,286626,11494,701880,298500
1414,574,589,286039,11492,702469,327700
1415,567,565,285484,11482,703034,323000
1416,580,574,284891,11501,703608,321400
1417,610,623,284284,11485,704231,326400
1418,610,573,283690,11506,704804,328900
1419,527,590,283146,11460,705394,314400
1420,536,593,282608,11405,705987,373000
1421,555,580,282053,11380,706567,322800
1422,567,583,281499,11351,707150,325000
1423,568,590,280934,11326,707740,321000
1424,534,617,280385,11258,708357,311600
1425,505,580,279868,11195,708937,368200
1426,571,604,279313,11146,709541,356500
1427,576,599,278737,11123,710140,370000
1428,543,554,278194,11112,710694,371900
1429,546,585,277640,11081,711279,328500
1430,525,587,277108,11026,711866,322000
1431,544,603,276589,10942,712469,353000
1432,545,571,276037,10923,713040,324400
1433,493,547,275525,10888,713587,313500
1434,546,537,274992,10884,714124,320200
1435,530,581,274467,10828,714705,329400
1436,574,555,273883,10857,715260,326100
1437,511,572,273374,10794,715832,344600
1438,531,566,272845,10757,716398,308900
1439,566,521,272273,10808,716919,342700
1440,543,550,271741,10790,717469,317900
1441,510,563,271214,10754,718032,314700
1442,556,595,270671,10702,718627,316300
1443,575,562,270107,10704,719189,304800
1444,527,542,269562,10707,719731,323100
1445,542,589,269020,10660,720320,310200
1446,537,548,268485,10647,720868,328200
1447,506,576,267981,10575,721444,309600
1448,557,559,267427,10570,722003,334700
1449,493,566,266929,10502,722569,329100
1450,471,546,266458,10427,723115,320300
1451,530,526,265941,10418,723641,322600
1452,533,521,265390,10448,724162,313000
1453,469,594,264917,10327,724756,301400
1454,491,518,264438,10288,725274,310800
1455,514,515,263924,10287,725789,326600
1456,507,504,263411,10296,726293,334200
1457,498,549,262927,10231,726842,330700
1458,539,530,262370,10258,727372,313500
1459,543,544,261832,10252,727916,352700
1460,509,493,261336,10255,728409,315000
1461,488,538,260854,10199,728947,313900
1462,484,550,260356,10147,729497,351200
1463,479,515,259873,10115,730012,370400
1464,468,534,259403,10051,730546,354900
1465,486,510,258917,10027,731056,336400
1466,477,533,258441,9970,731589,372300
1467,550,531,257884,9996,732120,303500
1468,503,489,257396,9995,732609,297400
1469,503,527,256875,9989,733136,311300
1470,549,550,256350,9964,733686,323700
1471,490,488,255861,9965,734174,359400
1472,472,494,255385,9947,734668,375200
1473,519,482,254868,9982,735150,318800
1474,470,507,254373,9970,735657,338000
1475,492,480,253898,9965,736137,301700
1476,481,500,253409,9954,736637,313700
1477,524,543,252891,9929,737180,292100
1478,541,539,252347,9934,737719,332200
1479,496,530,251862,9889,738249,321500
1480,493,495,251364,9892,738744,328800
1481,483,544,250873,9839,739288,347600
1482,504,500,250373,9839,739788,358500
1483,536,500,249839,9873,740288,337500
1484,493,516,249341,9855,740804,340300
1485,502,521,248830,9845,741325,310300
1486,504,528,248341,9806,741853,317800
1487,513,495,247826,9826,742348,301500
1488,463,519,247365,9768,742867,321600
1489,507,473,246860,9800,743340,327200
1490,460,488,246390,9782,743828,314500
1491,491,492,245904,9776,744320,326400
1492,499,509,245404,9767,744829,311000
1493,483,515,244916,9740,745344,369900
1494,474,472,244443,9741,745816,368100
1495,516,520,243928,9736,746336,370400
1496,484,455,243446,9763,746791,332600
1497,439,514,243011,9684,747305,335200
1498,525,487,242498,9710,747792,321500
1499,469,508,242014,9686,748300,436600
1500,483,520,241520,9660,748820,367200
1501,491,501,241032,9647,749321,365400
1502,480,488,240558,9633,749809,377900
1503,521,485,240031,9675,750294,402900
1504,547,482,239501,9723,750776,377600
1505,472,460,239010,9754,751236,347600
1506,479,490,238542,9732,751726,363400
1507,503,509,238047,9718,752235,363400
1508,542,497,237501,9767,752732,380700
1509,483,510,237026,9732,753242,344200
1510,496,507,236512,9739,753749,371700
1511,521,521,236006,9724,754270,341600
1512,500,470,235504,9756,754740,498700
1513,535,496,234960,9804,755236,493000
1514,485,534,234471,9759,755770,374500
1515,510,524,233971,9735,756294,382200
1516,441,520,233514,9672,756814,366700
1517,498,463,233040,9683,757277,356900
1518,474,497,232558,9668,757774,341300
1519,514,504,232045,9677,758278,345000
1520,484,516,231569,9637,758794,346800
1521,464,473,231093,9640,759267,340000
1522,478,507,230614,9612,759774,348600
1523,434,504,230160,9562,760278,315900
1524,521,478,229668,9576,760756,354400
1525,474,500,229193,9551,761256,335800
1526,479,484,228706,9554,761740,331200
1527,486,444,228223,9593,762184,325200
1528,504,467,227730,9619,762651,370600
1529,506,511,227206,9632,763162,339900
1530,489,501,226715,9622,763663,445900
1531,478,471,226228,9638,764134,344500
1532,478,519,225775,9572,764653,330100
1533,517,495,225244,9608,765148,342900
1534,523,485,224734,9633,765633,334200
1535,510,467,224209,9691,766100,367100
1536,480,492,223730,9678,766592,346700
1537,476,469,223261,9678,767061,328100
1538,489,515,222771,9653,767576,332500
1539,473,476,222297,9651,768052,333200
1540,483,533,221811,9604,768585,340900
1541,474,522,221337,9556,769107,356000
1542,458,529,220871,9493,769636,328100
1543,504,506,220384,9474,770142,370800
1544,451,483,219932,9443,770625,339100
1545,477,505,219455,9415,771130,338200
1546,440,515,219000,9355,771645,359800
1547,464,468,218553,9334,772113,327100
1548,481,510,218051,9326,772623,362800
1549,460,481,217606,9290,773104,352500
1550,478,501,217128,9267,773605,327000
1551,486,464,216632,9299,774069,346200
1552,454,495,216179,9257,774564,329400
1553,476,507,215713,9216,775071,332700
1554,485,456,215221,9252,775527,327700
1555,441,472,214785,9216,775999,332600
1556,498,460,214277,9264,776459,342500
1557,486,493,213807,9241,776952,313200
1558,481,492,213323,9233,777444,369800
1559,475,492,212843,9221,777936,391200
1560,490,454,212355,9255,778390,361800
1561,458,531,211896,9183,778921,351000
1562,455,454,211435,9190,779375,328100
1563,420,435,211011,9179,779810,349900
1564,427,472,210579,9139,780282,326400
1565,430,492,210151,9075,780774,344100
1566,468,470,209676,9080,781244,350700
1567,472,445,209227,9084,781689,347800
1568,480,449,208746,9116,782138,359100
1569,437,489,208288,9085,782627,348700
1570,466,463,207839,9071,783090,341900
1571,468,486,207372,9052,783576,331200
1572,434,492,206935,8997,784068,349700
1573,420,452,206518,8962,784520,353900
1574,421,465,206096,8919,784985,374900
1575,414,469,205669,8877,785454,320200
1576,442,429,205246,8871,785883,357400
1577,472,494,204774,8849,786377,326900
1578,447,465,204324,8834,786842,383000
1579,453,465,203861,8832,787307,332700
1580,475,464,203408,8821,787771,344600
1581,468,447,202940,8842,788218,424000
1582,422,454,202503,8825,788672,353200
1583,519,453,202002,8873,789125,333100
1584,507,488,201490,8897,789613,333100
1585,457,428,201025,8934,790041,318800
1586,404,439,200613,8907,790480,330400
1587,429,444,200179,8897,790924,326800
1588,522,468,199657,8951,791392,331100
1589,464,432,199192,8984,791824,342300
1590,458,443,198731,9002,792267,348100
1591,430,473,198306,8954,792740,357300
1592,507,453,197806,9001,793193,350800
1593,454,434,197353,9020,793627,341400
1594,502,442,196867,9064,794069,321400
1595,428,471,196414,9046,794540,342800
1596,483,426,195932,9102,794966,345800
1597,493,462,195450,9122,795428,344900
1598,506,499,194943,9130,795927,323200
1599,428,476,194493,9104,796403,325300
1600,526,477,193990,9130,796880,349500
1601,516,449,193468,9203,797329,345500
1602,500,505,192979,9187,797834,393200
1603,481,497,192495,9174,798331,587400
1604,460,489,192027,9153,798820,361500
1605,454,477,191563,9140,799297,352600
1606,481,511,191100,9092,799808,353000
1607,484,477,190617,9098,800285,340200
1608,486,488,190132,9095,800773,361100
1609,457,474,189660,9093,801247,332800
1610,462,475,189206,9072,801722,341500
1611,490,423,188715,9140,802145,353400
1612,437,494,188276,9085,802639,328600
1613,458,444,187830,9087,803083,334800
1614,474,471,187349,9097,803554,349400
1615,451,460,186895,9091,804014,335900
1616,436,438,186457,9091,804452,333400
1617,441,433,186019,9096,804885,332900
1618,458,466,185551,9098,805351,337600
1619,451,485,185115,9049,805836,324400
1620,452,486,184656,9022,806322,335600
1621,411,470,184240,8968,806792,354800
1622,452,468,183802,8938,807260,328900
1623,423,473,183362,8905,807733,362200
1624,418,446,182953,8868,808179,340600
1625,411,450,182543,8828,808629,345800
1626,423,449,182118,8804,809078,347700
1627,419,437,181680,8805,809515,343100
1628,449,462,181247,8776,809977,352500
1629,411,421,180825,8777,810398,332000
1630,430,423,180415,8764,810821,314600
1631,429,460,179981,8738,811281,326800
1632,425,456,179535,8728,811737,348700
1633,424,431,179140,8692,812168,328200
1634,400,459,178723,8650,812627,345500
1635,441,443,178284,8646,813070,320400
1636,421,409,177861,8660,813479,332300
1637,420,445,177454,8622,813924,354200
1638,422,416,177020,8640,814340,315300
1639,439,408,176596,8656,814748,323800
1640,453,465,176129,8658,815213,354400
1641,435,457,175702,8628,815670,345200
1642,437,411,175267,8652,816081,323400
1643,448,457,174809,8653,816538,335600
1644,398,428,174412,8622,816966,338100
1645,461,394,173948,8692,817360,322400
1646,437,429,173509,8702,817789,390400
1647,398,413,173134,8664,818202,352600
1648,427,445,172683,8670,818647,347700
1649,397,444,172277,8632,819091,328700
1650,442,435,171856,8618,819526,316100
1651,404,431,171440,8603,819957,326100
1652,456,458,170976,8609,820415,345500
1653,405,419,170584,8582,820834,320400
1654,406,473,170172,8521,821307,353400
1655,410,436,169765,8492,821743,326900
1656,396,465,169365,8427,822208,347300
1657,450,461,168926,8405,822669,347300
1658,467,458,168479,8394,823127,363200
1659,395,405,168057,8411,823532,343500
1660,385,414,167673,8381,823946,337800
1661,398,412,167281,8361,824358,338200
1662,429,447,166855,8340,824805,340100
1663,382,434,166468,8293,825239,315400
1664,392,416,166074,8271,825655,329300
1665,383,417,165675,8253,826072,342900
1666,410,451,165280,8197,826523,333500
1667,378,394,164908,8175,826917,367500
1668,371,416,164526,8141,827333,321800
1669,453,419,164071,8177,827752,363900
1670,354,422,163722,8104,828174,367100
1671,375,412,163331,8083,828586,325200
1672,362,406,162999,8009,828992,318800
1673,341,410,162636,7962,829402,354200
1674,370,423,162263,7912,829825,342700
1675,360,380,161907,7888,830205,334200
1676,374,429,161544,7822,830634,335700
1677,328,385,161207,7774,831019,327900
1678,360,359,160846,7776,831378,329200
1679,372,407,160475,7740,831785,319500
1680,381,418,160102,7695,832203,341600
1681,400,372,159699,7726,832575,353100
1682,389,397,159313,7715,832972,357700
1683,365,393,158940,7695,833365,354000
1684,352,433,158584,7618,833798,351700
1685,353,373,158233,7596,834171,325000
1686,381,422,157863,7544,834593,395100
1687,397,353,157460,7594,834946,395100
1688,329,367,157137,7550,835313,351900
1689,342,393,156789,7505,835706,350300
1690,346,422,156438,7434,836128,359400
1691,347,376,156091,7405,836504,418300
1692,372,363,155729,7404,836867,452500
1693,368,400,155355,7378,837267,385100
1694,391,397,154981,7355,837664,401300
1695,400,383,154566,7387,838047,376300
1696,340,365,154222,7366,838412,345000
1697,347,367,153874,7347,838779,382600
1698,386,405,153494,7322,839184,364300
1699,358,372,153127,7317,839556,423200
1700,389,383,152740,7321,839939,359000
1701,373,367,152375,7319,840306,484300
1702,384,396,151993,7305,840702,365100
1703,394,387,151588,7323,841089,350800
1704,372,360,151231,7320,841449,385100
1705,380,359,150851,7341,841808,369200
1706,356,397,150479,7316,842205,357900
1707,348,376,150139,7280,842581,378700
1708,364,379,149784,7256,842960,426700
1709,351,392,149431,7217,843352,421200
1710,403,391,149025,7232,843743,371000
1711,369,355,148657,7245,844098,377000
1712,353,395,148294,7213,844493,391200
1713,374,366,147922,7219,844859,375300
1714,375,348,147549,7244,845207,363500
1715,360,329,147195,7269,845536,399100
1716,342,373,146842,7249,845909,378200
1717,369,372,146486,7233,846281,378800
1718,351,347,146121,7251,846628,346800
1719,374,360,145746,7266,846988,352300
1720,386,368,145377,7267,847356,363800
1721,326,375,145048,7221,847731,356400
1722,369,379,144677,7213,848110,362200
1723,343,359,144328,7203,848469,380900
1724,384,381,143957,7193,848850,346100
1725,332,363,143608,7179,849213,361200
1726,380,354,143236,7197,849567,348100
1727,379,367,142856,7210,849934,363800
1728,347,385,142502,7179,850319,377800
1729,347,387,142158,7136,850706,384000
1730,325,405,141842,7047,851111,386600
1731,335,357,141486,7046,851468,429800
1732,321,353,141169,7010,851821,387300
1733,362,350,140812,7017,852171,371300
1734,347,391,140459,6979,852562,359300
1735,340,355,140126,6957,852917,349600
1736,356,363,139764,6956,853280,382700
1737,354,379,139417,6924,853659,366700
1738,327,360,139100,6881,854019,399300
1739,314,353,138769,6859,854372,378000
1740,356,342,138423,6863,854714,351200
1741,338,370,138077,6839,855084,374500
1742,354,335,137730,6851,855419,341100
1743,359,361,137372,6848,855780,378100
1744,312,375,137054,6791,856155,347900
1745,365,351,136690,6804,856506,342600
1746,322,361,136367,6766,856867,358100
1747,344,352,136033,6748,857219,340800
1748,309,367,135712,6702,857586,381100
1749,346,373,135367,6674,857959,338500
1750,335,365,135039,6637,858324,359900
1751,347,333,134687,6656,858657,327300
1752,323,321,134358,6664,858978,456000
1753,340,360,134026,6636,859338,332500
1754,316,343,133710,6609,859681,331800
1755,310,332,133392,6595,860013,310000
1756,336,343,133068,6576,860356,346500
1757,317,349,132743,6552,860705,325500
1758,279,336,132455,6504,861041,316900
1759,328,300,132131,6528,861341,338500
1760,326,323,131818,6518,861664,347200
1761,330,332,131488,6516,861996,319600
1762,318,315,131160,6529,862311,329400
1763,316,340,130844,6505,862651,351300
1764,306,372,130536,6441,863023,303000
1765,344,353,130213,6411,863376,325700
1766,309,348,129885,6391,863724,346000
1767,300,350,129585,6341,864074,321600
1768,307,305,129278,6343,864379,353400
1769,319,331,128957,6333,864710,323400
1770,295,344,128665,6281,865054,327200
1771,322,346,128351,6249,865400,347900
1772,302,329,128040,6231,865729,392600
1773,332,358,127721,6192,866087,348700
1774,293,341,127409,6163,866428,326900
1775,329,296,127094,6182,866724,372900
1776,339,358,126740,6178,867082,339800
1777,322,317,126432,6169,867399,345100
1778,311,287,126114,6200,867686,319200
1779,310,335,125811,6168,868021,306700
1780,296,299,125506,6174,868320,322900
1781,291,308,125203,6169,868628,313100
1782,323,310,124889,6173,868938,341700
1783,348,294,124561,6207,869232,324500
1784,317,334,124239,6195,869566,422800
1785,323,315,123901,6218,869881,326100
1786,314,298,123588,6233,870179,333200
1787,283,354,123305,6162,870533,314900
1788,283,320,123021,6126,870853,317100
1789,288,306,122731,6110,871159,340900
1790,328,303,122410,6128,871462,318400
1791,321,296,122088,6154,871758,325900
1792,327,321,121766,6155,872079,336500
1793,277,332,121484,6105,872411,338700
1794,306,294,121177,6118,872705,356600
1795,321,312,120861,6122,873017,354700
1796,303,299,120554,6130,873316,327200
1797,305,336,120251,6097,873652,339700
1798,298,319,119955,6074,873971,343800
1799,310,297,119647,6085,874268,330900
1800,307,305,119343,6084,874573,319100
1801,310,282,119021,6124,874855,355000
1802,318,303,118720,6122,875158,325100
1803,340,312,118366,6164,875470,317600
1804,292,297,118073,6160,875767,314000
1805,319,311,117758,6164,876078,323400
1806,330,305,117424,6193,876383,349400
1807,269,289,117151,6177,876672,344800
1808,290,306,116860,6162,876978,314200
1809,310,308,116560,6154,877286,332200
1810,326,337,116228,6149,877623,344700
1811,280,291,115935,6151,877914,305000
1812,297,324,115658,6104,878238,332500
1813,303,281,115349,6132,878519,306700
1814,307,335,115056,6090,878854,336700
1815,315,317,114735,6094,879171,323300
1816,279,325,114444,6060,879496,318200
1817,286,335,114156,6013,879831,357200
1818,283,312,113870,5987,880143,341600
1819,302,325,113572,5960,880468,371700
1820,282,306,113293,5933,880774,382700
1821,308,289,112996,5941,881063,350300
1822,305,314,112677,5946,881377,352600
1823,305,336,112392,5895,881713,334400
1824,301,296,112081,5910,882009,330200
1825,269,299,111807,5885,882308,344700
1826,287,317,111529,5846,882625,349400
1827,299,308,111232,5835,882933,314100
1828,285,290,110934,5843,883223,339100
1829,291,289,110645,5843,883512,328700
1830,260,325,110373,5790,883837,328700
1831,264,316,110119,5728,884153,335800
1832,289,282,109837,5728,884435,283000
1833,315,301,109516,5748,884736,318400
1834,287,302,109229,5733,885038,312600
1835,257,302,108970,5690,885340,346900
1836,299,297,108668,5695,885637,338900
1837,267,309,108410,5644,885946,309100
1838,254,302,108158,5594,886248,319800
1839,273,271,107880,5601,886519,339200
1840,265,289,107610,5582,886808,337600
1841,265,279,107336,5577,887087,313300
1842,228,290,107118,5505,887377,471600
1843,237,278,106882,5463,887655,331300
1844,258,287,106617,5441,887942,339200
1845,232,251,106398,5409,888193,333400
1846,233,277,106149,5381,888470,335700
1847,236,283,105923,5324,888753,311100
1848,226,257,105688,5302,889010,309000
1849,238,266,105449,5275,889276,311300
1850,271,269,105189,5266,889545,306700
1851,234,301,104952,5202,889846,301100
1852,253,274,104704,5176,890120,324500
1853,251,273,104453,5154,890393,313200
1854,265,257,104185,5165,890650,317200
1855,234,264,103942,5144,890914,332300
1856,218,241,103736,5109,891155,361500
1857,245,256,103480,5109,891411,353600
1858,213,247,103268,5074,891658,347700
1859,261,255,103018,5069,891913,339100
1860,238,219,102767,5101,892132,345500
1861,240,258,102530,5080,892390,317400
1862,228,276,102313,5021,892666,325600
1863,246,277,102056,5001,892943,320900
1864,261,256,101802,4999,893199,329200
1865,218,265,101573,4963,893464,326000
1866,254,257,101334,4945,893721,316700
1867,227,262,101111,4906,893983,337600
1868,272,270,100826,4921,894253,349300
1869,215,252,100601,4894,894505,722600
1870,260,234,100354,4907,894739,330900
1871,234,272,100115,4874,895011,310500
1872,251,254,99875,4860,895265,309000
1873,233,246,99633,4856,895511,304200
1874,229,272,99402,4815,895783,415200
1875,247,252,99163,4802,896035,323600
1876,200,266,98952,4747,896301,312700
1877,272,221,98701,4777,896522,352600
1878,235,227,98446,4805,896749,332300
1879,268,254,98193,4804,897003,352500
1880,264,276,97925,4796,897279,330000
1881,213,260,97709,4752,897539,324600
1882,209,245,97495,4721,897784,331200
1883,248,272,97254,4690,898056,331400
1884,244,241,97005,4698,898297,311500
1885,220,236,96791,4676,898533,311500
1886,212,227,96567,4673,898760,311500
1887,214,245,96362,4633,899005,312200
1888,204,220,96155,4620,899225,923300
1889,208,260,95946,4569,899485,1073600
1890,194,234,95746,4535,899719,335400
1891,204,239,95543,4499,899958,299500
1892,202,225,95344,4473,900183,315600
1893,204,244,95134,4439,900427,291800
1894,226,223,94922,4428,900650,304800
1895,224,213,94691,4446,900863,314300
1896,252,222,94450,4465,901085,318100
1897,213,218,94226,4471,901303,304600
1898,223,201,94007,4489,901504,306900
1899,216,229,93786,4481,901733,283000
1900,233,229,93554,4484,901962,288300
1901,227,230,93333,4475,902192,305100
1902,230,219,93100,4489,902411,321600
1903,213,256,92887,4446,902667,289100
1904,199,204,92684,4445,902871,317500
1905,234,238,92447,4444,903109,288300
1906,239,249,92216,4426,903358,325000
1907,214,231,91995,4416,903589,313200
1908,238,242,91766,4403,903831,291200
1909,191,217,91577,4375,904048,312200
1910,207,246,91357,4349,904294,307100
1911,205,212,91156,4338,904506,396200
1912,201,215,90960,4319,904721,334300
1913,196,219,90770,4290,904940,324300
1914,232,192,90522,4346,905132,319300
1915,226,202,90309,4357,905334,303500
1916,231,211,90063,4392,905545,336500
1917,219,224,89849,4382,905769,299500
1918,212,212,89642,4377,905981,305300
1919,241,207,89402,4410,906188,306400
1920,211,220,89185,4407,906408,304600
1921,212,241,88979,4372,906649,316000
1922,237,220,88745,4386,906869,318900
1923,203,201,88540,4390,907070,319300
1924,227,223,88306,4401,907293,304400
1925,212,231,88100,4376,907524,288600
1926,216,243,87876,4357,907767,284000
1927,222,229,87660,4344,907996,304900
1928,197,216,87462,4326,908212,306100
1929,180,215,87289,4284,908427,300200
1930,200,208,87077,4288,908635,293900
1931,214,235,86867,4263,908870,303300
1932,203,227,86661,4242,909097,309100
1933,211,212,86460,4231,909309,294400
1934,224,239,86228,4224,909548,301500
1935,188,207,86051,4194,909755,310400
1936,204,229,85830,4186,909984,318000
1937,221,213,85619,4184,910197,293800
1938,203,208,85414,4181,910405,307500
1939,195,226,85217,4152,910631,312500
1940,191,208,85026,4135,910839,298200
1941,202,225,84823,4113,911064,296600
1942,213,213,84620,4103,911277,319500
1943,213,205,84399,4119,911482,294800
1944,213,193,84192,4133,911675,293600
1945,239,224,83953,4148,911899,303700
1946,201,240,83747,4114,912139,302900
1947,197,204,83548,4109,912343,301500
1948,202,222,83343,4092,912565,432500
1949,173,207,83175,4053,912772,315400
1950,185,204,82984,4040,912976,304200
1951,203,207,82785,4032,913183,283800
1952,194,197,82592,4028,913380,277500
1953,199,223,82407,3990,913603,297400
1954,179,182,82214,4001,913785,286200
1955,173,233,82039,3943,914018,285000
1956,181,199,81855,3928,914217,293100
1957,197,195,81669,3919,914412,302000
1958,194,195,81465,3928,914607,309300
1959,196,184,81269,3940,914791,350300
1960,181,226,81096,3887,915017,320200
1961,179,201,80910,3872,915218,287700
1962,163,189,80752,3841,915407,329200
1963,167,202,80584,3807,915609,290400
1964,168,222,80414,3755,915831,291100
1965,147,188,80259,3722,916019,294700
1966,170,215,80094,3672,916234,303000
1967,131,182,79960,3624,916416,289500
1968,150,171,79809,3604,916587,316000
1969,160,193,79650,3570,916780,283800
1970,163,185,79487,3548,916965,307700
1971,182,182,79307,3546,917147,310200
1972,160,174,79147,3532,917321,296600
1973,167,197,78975,3507,917518,314100
1974,183,180,78798,3504,917698,323300
1975,168,177,78632,3493,917875,305700
1976,193,188,78444,3493,918063,303300
1977,175,177,78261,3499,918240,293700
1978,185,171,78078,3511,918411,303200
1979,173,179,77905,3505,918590,308900
1980,170,190,77729,3491,918780,301600
1981,186,198,77554,3468,918978,313100
1982,201,183,77340,3499,919161,328000
1983,171,179,77177,3483,919340,313000
1984,177,203,76998,3459,919543,304900
1985,152,180,76843,3434,919723,309100
1986,171,185,76677,3415,919908,309000
1987,147,177,76526,3389,920085,291800
1988,161,162,76371,3382,920247,295700
1989,166,175,76202,3376,920422,297100
1990,150,193,76037,3348,920615,296800
1991,165,167,75890,3328,920782,290900
1992,155,178,75731,3309,920960,300300
1993,183,181,75542,3317,921141,274500
1994,160,166,75385,3308,921307,309100
1995,142,156,75244,3293,921463,297200
1996,133,171,75107,3259,921634,295600
1997,159,173,74947,3246,921807,283400
1998,171,193,74782,3218,922000,284500
1999,145,174,74633,3193,922174,308000
2000,160,179,74475,3172,922353,298500
2001,159,168,74315,3164,922521,306100
2002,169,178,74151,3150,922699,313200
2003,160,170,73987,3144,922869,277100
2004,165,185,73823,3123,923054,297500
2005,149,168,73665,3113,923222,283400
2006,138,172,73530,3076,923394,284300
2007,161,155,73384,3067,923549,319100
2008,146,156,73228,3067,923705,300200
2009,141,156,73095,3044,923861,309700
2010,150,152,72936,3051,924013,296500
2011,153,164,72789,3034,924177,323600
2012,134,142,72649,3032,924319,320000
2013,164,164,72489,3028,924483,327000
2014,177,167,72310,3040,924650,318300
2015,162,147,72146,3057,924797,331300
2016,137,154,72014,3035,924951,290300
2017,183,158,71837,3054,925109,295700
2018,136,155,71686,3050,925264,304600
2019,159,149,71538,3049,925413,290600
2020,136,149,71396,3042,925562,276300
2021,147,166,71253,3019,925728,319200
2022,137,126,71115,3031,925854,318000
2023,130,168,70979,2999,926022,298700
2024,141,159,70848,2971,926181,294000
2025,151,164,70694,2961,926345,305500
2026,142,132,70545,2978,926477,286300
2027,155,158,70394,2971,926635,292900
2028,131,148,70261,2956,926783,277400
2029,157,159,70099,2959,926942,303300
2030,141,152,69959,2947,927094,303300
2031,148,132,69813,2961,927226,316600
2032,135,151,69675,2948,927377,313000
2033,161,139,69515,2969,927516,297800
2034,126,168,69394,2922,927684,317300
2035,138,156,69257,2903,927840,308100
2036,149,172,69112,2876,928012,309100
2037,154,154,68955,2879,928166,302800
2038,128,144,68822,2868,928310,307100
2039,156,153,68667,2870,928463,307500
2040,126,135,68541,2861,928598,271100
2041,124,161,68411,2830,928759,303900
2042,123,156,68291,2794,928915,312500
2043,124,168,68171,2746,929083,298500
2044,132,143,68035,2739,929226,293700
2045,132,131,67900,2743,929357,316000
2046,156,159,67751,2733,929516,286400
2047,130,144,67615,2725,929660,299900
2048,131,136,67488,2716,929796,304400
2049,137,138,67354,2712,929934,281100
2050,150,143,67200,2723,930077,298200
2051,138,154,67068,2701,930231,304500
2052,113,152,66948,2669,930383,278700
2053,168,150,66790,2677,930533,284900
2054,122,138,66653,2676,930671,298000
2055,144,144,66514,2671,930815,287200
2056,152,148,66366,2671,930963,308900
2057,122,137,66241,2659,931100,297900
2058,124,129,66121,2650,931229,306200
2059,133,130,65984,2657,931359,295600
2060,121,135,65873,2633,931494,295800
2061,123,131,65738,2637,931625,335400
2062,108,132,65637,2606,931757,335800
2063,129,162,65500,2581,931919,305000
2064,130,136,65380,2565,932055,297400
2065,136,124,65240,2581,932179,329400
2066,126,126,65115,2580,932305,367700
2067,118,141,64998,2556,932446,324800
2068,141,129,64854,2571,932575,319200
2069,123,146,64730,2549,932721,299600
2070,122,166,64609,2504,932887,291500
2071,126,133,64479,2501,933020,313700
2072,130,106,64357,2517,933126,312200
2073,136,135,64218,2521,933261,319400
2074,122,111,64094,2534,933372,290500
2075,136,131,63955,2542,933503,294100
2076,124,128,63837,2532,933631,282800
2077,104,120,63727,2522,933751,307400
2078,120,142,63609,2498,933893,307500
2079,125,118,63489,2500,934011,309500
2080,137,124,63349,2516,934135,300300
2081,140,157,63213,2495,934292,316400
2082,115,126,63086,2496,934418,302900
2083,138,131,62953,2498,934549,278200
2084,119,133,62836,2482,934682,321200
2085,122,129,62715,2474,934811,311800
2086,135,134,62574,2481,934945,328100
2087,121,134,62452,2469,935079,306500
2088,117,130,62336,2455,935209,347300
2089,121,114,62220,2457,935323,318500
2090,121,117,62106,2454,935440,309700
2091,145,136,61960,2464,935576,303000
2092,121,129,61828,2467,935705,307400
2093,121,132,61708,2455,935837,307300
2094,137,142,61581,2440,935979,396800
2095,131,135,61449,2437,936114,320700
2096,104,119,61343,2424,936233,316000
2097,126,122,61218,2427,936355,332200
2098,116,119,61100,2426,936474,295900
2099,131,113,60964,2449,936587,296800
2100,132,125,60842,2446,936712,310100
2101,146,94,60695,2499,936806,317800
2102,127,113,60560,2521,936919,288500
2103,130,124,60436,2521,937043,300400
2104,143,133,60287,2537,937176,298700
2105,140,128,60151,2545,937304,305500
2106,154,139,60001,2556,937443,291100
2107,138,138,59858,2561,937581,297200
2108,140,132,59719,2568,937713,294500
2109,122,114,59589,2584,937827,313900
2110,103,122,59489,2562,937949,313100
2111,137,123,59359,2569,938072,293900
2112,133,143,59228,2557,938215,315000
2113,117,118,59103,2564,938333,296300
2114,102,130,59001,2536,938463,302000
2115,128,143,58883,2511,938606,303800
2116,140,124,58744,2526,938730,285800
2117,119,115,58620,2535,938845,298100
2118,119,140,58498,2517,938985,289500
2119,132,141,58359,2515,939126,287500
2120,128,114,58245,2515,939240,297100
2121,134,129,58107,2524,939369,355600
2122,120,122,57981,2528,939491,304800
2123,122,145,57867,2497,939636,296700
2124,127,115,57733,2516,939751,289800
2125,122,131,57620,2498,939882,293500
2126,111,109,57499,2510,939991,281200
2127,113,123,57382,2504,940114,325700
2128,130,121,57255,2510,940235,294600
2129,124,100,57139,2526,940335,291400
2130,141,136,56998,2531,940471,299900
2131,130,143,56863,2523,940614,302300
2132,128,142,56738,2506,940756,288700
2133,116,131,56614,2499,940887,286500
2134,114,97,56510,2506,940984,310500
2135,112,125,56389,2502,941109,300600
2136,97,113,56294,2484,941222,309400
2137,133,120,56164,2494,941342,302500
2138,112,139,56048,2471,941481,290200
2139,124,116,55926,2477,941597,287500
2140,116,111,55812,2480,941708,280300
2141,112,131,55699,2462,941839,299100
2142,111,122,55593,2446,941961,300200
2143,126,115,55460,2464,942076,294100
2144,136,140,55324,2460,942216,303900
2145,110,137,55218,2429,942353,299500
2146,111,126,55106,2415,942479,304200
2147,130,118,54971,2432,942597,304000
2148,120,121,54852,2430,942718,308600
2149,121,93,54733,2456,942811,290800
2150,119,109,54619,2461,942920,287100
2151,121,140,54491,2449,943060,278800
2152,114,135,54386,2419,943195,300200
2153,106,126,54275,2404,943321,295100
2154,124,135,54155,2389,943456,307700
2155,124,132,54028,2384,943588,283300
2156,119,109,53905,2398,943697,287400
2157,136,119,53771,2413,943816,305400
2158,119,114,53647,2423,943930,302000
2159,113,134,53543,2393,944064,292200
2160,116,145,53423,2368,944209,286500
2161,120,128,53301,2362,944337,317100
2162,128,119,53178,2366,944456,295800
2163,97,120,53077,2347,944576,323300
2164,117,138,52959,2327,944714,500900
2165,95,115,52862,2309,944829,305000
2166,134,140,52735,2296,944969,301600
2167,141,127,52591,2313,945096,311200
2168,117,122,52477,2305,945218,309800
2169,127,97,52347,2338,945315,318900
2170,112,120,52236,2329,945435,297000
2171,111,120,52126,2319,945555,284800
2172,142,118,51984,2343,945673,332700
2173,115,124,51866,2337,945797,317700
2174,122,142,51748,2313,945939,304500
2175,116,116,51625,2320,946055,314500
2176,108,105,51515,2325,946160,312500
2177,101,124,51415,2301,946284,309800
2178,120,127,51300,2289,946411,303300
2179,111,101,51186,2302,946512,296400
2180,99,113,51090,2285,946625,284600
2181,110,121,50977,2277,946746,285200
2182,122,128,50860,2266,946874,300300
2183,103,109,50754,2263,946983,299200
2184,133,113,50625,2279,947096,286700
2185,101,126,50524,2254,947222,296800
2186,101,132,50418,2228,947354,288300
2187,93,113,50327,2206,947467,299500
2188,115,95,50210,2228,947562,302000
2189,112,100,50105,2233,947662,301600
2190,143,104,49959,2275,947766,318000
2191,128,135,49831,2268,947901,303800
2192,112,118,49717,2264,948019,279200
2193,103,99,49613,2269,948118,301300
2194,118,133,49497,2252,948251,299300
2195,115,112,49376,2261,948363,293100
2196,120,136,49261,2240,948499,283800
2197,125,128,49142,2231,948627,289200
2198,119,105,49013,2255,948732,316700
2199,106,107,48910,2251,948839,284800
2200,123,126,48787,2248,948965,298500
2201,117,116,48670,2249,949081,320800
2202,95,103,48575,2241,949184,276000
2203,127,98,48447,2271,949282,292600
2204,133,112,48315,2291,949394,298500
2205,117,112,48201,2293,949506,290100
2206,118,119,48083,2292,949625,289400
2207,134,116,47949,2310,949741,303000
2208,102,117,47843,2299,949858,286000
2209,116,113,47734,2295,949971,290300
2210,123,135,47606,2288,950106,281500
2211,112,118,47494,2282,950224,279000
2212,124,108,47363,2305,950332,315400
2213,124,111,47240,2317,950443,284600
2214,118,108,47133,2316,950551,322800
2215,107,116,47023,2310,950667,319300
2216,112,120,46914,2299,950787,301500
2217,96,126,46810,2277,950913,317100
2218,131,121,46677,2289,951034,309000
2219,123,120,46558,2288,951154,300300
2220,133,131,46426,2289,951285,291300
2221,111,119,46315,2281,951404,295500
2222,109,131,46204,2261,951535,295300
2223,96,114,46107,2244,951649,277400
2224,132,139,45986,2226,951788,312800
2225,106,99,45870,2243,951887,282300
2226,117,96,45751,2266,951983,302700
2227,101,109,45651,2257,952092,304700
2228,116,130,45540,2238,952222,310000
2229,96,111,45439,2228,952333,305900
2230,124,134,45318,2215,952467,302300
2231,127,128,45192,2213,952595,329900
2232,110,103,45084,2218,952698,289000
2233,123,112,44959,2231,952810,275100
2234,113,118,44843,2229,952928,304000
2235,98,120,44751,2201,953048,308400
2236,101,104,44646,2202,953152,294800
2237,117,113,44530,2205,953265,286200
2238,114,118,44414,2203,953383,297000
2239,108,110,44306,2201,953493,280200
2240,96,113,44212,2182,953606,296300
2241,110,123,44098,2173,953729,288700
2242,93,129,44006,2136,953858,284500
2243,115,107,43895,2140,953965,308700
2244,114,105,43779,2151,954070,306000
2245,121,105,43659,2166,954175,310500
2246,121,102,43540,2183,954277,318100
2247,120,112,43417,2194,954389,313900
2248,131,121,43287,2203,954510,318800
2249,111,111,43178,2201,954621,278900
2250,109,109,43074,2196,954730,298600
2251,93,117,42968,2185,954847,300000
2252,111,112,42859,2182,954959,302700
2253,102,115,42759,2167,955074,299000
2254,95,105,42660,2161,955179,323300
2255,97,99,42567,2155,955278,333200
2256,99,120,42466,2136,955398,335700
2257,97,112,42373,2117,955510,320300
2258,86,102,42283,2105,955612,314300
2259,111,111,42179,2098,955723,326900
2260,94,105,42077,2095,955828,293300
2261,108,115,41972,2085,955943,311200
2262,99,107,41878,2072,956050,315900
2263,92,107,41777,2066,956157,292700
2264,97,102,41680,2061,956259,396700
2265,93,92,41592,2057,956351,318000
2266,96,103,41492,2054,956454,311300
2267,82,100,41407,2039,956554,310600
2268,99,118,41308,2020,956672,301700
2269,84,117,41223,1988,956789,310100
2270,79,100,41147,1964,956889,295600
2271,93,100,41062,1949,956989,424500
2272,85,94,40971,1946,957083,298900
2273,89,94,40886,1937,957177,294900
2274,113,88,40774,1961,957265,296100
2275,93,83,40677,1975,957348,298600
2276,91,105,40585,1962,957453,300500
2277,98,108,40488,1951,957561,297100
2278,104,108,40385,1946,957669,315600
2279,127,91,40255,1985,957760,314600
2280,110,105,40144,1991,957865,320700
2281,117,102,40029,2004,957967,451200
2282,98,112,39937,1984,958079,295300
2283,103,88,39831,2002,958167,303600
2284,96,112,39733,1988,958279,293400
2285,97,91,39637,1993,958370,311700
2286,109,94,39532,2004,958464,304200
2287,95,100,39435,2001,958564,291800
2288,85,101,39348,1987,958665,302400
2289,111,107,39241,1987,958772,275500
2290,75,94,39163,1971,958866,293100
2291,95,86,39067,1981,958952,297400
2292,83,96,38983,1969,959048,312200
2293,102,108,38876,1968,959156,320100
2294,105,111,38774,1959,959267,270600
2295,89,97,38695,1941,959364,305100
2296,93,92,38593,1951,959456,283400
2297,100,94,38491,1959,959550,305200
2298,97,98,38400,1952,959648,320800
2299,83,83,38314,1955,959731,333100
2300,97,108,38216,1945,959839,315200
2301,95,92,38119,1950,959931,316100
2302,74,97,38042,1930,960028,324300
2303,80,110,37967,1895,960138,345000
2304,103,84,37874,1904,960222,329200
2305,84,119,37782,1877,960341,304400
2306,88,114,37690,1855,960455,302300
2307,76,83,37614,1848,960538,297800
2308,89,98,37527,1837,960636,303900
2309,97,90,37430,1844,960726,298600
2310,98,100,37329,1845,960826,269300
2311,103,96,37228,1850,960922,342400
2312,82,100,37145,1833,961022,301300
2313,109,100,37045,1833,961122,326700
2314,97,88,36943,1847,961210,333300
2315,94,80,36848,1862,961290,318500
2316,110,101,36739,1870,961391,418600
2317,102,108,36638,1863,961499,287000
2318,102,80,36534,1887,961579,284000
2319,106,99,36430,1892,961678,287600
2320,110,85,36317,1920,961763,310000
2321,104,99,36214,1924,961862,326600
2322,94,88,36123,1927,961950,330400
2323,95,89,36021,1940,962039,316100
2324,104,89,35924,1948,962128,310800
2325,95,97,35829,1946,962225,333200
2326,93,118,35732,1925,962343,319800
2327,95,95,35643,1919,962438,308600
2328,105,91,35535,1936,962529,302800
2329,98,116,35429,1926,962645,342800
2330,82,89,35350,1916,962734,326100
2331,96,111,35254,1901,962845,314900
2332,98,101,35161,1893,962946,323900
2333,94,85,35063,1906,963031,308600
2334,102,109,34964,1896,963140,314200
2335,93,102,34866,1892,963242,386900
2336,82,89,34788,1881,963331,294200
2337,93,103,34698,1868,963434,309900
2338,104,110,34587,1869,963544,297600
2339,113,100,34484,1872,963644,296900
2340,75,104,34401,1851,963748,309500
2341,103,95,34305,1852,963843,314700
2342,95,105,34202,1850,963948,301500
2343,91,97,34110,1845,964045,284500
2344,102,92,34011,1852,964137,301200
2345,108,98,33909,1856,964235,292700
2346,86,116,33819,1830,964351,298700
2347,93,82,33726,1841,964433,303100
2348,100,106,33626,1835,964539,319300
2349,99,85,33526,1850,964624,295800
2350,102,90,33427,1859,964714,303500
2351,113,81,33316,1889,964795,391600
2352,77,98,33238,1869,964893,288600
2353,92,83,33140,1884,964976,281400
2354,84,92,33052,1880,965068,294900
2355,90,88,32968,1876,965156,310900
2356,105,102,32864,1878,965258,280300
2357,98,99,32763,1880,965357,281800
2358,113,113,32661,1869,965470,313300
2359,79,98,32572,1860,965568,349200
2360,98,98,32472,1862,965666,328100
2361,105,104,32367,1863,965770,305200
2362,81,89,32294,1847,965859,301800
2363,88,96,32199,1846,965955,270700
2364,104,76,32104,1865,966031,291700
2365,85,91,32010,1868,966122,288900
2366,107,93,31902,1883,966215,275900
2367,80,92,31822,1871,966307,304900
2368,91,93,31735,1865,966400,289500
2369,100,96,31632,1872,966496,306900
2370,109,86,31530,1888,966582,304200
2371,82,114,31445,1859,966696,308700
2372,94,93,31349,1862,966789,289100
2373,81,97,31268,1846,966886,295300
2374,108,94,31162,1858,966980,300300
2375,91,93,31068,1859,967073,303100
2376,102,106,30963,1858,967179,300600
2377,86,87,30876,1858,967266,298000
2378,82,93,30800,1841,967359,412600
2379,87,97,30709,1835,967456,320600
2380,87,96,30619,1829,967552,285900
2381,81,100,30543,1805,967652,290300
2382,90,85,30458,1805,967737,276400
2383,84,105,30370,1788,967842,303600
2384,88,90,30285,1783,967932,294600
2385,99,95,30180,1793,968027,286700
2386,87,73,30098,1802,968100,292400
2387,81,78,30015,1807,968178,288000
2388,98,84,29918,1820,968262,289300
2389,105,88,29809,1841,968350,293400
2390,92,89,29717,1844,968439,278600
2391,72,102,29643,1816,968541,308300
2392,81,95,29563,1801,968636,296300
2393,82,105,29483,1776,968741,305900
2394,80,87,29405,1767,968828,304600
2395,70,87,29329,1756,968915,319900
2396,91,83,29246,1756,968998,321900
2397,88,70,29154,1778,969068,309100
2398,76,90,29077,1765,969158,297700
2399,77,82,28999,1761,969240,290200
2400,69,86,28930,1744,969326,300600
2401,95,82,28838,1754,969408,286100
2402,61,87,28778,1727,969495,295900
2403,78,96,28693,1716,969591,289200
2404,69,88,28631,1690,969679,290700
2405,81,75,28549,1697,969754,298900
2406,64,78,28482,1686,969832,310600
2407,81,90,28405,1673,969922,308800
2408,85,88,28314,1676,970010,353800
2409,75,89,28247,1654,970099,303000
2410,84,77,28159,1665,970176,323600
2411,69,85,28089,1650,970261,293400
2412,71,93,28018,1628,970354,282200
2413,83,104,27940,1602,970458,298100
2414,68,79,27866,1597,970537,323900
2415,69,81,27799,1583,970618,294700
2416,69,78,27729,1575,970696,285800
2417,68,83,27663,1558,970779,285200
2418,57,72,27600,1549,970851,308500
2419,66,79,27535,1535,970930,302200
2420,85,82,27454,1534,971012,298200
2421,76,68,27379,1541,971080,305400
2422,75,85,27298,1537,971165,324500
2423,70,78,27231,1526,971243,294100
2424,68,71,27163,1523,971314,292100
2425,80,80,27080,1526,971394,323200
2426,81,94,27005,1507,971488,313600
2427,85,73,26919,1520,971561,304000
2428,85,71,26831,1537,971632,294900
2429,65,76,26768,1524,971708,271700
2430,72,63,26697,1532,971771,274400
2431,67,90,26630,1509,971861,291300
2432,79,70,26551,1518,971931,289900
2433,78,69,26476,1524,972000,286600
2434,66,68,26404,1528,972068,280700
2435,70,83,26338,1511,972151,290200
2436,81,92,26254,1503,972243,312700
2437,60,90,26196,1471,972333,286700
2438,50,73,26143,1451,972406,275000
2439,70,63,26077,1454,972469,309800
2440,78,68,25995,1468,972537,292000
2441,63,79,25935,1449,972616,305700
2442,65,73,25869,1442,972689,297100
2443,69,68,25798,1445,972757,277100
2444,60,84,25739,1420,972841,282500
2445,59,72,25679,1408,972913,319900
2446,68,82,25615,1390,972995,272800
2447,72,74,25541,1390,973069,296000
2448,65,67,25476,1388,973136,270900
2449,71,67,25402,1395,973203,307400
2450,58,83,25352,1362,973286,304500
2451,72,75,25277,1362,973361,290000
2452,60,71,25209,1359,973432,281700
2453,65,61,25150,1357,973493,320400
2454,68,69,25086,1352,973562,316600
2455,76,64,25006,1368,973626,294200
2456,66,69,24939,1366,973695,300300
2457,65,63,24875,1367,973758,295400
2458,59,66,24818,1358,973824,289200
2459,61,61,24755,1360,973885,287500
2460,67,64,24685,1366,973949,312000
2461,49,66,24634,1351,974015,306900
2462,62,80,24574,1331,974095,331600
2463,65,91,24514,1300,974186,329100
2464,76,68,24440,1306,974254,298100
2465,55,71,24378,1297,974325,298100
2466,66,57,24314,1304,974382,312500
2467,73,75,24241,1302,974457,294000
2468,63,52,24176,1315,974509,296100
2469,69,66,24107,1318,974575,283000
2470,71,72,24037,1316,974647,286400
2471,73,58,23972,1323,974705,309300
2472,71,73,23897,1325,974778,292700
2473,78,64,23822,1336,974842,290600
2474,72,74,23740,1344,974916,285000
2475,71,70,23677,1337,974986,290400
2476,72,61,23604,1349,975047,288100
2477,68,66,23531,1356,975113,310400
2478,66,67,23465,1355,975180,276800
2479,82,75,23387,1358,975255,288800
2480,80,61,23306,1378,975316,294000
2481,85,84,23220,1380,975400,318600
2482,72,78,23148,1374,975478,284800
2483,79,72,23068,1382,975550,299300
2484,71,70,23003,1377,975620,296600
2485,79,76,22923,1381,975696,311700
2486,82,74,22834,1396,975770,299500
2487,61,68,22777,1385,975838,286000
2488,65,71,22714,1377,975909,287300
2489,76,61,22642,1388,975970,282300
2490,91,76,22555,1399,976046,304400
2491,85,77,22463,1414,976123,299100
2492,68,65,22393,1419,976188,325200
2493,70,73,22322,1417,976261,310400
2494,74,71,22245,1423,976332,318700
2495,83,75,22163,1430,976407,310300
2496,78,66,22091,1436,976473,341800
2497,89,93,22002,1432,976566,307900
2498,67,80,21929,1425,976646,314000
2499,70,85,21860,1409,976731,311300
2500,74,69,21786,1414,976800,283500
2501,77,73,21713,1414,976873,288900
2502,87,75,21627,1425,976948,297700
2503,88,83,21535,1434,977031,284900
2504,74,73,21459,1437,977104,299500
2505,77,79,21380,1437,977183,293500
2506,70,75,21323,1419,977258,279400
2507,70,81,21244,1417,977339,281200
2508,64,74,21178,1409,977413,313300
2509,65,62,21114,1411,977475,325500
2510,76,74,21039,1412,977549,349400
2511,60,58,20975,1418,977607,320100
2512,74,67,20910,1416,977674,303800
2513,84,71,20823,1432,977745,286900
2514,78,84,20748,1423,977829,321100
2515,73,90,20671,1410,977919,423200
2516,83,75,20582,1424,977994,328800
2517,64,64,20523,1419,978058,290700
2518,71,73,20450,1419,978131,321900
2519,65,76,20386,1407,978207,304600
2520,66,65,20319,1409,978272,316700
2521,67,75,20257,1396,978347,333900
2522,78,74,20173,1406,978421,297300
2523,65,68,20115,1396,978489,303600
2524,84,81,20031,1399,978570,329400
2525,68,59,19954,1417,978629,307400
2526,74,72,19889,1410,978701,298400
2527,65,63,19819,1417,978764,299300
2528,70,88,19749,1399,978852,290200
2529,72,64,19681,1403,978916,300500
2530,66,79,19611,1394,978995,295300
2531,74,81,19533,1391,979076,287500
2532,84,54,19454,1416,979130,304400
2533,64,73,19388,1409,979203,309400
2534,67,61,19320,1416,979264,317900
2535,66,63,19259,1414,979327,282400
2536,59,93,19195,1385,979420,274300
2537,73,73,19130,1377,979493,312100
2538,74,72,19052,1383,979565,317100
2539,56,81,18993,1361,979646,287500
2540,59,73,18936,1345,979719,301600
2541,50,79,18883,1319,979798,291000
2542,44,61,18844,1297,979859,309000
2543,54,76,18787,1278,979935,292200
2544,46,74,18738,1253,980009,313900
2545,51,73,18691,1227,980082,288900
2546,54,61,18636,1221,980143,299300
2547,61,57,18575,1225,980200,288600
2548,58,79,18518,1203,980279,285000
2549,40,70,18477,1174,980349,291500
2550,57,56,18420,1175,980405,280100
2551,61,59,18360,1176,980464,284800
2552,54,69,18303,1164,980533,310700
2553,43,59,18259,1149,980592,373700
2554,58,53,18209,1146,980645,290600
2555,54,47,18152,1156,980692,283600
2556,56,63,18097,1148,980755,278200
2557,46,58,18047,1140,980813,318400
2558,39,62,18009,1116,980875,288900
2559,39,55,17968,1102,980930,314200
2560,57,55,17913,1102,980985,399200
2561,44,50,17868,1097,981035,329200
2562,44,55,17824,1086,981090,306700
2563,49,47,17774,1089,981137,343200
2564,39,64,17739,1060,981201,299100
2565,17,50,17713,1036,981251,295400
2566,42,47,17679,1023,981298,292100
2567,44,49,17631,1022,981347,304100
2568,38,62,17593,998,981409,279400
2569,39,55,17555,981,981464,321300
2570,31,48,17520,968,981512,290900
2571,36,56,17488,944,981568,331100
2572,28,56,17456,920,981624,312400
2573,40,52,17419,905,981676,285000
2574,25,33,17390,901,981709,310700
2575,36,40,17358,893,981749,292100
2576,38,32,17323,896,981781,328200
2577,38,37,17283,899,981818,300500
2578,23,47,17258,877,981865,312300
2579,28,53,17228,854,981918,319900
2580,22,45,17206,831,981963,316900
2581,27,46,17181,810,982009,308000
2582,31,41,17151,799,982050,312600
2583,34,46,17117,787,982096,302700
2584,29,46,17086,772,982142,327000
2585,35,38,17056,764,982180,312400
2586,21,33,17032,755,982213,315700
2587,23,42,17006,739,982255,308400
2588,30,50,16979,716,982305,334900
2589,33,47,16946,702,982352,325800
2590,29,35,16915,698,982387,312000
2591,16,26,16899,688,982413,336300
2592,27,42,16872,673,982455,292400
2593,22,34,16851,660,982489,299100
2594,33,27,16821,663,982516,287200
2595,29,35,16788,661,982551,369300
2596,32,26,16758,665,982577,326800
2597,36,38,16722,663,982615,307600
2598,30,40,16691,654,982655,315900
2599,29,35,16661,649,982690,287700
2600,22,35,16637,638,982725,277500
2601,12,29,16628,618,982754,293200
2602,30,31,16600,615,982785,295900
2603,22,33,16577,605,982818,288400
2604,25,27,16552,603,982845,317400
2605,33,35,16520,600,982880,290900
2606,22,30,16493,597,982910,308800
2607,20,24,16478,588,982934,283400
2608,21,38,16456,572,982972,287300
2609,30,32,16425,571,983004,301800
2610,24,31,16401,564,983035,332700
2611,23,29,16377,559,983064,313900
2612,19,37,16361,538,983101,279600
2613,24,26,16334,539,983127,292700
2614,26,21,16307,545,983148,312800
2615,16,26,16292,534,983174,283900
2616,27,30,16265,531,983204,288400
2617,26,29,16240,527,983233,291700
2618,20,35,16218,514,983268,298000
2619,22,21,16198,513,983289,303200
2620,18,29,16180,502,983318,281100
2621,23,31,16156,495,983349,324400
2622,21,26,16137,488,983375,284000
2623,16,29,16118,478,983404,290800
2624,19,24,16100,472,983428,288400
2625,18,24,16081,467,983452,296800
2626,22,37,16060,451,983489,286800
2627,22,18,16037,456,983507,280200
2628,23,14,16016,463,983521,292100
2629,13,31,16002,446,983552,297900
2630,23,18,15983,447,983570,316300
2631,19,27,15959,444,983597,279900
2632,14,30,15945,428,983627,278300
2633,25,21,15923,429,983648,278700
2634,16,19,15904,429,983667,267200
2635,22,25,15886,422,983692,291800
2636,21,21,15862,425,983713,290200
2637,18,21,15844,422,983734,287900
2638,13,21,15830,415,983755,309500
2639,18,31,15815,399,983786,298600
2640,15,17,15799,398,983803,289100
2641,18,26,15778,393,983829,296500
2642,10,21,15769,381,983850,301400
2643,13,21,15756,373,983871,285300
2644,11,16,15744,369,983887,292900
2645,12,20,15734,359,983907,274300
2646,19,20,15713,360,983927,291700
2647,14,19,15699,355,983946,289500
2648,17,22,15683,349,983968,296200
2649,10,18,15672,342,983986,279000
2650,5,18,15667,329,984004,294700
2651,10,14,15658,324,984018,292300
2652,10,15,15650,317,984033,311300
2653,10,14,15637,316,984047,282600
2654,12,12,15626,315,984059,291300
2655,10,17,15618,306,984076,288600
2656,12,18,15604,302,984094,288700
2657,9,17,15595,294,984111,286400
2658,7,9,15588,292,984120,290700
2659,8,14,15579,287,984134,288000
2660,6,14,15573,279,984148,290900
2661,8,13,15565,274,984161,285500
2662,12,22,15553,264,984183,379100
2663,10,12,15544,261,984195,321400
2664,8,16,15535,254,984211,309900
2665,6,17,15530,242,984228,282300
2666,12,10,15517,245,984238,269500
2667,8,17,15509,236,984255,292400
2668,12,14,15498,233,984269,278000
2669,11,9,15488,234,984278,295000
2670,10,5,15477,240,984283,280800
2671,6,13,15470,234,984296,278300
2672,10,14,15462,228,984310,290700
2673,9,10,15453,227,984320,276000
2674,11,7,15443,230,984327,294300
2675,7,5,15435,233,984332,292900
2676,7,9,15427,232,984341,286400
2677,12,13,15416,230,984354,262200
2678,7,13,15408,225,984367,300600
2679,6,11,15403,219,984378,289000
2680,4,5,15398,219,984383,292100
2681,6,14,15391,212,984397,276700
2682,8,16,15384,203,984413,275100
2683,11,8,15373,206,984421,286800
2684,2,11,15370,198,984432,296800
2685,5,11,15365,192,984443,294000
2686,3,9,15362,186,984452,273800
2687,3,15,15359,174,984467,302400
2688,5,11,15355,167,984478,292600
2689,5,9,15349,164,984487,321300
2690,4,6,15346,161,984493,294600
2691,7,13,15338,156,984506,289400
2692,6,9,15333,152,984515,292200
2693,2,9,15330,146,984524,282800
2694,3,7,15327,142,984531,303400
2695,4,4,15324,141,984535,291900
2696,1,6,15322,137,984541,282100
2697,3,9,15319,131,984550,275100
2698,1,6,15319,125,984556,296000
2699,5,6,15313,125,984562,300000
2700,4,8,15309,121,984570,294800
2701,3,6,15306,118,984576,276100
2702,1,5,15305,114,984581,292400
2703,0,5,15305,109,984586,291600
2704,1,5,15304,105,984591,296200
2705,3,4,15302,103,984595,309800
2706,2,6,15299,100,984601,311900
2707,4,8,15295,96,984609,332100
2708,1,4,15294,93,984613,372100
2709,1,6,15294,87,984619,352500
2710,1,4,15292,85,984623,294900
2711,0,2,15292,83,984625,318400
2712,3,4,15290,81,984629,300900
2713,0,4,15289,78,984633,297000
2714,2,4,15287,76,984637,305000
2715,2,4,15285,74,984641,281700
2716,0,0,15285,74,984641,304000
2717,0,3,15285,71,984644,314100
2718,0,4,15285,67,984648,303800
2719,0,5,15285,62,984653,290000
2720,0,2,15285,60,984655,293800
2721,0,4,15285,56,984659,285600
2722,0,4,15285,52,984663,314100
2723,1,1,15284,52,984664,265400
2724,0,2,15284,50,984666,276100
2725,0,3,15284,47,984669,321800
2726,0,5,15284,42,984674,280600
2727,1,1,15283,42,984675,302600
2728,0,3,15283,39,984678,350000
2729,0,1,15283,38,984679,302400
2730,1,1,15282,38,984680,281300
2731,0,1,15282,37,984681,311500
2732,0,3,15282,34,984684,314400
2733,2,1,15280,35,984685,309400
2734,0,1,15280,34,984686,272500
2735,0,0,15280,34,984686,291800
2736,0,2,15280,32,984688,303700
2737,0,3,15280,29,984691,294700
2738,1,0,15279,30,984691,304600
2739,0,1,15279,29,984692,279300
2740,0,3,15279,26,984695,294100
2741,0,0,15279,26,984695,288800
2742,0,3,15279,23,984698,271100
2743,0,0,15279,23,984698,281100
2744,0,2,15279,21,984700,286700
2745,0,1,15279,20,984701,284000
2746,0,0,15279,20,984701,287100
2747,0,2,15279,18,984703,290900
2748,0,2,15279,16,984705,271800
2749,1,0,15279,16,984705,265300
2750,1,1,15277,17,984706,330300
2751,1,1,15276,17,984707,307800
2752,0,1,15276,16,984708,296200
2753,0,2,15276,14,984710,290200
2754,0,1,15276,13,984711,275500
2755,0,0,15276,13,984711,295200
2756,0,0,15276,13,984711,298500
2757,0,0,15276,13,984711,304800
2758,0,3,15276,10,984714,291900
2759,0,1,15276,9,984715,305600
2760,0,0,15276,9,984715,293300
2761,0,1,15276,8,984716,329900
2762,0,0,15276,8,984716,292300
2763,0,1,15276,7,984717,302400
2764,0,0,15276,7,984717,316000
2765,0,1,15276,6,984718,298200
2766,0,1,15276,5,984719,291600
2767,0,0,15276,5,984719,298700
2768,0,0,15276,5,984719,290900
2769,0,1,15276,4,984720,312500
2770,0,0,15276,4,984720,291600
2771,0,0,15276,4,984720,330900
2772,0,0,15276,4,984720,307400
2773,0,0,15276,4,984720,281100
2774,0,0,15276,4,984720,321100
2775,0,0,15276,4,984720,310400
2776,0,0,15276,4,984720,279100
2777,0,0,15276,4,984720,284900
2778,0,0,15276,4,984720,282600
2779,0,0,15276,4,984720,303700
2780,0,0,15276,4,984720,289700
2781,0,1,15276,3,984721,296000
2782,0,0,15276,3,984721,298800
2783,0,1,15276,2,984722,283200
2784,0,0,15276,2,984722,316700
2785,0,0,15276,2,984722,293100
2786,0,0,15276,2,984722,306300
2787,0,1,15276,1,984723,278500
2788,0,0,15276,1,984723,307400
2789,0,0,15276,1,984723,316300
2790,0,0,15276,1,984723,295100
2791,0,0,15276,1,984723,312800
2792,0,0,15276,1,984723,322000
2793,0,0,15276,1,984723,283700
2794,0,0,15276,1,984723,302700
2795,0,0,15276,1,984723,295100
2796,0,0,15276,1,984723,278000
2797,0,0,15276,1,984723,303000
2798,0,1,15276,0,984724,311800
