Tick,NewlyInfected,NewlyRecovered,TotalSusceptible,TotalInfected,TotalRecovered,StepTimeNanos
0,6,0,999990,10,0,1288200
1,4,0,999986,14,0,606000
2,3,2,999982,16,2,461600
3,11,2,999971,25,4,350700
4,5,0,999967,29,4,318800
5,8,2,999960,34,6,317000
6,8,3,999953,38,9,288900
7,6,1,999944,46,10,284800
8,6,1,999939,50,11,306600
9,6,1,999932,56,12,311200
10,9,2,999924,62,14,316600
11,7,2,999918,66,16,303300
12,9,2,999907,75,18,314400
13,12,9,999896,77,27,312200
14,9,8,999887,78,35,278200
15,9,5,999880,80,40,309400
16,12,5,999867,88,45,304900
17,13,5,999855,95,50,290900
18,13,6,999841,103,56,300700
19,19,9,999824,111,65,298900
20,10,7,999810,118,72,286500
21,14,11,999797,120,83,287700
22,14,6,999782,129,89,286700
23,6,4,999779,128,93,309200
24,15,8,999764,135,101,279600
25,15,11,999749,139,112,314400
26,7,7,999739,142,119,316300
27,20,12,999720,149,131,304800
28,22,9,999698,162,140,296100
29,14,10,999684,166,150,296800
30,21,15,999665,170,165,293300
31,19,13,999645,177,178,274800
32,28,12,999618,192,190,270100
33,28,16,999589,205,206,332900
34,15,10,999574,210,216,291900
35,26,11,999552,221,227,294200
36,29,11,999520,242,238,301100
37,20,13,999498,251,251,305400
38,33,9,999466,274,260,276500
39,22,22,999444,274,282,314600
40,38,12,999410,296,294,262200
41,24,18,999386,302,312,275100
42,26,10,999358,320,322,355100
43,28,27,999332,319,349,327300
44,26,10,999301,340,359,323800
45,33,14,999271,356,373,333300
46,34,17,999233,377,390,339500
47,34,22,999204,384,412,309200
48,28,16,999177,395,428,274200
49,38,17,999137,418,445,288700
50,40,21,999103,431,466,299900
51,42,28,999053,453,494,286800
52,34,19,999023,464,513,296300
53,43,18,998982,487,531,314000
54,37,20,998942,507,551,321000
55,42,24,998903,522,575,304000
56,45,29,998859,537,604,304700
57,48,24,998805,567,628,285500
58,49,24,998765,583,652,285000
59,41,37,998720,591,689,304300
60,37,32,998680,599,721,286300
61,40,29,998639,611,750,281200
62,42,35,998599,616,785,318100
63,35,37,998561,617,822,286300
64,55,45,998511,622,867,283000
65,49,30,998462,641,897,278900
66,58,39,998402,662,936,263200
67,43,31,998360,673,967,279100
68,53,32,998307,694,999,269700
69,59,25,998248,728,1024,273400
70,55,38,998192,746,1062,278600
71,62,37,998130,771,1099,289600
72,55,45,998076,780,1144,278700
73,72,44,998007,805,1188,294400
74,60,44,997945,823,1232,273400
75,59,31,997886,851,1263,283300
76,63,48,997827,862,1311,279600
77,58,47,997761,881,1358,260800
78,69,52,997696,894,1410,281400
79,66,42,997627,921,1452,275400
80,62,41,997565,942,1493,275100
81,69,46,997502,959,1539,274100
82,69,75,997428,958,1614,281000
83,67,56,997365,965,1670,266200
84,69,38,997298,994,1708,284200
85,74,43,997218,1031,1751,279200
86,73,52,997152,1045,1803,283300
87,59,53,997090,1054,1856,282000
88,69,56,997021,1067,1912,344400
89,62,54,996954,1080,1966,355800
90,89,63,996865,1106,2029,424000
91,93,59,996786,1126,2088,341200
92,68,56,996709,1147,2144,323400
93,78,69,996627,1160,2213,326800
94,91,65,996543,1179,2278,325900
95,81,51,996459,1212,2329,310900
96,99,46,996353,1272,2375,315600
97,91,72,996270,1283,2447,311500
98,89,67,996177,1309,2514,314000
99,92,82,996093,1311,2596,326500
100,91,68,995995,1341,2664,306100
101,84,76,995912,1348,2740,311300
102,101,73,995816,1371,2813,345700
103,84,80,995729,1378,2893,310400
104,87,71,995649,1387,2964,299400
105,97,66,995544,1426,3030,303800
106,85,81,995456,1433,3111,280800
107,92,75,995366,1448,3186,306500
108,95,84,995277,1453,3270,295200
109,83,77,995190,1463,3347,311500
110,100,80,995092,1481,3427,358200
111,93,82,994996,1495,3509,363500
112,103,74,994897,1520,3583,349300
113,104,69,994802,1546,3652,465300
114,121,58,994675,1615,3710,418500
115,117,97,994554,1639,3807,399800
116,104,85,994447,1661,3892,320000
117,125,77,994329,1702,3969,331500
118,115,94,994213,1724,4063,331900
119,131,92,994085,1760,4155,382100
120,109,96,993963,1786,4251,333800
121,121,97,993853,1799,4348,355600
122,115,97,993730,1825,4445,337600
123,114,90,993625,1840,4535,339900
124,133,106,993490,1869,4641,311400
125,145,92,993345,1922,4733,319000
126,110,97,993237,1933,4830,322100
127,124,104,993107,1959,4934,310300
128,120,90,992991,1985,5024,323200
129,124,92,992866,2018,5116,349300
130,133,111,992732,2041,5227,324200
131,103,107,992629,2037,5334,354100
132,124,101,992509,2056,5435,392900
133,140,108,992366,2091,5543,368900
134,139,111,992231,2115,5654,367300
135,131,95,992095,2156,5749,367200
136,153,98,991948,2205,5847,360500
137,153,97,991795,2261,5944,327100
138,153,116,991642,2298,6060,314900
139,145,124,991498,2318,6184,315200
140,170,114,991331,2371,6298,342600
141,162,108,991163,2431,6406,320400
142,158,127,991005,2462,6533,306800
143,154,129,990851,2487,6662,321500
144,165,118,990694,2526,6780,321200
145,141,131,990544,2545,6911,331900
146,150,125,990396,2568,7036,351500
147,160,120,990231,2613,7156,323200
148,147,148,990088,2608,7304,319000
149,173,148,989913,2635,7452,311700
150,175,148,989746,2654,7600,314600
151,156,134,989585,2681,7734,327700
152,165,153,989415,2698,7887,282700
153,165,137,989251,2725,8024,318400
154,149,123,989103,2750,8147,340500
155,157,121,988949,2783,8268,388800
156,186,137,988762,2833,8405,329600
157,178,146,988582,2867,8551,342300
158,181,146,988411,2892,8697,321600
159,155,150,988251,2902,8847,335600
160,161,173,988091,2889,9020,385700
161,185,158,987911,2911,9178,621300
162,179,148,987727,2947,9326,368300
163,148,148,987574,2952,9474,350600
164,181,140,987394,2992,9614,343900
165,160,139,987236,3011,9753,401200
166,181,172,987055,3020,9925,377800
167,165,181,986889,3005,10106,347900
168,167,160,986720,3014,10266,304900
169,183,154,986543,3037,10420,369900
170,153,164,986392,3024,10584,386300
171,160,171,986223,3022,10755,382000
172,166,168,986056,3021,10923,406800
173,159,176,985905,2996,11099,388500
174,184,164,985724,3013,11263,389800
175,165,141,985555,3041,11404,325500
176,172,173,985385,3038,11577,361300
177,156,159,985218,3046,11736,407200
178,159,152,985065,3047,11888,385800
179,186,152,984877,3083,12040,366500
180,164,168,984722,3070,12208,389300
181,160,164,984559,3069,12372,395200
182,199,173,984353,3102,12545,404900
183,175,178,984188,3089,12723,385200
184,196,144,983993,3140,12867,411600
185,192,157,983803,3173,13024,348300
186,182,145,983615,3216,13169,395000
187,176,157,983439,3235,13326,385600
188,177,160,983260,3254,13486,398300
189,164,184,983100,3230,13670,414100
190,181,165,982913,3252,13835,392300
191,207,151,982710,3304,13986,381100
192,194,167,982518,3329,14153,384300
193,212,172,982307,3368,14325,421000
194,210,180,982102,3393,14505,389700
195,177,170,981915,3410,14675,470700
196,236,188,981694,3443,14863,376500
197,197,176,981483,3478,15039,392800
198,213,164,981271,3526,15203,383500
199,210,179,981063,3555,15382,391000
200,185,186,980876,3556,15568,389600
201,195,189,980686,3557,15757,361700
202,194,166,980482,3595,15923,427800
203,194,209,980295,3573,16132,445400
204,238,175,980069,3624,16307,404300
205,207,183,979858,3652,16490,411100
206,169,168,979675,3667,16658,384100
207,229,202,979455,3685,16860,381800
208,197,182,979258,3700,17042,372600
209,178,193,979074,3691,17235,467300
210,201,190,978887,3688,17425,357900
211,230,210,978649,3716,17635,469200
212,198,201,978456,3708,17836,430100
213,210,173,978247,3744,18009,442700
214,201,192,978049,3750,18201,426200
215,220,203,977818,3778,18404,411800
216,232,189,977590,3817,18593,351700
217,227,209,977367,3831,18802,397200
218,219,204,977141,3853,19006,435400
219,230,178,976914,3902,19184,466100
220,233,218,976675,3923,19402,549700
221,227,193,976458,3947,19595,486500
222,233,191,976210,4004,19786,394800
223,206,196,976004,4014,19982,363900
224,235,197,975774,4047,20179,416100
225,234,183,975552,4086,20362,420400
226,242,214,975310,4114,20576,472800
227,212,219,975088,4117,20795,413600
228,227,196,974874,4135,20991,443700
229,262,225,974608,4176,21216,404900
230,258,194,974345,4245,21410,387800
231,252,234,974098,4258,21644,406100
232,270,228,973823,4305,21872,342300
233,246,258,973586,4284,22130,433100
234,264,260,973315,4295,22390,394000
235,230,214,973077,4319,22604,524100
236,255,228,972825,4343,22832,381200
237,240,236,972590,4342,23068,366800
238,259,220,972330,4382,23288,394600
239,229,211,972102,4399,23499,490200
240,271,238,971840,4423,23737,375200
241,204,241,971624,4398,23978,349200
242,217,253,971408,4361,24231,352100
243,250,216,971163,4390,24447,373900
244,251,242,970914,4397,24689,338300
245,289,233,970615,4463,24922,382900
246,259,231,970366,4481,25153,325000
247,245,252,970123,4472,25405,355200
248,272,256,969857,4482,25661,343300
249,273,217,969574,4548,25878,394700
250,266,247,969313,4562,26125,354500
251,285,245,969020,4610,26370,401500
252,281,209,968741,4680,26579,367700
253,258,255,968476,4690,26834,356300
254,281,254,968209,4703,27088,332800
255,317,239,967888,4785,27327,337800
256,267,255,967615,4803,27582,378300
257,286,251,967336,4831,27833,350500
258,286,255,967060,4852,28088,380500
259,306,263,966746,4903,28351,365200
260,264,251,966480,4918,28602,365200
261,277,259,966199,4940,28861,357400
262,285,249,965916,4974,29110,353300
263,341,267,965582,5041,29377,387100
264,303,257,965277,5089,29634,343400
265,308,277,964977,5112,29911,356400
266,289,253,964681,5155,30164,335300
267,316,243,964362,5231,30407,318200
268,315,288,964040,5265,30695,356700
269,324,288,963730,5287,30983,353100
270,289,255,963431,5331,31238,334600
271,303,283,963131,5348,31521,352500
272,323,247,962810,5422,31768,342300
273,322,250,962481,5501,32018,504800
274,303,286,962184,5512,32304,364600
275,322,279,961856,5561,32583,356200
276,316,290,961542,5585,32873,351500
277,316,297,961237,5593,33170,385100
278,333,316,960900,5614,33486,362300
279,315,302,960580,5632,33788,372100
280,312,282,960274,5656,34070,320500
281,305,321,959964,5645,34391,405200
282,345,297,959615,5697,34688,482700
283,321,298,959304,5710,34986,475400
284,305,308,958984,5722,35294,361700
285,350,324,958642,5740,35618,374600
286,317,304,958319,5759,35922,430800
287,369,308,957952,5818,36230,597100
288,323,301,957637,5832,36531,443100
289,345,286,957291,5892,36817,552500
290,321,334,956970,5879,37151,389600
291,340,309,956629,5911,37460,375300
292,316,303,956318,5919,37763,402400
293,350,325,955955,5957,38088,412700
294,362,317,955603,5992,38405,650800
295,322,328,955271,5996,38733,417100
296,306,288,954975,6004,39021,378800
297,329,316,954649,6014,39337,337300
298,342,322,954304,6037,39659,340400
299,356,350,953945,6046,40009,332700
300,339,317,953606,6068,40326,507900
301,344,301,953271,6102,40627,358300
302,324,291,952950,6132,40918,588500
303,313,325,952629,6128,41243,345400
304,293,317,952332,6108,41560,573600
305,333,292,952002,6146,41852,413800
306,345,312,951651,6185,42164,389100
307,387,330,951276,6230,42494,404700
308,352,291,950915,6300,42785,341800
309,357,342,950561,6312,43127,357100
310,333,320,950229,6324,43447,372600
311,338,335,949902,6316,43782,418500
312,358,324,949530,6364,44106,350300
313,367,315,949178,6401,44421,370900
314,357,333,948809,6437,44754,346500
315,383,348,948427,6471,45102,333600
316,381,323,948051,6524,45425,347400
317,385,347,947663,6565,45772,360200
318,357,375,947304,6549,46147,368800
319,368,328,946937,6588,46475,385200
320,360,338,946587,6600,46813,384000
321,388,339,946180,6668,47152,341700
322,408,351,945795,6702,47503,357100
323,385,349,945397,6751,47852,403500
324,358,298,945041,6809,48150,402400
325,360,350,944674,6826,48500,406100
326,373,346,944305,6849,48846,397900
327,392,363,943928,6863,49209,368800
328,422,332,943492,6967,49541,396300
329,380,341,943121,6997,49882,604200
330,390,342,942714,7062,50224,418600
331,409,358,942313,7105,50582,420200
332,342,350,941971,7097,50932,418300
333,395,402,941576,7090,51334,393300
334,375,346,941194,7126,51680,398300
335,389,370,940811,7139,52050,362800
336,479,391,940358,7201,52441,380900
337,388,371,939942,7246,52812,340300
338,394,396,939553,7239,53208,324000
339,380,396,939167,7229,53604,360100
340,360,348,938816,7232,53952,334100
341,391,398,938414,7236,54350,342600
342,370,381,938049,7220,54731,333400
343,386,390,937662,7217,55121,459400
344,388,365,937279,7235,55486,393400
345,386,411,936892,7211,55897,368600
346,379,368,936515,7220,56265,372900
347,343,375,936171,7189,56640,366800
348,375,337,935797,7226,56977,350000
349,379,385,935411,7227,57362,448300
350,376,384,935048,7206,57746,358500
351,447,383,934598,7273,58129,372500
352,374,371,934218,7282,58500,355200
353,426,372,933802,7326,58872,334600
354,412,360,933381,7387,59232,331900
355,376,393,932999,7376,59625,345300
356,416,386,932592,7397,60011,321500
357,413,378,932182,7429,60389,570400
358,453,381,931742,7488,60770,341300
359,425,401,931301,7528,61171,366200
360,418,376,930879,7574,61547,358800
361,430,401,930456,7596,61948,331000
362,414,390,930049,7613,62338,362400
363,397,406,929643,7613,62744,354100
364,452,394,929191,7671,63138,322100
365,452,397,928721,7744,63535,362000
366,452,419,928315,7731,63954,349900
367,402,373,927880,7793,64327,311400
368,427,436,927459,7778,64763,360700
369,413,420,927035,7782,65183,325400
370,452,396,926579,7842,65579,338600
371,402,404,926193,7824,65983,347700
372,412,400,925780,7837,66383,361800
373,428,378,925344,7895,66761,332400
374,417,433,924926,7880,67194,358000
375,439,397,924496,7913,67591,337800
376,426,392,924065,7952,67983,373800
377,486,395,923598,8024,68378,364000
378,438,411,923141,8070,68789,352100
379,455,412,922699,8100,69201,358100
380,443,445,922244,8110,69646,360300
381,417,399,921839,8116,70045,443700
382,462,433,921378,8144,70478,337700
383,459,403,920912,8207,70881,358000
384,469,441,920453,8225,71322,350200
385,445,421,920016,8241,71743,360500
386,453,428,919550,8279,72171,353000
387,475,442,919063,8324,72613,417500
388,442,424,918623,8340,73037,400700
389,476,420,918157,8386,73457,441400
390,453,422,917699,8422,73879,373300
391,436,432,917262,8427,74311,370000
392,455,448,916814,8427,74759,359200
393,465,454,916358,8429,75213,340700
394,469,464,915868,8455,75677,361500
395,440,441,915436,8446,76118,363100
396,493,436,914953,8493,76554,344100
397,421,395,914512,8539,76949,327300
398,429,444,914098,8509,77393,344400
399,456,425,913639,8543,77818,518400
400,454,440,913189,8553,78258,379300
401,451,443,912732,8567,78701,559700
402,475,436,912271,8592,79137,401300
403,470,441,911800,8622,79578,554400
404,525,387,911261,8774,79965,391600
405,517,478,910754,8803,80443,380100
406,475,447,910261,8849,80890,379300
407,495,482,909788,8840,81372,407100
408,475,464,909301,8863,81836,388800
409,469,422,908827,8915,82258,368600
410,499,481,908341,8920,82739,353000
411,522,467,907803,8991,83206,412900
412,493,486,907312,8996,83692,357500
413,481,464,906832,9012,84156,365300
414,481,428,906367,9049,84584,436400
415,499,503,905859,9054,85087,357900
416,532,468,905316,9129,85555,368700
417,468,450,904853,9142,86005,341000
418,540,464,904317,9214,86469,347200
419,494,474,903827,9230,86943,366800
420,518,476,903300,9281,87419,338600
421,484,489,902812,9280,87908,333400
422,506,429,902334,9329,88337,369600
423,518,486,901800,9377,88823,332900
424,534,483,901281,9413,89306,357700
425,495,463,900773,9458,89769,352100
426,517,511,900276,9444,90280,351900
427,515,470,899744,9506,90750,386600
428,525,513,899229,9508,91263,372200
429,495,436,898704,9597,91699,368500
430,504,498,898203,9600,92197,388700
431,507,499,897716,9588,92696,331700
432,498,493,897206,9605,93189,353500
433,546,497,896667,9647,93686,338400
434,546,490,896125,9699,94176,355700
435,488,526,895639,9659,94702,378400
436,537,475,895105,9718,95177,377100
437,555,493,894535,9795,95670,369000
438,503,499,894038,9793,96169,403700
439,479,534,893572,9725,96703,359300
440,520,487,893038,9772,97190,394200
441,543,533,892501,9776,97723,344500
442,484,513,892007,9757,98236,376800
443,512,487,891485,9792,98723,402600
444,536,478,890969,9830,99201,383300
445,500,506,890466,9827,99707,515000
446,506,506,889954,9833,100213,428600
447,524,506,889449,9832,100719,393600
448,519,494,888909,9878,101213,382200
449,529,478,888390,9919,101691,403500
450,524,527,887848,9934,102218,533200
451,493,534,887366,9882,102752,470200
452,485,471,886873,9904,103223,379600
453,489,515,886406,9856,103738,350200
454,494,503,885899,9860,104241,355900
455,503,529,885389,9841,104770,340100
456,492,496,884908,9826,105266,317200
457,481,523,884422,9789,105789,584700
458,488,518,883933,9760,106307,389600
459,491,500,883443,9750,106807,407200
460,521,525,882930,9738,107332,474800
461,541,483,882376,9809,107815,404600
462,505,546,881861,9778,108361,519300
463,503,559,881371,9709,108920,509900
464,505,498,880878,9704,109418,503900
465,465,491,880392,9699,109909,462400
466,498,493,879903,9695,110402,375500
467,521,488,879389,9721,110890,370100
468,492,489,878891,9730,111379,385900
469,547,504,878364,9753,111883,359300
470,488,517,877857,9743,112400,385800
471,502,505,877349,9746,112905,373700
472,461,490,876888,9717,113395,410100
473,477,461,876417,9727,113856,442400
474,516,500,875898,9746,114356,411500
475,539,508,875370,9766,114864,430200
476,522,472,874841,9823,115336,451800
477,499,487,874344,9833,115823,411500
478,495,483,873844,9850,116306,369400
479,503,496,873352,9846,116802,379600
480,514,523,872835,9840,117325,377800
481,517,508,872309,9858,117833,341000
482,476,510,871840,9817,118343,610700
483,495,499,871344,9814,118842,428900
484,522,489,870831,9838,119331,484000
485,532,543,870302,9824,119874,511100
486,500,531,869785,9810,120405,432600
487,494,497,869294,9804,120902,400800
488,528,514,868764,9820,121416,388500
489,513,495,868254,9835,121911,371200
490,517,505,867737,9847,122416,369100
491,567,527,867156,9901,122943,326400
492,528,510,866652,9895,123453,357900
493,485,489,866143,9915,123942,327200
494,501,569,865666,9823,124511,343300
495,561,554,865099,9836,125065,355500
496,532,548,864563,9824,125613,330000
497,559,471,864002,9914,126084,415600
498,501,502,863502,9912,126586,385300
499,535,477,862980,9957,127063,415300
500,506,487,862459,9991,127550,438000
501,551,528,861930,9992,128078,372400
502,516,495,861393,10034,128573,423000
503,555,511,860842,10074,129084,389700
504,517,491,860336,10089,129575,400500
505,521,523,859809,10093,130098,363000
506,526,477,859269,10156,130575,419600
507,503,539,858770,10116,131114,422500
508,529,549,858252,10085,131663,350900
509,516,522,857722,10093,132185,332400
510,566,542,857171,10102,132727,414600
511,506,498,856655,10120,133225,315000
512,515,485,856136,10154,133710,390600
513,540,512,855596,10182,134222,436700
514,536,538,855060,10180,134760,351500
515,526,558,854539,10143,135318,438500
516,559,512,853994,10176,135830,355400
517,525,541,853454,10175,136371,390400
518,497,531,852961,10137,136902,398800
519,590,520,852363,10215,137422,344200
520,517,539,851868,10171,137961,336800
521,502,577,851353,10109,138538,304000
522,544,503,850793,10166,139041,317200
523,494,512,850306,10141,139553,387500
524,542,524,849763,10160,140077,371400
525,529,492,849242,10189,140569,373700
526,583,511,848659,10261,141080,372700
527,567,543,848087,10290,141623,409200
528,515,529,847587,10261,142152,426200
529,509,533,847063,10252,142685,360800
530,537,541,846541,10233,143226,343000
531,617,508,845920,10346,143734,383500
532,537,548,845380,10338,144282,322300
533,531,559,844843,10316,144841,338300
534,491,548,844341,10270,145389,344500
535,518,549,843827,10235,145938,322300
536,537,528,843301,10233,146466,325800
537,544,551,842759,10224,147017,347500
538,541,519,842229,10235,147536,340100
539,519,544,841702,10218,148080,399800
540,473,545,841210,10165,148625,384800
541,538,501,840686,10188,149126,348100
542,521,546,840160,10168,149672,391400
543,570,554,839604,10170,150226,394000
544,499,531,839101,10142,150757,360900
545,495,504,838593,10146,151261,355400
546,532,535,838071,10133,151796,354600
547,506,507,837554,10143,152303,382900
548,526,537,837030,10130,152840,366700
549,484,552,836546,10062,153392,341000
550,542,509,836020,10079,153901,356000
551,548,530,835474,10095,154431,328400
552,548,551,834928,10090,154982,322300
553,563,508,834352,10158,155490,308600
554,521,558,833829,10123,156048,274700
555,527,537,833304,10111,156585,511000
556,499,531,832792,10092,157116,327100
557,507,524,832309,10051,157640,319200
558,489,522,831812,10026,158162,381800
559,481,542,831315,9981,158704,364300
560,541,481,830783,10032,159185,384500
561,532,531,830251,10033,159716,366800
562,532,482,829727,10075,160198,315400
563,546,512,829190,10100,160710,317900
564,537,520,828641,10129,161230,328900
565,573,527,828084,10159,161757,322500
566,592,551,827471,10221,162308,349200
567,541,551,826932,10209,162859,324200
568,539,498,826408,10235,163357,314700
569,530,517,825848,10278,163874,325000
570,534,568,825327,10231,164442,333900
571,530,512,824806,10240,164954,437600
572,565,544,824236,10266,165498,424200
573,527,546,823706,10250,166044,407800
574,566,534,823128,10294,166578,362900
575,534,504,822625,10293,167082,345200
576,516,541,822096,10281,167623,348800
577,509,511,821579,10287,168134,329400
578,540,530,821040,10296,168664,313600
579,550,546,820490,10300,169210,337300
580,573,551,819923,10316,169761,342900
581,547,496,819385,10358,170257,319200
582,554,507,818824,10412,170764,306200
583,504,495,818305,10436,171259,298300
584,562,552,817776,10413,171811,360100
585,533,546,817206,10437,172357,340200
586,556,531,816663,10449,172888,590300
587,589,554,816088,10470,173442,367000
588,510,520,815567,10471,173962,419900
589,547,592,815023,10423,174554,433300
590,531,554,814495,10397,175108,351600
591,515,513,813966,10413,175621,339100
592,480,537,813487,10355,176158,344200
593,553,536,812953,10353,176694,355300
594,574,498,812383,10425,177192,381000
595,550,525,811817,10466,177717,408300
596,567,558,811261,10464,178275,342700
597,615,552,810647,10526,178827,340300
598,545,547,810099,10527,179374,335600
599,517,536,809572,10518,179910,340900
600,548,543,809030,10517,180453,313400
601,558,547,808469,10531,181000,342000
602,517,481,807960,10559,181481,370200
603,525,534,807426,10559,182015,327100
604,559,566,806867,10552,182581,419800
605,617,561,806253,10605,183142,406200
606,568,521,805686,10651,183663,362600
607,570,560,805114,10663,184223,327900
608,567,559,804546,10672,184782,307500
609,552,558,804002,10658,185340,340900
610,548,525,803444,10691,185865,346800
611,569,536,802869,10730,186401,330500
612,559,580,802319,10700,186981,328800
613,556,598,801763,10658,187579,333400
614,533,626,801232,10563,188205,313100
615,598,556,800629,10610,188761,364000
616,555,547,800084,10608,189308,927400
617,578,590,799506,10596,189898,450900
618,595,496,798911,10695,190394,381500
619,588,582,798316,10708,190976,401600
620,536,552,797767,10705,191528,413200
621,624,558,797154,10760,192086,380700
622,581,577,796573,10764,192663,416300
623,590,542,796008,10787,193205,413700
624,592,525,795400,10870,193730,389200
625,564,571,794827,10872,194301,377900
626,587,546,794235,10918,194847,379600
627,580,586,793669,10898,195433,406800
628,570,569,793087,10911,196002,363400
629,577,569,792517,10912,196571,505000
630,606,603,791921,10905,197174,402100
631,580,576,791324,10926,197750,388100
632,598,586,790741,10923,198336,407200
633,593,556,790156,10952,198892,406000
634,551,595,789580,10933,199487,420500
635,520,545,789063,10905,200032,459400
636,591,549,788469,10950,200581,446000
637,582,525,787906,10988,201106,418500
638,580,618,787316,10960,201724,372500
639,497,610,786817,10849,202334,357300
640,577,565,786244,10857,202899,391600
641,600,557,785645,10899,203456,335400
642,614,597,785026,10921,204053,395600
643,617,535,784404,11008,204588,434600
644,607,574,783799,11039,205162,445000
645,576,542,783230,11066,205704,432500
646,525,579,782687,11030,206283,412900
647,574,585,782123,11009,206868,347900
648,552,549,781581,11002,207417,414700
649,595,572,780986,11025,207989,367300
650,618,583,780364,11064,208572,394300
651,630,547,779745,11136,209119,448000
652,590,592,779149,11140,209711,344200
653,588,599,778558,11132,210310,329800
654,585,533,777975,11182,210843,350000
655,615,593,777376,11188,211436,388900
656,587,567,776767,11230,212003,458300
657,604,528,776168,11301,212531,637800
658,630,598,775535,11336,213129,452500
659,593,556,774944,11371,213685,420800
660,617,628,774318,11369,214313,354700
661,568,563,773748,11376,214876,381800
662,585,608,773168,11348,215484,395300
663,576,610,772579,11327,216094,431200
664,643,570,771959,11377,216664,342600
665,689,608,771295,11433,217272,358800
666,612,600,770667,11461,217872,356800
667,599,586,770038,11504,218458,343100
668,625,592,769438,11512,219050,391500
669,662,597,768786,11567,219647,442200
670,606,620,768167,11566,220267,677200
671,585,599,767587,11547,220866,479000
672,592,600,766986,11548,221466,396500
673,590,585,766403,11546,222051,384300
674,621,557,765775,11617,222608,373500
675,622,573,765154,11665,223181,360300
676,607,579,764540,11700,223760,417000
677,629,567,763911,11762,224327,341600
678,597,657,763323,11693,224984,335100
679,548,566,762780,11670,225550,356100
680,581,620,762203,11627,226170,399200
681,594,581,761611,11638,226751,452200
682,562,593,761022,11634,227344,651500
683,553,569,760486,11601,227913,462900
684,608,601,759865,11621,228514,454300
685,598,560,759276,11650,229074,427800
686,614,605,758670,11651,229679,408600
687,581,622,758083,11616,230301,433500
688,592,610,757495,11594,230911,410400
689,595,573,756897,11619,231484,355600
690,648,628,756234,11654,232112,384500
691,651,591,755598,11699,232703,361100
692,587,609,755007,11681,233312,382400
693,617,537,754395,11756,233849,367800
694,593,622,753786,11743,234471,378300
695,619,627,753183,11719,235098,738700
696,584,624,752591,11687,235722,439400
697,620,594,751975,11709,236316,415300
698,629,602,751347,11735,236918,387300
699,584,586,750772,11724,237504,373700
700,597,600,750163,11733,238104,349800
701,633,618,749527,11751,238722,374600
702,619,620,748911,11747,239342,365900
703,605,624,748296,11738,239966,368000
704,608,635,747695,11704,240601,394400
705,647,582,747082,11735,241183,450200
706,577,608,746477,11732,241791,402400
707,617,598,745864,11747,242389,397400
708,592,608,745255,11748,242997,621100
709,630,626,744647,11730,243623,378700
710,648,624,743998,11755,244247,372600
711,640,593,743355,11805,244840,480400
712,665,596,742696,11868,245436,417900
713,647,586,742023,11955,246022,360600
714,653,656,741379,11943,246678,353200
715,593,603,740778,11941,247281,366000
716,634,596,740164,11959,247877,424500
717,603,608,739553,11962,248485,380600
718,615,649,738950,11916,249134,413000
719,646,619,738294,11953,249753,364000
720,634,612,737667,11968,250365,387500
721,618,644,737040,11951,251009,349700
722,596,666,736453,11872,251675,461100
723,578,594,735858,11873,252269,412000
724,632,602,735244,11885,252871,407800
725,607,609,734624,11896,253480,391200
726,622,582,733993,11945,254062,346600
727,631,648,733382,11908,254710,334800
728,603,595,732763,11932,255305,421100
729,618,633,732161,11901,255938,396400
730,622,591,731535,11936,256529,366500
731,629,565,730901,12005,257094,370900
732,643,618,730273,12015,257712,350300
733,621,613,729628,12047,258325,326200
734,648,620,729007,12048,258945,355100
735,630,601,728358,12096,259546,354500
736,623,604,727748,12102,260150,608300
737,626,594,727108,12148,260744,393800
738,657,624,726462,12170,261368,429600
739,644,613,725816,12203,261981,422700
740,690,677,725128,12214,262658,395900
741,645,616,724475,12251,263274,421700
742,668,655,723813,12258,263929,355500
743,717,642,723090,12339,264571,345300
744,706,616,722379,12434,265187,428200
745,639,610,721746,12457,265797,373100
746,633,675,721108,12420,266472,370800
747,676,627,720433,12468,267099,357500
748,648,662,719792,12447,267761,347900
749,606,650,719172,12417,268411,393800
750,665,661,718542,12386,269072,488400
751,641,645,717884,12399,269717,366600
752,619,630,717264,12389,270347,332700
753,611,591,716647,12415,270938,368900
754,663,669,715998,12395,271607,381800
755,696,629,715298,12466,272236,350300
756,639,641,714643,12480,272877,365300
757,682,630,713975,12518,273507,350000
758,639,621,713322,12550,274128,330300
759,608,650,712733,12489,274778,368700
760,610,694,712111,12417,275472,350300
761,642,664,711467,12397,276136,378500
762,655,669,710813,12382,276805,386400
763,641,673,710177,12345,277478,357200
764,649,626,709519,12377,278104,331200
765,614,584,708912,12400,278688,384600
766,628,674,708286,12352,279362,371800
767,614,610,707670,12358,279972,414600
768,629,612,707044,12372,280584,386300
769,627,623,706408,12385,281207,359700
770,653,589,705759,12445,281796,548800
771,637,611,705123,12470,282407,334900
772,652,609,704489,12495,283016,359700
773,619,619,703847,12518,283635,329800
774,597,677,703260,12428,284312,364500
775,672,608,702592,12488,284920,396900
776,644,657,701943,12480,285577,365200
777,621,632,701316,12475,286209,372100
778,596,676,700721,12394,286885,399900
779,698,639,700027,12449,287524,387100
780,653,646,699366,12464,288170,395400
781,661,625,698717,12488,288795,365900
782,655,610,698051,12544,289405,375500
783,667,653,697396,12546,290058,439100
784,668,657,696728,12557,290715,441500
785,658,683,696066,12536,291398,414900
786,694,663,695380,12559,292061,360500
787,680,610,694691,12638,292671,387600
788,690,644,694007,12678,293315,405400
789,665,653,693325,12707,293968,399400
790,629,708,692707,12617,294676,409000
791,631,651,692069,12604,295327,390700
792,663,638,691415,12620,295965,402900
793,711,674,690702,12659,296639,405600
794,596,647,690094,12620,297286,400800
795,657,656,689464,12594,297942,434600
796,597,690,688837,12531,298632,353700
797,620,621,688248,12499,299253,406500
798,655,636,687576,12535,299889,389400
799,602,618,686969,12524,300507,362700
800,708,620,686277,12596,301127,377200
801,652,634,685622,12617,301761,326100
802,618,639,685016,12584,302400,486900
803,613,654,684370,12576,303054,385700
804,662,669,683718,12559,303723,362800
805,653,654,683068,12555,304377,405500
806,637,627,682426,12570,305004,386100
807,640,665,681783,12548,305669,389600
808,612,652,681182,12497,306321,415700
809,652,690,680535,12454,307011,373800
810,654,644,679877,12468,307655,396700
811,629,628,679252,12465,308283,394400
812,626,624,678623,12470,308907,378700
813,631,657,677993,12443,309564,374700
814,643,666,677343,12427,310230,403800
815,643,647,676703,12420,310877,399100
816,646,641,676051,12431,311518,380700
817,647,620,675404,12458,312138,387300
818,609,605,674805,12452,312743,390300
819,645,681,674155,12421,313424,365900
820,633,644,673527,12405,314068,395100
821,613,601,672910,12421,314669,350100
822,682,703,672233,12395,315372,399800
823,648,618,671588,12422,315990,617100
824,623,635,670954,12421,316625,386700
825,647,665,670327,12383,317290,394000
826,637,641,669677,12392,317931,369600
827,598,609,669080,12380,318540,382300
828,667,664,668404,12392,319204,359100
829,658,605,667759,12432,319809,371300
830,635,648,667090,12453,320457,421100
831,628,633,666487,12423,321090,347500
832,631,651,665867,12392,321741,378500
833,654,663,665208,12388,322404,361400
834,642,647,664554,12395,323051,350700
835,622,660,663918,12371,323711,407100
836,650,621,663283,12385,324332,390200
837,658,677,662624,12367,325009,382900
838,668,636,661968,12387,325645,384100
839,624,673,661312,12370,326318,353900
840,667,667,660669,12346,326985,435400
841,667,647,660001,12367,327632,373300
842,683,594,659339,12435,328226,367400
843,660,642,658665,12467,328868,387400
844,671,675,657985,12472,329543,351200
845,694,626,657296,12535,330169,381100
846,687,608,656608,12615,330777,387100
847,695,673,655929,12621,331450,389200
848,627,627,655285,12638,332077,404500
849,681,661,654611,12651,332738,349400
850,703,616,653911,12735,333354,362100
851,689,646,653217,12783,334000,412100
852,645,649,652574,12777,334649,363200
853,648,658,651936,12757,335307,399900
854,677,670,651256,12767,335977,359400
855,672,609,650571,12843,336586,360000
856,645,635,649915,12864,337221,386500
857,680,677,649250,12852,337898,344200
858,687,641,648575,12886,338539,401800
859,693,636,647876,12949,339175,424700
860,613,690,647250,12885,339865,342600
861,651,622,646599,12914,340487,412400
862,668,666,645942,12905,341153,385800
863,595,644,645343,12860,341797,382900
864,638,647,644690,12866,342444,386200
865,636,685,644056,12815,343129,360200
866,625,650,643432,12789,343779,397200
867,654,708,642789,12724,344487,356400
868,608,699,642159,12655,345186,407600
869,663,672,641524,12618,345858,384400
870,634,630,640903,12609,346488,352400
871,595,672,640272,12568,347160,382800
872,606,669,639664,12507,347829,361300
873,651,612,639031,12528,348441,366200
874,625,601,638417,12541,349042,373100
875,640,651,637758,12549,349693,361300
876,621,627,637127,12553,350320,333800
877,662,677,636481,12522,350997,382500
878,659,664,635821,12518,351661,348400
879,689,650,635117,12572,352311,377700
880,667,663,634472,12554,352974,379400
881,611,685,633842,12499,353659,388200
882,585,640,633279,12422,354299,399400
883,628,670,632628,12403,354969,358600
884,633,604,632009,12418,355573,359000
885,675,684,631324,12419,356257,384900
886,671,634,630666,12443,356891,399200
887,624,648,630035,12426,357539,398900
888,566,642,629455,12364,358181,414800
889,605,634,628858,12327,358815,382200
890,662,636,628214,12335,359451,391600
891,646,628,627565,12356,360079,343000
892,623,637,626924,12360,360716,387100
893,656,645,626278,12361,361361,368200
894,627,653,625639,12347,362014,417800
895,599,589,625038,12359,362603,400000
896,629,630,624421,12346,363233,376400
897,663,639,623756,12372,363872,422400
898,650,649,623117,12362,364521,374900
899,646,635,622470,12374,365156,377400
900,630,655,621817,12372,365811,402700
901,652,607,621191,12391,366418,377200
902,593,661,620572,12349,367079,488800
903,683,629,619923,12369,367708,444700
904,623,631,619273,12388,368339,410600
905,649,652,618633,12376,368991,410500
906,603,640,618035,12334,369631,434100
907,637,644,617395,12330,370275,400900
908,604,629,616788,12308,370904,393700
909,613,630,616173,12293,371534,457000
910,586,657,615580,12229,372191,368600
911,593,658,614972,12179,372849,450500
912,588,644,614404,12103,373493,386300
913,606,591,613814,12102,374084,358600
914,624,655,613172,12089,374739,422500
915,634,601,612558,12102,375340,376100
916,634,628,611917,12115,375968,428100
917,600,642,611327,12063,376610,412400
918,626,628,610684,12078,377238,426800
919,598,637,610102,12023,377875,428100
920,623,593,609454,12078,378468,374900
921,593,575,608862,12095,379043,421000
922,616,616,608255,12086,379659,380600
923,620,630,607628,12083,380289,348700
924,621,590,607019,12102,380879,390500
925,621,648,606403,12070,381527,368700
926,624,643,605781,12049,382170,399400
927,571,659,605199,11972,382829,392900
928,617,559,604580,12032,383388,372600
929,633,601,603953,12058,383989,379900
930,609,620,603337,12054,384609,360600
931,628,587,602701,12103,385196,363200
932,614,647,602097,12060,385843,387800
933,667,637,601428,12092,386480,365400
934,672,616,600755,12149,387096,409500
935,632,625,600120,12159,387721,369300
936,646,606,599479,12194,388327,358900
937,623,617,598869,12187,388944,454400
938,636,640,598226,12190,389584,372900
939,652,638,597563,12215,390222,423400
940,613,649,596961,12168,390871,380300
941,682,660,596281,12188,391531,359600
942,643,628,595631,12210,392159,439000
943,639,627,595009,12205,392786,449000
944,671,614,594332,12268,393400,403900
945,622,641,593692,12267,394041,365100
946,666,636,593039,12284,394677,374700
947,661,642,592379,12302,395319,423300
948,628,619,591753,12309,395938,482100
949,631,631,591114,12317,396569,400800
950,653,643,590478,12310,397212,397600
951,658,613,589811,12364,397825,472700
952,634,635,589156,12384,398460,368800
953,643,647,588536,12357,399107,358100
954,688,643,587839,12411,399750,414100
955,645,674,587196,12380,400424,386900
956,663,653,586538,12385,401077,398900
957,715,632,585824,12467,401709,407200
958,649,586,585177,12528,402295,409000
959,643,611,584529,12565,402906,399400
960,659,601,583859,12634,403507,368400
961,674,659,583200,12634,404166,436700
962,668,699,582527,12608,404865,402400
963,671,662,581856,12617,405527,424200
964,644,688,581206,12579,406215,441200
965,628,680,580593,12512,406895,409000
966,577,634,580000,12471,407529,404500
967,675,690,579337,12444,408219,399800
968,625,634,578722,12425,408853,437900
969,633,643,578064,12440,409496,385500
970,636,654,577432,12418,410150,391600
971,653,648,576795,12407,410798,423600
972,701,579,576075,12548,411377,361700
973,628,726,575446,12451,412103,425400
974,644,641,574804,12452,412744,488400
975,654,632,574162,12462,413376,451800
976,698,664,573461,12499,414040,373900
977,703,682,572769,12509,414722,380100
978,682,614,572084,12580,415336,459300
979,599,660,571469,12535,415996,464400
980,647,653,570831,12520,416649,415700
981,655,661,570166,12524,417310,429800
982,624,642,569554,12494,417952,465300
983,665,620,568891,12537,418572,395200
984,652,633,568227,12568,419205,413600
985,626,646,567604,12545,419851,407500
986,690,679,566920,12550,420530,369600
987,608,637,566293,12540,421167,403900
988,618,641,565688,12504,421808,432300
989,629,661,565068,12463,422469,446500
990,662,637,564396,12498,423106,446700
991,638,616,563751,12527,423722,477300
992,626,615,563137,12526,424337,428700
993,654,694,562470,12499,425031,431800
994,622,638,561856,12475,425669,433700
995,635,633,561228,12470,426302,386100
996,627,641,560592,12465,426943,473300
997,638,636,559953,12468,427579,440600
998,638,598,559326,12497,428177,439700
999,628,647,558687,12489,428824,466000
1000,662,603,558050,12523,429427,514000
1001,644,654,557393,12526,430081,481800
1002,619,619,556760,12540,430700,509600
1003,691,680,556072,12548,431380,601900
1004,675,658,555399,12563,432038,505600
1005,660,656,554736,12570,432694,440400
1006,689,606,554068,12632,433300,482000
1007,691,649,553373,12678,433949,460000
1008,621,618,552742,12691,434567,485800
1009,656,694,552079,12660,435261,459200
1010,617,668,551480,12591,435929,435000
1011,662,666,550815,12590,436595,651100
1012,648,678,550162,12565,437273,545600
1013,632,627,549523,12577,437900,535900
1014,657,650,548873,12577,438550,489300
1015,618,668,548237,12545,439218,434200
1016,620,663,547621,12498,439881,482800
1017,628,675,546996,12448,440556,443600
1018,626,652,546365,12427,441208,436200
1019,676,648,545697,12447,441856,375900
1020,651,665,545053,12426,442521,404300
1021,630,669,544415,12395,443190,485600
1022,628,644,543787,12379,443834,388900
1023,634,618,543149,12399,444452,486900
1024,642,588,542515,12445,445040,442100
1025,609,660,541895,12405,445700,495900
1026,608,650,541301,12349,446350,452800
1027,677,687,540626,12337,447037,473100
1028,645,633,539984,12346,447670,504700
1029,630,608,539345,12377,448278,495700
1030,623,642,538727,12353,448920,491900
1031,676,619,538053,12408,449539,541000
1032,608,657,537438,12366,450196,584000
1033,675,665,536763,12376,450861,458700
1034,597,635,536147,12357,451496,482700
1035,641,608,535525,12371,452104,477400
1036,675,608,534871,12417,452712,410300
1037,649,635,534194,12459,453347,410600
1038,586,595,533617,12441,453942,421800
1039,666,625,532956,12477,454567,427900
1040,698,629,532265,12539,455196,486700
1041,679,637,531588,12579,455833,671000
1042,654,703,530916,12548,456536,623900
1043,591,657,530314,12493,457193,639200
1044,635,608,529690,12509,457801,690200
1045,598,662,529112,12425,458463,634600
1046,634,667,528459,12411,459130,516300
1047,628,617,527851,12402,459747,504800
1048,641,632,527195,12426,460379,520600
1049,631,647,526548,12426,461026,460100
1050,660,666,525897,12411,461692,493000
1051,653,648,525243,12417,462340,507200
1052,667,691,524584,12385,463031,473900
1053,690,668,523896,12405,463699,440200
1054,628,642,523262,12397,464341,472700
1055,675,601,522578,12480,464942,582300
1056,587,635,522007,12416,465577,567500
1057,620,611,521376,12436,466188,515800
1058,606,690,520756,12366,466878,423400
1059,654,623,520138,12361,467501,446100
1060,636,696,519483,12320,468197,401300
1061,619,637,518850,12316,468834,402800
1062,612,611,518250,12305,469445,465400
1063,621,632,517641,12282,470077,391200
1064,646,672,516985,12266,470749,447700
1065,637,635,516348,12268,471384,390700
1066,643,634,515710,12272,472018,566600
1067,644,609,515055,12318,472627,479700
1068,646,693,514411,12269,473320,467400
1069,590,658,513834,12188,473978,490000
1070,649,589,513171,12262,474567,494800
1071,681,659,512495,12279,475226,495900
1072,650,642,511855,12277,475868,475400
1073,612,630,511222,12280,476498,442300
1074,657,643,510574,12285,477141,373100
1075,611,629,509981,12249,477770,464600
1076,653,601,509317,12312,478371,415100
1077,620,634,508686,12309,479005,437600
1078,636,660,508065,12270,479665,573100
1079,664,677,507412,12246,480342,425200
1080,720,600,506685,12373,480942,434000
1081,650,606,506018,12434,481548,480600
1082,640,620,505383,12449,482168,454000
1083,645,623,504745,12464,482791,459900
1084,654,617,504086,12506,483408,421200
1085,679,626,503407,12559,484034,406300
1086,623,631,502766,12569,484665,416700
1087,693,633,502085,12617,485298,386400
1088,687,648,501402,12652,485946,414900
1089,671,629,500725,12700,486575,405600
1090,687,676,500052,12697,487251,437700
1091,696,636,499353,12760,487887,501700
1092,655,647,498692,12774,488534,428000
1093,650,659,498034,12773,489193,411600
1094,659,651,497391,12765,489844,395100
1095,672,684,496702,12770,490528,451700
1096,655,677,496066,12729,491205,406900
1097,603,644,495452,12699,491849,429500
1098,622,617,494838,12696,492466,422000
1099,662,634,494170,12730,493100,441300
1100,672,620,493493,12787,493720,439400
1101,648,661,492861,12758,494381,451700
1102,682,639,492171,12809,495020,491200
1103,660,703,491492,12785,495723,421200
1104,644,619,490858,12800,496342,460100
1105,689,675,490191,12792,497017,482300
1106,696,682,489474,12827,497699,480800
1107,643,698,488830,12773,498397,483200
1108,684,696,488166,12741,499093,449800
1109,611,636,487536,12735,499729,431600
1110,662,671,486876,12724,500400,566800
1111,692,642,486196,12762,501042,495500
1112,697,657,485485,12816,501699,501100
1113,660,710,484823,12768,502409,676600
1114,688,711,484154,12726,503120,605900
1115,673,660,483474,12746,503780,582800
1116,676,678,482806,12736,504458,537700
1117,638,687,482154,12701,505145,495400
1118,663,648,481494,12713,505793,549700
1119,692,667,480809,12731,506460,484300
1120,699,635,480104,12801,507095,476600
1121,754,667,479367,12871,507762,493000
1122,743,655,478598,12985,508417,417500
1123,742,700,477861,13022,509117,436300
1124,692,651,477156,13076,509768,447200
1125,720,694,476463,13075,510462,479500
1126,730,685,475732,13121,511147,468500
1127,667,671,475051,13131,511818,585000
1128,703,673,474340,13169,512491,411000
1129,674,776,473663,13070,513267,473000
1130,691,649,472980,13104,513916,453200
1131,719,696,472282,13106,514612,548400
1132,756,640,471513,13235,515252,536000
1133,674,694,470831,13223,515946,467200
1134,719,680,470119,13255,516626,418500
1135,665,676,469458,13240,517302,450800
1136,706,672,468743,13283,517974,457500
1137,705,696,468049,13281,518670,406300
1138,712,693,467338,13299,519363,438700
1139,703,699,466629,13309,520062,485100
1140,671,687,465937,13314,520749,404600
1141,694,655,465259,13337,521404,377700
1142,685,698,464572,13326,522102,419500
1143,622,754,463952,13192,522856,418500
1144,704,653,463254,13237,523509,405700
1145,686,686,462563,13242,524195,420800
1146,650,687,461911,13207,524882,421700
1147,671,650,461245,13223,525532,425000
1148,675,680,460559,13229,526212,424500
1149,614,688,459956,13144,526900,477800
1150,654,679,459316,13105,527579,433100
1151,682,668,458634,13119,528247,432700
1152,658,711,457954,13088,528958,446500
1153,663,722,457291,13029,529680,461600
1154,671,648,456635,13037,530328,456000
1155,651,681,455978,13013,531009,462500
1156,659,635,455323,13033,531644,436000
1157,673,650,454641,13065,532294,477100
1158,596,671,454032,13003,532965,457400
1159,633,680,453418,12937,533645,402900
1160,673,633,452750,12972,534278,410800
1161,687,640,452064,13018,534918,399500
1162,733,657,451327,13098,535575,441200
1163,708,695,450619,13111,536270,419900
1164,703,677,449911,13142,536947,498300
1165,694,716,449220,13117,537663,438400
1166,661,693,448556,13088,538356,408600
1167,691,626,447868,13150,538982,422500
1168,668,676,447190,13152,539658,471500
1169,723,649,446481,13212,540307,586800
1170,654,692,445823,13178,540999,407400
1171,696,677,445119,13205,541676,398800
1172,704,677,444428,13219,542353,393300
1173,668,665,443742,13240,543018,401800
1174,687,737,443067,13178,543755,410600
1175,662,686,442395,13164,544441,445100
1176,682,729,441727,13103,545170,395700
1177,711,671,441015,13144,545841,429400
1178,641,680,440362,13117,546521,463200
1179,661,676,439706,13097,547197,364500
1180,620,709,439077,13017,547906,409900
1181,685,659,438408,13027,548565,452500
1182,656,642,437747,13046,549207,424500
1183,595,630,437135,13028,549837,459800
1184,667,681,436469,13013,550518,405300
1185,682,682,435786,13014,551200,386100
1186,652,696,435168,12936,551896,405100
1187,640,651,434505,12948,552547,392200
1188,672,700,433825,12928,553247,480600
1189,636,662,433185,12906,553909,384600
1190,671,612,432527,12952,554521,405300
1191,636,675,431903,12901,555196,476400
1192,641,659,431251,12894,555855,473800
1193,621,665,430635,12845,556520,394200
1194,641,649,429993,12838,557169,431200
1195,607,654,429385,12792,557823,388100
1196,664,666,428725,12786,558489,409300
1197,669,665,428057,12789,559154,426000
1198,632,636,427414,12796,559790,390900
1199,657,624,426764,12822,560414,415800
1200,686,705,426084,12797,561119,437900
1201,635,663,425426,12792,561782,490000
1202,633,628,424812,12778,562410,432000
1203,633,609,424173,12808,563019,461000
1204,638,686,423533,12762,563705,417500
1205,620,651,422915,12729,564356,390700
1206,637,696,422284,12664,565052,387900
1207,644,680,421633,12635,565732,367500
1208,621,667,421013,12588,566399,417900
1209,615,683,420392,12526,567082,443900
1210,596,695,419807,12416,567777,445200
1211,630,675,419180,12368,568452,421800
1212,579,615,418573,12360,569067,404300
1213,583,626,418007,12300,569693,439300
1214,617,614,417399,12294,570307,442000
1215,577,620,416810,12263,570927,432500
1216,616,639,416196,12238,571566,635200
1217,594,634,415597,12203,572200,441700
1218,605,689,414995,12116,572889,476100
1219,607,646,414389,12076,573535,388600
1220,597,604,413785,12076,574139,406400
1221,622,636,413162,12063,574775,346700
1222,575,639,412598,11988,575414,389800
1223,606,626,411983,11977,576040,388500
1224,543,616,411440,11904,576656,409600
1225,601,616,410853,11875,577272,421800
1226,589,637,410258,11833,577909,450200
1227,589,619,409661,11811,578528,442800
1228,608,608,409077,11787,579136,502400
1229,628,594,408434,11836,579730,465800
1230,635,589,407789,11892,580319,443800
1231,608,601,407177,11903,580920,462800
1232,650,641,406541,11898,581561,496600
1233,599,582,405951,11906,582143,456800
1234,589,635,405357,11865,582778,409000
1235,659,615,404691,11916,583393,402000
1236,623,610,404079,11918,584003,417200
1237,614,640,403462,11895,584643,391200
1238,640,660,402824,11873,585303,399900
1239,641,642,402174,11881,585945,438300
1240,613,548,401570,11937,586493,450100
1241,622,598,400947,11962,587091,476700
1242,595,626,400332,11951,587717,431700
1243,642,645,399708,11930,588362,387800
1244,591,626,399106,11906,588988,412500
1245,646,633,398468,11911,589621,388100
1246,639,624,397855,11900,590245,420900
1247,640,568,397203,11984,590813,430200
1248,641,617,396570,12000,591430,401500
1249,624,647,395928,11995,592077,395600
1250,603,639,395316,11968,592716,353200
1251,649,646,394674,11964,593362,388500
1252,601,602,394065,11971,593964,412900
1253,594,643,393476,11917,594607,382300
1254,632,599,392851,11943,595206,405200
1255,579,626,392253,11915,595832,386700
1256,644,651,391625,11892,596483,375200
1257,604,605,391009,11903,597088,563100
1258,617,598,390399,11915,597686,477600
1259,601,608,389813,11893,598294,433900
1260,585,628,389225,11853,598922,360900
1261,645,588,388564,11926,599510,398500
1262,586,602,387982,11906,600112,398800
1263,649,592,387349,11947,600704,433500
1264,624,608,386702,11986,601312,421700
1265,589,654,386125,11909,601966,402300
1266,631,605,385500,11929,602571,427900
1267,566,570,384925,11934,603141,423800
1268,605,615,384313,11931,603756,393600
1269,583,609,383732,11903,604365,448700
1270,641,666,383109,11860,605031,412500
1271,645,617,382463,11889,605648,404000
1272,531,573,381909,11870,606221,371500
1273,612,614,381308,11857,606835,375800
1274,587,649,380715,11801,607484,391400
1275,601,571,380103,11842,608055,359300
1276,569,631,379548,11766,608686,413200
1277,601,618,378940,11756,609304,369300
1278,556,610,378387,11699,609914,371800
1279,625,587,377761,11738,610501,401900
1280,614,615,377143,11741,611116,374200
1281,561,625,376569,11690,611741,458200
1282,589,643,375998,11618,612384,403700
1283,642,636,375369,11611,613020,420200
1284,602,587,374764,11629,613607,383700
1285,626,620,374148,11625,614227,375700
1286,574,588,373564,11621,614815,415200
1287,532,605,373022,11558,615420,399800
1288,634,546,372399,11635,615966,401300
1289,598,562,371785,11687,616528,349900
1290,553,580,371225,11667,617108,387000
1291,581,624,370650,11618,617732,355500
1292,589,594,370064,11610,618326,417700
1293,601,643,369487,11544,618969,371700
1294,521,568,368934,11529,619537,411800
1295,548,590,368393,11480,620127,398900
1296,560,607,367828,11438,620734,389000
1297,582,605,367261,11400,621339,375000
1298,552,569,366698,11394,621908,403300
1299,561,606,366140,11346,622514,361700
1300,558,587,365574,11325,623101,379300
1301,552,569,365026,11304,623670,411400
1302,571,543,364466,11321,624213,368500
1303,591,557,363878,11352,624770,490300
1304,606,580,363275,11375,625350,380200
1305,591,560,362674,11416,625910,476800
1306,583,611,362094,11385,626521,412800
1307,592,549,361512,11418,627070,428100
1308,622,605,360881,11444,627675,499600
1309,590,585,360287,11453,628260,368400
1310,578,603,359703,11434,628863,416700
1311,573,585,359144,11408,629448,429200
1312,602,638,358554,11360,630086,436600
1313,591,561,357940,11413,630647,489100
1314,582,541,357356,11456,631188,397500
1315,648,583,356738,11491,631771,429000
1316,644,583,356069,11577,632354,426800
1317,582,601,355492,11553,632955,406800
1318,639,564,354846,11635,633519,376900
1319,614,608,354227,11646,634127,403500
1320,621,607,353608,11658,634734,403000
1321,622,622,352980,11664,635356,535000
1322,595,591,352398,11655,635947,403400
1323,587,601,351793,11659,636548,374500
1324,559,627,351254,11571,637175,373100
1325,528,580,350724,11521,637755,384800
1326,580,596,350153,11496,638351,355100
1327,593,615,349557,11477,638966,369800
1328,643,577,348892,11565,639543,364200
1329,551,586,348345,11526,640129,342000
1330,597,602,347766,11503,640731,389700
1331,623,583,347128,11558,641314,357900
1332,587,563,346554,11569,641877,351000
1333,629,570,345951,11602,642447,339500
1334,584,623,345325,11605,643070,367800
1335,631,584,344715,11631,643654,394200
1336,550,566,344154,11626,644220,383800
1337,596,638,343564,11578,644858,404000
1338,524,606,343028,11508,645464,359700
1339,580,613,342457,11466,646077,348900
1340,563,570,341889,11464,646647,351700
1341,574,600,341316,11437,647247,347300
1342,521,598,340778,11377,647845,344500
1343,592,585,340192,11378,648430,345700
1344,560,613,339651,11306,649043,360500
1345,559,580,339101,11276,649623,379200
1346,572,618,338495,11264,650241,344900
1347,602,553,337914,11292,650794,387800
1348,579,566,337330,11310,651360,349900
1349,588,577,336740,11323,651937,384200
1350,555,589,336182,11292,652526,388600
1351,567,586,335617,11271,653112,368300
1352,576,629,335036,11223,653741,424500
1353,561,604,334486,11169,654345,400800
1354,557,579,333935,11141,654924,397200
1355,588,609,333353,11114,655533,387900
1356,579,570,332748,11149,656103,410800
1357,572,606,332206,11085,656709,383700
1358,596,563,331601,11127,657272,354300
1359,559,583,331022,11123,657855,350200
1360,561,577,330471,11097,658432,350600
1361,595,591,329873,11104,659023,349500
1362,569,589,329295,11093,659612,350300
1363,543,578,328759,11051,660190,372300
1364,612,559,328147,11104,660749,404200
1365,571,608,327575,11068,661357,445400
1366,600,559,326982,11102,661916,360300
1367,563,569,326412,11103,662485,367300
1368,529,599,325891,11025,663084,392500
1369,536,569,325349,10998,663653,367100
1370,562,603,324799,10945,664256,386400
1371,521,579,324260,10905,664835,386800
1372,541,508,323724,10933,665343,377600
1373,573,576,323151,10930,665919,364500
1374,558,567,322600,10914,666486,349600
1375,533,553,322067,10894,667039,357900
1376,587,561,321478,10922,667600,382900
1377,600,595,320888,10917,668195,357900
1378,541,573,320350,10882,668768,342200
1379,553,586,319787,10859,669354,352400
1380,578,544,319216,10886,669898,379300
1381,572,532,318637,10933,670430,358600
1382,574,544,318062,10964,670974,347300
1383,601,531,317469,11026,671505,364300
1384,561,552,316903,11040,672057,342300
1385,570,629,316324,10990,672686,355800
1386,561,575,315766,10973,673261,322300
1387,556,554,315214,10971,673815,374900
1388,575,573,314653,10959,674388,343900
1389,575,594,314055,10963,674982,362400
1390,573,552,313492,10974,675534,358100
1391,583,571,312914,10981,676105,376900
1392,562,547,312346,11002,676652,370100
1393,557,561,311798,10989,677213,362600
1394,544,572,311256,10959,677785,458000
1395,565,553,310678,10984,678338,404700
1396,663,560,310048,11054,678898,347000
1397,531,575,309476,11051,679473,353100
1398,547,543,308948,11036,680016,366400
1399,604,516,308337,11131,680532,398900
1400,631,567,307715,11186,681099,338100
1401,585,592,307124,11185,681691,417700
1402,581,589,306547,11173,682280,360800
1403,567,529,305970,11221,682809,384200
1404,608,607,305365,11219,683416,361200
1405,599,573,304771,11240,683989,388100
1406,614,606,304151,11254,684595,377100
1407,579,599,303569,11237,685194,451000
1408,593,553,302978,11275,685747,385900
1409,555,579,302405,11269,686326,417500
1410,596,595,301819,11260,686921,368400
1411,575,588,301243,11248,687509,345500
1412,591,586,300668,11237,688095,366200
1413,565,569,300087,11249,688664,356300
1414,582,576,299520,11240,689240,381400
1415,543,568,298965,11227,689808,340300
1416,573,528,298405,11259,690336,342100
1417,595,585,297796,11283,690921,364700
1418,599,566,297204,11309,691487,429800
1419,516,597,296675,11241,692084,332000
1420,587,550,296089,11277,692634,376300
1421,590,541,295519,11306,693175,342500
1422,559,579,294948,11298,693754,363700
1423,511,606,294420,11220,694360,326800
1424,563,610,293877,11153,694970,444000
1425,523,601,293352,11077,695571,370800
1426,579,621,292788,11020,696192,354800
1427,564,615,292211,10982,696807,352600
1428,477,594,291712,10887,697401,392900
1429,538,571,291191,10837,697972,348100
1430,546,570,290638,10820,698542,355600
1431,516,577,290142,10739,699119,354400
1432,559,551,289573,10757,699670,367000
1433,546,536,289030,10764,700206,363600
1434,497,541,288526,10727,700747,357200
1435,550,527,287979,10747,701274,393200
1436,598,542,287400,10784,701816,358500
1437,496,539,286871,10774,702355,375600
1438,537,566,286357,10722,702921,362400
1439,553,521,285799,10759,703442,396300
1440,537,534,285259,10765,703976,411100
1441,548,589,284707,10728,704565,359000
1442,552,592,284155,10688,705157,427000
1443,577,566,283588,10689,705723,382500
1444,583,518,283003,10756,706241,369200
1445,582,586,282423,10750,706827,334200
1446,562,567,281853,10753,707394,378500
1447,607,591,281259,10756,707985,398900
1448,577,563,280682,10770,708548,383600
1449,573,556,280102,10794,709104,376800
1450,603,546,279508,10842,709650,373800
1451,590,543,278907,10900,710193,372900
1452,553,584,278372,10851,710777,361500
1453,598,580,277754,10889,711357,335800
1454,559,553,277204,10886,711910,351200
1455,574,578,276620,10892,712488,357600
1456,590,560,276033,10919,713048,357200
1457,591,577,275442,10933,713625,362100
1458,640,593,274810,10972,714218,361400
1459,548,563,274255,10964,714781,367000
1460,560,514,273695,11010,715295,349200
1461,576,577,273119,11009,715872,351800
1462,546,599,272566,10963,716471,363800
1463,592,514,271986,11029,716985,340000
1464,555,562,271423,11030,717547,345200
1465,563,569,270873,11011,718116,395000
1466,569,588,270299,10997,718704,394600
1467,588,556,269711,11029,719260,387300
1468,549,550,269157,11033,719810,405500
1469,598,585,268554,11051,720395,406800
1470,590,583,267973,11049,720978,353300
1471,538,535,267424,11063,721513,380000
1472,577,525,266858,11104,722038,400000
1473,594,565,266260,11137,722603,370600
1474,575,573,265677,11147,723176,444900
1475,560,568,265126,11130,723744,392800
1476,566,603,264567,11086,724347,380700
1477,559,581,264009,11063,724928,431000
1478,600,599,263402,11071,725527,376000
1479,524,616,262876,10981,726143,389600
1480,574,564,262301,10992,726707,378700
1481,567,585,261730,10978,727292,373500
1482,573,571,261163,10974,727863,354200
1483,563,563,260601,10973,728426,358700
1484,557,551,260045,10978,728977,322800
1485,537,581,259500,10942,729558,398800
1486,506,593,258991,10858,730151,352200
1487,543,585,258448,10816,730736,365100
1488,511,556,257950,10758,731292,365900
1489,521,560,257421,10727,731852,343200
1490,559,539,256876,10733,732391,374100
1491,541,555,256330,10724,732946,391500
1492,564,543,255753,10758,733489,377800
1493,546,577,255215,10719,734066,418400
1494,533,562,254684,10688,734628,421500
1495,558,573,254110,10689,735201,415600
1496,554,541,253574,10684,735742,445300
1497,515,574,253042,10642,736316,392400
1498,561,545,252494,10645,736861,406700
1499,576,541,251922,10676,737402,388400
1500,545,562,251360,10676,737964,449100
1501,533,556,250833,10647,738520,425400
1502,560,551,250277,10652,739071,421000
1503,578,562,249710,10657,739633,442500
1504,571,529,249126,10712,740162,414800
1505,542,526,248585,10727,740688,400700
1506,549,586,248042,10684,741274,373000
1507,527,553,247495,10678,741827,376600
1508,581,535,246928,10710,742362,399600
1509,542,551,246376,10711,742913,412800
1510,529,535,245859,10693,743448,370400
1511,574,515,245280,10757,743963,439100
1512,567,519,244723,10795,744482,403800
1513,549,569,244164,10785,745051,503400
1514,552,587,243620,10742,745638,469800
1515,580,580,243031,10751,746218,677700
1516,535,553,242507,10722,746771,379500
1517,517,532,241968,10729,747303,416300
1518,550,565,241425,10707,747868,380600
1519,496,576,240926,10630,748444,394500
1520,534,585,240404,10567,749029,383400
1521,515,501,239876,10594,749530,375400
1522,481,544,239399,10527,750074,356500
1523,497,526,238895,10505,750600,405700
1524,517,532,238397,10471,751132,360200
1525,457,574,237926,10368,751706,418300
1526,486,505,237441,10348,752211,396200
1527,485,496,236951,10342,752707,1020800
1528,499,529,236473,10291,753236,356800
1529,487,547,235976,10241,753783,379500
1530,523,521,235443,10253,754304,358200
1531,512,492,234926,10278,754796,360600
1532,483,552,234445,10207,755348,386000
1533,511,527,233953,10172,755875,332600
1534,491,529,233453,10143,756404,346100
1535,500,498,232955,10143,756902,357100
1536,510,512,232447,10139,757414,367600
1537,463,530,231982,10074,757944,375600
1538,528,538,231455,10063,758482,353800
1539,519,525,230944,10049,759007,366500
1540,494,537,230443,10013,759544,366900
1541,490,523,229939,9994,760067,358700
1542,513,535,229433,9965,760602,345200
1543,537,515,228891,9992,761117,327400
1544,504,523,228395,9965,761640,398200
1545,552,509,227850,10001,762149,405000
1546,525,535,227321,9995,762684,359100
1547,540,520,226776,10020,763204,358300
1548,503,543,226280,9973,763747,343300
1549,544,511,225749,9993,764258,331700
1550,489,527,225248,9967,764785,396100
1551,510,494,224737,9984,765279,430400
1552,475,529,224254,9938,765808,381700
1553,473,548,223777,9867,766356,379900
1554,497,477,223293,9874,766833,352400
1555,507,485,222777,9905,767318,379000
1556,467,522,222314,9846,767840,364000
1557,482,516,221833,9811,768356,343400
1558,527,516,221309,9819,768872,402200
1559,465,528,220831,9769,769400,378400
1560,450,521,220381,9698,769921,426500
1561,488,547,219906,9626,770468,389800
1562,473,508,219406,9618,770976,422800
1563,455,437,218966,9621,771413,421200
1564,446,494,218520,9573,771907,337600
1565,475,464,218057,9572,772371,393600
1566,477,496,217561,9572,772867,441200
1567,465,514,217104,9515,773381,382100
1568,464,491,216652,9476,773872,407700
1569,473,504,216170,9454,774376,442200
1570,534,501,215628,9495,774877,403800
1571,492,487,215145,9491,775364,411500
1572,484,505,214645,9486,775869,382500
1573,421,474,214254,9403,776343,408100
1574,486,497,213761,9399,776840,430800
1575,486,490,213262,9408,777330,422900
1576,506,454,212775,9441,777784,476000
1577,479,518,212267,9431,778302,459200
1578,513,524,211781,9393,778826,536600
1579,535,516,211227,9431,779342,472600
1580,527,488,210737,9433,779830,405800
1581,523,439,210187,9544,780269,434700
1582,494,496,209687,9548,780765,425400
1583,489,507,209201,9527,781272,419800
1584,508,522,208706,9500,781794,391800
1585,456,475,208240,9491,782269,379200
1586,470,476,207757,9498,782745,396200
1587,469,498,207298,9459,783243,508600
1588,463,539,206840,9378,783782,518900
1589,454,474,206375,9369,784256,456100
1590,448,471,205926,9347,784727,420900
1591,448,478,205486,9309,785205,391600
1592,469,472,205017,9306,785677,417600
1593,477,445,204546,9332,786122,427700
1594,495,460,204056,9362,786582,372600
1595,506,466,203533,9419,787048,392000
1596,454,459,203089,9404,787507,348300
1597,486,471,202606,9416,787978,386400
1598,489,489,202118,9415,788467,354500
1599,489,478,201625,9430,788945,380300
1600,518,473,201094,9488,789418,386400
1601,485,481,200619,9482,789899,414000
1602,494,516,200127,9458,790415,355300
1603,467,508,199654,9423,790923,376000
1604,486,499,199174,9404,791422,342100
1605,497,473,198682,9423,791895,369200
1606,504,539,198166,9400,792434,408000
1607,434,494,197729,9343,792928,422800
1608,513,489,197234,9349,793417,500400
1609,499,483,196734,9366,793900,360700
1610,466,485,196249,9366,794385,346700
1611,474,465,195780,9370,794850,387900
1612,471,512,195310,9328,795362,388000
1613,456,490,194861,9287,795852,360200
1614,469,488,194395,9265,796340,402700
1615,451,470,193926,9264,796810,420700
1616,438,450,193488,9252,797260,403600
1617,425,459,193059,9222,797719,400300
1618,459,505,192612,9164,798224,377700
1619,463,509,192135,9132,798733,392500
1620,463,479,191693,9095,799212,350900
1621,404,498,191281,9009,799710,339500
1622,432,457,190853,8980,800167,377600
1623,445,460,190409,8964,800627,374600
1624,459,477,189951,8945,801104,344100
1625,437,455,189510,8931,801559,368300
1626,431,457,189081,8903,802016,343300
1627,469,436,188610,8938,802452,350000
1628,446,482,188156,8910,802934,367500
1629,439,445,187720,8901,803379,355300
1630,432,433,187299,8889,803812,345800
1631,434,480,186859,8849,804292,346600
1632,450,444,186406,8858,804736,347900
1633,428,438,185970,8856,805174,338300
1634,454,430,185527,8869,805604,325200
1635,424,486,185095,8815,806090,346700
1636,416,449,184675,8786,806539,381200
1637,432,451,184260,8750,806990,339300
1638,444,443,183802,8765,807433,361100
1639,426,423,183385,8759,807856,361300
1640,407,511,182961,8672,808367,371000
1641,416,457,182563,8613,808824,347200
1642,466,406,182092,8678,809230,338500
1643,398,468,181692,8610,809698,343900
1644,443,437,181243,8622,810135,371900
1645,450,424,180799,8642,810559,341300
1646,427,402,180377,8662,810961,327700
1647,426,416,179938,8685,811377,337900
1648,418,444,179517,8662,811821,338900
1649,389,429,179140,8610,812250,363700
1650,427,433,178715,8602,812683,344200
1651,391,435,178319,8563,813118,391400
1652,454,431,177875,8576,813549,404900
1653,398,433,177474,8544,813982,366400
1654,444,447,177027,8544,814429,369900
1655,454,439,176578,8554,814868,369600
1656,448,474,176113,8545,815342,385200
1657,443,453,175687,8518,815795,350700
1658,431,482,175254,8469,816277,369200
1659,439,420,174801,8502,816697,342400
1660,425,462,174381,8460,817159,346700
1661,404,424,173983,8434,817583,342100
1662,439,452,173540,8425,818035,373400
1663,441,405,173100,8460,818440,367700
1664,406,452,172690,8418,818892,338000
1665,454,466,172233,8409,819358,406400
1666,420,450,171818,8374,819808,436700
1667,398,413,171425,8354,820221,421500
1668,416,446,171005,8328,820667,350900
1669,433,440,170574,8319,821107,353200
1670,390,436,170185,8272,821543,377500
1671,404,414,169777,8266,821957,385200
1672,444,392,169343,8308,822349,375300
1673,370,422,168961,8268,822771,406900
1674,380,443,168593,8193,823214,372600
1675,392,378,168199,8209,823592,351500
1676,410,429,167777,8202,824021,379700
1677,421,411,167370,8198,824432,361200
1678,410,392,166949,8227,824824,376600
1679,396,424,166545,8207,825248,423200
1680,375,431,166170,8151,825679,390100
1681,379,424,165804,8093,826103,360100
1682,365,438,165435,8024,826541,361100
1683,421,390,165017,8052,826931,360400
1684,384,462,164628,7979,827393,359000
1685,327,421,164289,7897,827814,384800
1686,393,415,163902,7869,828229,334800
1687,365,367,163553,7851,828596,388500
1688,344,371,163190,7843,828967,436700
1689,356,403,162833,7797,829370,375600
1690,365,413,162474,7743,829783,340200
1691,386,428,162092,7697,830211,339200
1692,398,403,161695,7691,830614,333300
1693,386,417,161316,7653,831031,340000
1694,395,392,160910,7667,831423,357700
1695,401,384,160520,7673,831807,349500
1696,360,384,160144,7665,832191,378600
1697,375,375,159771,7663,832566,342200
1698,410,395,159368,7671,832961,361700
1699,380,375,158986,7678,833336,330100
1700,369,416,158615,7633,833752,336400
1701,382,377,158239,7632,834129,363100
1702,381,413,157849,7609,834542,336900
1703,411,390,157440,7628,834932,331500
1704,368,365,157071,7632,835297,386800
1705,367,382,156704,7617,835679,384900
1706,336,400,156363,7558,836079,359900
1707,383,361,155984,7576,836440,332100
1708,390,372,155599,7589,836812,344100
1709,406,391,155184,7613,837203,492700
1710,370,432,154828,7537,837635,371400
1711,360,372,154466,7527,838007,352200
1712,379,409,154080,7504,838416,348500
1713,351,389,153733,7462,838805,376600
1714,355,382,153376,7437,839187,379200
1715,367,368,153009,7436,839555,348100
1716,335,385,152668,7392,839940,332200
1717,395,374,152285,7401,840314,368100
1718,338,402,151942,7342,840716,372900
1719,376,361,151570,7353,841077,357300
1720,371,389,151214,7320,841466,390500
1721,339,389,150846,7299,841855,357300
1722,358,361,150495,7289,842216,366200
1723,355,346,150143,7295,842562,335500
1724,343,404,149794,7240,842966,379300
1725,355,318,149437,7279,843284,383600
1726,338,369,149108,7239,843653,383900
1727,378,372,148716,7259,844025,374500
1728,362,371,148372,7232,844396,372200
1729,371,352,147996,7256,844748,370000
1730,362,405,147640,7207,845153,346100
1731,354,366,147269,7212,845519,374800
1732,377,370,146911,7200,845889,350800
1733,381,388,146536,7187,846277,341300
1734,364,382,146156,7185,846659,337000
1735,382,344,145774,7223,847003,330000
1736,381,371,145389,7237,847374,373400
1737,403,413,144994,7219,847787,368100
1738,375,376,144627,7210,848163,367000
1739,345,349,144261,7227,848512,481700
1740,341,366,143931,7191,848878,337200
1741,367,387,143563,7172,849265,330700
1742,347,351,143213,7171,849616,326300
1743,365,355,142852,7177,849971,389500
1744,326,392,142520,7117,850363,352600
1745,370,380,142148,7109,850743,350600
1746,344,374,141822,7061,851117,378600
1747,341,359,141485,7039,851476,419600
1748,326,364,141141,7019,851840,402700
1749,347,393,140804,6963,852233,398100
1750,371,370,140432,6965,852603,367800
1751,382,367,140037,6993,852970,382000
1752,364,351,139679,7000,853321,373700
1753,377,389,139315,6975,853710,365700
1754,333,367,138975,6948,854077,363100
1755,354,347,138610,6966,854424,342600
1756,329,358,138290,6928,854782,321700
1757,328,374,137963,6881,855156,385100
1758,362,341,137593,6910,855497,334400
1759,360,361,137245,6897,855858,367400
1760,320,365,136901,6876,856223,358100
1761,343,355,136578,6844,856578,378700
1762,344,342,136224,6856,856920,354000
1763,322,379,135907,6794,857299,360100
1764,342,373,135561,6767,857672,342800
1765,391,361,135173,6794,858033,352800
1766,361,365,134811,6791,858398,337200
1767,343,352,134458,6792,858750,313000
1768,343,332,134128,6790,859082,330900
1769,357,331,133785,6802,859413,435200
1770,326,366,133442,6779,859779,328400
1771,346,399,133093,6729,860178,354300
1772,346,351,132749,6722,860529,335100
1773,365,353,132384,6734,860882,311500
1774,314,357,132067,6694,861239,383900
1775,341,353,131733,6675,861592,323700
1776,367,368,131365,6675,861960,330200
1777,350,350,131019,6671,862310,301900
1778,325,312,130699,6679,862622,352600
1779,346,350,130345,6683,862972,340400
1780,345,316,129993,6719,863288,339600
1781,320,322,129665,6725,863610,365500
1782,371,321,129303,6766,863931,362100
1783,358,311,128956,6802,864242,357400
1784,345,342,128600,6816,864584,333500
1785,347,317,128260,6839,864901,368700
1786,306,345,127949,6805,865246,373700
1787,351,368,127587,6799,865614,339400
1788,363,342,127234,6810,865956,462700
1789,345,361,126890,6793,866317,341700
1790,345,357,126547,6779,866674,335700
1791,357,360,126208,6758,867034,348500
1792,334,392,125846,6728,867426,371800
1793,316,345,125546,6683,867771,315600
1794,345,329,125197,6703,868100,492100
1795,338,350,124863,6687,868450,355600
1796,280,329,124566,6655,868779,366000
1797,324,355,124242,6624,869134,368800
1798,318,335,123931,6600,869469,351900
1799,316,324,123612,6595,869793,348400
1800,334,314,123288,6605,870107,362600
1801,331,327,122951,6615,870434,355300
1802,327,343,122623,6600,870777,341900
1803,314,357,122302,6564,871134,355900
1804,286,350,122016,6500,871484,328600
1805,296,343,121730,6443,871827,367400
1806,286,328,121441,6404,872155,359800
1807,309,300,121130,6415,872455,396000
1808,298,341,120838,6366,872796,395300
1809,336,319,120495,6390,873115,369500
1810,290,346,120203,6336,873461,364600
1811,299,302,119897,6340,873763,344400
1812,315,340,119594,6303,874103,344300
1813,303,304,119285,6308,874407,354500
1814,312,306,118981,6306,874713,349700
1815,328,311,118658,6318,875024,359600
1816,337,337,118327,6312,875361,357700
1817,276,339,118028,6272,875700,351100
1818,294,310,117740,6250,876010,346200
1819,303,326,117443,6221,876336,373000
1820,318,330,117123,6211,876666,353700
1821,307,328,116817,6189,876994,331800
1822,311,321,116507,6178,877315,354100
1823,295,328,116203,6154,877643,326600
1824,305,317,115910,6130,877960,326300
1825,313,298,115601,6141,878258,363700
1826,312,312,115282,6148,878570,338500
1827,309,308,114973,6149,878878,332000
1828,311,344,114659,6119,879222,325700
1829,323,316,114333,6129,879538,329800
1830,331,309,114022,6131,879847,346600
1831,318,311,113694,6148,880158,370100
1832,329,309,113351,6182,880467,342500
1833,322,331,113031,6171,880798,343300
1834,308,339,112725,6138,881137,390500
1835,343,331,112387,6145,881468,386900
1836,337,324,112051,6157,881792,350400
1837,309,316,111730,6162,882108,362900
1838,331,304,111410,6178,882412,391300
1839,342,299,111077,6212,882711,350400
1840,309,344,110753,6192,883055,359800
1841,345,333,110420,6192,883388,358200
1842,298,307,110114,6191,883695,354500
1843,321,321,109794,6190,884016,361800
1844,309,316,109484,6184,884332,330300
1845,295,285,109186,6197,884617,352900
1846,352,327,108848,6208,884944,360600
1847,281,330,108555,6171,885274,349100
1848,307,323,108253,6150,885597,345300
1849,306,304,107946,6153,885901,330700
1850,319,330,107632,6137,886231,369400
1851,289,337,107344,6088,886568,332200
1852,311,326,107026,6080,886894,361900
1853,299,307,106720,6079,887201,335100
1854,316,307,106412,6080,887508,366500
1855,278,284,106133,6075,887792,323900
1856,302,286,105822,6100,888078,344000
1857,288,322,105540,6060,888400,420700
1858,287,262,105248,6090,888662,367500
1859,283,314,104979,6045,888976,336100
1860,272,264,104691,6069,889240,330100
1861,284,312,104417,6031,889552,366800
1862,280,324,104137,5987,889876,356400
1863,309,315,103830,5979,890191,365300
1864,297,291,103531,5987,890482,350900
1865,267,293,103257,5968,890775,368600
1866,289,298,102972,5955,891073,339700
1867,311,298,102660,5969,891371,361900
1868,306,324,102360,5945,891695,332500
1869,244,291,102105,5909,891986,331600
1870,270,262,101841,5911,892248,342200
1871,274,315,101565,5872,892563,337300
1872,264,308,101308,5821,892871,351900
1873,267,309,101033,5787,893180,348400
1874,277,329,100747,5744,893509,352500
1875,259,299,100495,5697,893808,370200
1876,292,298,100212,5682,894106,347300
1877,273,303,99931,5660,894409,363900
1878,265,302,99674,5615,894711,338900
1879,288,283,99387,5619,894994,339900
1880,273,305,99114,5587,895299,345800
1881,235,300,98864,5537,895599,377400
1882,259,287,98611,5503,895886,352400
1883,272,327,98339,5448,896213,355800
1884,261,277,98083,5427,896490,337100
1885,278,275,97797,5438,896765,344600
1886,262,278,97539,5418,897043,327800
1887,268,284,97274,5399,897327,352600
1888,214,276,97043,5354,897603,333600
1889,252,267,96805,5325,897870,345500
1890,279,264,96525,5341,898134,341600
1891,237,286,96294,5286,898420,342000
1892,273,242,96017,5321,898662,353000
1893,239,247,95772,5319,898909,349200
1894,243,269,95536,5286,899178,364900
1895,235,266,95301,5255,899444,367500
1896,245,266,95052,5238,899710,349300
1897,247,264,94806,5220,899974,365800
1898,231,254,94567,5205,900228,347700
1899,231,264,94344,5164,900492,332800
1900,237,257,94102,5149,900749,352700
1901,260,266,93840,5145,901015,340700
1902,231,264,93612,5109,901279,362300
1903,218,261,93396,5064,901540,345500
1904,229,224,93164,5072,901764,328000
1905,219,290,92941,5005,902054,358800
1906,259,255,92679,5012,902309,339900
1907,238,276,92447,4968,902585,338600
1908,234,276,92215,4924,902861,350000
1909,209,252,92004,4883,903113,342500
1910,209,279,91790,4818,903392,341900
1911,183,254,91615,4739,903646,320400
1912,214,248,91398,4708,903894,328000
1913,203,244,91193,4669,904138,351600
1914,230,230,90968,4664,904368,348000
1915,219,237,90747,4648,904605,328300
1916,237,240,90517,4638,904845,353900
1917,226,245,90282,4628,905090,325800
1918,213,231,90078,4601,905321,353400
1919,213,234,89852,4593,905555,332600
1920,197,224,89664,4557,905779,379800
1921,221,241,89436,4544,906020,359200
1922,218,222,89219,4539,906242,335200
1923,246,226,88983,4549,906468,373400
1924,221,211,88761,4560,906679,392100
1925,201,250,88560,4511,906929,355500
1926,256,241,88298,4532,907170,359800
1927,230,239,88064,4527,907409,381900
1928,226,222,87841,4528,907631,339600
1929,194,222,87643,4504,907853,358500
1930,195,238,87446,4463,908091,353500
1931,202,240,87245,4424,908331,336900
1932,229,224,87025,4420,908555,354600
1933,212,231,86812,4402,908786,335800
1934,208,253,86602,4359,909039,357300
1935,218,223,86383,4355,909262,350700
1936,221,212,86162,4364,909474,334000
1937,237,231,85928,4367,909705,382800
1938,201,235,85722,4338,909940,359300
1939,185,220,85532,4308,910160,321500
1940,232,197,85305,4338,910357,379300
1941,231,219,85073,4351,910576,341200
1942,221,233,84857,4334,910809,328400
1943,217,222,84642,4327,911031,337000
1944,207,219,84429,4321,911250,344700
1945,224,235,84215,4300,911485,334700
1946,198,251,84010,4254,911736,334300
1947,205,232,83802,4230,911968,354600
1948,230,235,83578,4219,912203,355100
1949,185,224,83386,4187,912427,330700
1950,191,230,83194,4149,912657,318700
1951,214,218,82981,4144,912875,405900
1952,211,228,82774,4123,913103,367600
1953,190,224,82576,4097,913327,376600
1954,202,183,82378,4112,913510,350200
1955,216,229,82168,4093,913739,354200
1956,204,215,81963,4083,913954,392200
1957,232,209,81734,4103,914163,327500
1958,200,203,81519,4115,914366,332400
1959,201,206,81324,4104,914572,334000
1960,189,242,81136,4050,914814,330500
1961,193,225,80944,4017,915039,327600
1962,178,198,80769,3994,915237,332500
1963,205,230,80562,3971,915467,326100
1964,189,225,80373,3935,915692,358800
1965,202,187,80176,3945,915879,355800
1966,201,220,79968,3933,916099,372200
1967,185,208,79787,3906,916307,338700
1968,182,211,79595,3887,916518,345900
1969,185,197,79405,3880,916715,348700
1970,185,195,79228,3862,916910,355700
1971,189,206,79042,3842,917116,516200
1972,199,195,78844,3845,917311,360900
1973,184,208,78654,3827,917519,355000
1974,195,209,78454,3818,917728,411900
1975,189,197,78278,3797,917925,372400
1976,182,218,78095,3762,918143,343900
1977,176,185,77919,3753,918328,314900
1978,191,183,77723,3766,918511,322600
1979,191,205,77538,3746,918716,333200
1980,185,189,77351,3744,918905,325600
1981,180,209,77165,3721,919114,320400
1982,176,198,76987,3701,919312,340000
1983,195,184,76789,3715,919496,361400
1984,206,198,76587,3719,919694,340000
1985,168,185,76428,3693,919879,341800
1986,182,197,76235,3689,920076,310900
1987,179,181,76056,3687,920257,354800
1988,163,188,75899,3656,920445,340700
1989,165,196,75733,3626,920641,343900
1990,182,210,75557,3592,920851,331100
1991,186,183,75370,3596,921034,322600
1992,161,187,75198,3581,921221,331100
1993,205,196,75007,3576,921417,377800
1994,175,178,74828,3577,921595,304700
1995,148,184,74672,3549,921779,318200
1996,160,177,74512,3532,921956,338200
1997,124,203,74385,3456,922159,372400
1998,186,203,74209,3429,922362,365000
1999,171,172,74033,3433,922534,326600
2000,172,176,73862,3428,922710,345400
2001,175,187,73691,3412,922897,342300
2002,152,189,73534,3380,923086,362300
2003,160,185,73377,3352,923271,436300
2004,180,187,73194,3348,923458,369500
2005,150,175,73042,3325,923633,340600
2006,158,176,72888,3303,923809,319700
2007,176,162,72719,3310,923971,317500
2008,162,176,72547,3306,924147,357900
2009,141,174,72402,3277,924321,437100
2010,159,148,72253,3278,924469,342600
2011,178,176,72077,3278,924645,322100
2012,149,154,71923,3278,924799,341900
2013,159,168,71771,3262,924967,354900
2014,169,178,71591,3264,925145,336400
2015,151,151,71440,3264,925296,340400
2016,153,159,71292,3253,925455,337800
2017,168,167,71121,3257,925622,330800
2018,148,153,70973,3252,925775,398200
2019,156,158,70816,3251,925933,347500
2020,126,172,70694,3201,926105,377200
2021,150,158,70537,3200,926263,368600
2022,135,152,70405,3180,926415,342500
2023,164,173,70244,3168,926588,347800
2024,154,152,70094,3166,926740,376600
2025,165,156,69934,3170,926896,388800
2026,143,147,69778,3179,927043,353400
2027,147,178,69631,3148,927221,372800
2028,134,155,69492,3132,927376,365000
2029,144,153,69354,3117,927529,398500
2030,143,167,69210,3094,927696,370900
2031,144,153,69072,3079,927849,417100
2032,136,155,68934,3062,928004,367600
2033,158,154,68775,3067,928158,346800
2034,157,163,68621,3058,928321,339900
2035,163,168,68462,3049,928489,344000
2036,143,164,68304,3043,928653,362900
2037,138,150,68167,3030,928803,362600
2038,134,147,68036,3014,928950,375800
2039,141,161,67897,2992,929111,368900
2040,135,160,67763,2966,929271,388300
2041,147,155,67610,2964,929426,379200
2042,143,179,67473,2922,929605,324400
2043,160,158,67311,2926,929763,342600
2044,143,183,67159,2895,929946,359100
2045,143,139,67030,2885,930085,331800
2046,165,184,66867,2864,930269,342100
2047,148,153,66707,2871,930422,351100
2048,136,152,66577,2849,930574,333600
2049,152,141,66427,2858,930715,328500
2050,148,134,66275,2876,930849,344600
2051,162,152,66118,2881,931001,377300
2052,163,150,65955,2894,931151,319700
2053,152,186,65801,2862,931337,334300
2054,146,145,65649,2869,931482,327400
2055,148,160,65502,2856,931642,354700
2056,146,159,65357,2842,931801,365800
2057,138,142,65219,2838,931943,372900
2058,111,149,65109,2799,932092,312800
2059,131,139,64983,2786,932231,336200
2060,139,140,64847,2782,932371,352500
2061,136,141,64707,2781,932512,343400
2062,142,132,64563,2793,932644,348200
2063,145,162,64426,2768,932806,317100
2064,130,154,64283,2757,932960,321700
2065,140,139,64147,2754,933099,332300
2066,122,150,64019,2732,933249,307900
2067,127,154,63897,2700,933403,323300
2068,137,129,63759,2709,933532,323400
2069,139,144,63625,2699,933676,327300
2070,143,149,63480,2695,933825,372000
2071,142,148,63338,2689,933973,347900
2072,110,125,63223,2679,934098,316900
2073,114,153,63114,2635,934251,335900
2074,107,133,63000,2616,934384,339600
2075,116,142,62892,2582,934526,340300
2076,115,138,62774,2562,934664,328200
2077,98,113,62674,2549,934777,352500
2078,142,134,62531,2558,934911,358900
2079,118,147,62418,2524,935058,304800
2080,118,133,62301,2508,935191,334300
2081,128,152,62172,2485,935343,348300
2082,104,126,62065,2466,935469,350500
2083,101,128,61966,2437,935597,343300
2084,112,152,61852,2399,935749,347500
2085,122,127,61734,2390,935876,365200
2086,131,135,61600,2389,936011,360400
2087,107,133,61489,2367,936144,350700
2088,106,112,61385,2359,936256,374600
2089,114,112,61278,2354,936368,367000
2090,109,117,61160,2355,936485,353500
2091,129,124,61037,2354,936609,327100
2092,126,112,60916,2363,936721,337100
2093,100,109,60803,2367,936830,357300
2094,110,137,60701,2332,936967,346600
2095,113,110,60582,2341,937077,407300
2096,108,100,60476,2347,937177,325700
2097,116,121,60359,2343,937298,365900
2098,113,107,60250,2345,937405,336000
2099,117,115,60135,2345,937520,364600
2100,109,139,60023,2318,937659,373100
2101,116,106,59902,2333,937765,326500
2102,113,115,59794,2326,937880,318500
2103,135,95,59659,2366,937975,360300
2104,130,109,59526,2390,938084,313100
2105,125,130,59398,2388,938214,357200
2106,126,141,59276,2369,938355,350800
2107,130,106,59149,2390,938461,374500
2108,115,119,59035,2385,938580,347900
2109,115,114,58912,2394,938694,343000
2110,93,97,58820,2389,938791,337500
2111,112,145,58718,2346,938936,353700
2112,119,124,58587,2353,939060,349900
2113,97,108,58489,2343,939168,340500
2114,121,114,58377,2341,939282,331200
2115,137,141,58240,2337,939423,325700
2116,109,116,58129,2332,939539,399400
2117,120,111,58006,2344,939650,430300
2118,117,128,57893,2329,939778,357400
2119,119,136,57769,2317,939914,359600
2120,105,106,57668,2312,940020,365600
2121,125,117,57545,2318,940137,352200
2122,106,111,57435,2317,940248,364300
2123,124,126,57314,2312,940374,349200
2124,111,130,57203,2293,940504,330200
2125,104,120,57104,2272,940624,351400
2126,108,111,56989,2276,940735,352800
2127,108,121,56874,2270,940856,410800
2128,109,117,56781,2246,940973,382100
2129,118,94,56659,2274,941067,339400
2130,134,120,56517,2296,941187,326500
2131,121,144,56394,2275,941331,321600
2132,136,128,56260,2281,941459,315200
2133,132,135,56131,2275,941594,329200
2134,107,99,56024,2283,941693,331500
2135,106,116,55921,2270,941809,306300
2136,111,108,55803,2280,941917,334400
2137,133,107,55677,2299,942024,425900
2138,114,133,55558,2285,942157,402900
2139,113,121,55448,2274,942278,452400
2140,110,116,55338,2268,942394,346200
2141,110,118,55231,2257,942512,313200
2142,104,125,55119,2244,942637,341000
2143,116,117,55001,2245,942754,360600
2144,113,137,54895,2214,942891,352700
2145,109,119,54782,2208,943010,374700
2146,103,113,54682,2195,943123,328900
2147,117,114,54566,2197,943237,323400
2148,101,128,54462,2173,943365,344800
2149,106,89,54357,2189,943454,324500
2150,109,102,54247,2197,943556,328700
2151,117,115,54127,2202,943671,358300
2152,113,119,54020,2190,943790,343200
2153,108,97,53912,2201,943887,324500
2154,113,109,53796,2208,943996,323200
2155,110,118,53693,2193,944114,334500
2156,108,101,53583,2202,944215,336300
2157,106,117,53469,2199,944332,433800
2158,92,104,53380,2184,944436,327000
2159,97,117,53286,2161,944553,340600
2160,96,114,53186,2147,944667,347300
2161,90,114,53097,2122,944781,282500
2162,120,108,52979,2132,944889,446300
2163,121,98,52859,2154,944987,328000
2164,104,119,52758,2136,945106,315200
2165,92,95,52658,2141,945201,352000
2166,110,127,52549,2123,945328,345100
2167,115,127,52440,2105,945455,342800
2168,102,101,52332,2112,945556,358500
2169,121,102,52214,2128,945658,309000
2170,111,100,52103,2139,945758,340100
2171,90,116,52018,2108,945874,326500
2172,126,113,51886,2127,945987,335900
2173,108,104,51776,2133,946091,337100
2174,120,119,51658,2132,946210,377900
2175,106,95,51560,2135,946305,372400
2176,111,110,51435,2150,946415,356300
2177,99,133,51341,2111,946548,414700
2178,109,106,51236,2110,946654,412300
2179,88,100,51145,2101,946754,401500
2180,118,118,51025,2103,946872,415500
2181,94,125,50934,2069,946997,460200
2182,120,106,50816,2081,947103,429400
2183,97,108,50716,2073,947211,418600
2184,122,102,50601,2086,947313,441100
2185,96,95,50498,2094,947408,411900
2186,95,111,50398,2083,947519,401300
2187,75,112,50324,2045,947631,459600
2188,100,87,50225,2057,947718,417100
2189,78,106,50144,2032,947824,404100
2190,113,97,50041,2038,947921,366100
2191,98,107,49941,2031,948028,349200
2192,96,91,49846,2035,948119,336800
2193,88,92,49754,2035,948211,376700
2194,97,111,49659,2019,948322,335900
2195,94,118,49565,1995,948440,400600
2196,110,116,49461,1983,948556,339200
2197,117,121,49344,1979,948677,327500
2198,90,112,49246,1965,948789,340600
2199,88,95,49157,1959,948884,324800
2200,109,127,49051,1938,949011,406700
2201,93,102,48959,1928,949113,366500
2202,95,87,48860,1940,949200,327700
2203,96,91,48764,1945,949291,409900
2204,106,104,48658,1947,949395,381300
2205,82,94,48578,1933,949489,343500
2206,90,92,48491,1928,949581,333700
2207,95,92,48395,1932,949673,381400
2208,89,102,48308,1917,949775,339800
2209,90,98,48217,1910,949873,363900
2210,89,109,48123,1895,949982,371000
2211,82,109,48043,1866,950091,362800
2212,116,87,47930,1892,950178,355000
2213,106,100,47822,1900,950278,364900
2214,95,102,47721,1899,950380,344000
2215,84,92,47641,1887,950472,332000
2216,101,99,47545,1884,950571,309900
2217,94,84,47446,1899,950655,340000
2218,88,94,47355,1896,950749,456000
2219,90,109,47266,1876,950858,322500
2220,103,103,47166,1873,950961,408800
2221,100,111,47073,1855,951072,408400
2222,109,89,46958,1881,951161,367500
2223,109,83,46847,1909,951244,345900
2224,109,112,46735,1909,951356,382400
2225,105,78,46638,1928,951434,380800
2226,119,79,46519,1968,951513,350700
2227,89,94,46429,1964,951607,355500
2228,115,105,46314,1974,951712,377500
2229,106,97,46208,1983,951809,353300
2230,117,113,46094,1984,951922,320700
2231,116,117,45978,1983,952039,332100
2232,106,84,45873,2004,952123,356500
2233,107,113,45766,1998,952236,456100
2234,104,104,45656,2004,952340,333700
2235,103,97,45554,2009,952437,320400
2236,76,98,45478,1987,952535,333400
2237,111,93,45373,1999,952628,317600
2238,95,108,45267,1997,952736,361500
2239,92,95,45178,1991,952831,324500
2240,108,105,45077,1987,952936,347800
2241,125,103,44949,2012,953039,327800
2242,122,109,44829,2023,953148,325500
2243,98,125,44727,2000,953273,325700
2244,113,115,44612,2000,953388,316900
2245,102,113,44508,1991,953501,325800
2246,112,100,44400,1999,953601,327900
2247,101,116,44294,1989,953717,302500
2248,117,108,44186,1989,953825,323500
2249,100,98,44079,1998,953923,460600
2250,106,112,43980,1985,954035,336500
2251,102,98,43879,1988,954133,343500
2252,111,104,43761,2002,954237,363700
2253,103,107,43661,1995,954344,362200
2254,81,89,43575,1992,954433,353600
2255,96,88,43480,1999,954521,345300
2256,93,104,43391,1984,954625,375100
2257,94,107,43293,1975,954732,330000
2258,126,92,43173,2003,954824,344800
2259,111,101,43059,2016,954925,373700
2260,94,99,42966,2010,955024,355000
2261,106,99,42861,2016,955123,311900
2262,106,103,42752,2022,955226,321100
2263,99,102,42661,2011,955328,308400
2264,109,102,42546,2024,955430,346300
2265,106,92,42437,2041,955522,423300
2266,107,105,42332,2041,955627,417500
2267,107,95,42225,2053,955722,455600
2268,117,109,42104,2065,955831,367300
2269,105,124,42006,2039,955955,363100
2270,85,96,41919,2030,956051,388200
2271,83,113,41832,2004,956164,416400
2272,77,87,41754,1995,956251,358100
2273,79,98,41678,1973,956349,322600
2274,101,94,41579,1978,956443,348700
2275,92,84,41488,1985,956527,335500
2276,84,96,41399,1978,956623,351200
2277,97,99,41305,1973,956722,332700
2278,124,96,41178,2004,956818,299600
2279,112,113,41071,1998,956931,332500
2280,98,105,40967,1997,957036,360400
2281,115,115,40855,1994,957151,329300
2282,85,107,40767,1975,957258,357800
2283,91,84,40676,1982,957342,361500
2284,102,113,40576,1969,957455,357400
2285,102,88,40476,1981,957543,328000
2286,109,109,40365,1983,957652,320700
2287,92,112,40271,1965,957764,313900
2288,94,114,40181,1941,957878,292600
2289,97,100,40082,1940,957978,325300
2290,88,92,39995,1935,958070,327900
2291,97,74,39896,1960,958144,320400
2292,88,104,39810,1942,958248,322300
2293,103,102,39705,1945,958350,322700
2294,104,110,39600,1940,958460,380100
2295,110,89,39487,1964,958549,347100
2296,109,95,39382,1974,958644,358700
2297,98,95,39281,1980,958739,320100
2298,99,106,39186,1969,958845,370500
2299,78,88,39106,1961,958933,357100
2300,98,111,39008,1948,959044,325200
2301,112,98,38908,1950,959142,306000
2302,97,108,38801,1949,959250,317400
2303,107,99,38694,1957,959349,342500
2304,94,90,38601,1960,959439,328400
2305,101,123,38503,1935,959562,354800
2306,97,103,38403,1932,959665,344000
2307,98,85,38303,1947,959750,347300
2308,100,100,38205,1945,959850,557400
2309,96,85,38108,1957,959935,368300
2310,99,115,38007,1943,960050,389000
2311,100,115,37909,1926,960165,431500
2312,96,88,37810,1937,960253,310300
2313,108,101,37705,1941,960354,331000
2314,101,91,37606,1949,960445,325000
2315,99,97,37505,1953,960542,337000
2316,97,108,37406,1944,960650,336200
2317,86,104,37320,1926,960754,315600
2318,90,91,37229,1926,960845,313500
2319,87,106,37146,1903,960951,334900
2320,87,80,37054,1915,961031,332200
2321,86,106,36972,1891,961137,347800
2322,78,101,36894,1868,961238,390500
2323,95,79,36800,1883,961317,328300
2324,86,81,36712,1890,961398,315800
2325,88,90,36622,1890,961488,312200
2326,79,98,36543,1871,961586,318000
2327,63,95,36483,1836,961681,307700
2328,104,91,36382,1846,961772,343800
2329,99,99,36281,1848,961871,310200
2330,75,88,36202,1839,961959,311000
2331,101,91,36106,1844,962050,313100
2332,78,97,36026,1827,962147,305800
2333,85,89,35940,1824,962236,308700
2334,86,90,35855,1819,962326,311900
2335,85,96,35769,1809,962422,320200
2336,87,68,35684,1826,962490,318500
2337,79,89,35601,1820,962579,321800
2338,93,99,35509,1813,962678,326300
2339,94,107,35416,1799,962785,326800
2340,83,103,35336,1776,962888,362300
2341,90,101,35240,1771,962989,307300
2342,102,100,35144,1767,963089,313800
2343,100,77,35044,1790,963166,304600
2344,109,89,34932,1813,963255,337600
2345,99,114,34831,1800,963369,322900
2346,96,113,34735,1783,963482,326600
2347,91,79,34645,1794,963561,335000
2348,100,87,34547,1805,963648,322900
2349,86,86,34465,1801,963734,353100
2350,92,75,34369,1822,963809,344000
2351,86,78,34285,1828,963887,361600
2352,85,104,34195,1814,963991,338400
2353,84,83,34113,1813,964074,353400
2354,86,100,34025,1801,964174,340900
2355,77,93,33949,1784,964267,382100
2356,90,107,33860,1766,964374,337200
2357,69,101,33793,1732,964475,342900
2358,94,105,33698,1722,964580,336200
2359,76,92,33620,1708,964672,361100
2360,73,92,33547,1689,964764,328000
2361,92,81,33462,1693,964845,346200
2362,77,78,33381,1696,964923,352000
2363,96,85,33285,1707,965008,327300
2364,78,75,33200,1717,965083,335900
2365,79,81,33127,1709,965164,318400
2366,78,97,33050,1689,965261,338800
2367,79,82,32963,1694,965343,354500
2368,83,105,32883,1669,965448,335800
2369,94,78,32792,1682,965526,354700
2370,83,92,32708,1674,965618,379100
2371,91,88,32617,1677,965706,344600
2372,78,82,32536,1676,965788,305600
2373,83,80,32452,1680,965868,347900
2374,80,88,32375,1669,965956,312800
2375,88,64,32291,1689,966020,319700
2376,94,82,32203,1695,966102,311900
2377,78,92,32114,1692,966194,308900
2378,81,71,32036,1699,966265,312700
2379,85,93,31953,1689,966358,359800
2380,85,85,31869,1688,966443,377200
2381,88,80,31779,1698,966523,359500
2382,82,77,31696,1704,966600,382100
2383,98,73,31601,1726,966673,366600
2384,83,97,31514,1716,966770,361500
2385,90,87,31433,1710,966857,316900
2386,82,69,31340,1734,966926,324800
2387,75,82,31264,1728,967008,344100
2388,76,91,31189,1712,967099,332800
2389,81,90,31115,1696,967189,315900
2390,101,79,31008,1724,967268,367200
2391,72,89,30935,1708,967357,361000
2392,95,88,30843,1712,967445,367300
2393,72,98,30772,1685,967543,346000
2394,80,94,30692,1671,967637,316200
2395,71,79,30615,1669,967716,345100
2396,70,84,30549,1651,967800,367800
2397,79,88,30473,1639,967888,382400
2398,96,93,30375,1644,967981,373200
2399,82,97,30294,1628,968078,343500
2400,83,70,30207,1645,968148,315100
2401,92,83,30119,1650,968231,324000
2402,74,75,30046,1648,968306,325300
2403,92,81,29953,1660,968387,344500
2404,88,76,29866,1671,968463,338400
2405,79,79,29781,1677,968542,394800
2406,85,89,29703,1666,968631,365300
2407,99,82,29602,1685,968713,381500
2408,105,85,29492,1710,968798,335500
2409,83,92,29414,1696,968890,347300
2410,71,91,29341,1678,968981,306600
2411,81,88,29260,1671,969069,325900
2412,79,97,29185,1649,969166,349200
2413,83,96,29098,1640,969262,364800
2414,78,79,29016,1643,969341,353900
2415,83,77,28937,1645,969418,371200
2416,73,72,28860,1650,969490,337500
2417,71,95,28797,1618,969585,322000
2418,83,89,28710,1616,969674,348800
2419,87,69,28619,1638,969743,348900
2420,75,83,28547,1627,969826,396700
2421,61,78,28482,1614,969904,357700
2422,67,78,28416,1602,969982,320800
2423,69,71,28351,1596,970053,339300
2424,64,84,28285,1578,970137,341700
2425,73,86,28214,1563,970223,337300
2426,73,105,28137,1535,970328,372500
2427,84,79,28057,1536,970407,381000
2428,70,76,27987,1530,970483,345300
2429,68,78,27923,1516,970561,343000
2430,57,73,27860,1506,970634,362200
2431,84,84,27774,1508,970718,359700
2432,66,77,27709,1496,970795,384000
2433,66,84,27640,1481,970879,327400
2434,70,55,27578,1488,970934,356600
2435,68,86,27506,1474,971020,359900
2436,94,91,27413,1476,971111,354900
2437,92,79,27324,1486,971190,352200
2438,75,68,27248,1494,971258,373400
2439,75,72,27176,1494,971330,356500
2440,84,66,27093,1511,971396,358000
2441,89,86,26993,1525,971482,348700
2442,84,73,26914,1531,971555,353400
2443,75,79,26838,1528,971634,359000
2444,78,93,26767,1506,971727,361500
2445,81,70,26687,1516,971797,368100
2446,89,86,26593,1524,971883,392700
2447,82,82,26516,1519,971965,362800
2448,85,78,26423,1534,972043,354600
2449,86,77,26337,1543,972120,352600
2450,82,87,26257,1536,972207,361800
2451,87,89,26174,1530,972296,341000
2452,80,68,26090,1546,972364,365100
2453,73,73,26014,1549,972437,335400
2454,77,88,25942,1533,972525,366800
2455,85,73,25858,1544,972598,343800
2456,80,79,25780,1543,972677,379300
2457,83,68,25691,1564,972745,371800
2458,81,93,25609,1553,972838,357800
2459,80,75,25530,1557,972913,373300
2460,66,80,25465,1542,972993,349700
2461,70,80,25391,1536,973073,341900
2462,93,94,25306,1527,973167,326100
2463,98,76,25202,1555,973243,344800
2464,83,78,25123,1556,973321,323700
2465,73,88,25046,1545,973409,336700
2466,74,80,24972,1539,973489,347900
2467,74,82,24904,1525,973571,349600
2468,64,72,24834,1523,973643,361300
2469,78,92,24754,1511,973735,367700
2470,82,82,24679,1504,973817,343400
2471,77,67,24602,1514,973884,401700
2472,75,72,24525,1519,973956,418000
2473,77,76,24451,1517,974032,382200
2474,73,91,24376,1501,974123,392600
2475,68,85,24305,1487,974208,363400
2476,95,65,24215,1512,974273,391900
2477,101,74,24123,1530,974347,358300
2478,83,69,24030,1554,974416,379700
2479,92,74,23929,1581,974490,377900
2480,68,86,23867,1557,974576,367900
2481,89,86,23778,1560,974662,418900
2482,71,82,23704,1552,974744,375900
2483,75,76,23632,1548,974820,355400
2484,63,78,23566,1536,974898,399500
2485,69,99,23500,1503,974997,386200
2486,43,83,23453,1467,975080,420400
2487,56,73,23397,1450,975153,380500
2488,71,79,23330,1438,975232,351900
2489,66,65,23264,1439,975297,350700
2490,59,73,23203,1427,975370,350200
2491,64,67,23136,1427,975437,337100
2492,56,78,23083,1402,975515,369500
2493,47,72,23034,1379,975587,363400
2494,59,64,22977,1372,975651,379400
2495,70,70,22910,1369,975721,344800
2496,64,64,22841,1374,975785,413600
2497,82,74,22764,1377,975859,494500
2498,69,77,22692,1372,975936,420500
2499,75,76,22622,1366,976012,413500
2500,64,66,22557,1365,976078,392500
2501,67,69,22486,1367,976147,379400
2502,59,89,22425,1339,976236,380400
2503,55,66,22373,1325,976302,349100
2504,54,74,22320,1304,976376,384000
2505,67,70,22253,1301,976446,373300
2506,61,67,22191,1296,976513,388000
2507,69,75,22123,1289,976588,384600
2508,59,73,22063,1276,976661,410000
2509,53,53,22011,1275,976714,363000
2510,59,63,21950,1273,976777,366200
2511,44,66,21908,1249,976843,374500
2512,57,61,21845,1251,976904,363900
2513,67,67,21783,1246,976971,427200
2514,53,61,21726,1242,977032,392200
2515,56,61,21673,1234,977093,371100
2516,62,69,21609,1229,977162,335900
2517,62,62,21548,1228,977224,362000
2518,57,50,21491,1235,977274,356300
2519,51,58,21437,1231,977332,354000
2520,69,52,21377,1239,977384,377000
2521,47,78,21324,1214,977462,370700
2522,61,64,21264,1210,977526,385200
2523,45,67,21218,1189,977593,422900
2524,68,68,21159,1180,977661,360100
2525,59,45,21091,1203,977706,390400
2526,55,57,21040,1197,977763,369800
2527,53,51,20989,1197,977814,353100
2528,64,74,20921,1191,977888,376900
2529,52,48,20870,1194,977936,363500
2530,64,69,20803,1192,978005,382500
2531,62,73,20742,1180,978078,431200
2532,51,56,20690,1176,978134,406300
2533,54,63,20636,1167,978197,414000
2534,38,59,20594,1150,978256,358800
2535,49,73,20549,1122,978329,379700
2536,45,65,20501,1105,978394,384000
2537,57,59,20446,1101,978453,326600
2538,55,55,20388,1104,978508,368500
2539,58,62,20341,1089,978570,357200
2540,54,52,20277,1101,978622,402200
2541,61,52,20225,1101,978674,356400
2542,55,56,20167,1103,978730,345400
2543,45,66,20119,1085,978796,346300
2544,45,65,20074,1065,978861,371700
2545,56,54,20019,1066,978915,350200
2546,54,51,19966,1068,978966,379400
2547,51,58,19911,1065,979024,396900
2548,43,61,19870,1045,979085,392900
2549,44,58,19826,1031,979143,388900
2550,41,51,19783,1023,979194,423600
2551,60,49,19724,1033,979243,402900
2552,54,52,19671,1034,979295,369600
2553,52,56,19615,1034,979351,381100
2554,51,49,19571,1029,979400,384700
2555,47,36,19517,1047,979436,346600
2556,51,41,19474,1049,979477,374000
2557,52,55,19422,1046,979532,385700
2558,39,55,19378,1035,979587,362600
2559,52,42,19328,1043,979629,414600
2560,53,48,19277,1046,979677,365400
2561,47,51,19232,1040,979728,369400
2562,54,58,19176,1038,979786,398000
2563,50,53,19128,1033,979839,350100
2564,48,57,19072,1032,979896,345000
2565,42,35,19032,1037,979931,381600
2566,47,44,18984,1041,979975,401900
2567,60,47,18922,1056,980022,424700
2568,59,49,18869,1060,980071,381600
2569,38,44,18827,1058,980115,469200
2570,37,47,18789,1049,980162,397500
2571,45,59,18748,1031,980221,385100
2572,38,63,18708,1008,980284,381500
2573,47,39,18666,1011,980323,349900
2574,31,41,18628,1008,980364,382300
2575,48,48,18585,1003,980412,385600
2576,45,46,18540,1002,980458,373600
2577,42,49,18493,1000,980507,405200
2578,40,56,18452,985,980563,371200
2579,47,56,18411,970,980619,380200
2580,42,51,18367,963,980670,408800
2581,32,44,18331,955,980714,392300
2582,34,44,18306,936,980758,413700
2583,44,45,18258,939,980803,377400
2584,42,45,18216,936,980848,418700
2585,30,50,18183,919,980898,370200
2586,39,44,18143,915,980942,408100
2587,32,45,18117,896,980987,382400
2588,35,55,18076,882,981042,365100
2589,32,48,18043,867,981090,420200
2590,33,43,18010,857,981133,402700
2591,37,35,17980,852,981168,368000
2592,28,50,17945,837,981218,395400
2593,36,39,17912,831,981257,398800
2594,43,45,17865,833,981302,422100
2595,40,43,17827,828,981345,368200
2596,26,48,17802,805,981393,353900
2597,27,41,17776,790,981434,393500
2598,27,38,17749,779,981472,364700
2599,32,42,17713,773,981514,388800
2600,24,36,17690,760,981550,408800
2601,18,28,17671,751,981578,374900
2602,31,38,17640,744,981616,428800
2603,37,34,17606,744,981650,385700
2604,27,37,17576,737,981687,407400
2605,25,48,17554,711,981735,383400
2606,24,36,17530,699,981771,367700
2607,17,37,17509,683,981808,418900
2608,19,40,17493,659,981848,392500
2609,24,36,17467,649,981884,404100
2610,37,25,17434,657,981909,404800
2611,34,36,17397,658,981945,403900
2612,27,37,17368,650,981982,476900
2613,33,25,17341,652,982007,543200
2614,28,32,17309,652,982039,415800
2615,20,32,17292,637,982071,581100
2616,31,37,17259,633,982108,452200
2617,27,35,17231,626,982143,411900
2618,34,32,17200,625,982175,430200
2619,26,21,17174,630,982196,483600
2620,22,29,17150,625,982225,402600
2621,31,27,17121,627,982252,358400
2622,32,30,17086,632,982282,376000
2623,27,35,17057,626,982317,381400
2624,25,26,17035,622,982343,379300
2625,26,40,17006,611,982383,380100
2626,27,33,16986,598,982416,377200
2627,24,26,16960,598,982442,411800
2628,27,29,16933,596,982471,420900
2629,26,22,16906,601,982493,598800
2630,27,38,16876,593,982531,435200
2631,31,31,16846,592,982562,361000
2632,26,37,16821,580,982599,382800
2633,24,32,16795,574,982631,365500
2634,25,25,16770,574,982656,334800
2635,18,28,16754,562,982684,527800
2636,15,33,16739,544,982717,407000
2637,17,36,16722,525,982753,474000
2638,21,27,16700,520,982780,497800
2639,27,36,16674,510,982816,485600
2640,15,23,16659,502,982839,580800
2641,27,33,16634,494,982872,730200
2642,27,21,16604,503,982893,457900
2643,24,22,16581,504,982915,463600
2644,18,32,16564,489,982947,453000
2645,19,33,16547,473,982980,416900
2646,18,34,16525,461,983014,408300
2647,15,11,16509,466,983025,365000
2648,28,33,16482,460,983058,452300
2649,16,14,16465,463,983072,507500
2650,17,22,16448,458,983094,445400
2651,12,23,16437,446,983117,447100
2652,19,24,16418,441,983141,533500
2653,19,22,16399,438,983163,553600
2654,17,14,16384,439,983177,797500
2655,15,24,16366,433,983201,484600
2656,25,17,16342,440,983218,491100
2657,16,24,16325,433,983242,535000
2658,13,17,16315,426,983259,499900
2659,20,20,16295,426,983279,592700
2660,17,19,16276,426,983298,488200
2661,18,29,16261,412,983327,434600
2662,24,25,16236,412,983352,426000
2663,23,23,16210,415,983375,536800
2664,13,18,16201,406,983393,505300
2665,21,27,16177,403,983420,476200
2666,23,24,16154,402,983444,477600
2667,26,23,16131,402,983467,608700
2668,32,27,16097,409,983494,521500
2669,23,19,16074,413,983513,438700
2670,22,16,16053,418,983529,434400
2671,17,23,16034,414,983552,508000
2672,20,22,16016,410,983574,435100
2673,18,21,15998,407,983595,505800
2674,15,26,15979,400,983621,451600
2675,13,19,15970,390,983640,457900
2676,18,22,15951,387,983662,642500
2677,14,15,15936,387,983677,438200
2678,15,17,15919,387,983694,742300
2679,17,19,15903,384,983713,417100
2680,10,9,15892,386,983722,488800
2681,17,20,15875,383,983742,439100
2682,17,19,15861,378,983761,421600
2683,12,18,15847,374,983779,446300
2684,9,15,15837,369,983794,448900
2685,12,17,15825,364,983811,503800
2686,8,16,15817,356,983827,456900
2687,10,22,15808,343,983849,434900
2688,14,14,15794,343,983863,379800
2689,11,17,15783,337,983880,465300
2690,10,14,15773,333,983894,447500
2691,17,24,15756,326,983918,459100
2692,13,23,15744,315,983941,501700
2693,8,17,15734,308,983958,478000
2694,12,17,15724,301,983975,432600
2695,5,12,15717,296,983987,463100
2696,5,15,15712,286,984002,415400
2697,5,20,15707,271,984022,457600
2698,10,12,15700,266,984034,416100
2699,10,14,15689,263,984048,442800
2700,7,14,15683,255,984062,396000
2701,13,12,15667,259,984074,428700
2702,9,7,15659,260,984081,435800
2703,9,18,15649,252,984099,410300
2704,11,11,15641,249,984110,502100
2705,9,16,15630,244,984126,459800
2706,12,10,15621,243,984136,446300
2707,11,17,15606,241,984153,388700
2708,2,6,15604,237,984159,452000
2709,5,13,15600,228,984172,444300
2710,3,12,15596,220,984184,460300
2711,7,12,15591,213,984196,445600
2712,4,10,15586,208,984206,519800
2713,4,14,15582,198,984220,478700
2714,3,10,15578,192,984230,469000
2715,2,10,15576,184,984240,520800
2716,3,7,15573,180,984247,460100
2717,2,11,15571,171,984258,511700
2718,1,8,15570,164,984266,491400
2719,2,7,15568,159,984273,503100
2720,0,6,15568,153,984279,620800
2721,5,7,15564,150,984286,494500
2722,2,4,15561,149,984290,444200
2723,1,13,15560,137,984303,465300
2724,3,5,15557,135,984308,511300
2725,1,10,15557,125,984318,547500
2726,1,9,15555,118,984327,491000
2727,1,4,15555,114,984331,451400
2728,1,4,15553,112,984335,425100
2729,0,3,15553,109,984338,385900
2730,0,3,15553,106,984341,403800
2731,0,4,15553,102,984345,438800
2732,0,6,15553,96,984351,372200
2733,1,4,15552,93,984355,413600
2734,0,7,15552,86,984362,384200
2735,0,5,15552,81,984367,388100
2736,0,5,15552,76,984372,366600
2737,0,7,15552,69,984379,441600
2738,0,2,15552,67,984381,408600
2739,1,2,15551,66,984383,388100
2740,1,5,15550,62,984388,370600
2741,0,4,15550,58,984392,408500
2742,0,4,15550,54,984396,386400
2743,0,0,15550,54,984396,386600
2744,0,5,15550,49,984401,356500
2745,0,2,15550,47,984403,390300
2746,0,1,15550,46,984404,352300
2747,0,1,15550,45,984405,384900
2748,0,3,15550,42,984408,391500
2749,0,2,15550,40,984410,487100
2750,0,4,15550,36,984414,417900
2751,0,2,15550,34,984416,407500
2752,0,1,15550,33,984417,414700
2753,0,4,15550,29,984421,430300
2754,0,1,15550,28,984422,379200
2755,0,1,15550,27,984423,370700
2756,0,2,15550,25,984425,402100
2757,0,1,15550,24,984426,381300
2758,0,3,15550,21,984429,396900
2759,0,4,15550,17,984433,375300
2760,0,1,15550,16,984434,394500
2761,0,1,15550,15,984435,370500
2762,0,0,15550,15,984435,347700
2763,0,1,15550,14,984436,364400
2764,0,0,15550,14,984436,331800
2765,0,1,15550,13,984437,385900
2766,0,1,15550,12,984438,369900
2767,0,0,15550,12,984438,387100
2768,0,0,15550,12,984438,336400
2769,0,1,15550,11,984439,405300
2770,0,1,15550,10,984440,533900
2771,0,0,15550,10,984440,451400
2772,0,0,15550,10,984440,407000
2773,0,0,15550,10,984440,366500
2774,0,0,15550,10,984440,387600
2775,0,1,15550,9,984441,354900
2776,0,0,15550,9,984441,448400
2777,0,1,15550,8,984442,395600
2778,0,1,15550,7,984443,453600
2779,0,0,15550,7,984443,454100
2780,0,0,15550,7,984443,427100
2781,0,1,15550,6,984444,384300
2782,0,0,15550,6,984444,368900
2783,0,1,15550,5,984445,335100
2784,0,0,15550,5,984445,367500
2785,0,0,15550,5,984445,370200
2786,0,1,15550,4,984446,377400
2787,0,0,15550,4,984446,373800
2788,0,0,15550,4,984446,399000
2789,0,1,15550,3,984447,437200
2790,0,0,15550,3,984447,383300
2791,0,0,15550,3,984447,400600
2792,0,0,15550,3,984447,399800
2793,0,0,15550,3,984447,357600
2794,0,0,15550,3,984447,333600
2795,0,1,15550,2,984448,369500
2796,0,0,15550,2,984448,333400
2797,0,0,15550,2,984448,363000
2798,0,1,15550,1,984449,354300
2799,0,0,15550,1,984449,349400
2800,0,0,15550,1,984449,307000
2801,0,0,15550,1,984449,349700
2802,0,0,15550,1,984449,348800
2803,0,0,15550,1,984449,345900
2804,0,0,15550,1,984449,339800
2805,0,0,15550,1,984449,352400
2806,0,0,15550,1,984449,346000
2807,0,0,15550,1,984449,519400
2808,0,0,15550,1,984449,390600
2809,0,0,15550,1,984449,378000
2810,0,0,15550,1,984449,347000
2811,0,0,15550,1,984449,376800
2812,0,0,15550,1,984449,412600
2813,0,0,15550,1,984449,378500
2814,0,0,15550,1,984449,357600
2815,0,0,15550,1,984449,326500
2816,0,0,15550,1,984449,353400
2817,0,0,15550,1,984449,349100
2818,0,0,15550,1,984449,353100
2819,0,0,15550,1,984449,375000
2820,0,0,15550,1,984449,372500
2821,0,0,15550,1,984449,341100
2822,0,0,15550,1,984449,345600
2823,0,0,15550,1,984449,381700
2824,0,0,15550,1,984449,325200
2825,0,0,15550,1,984449,419900
2826,0,0,15550,1,984449,373800
2827,0,0,15550,1,984449,367100
2828,0,0,15550,1,984449,348400
2829,0,0,15550,1,984449,334000
2830,0,0,15550,1,984449,325900
2831,0,0,15550,1,984449,346500
2832,0,0,15550,1,984449,327900
2833,0,0,15550,1,984449,325100
2834,0,0,15550,1,984449,371700
2835,0,0,15550,1,984449,342600
2836,0,0,15550,1,984449,378400
2837,0,0,15550,1,984449,336000
2838,0,0,15550,1,984449,368600
2839,0,0,15550,1,984449,326300
2840,0,0,15550,1,984449,351200
2841,0,0,15550,1,984449,377600
2842,0,0,15550,1,984449,367400
2843,0,0,15550,1,984449,373200
2844,0,0,15550,1,984449,366500
2845,0,0,15550,1,984449,371200
2846,0,0,15550,1,984449,379500
2847,0,0,15550,1,984449,384100
2848,0,0,15550,1,984449,351600
2849,0,0,15550,1,984449,393300
2850,0,0,15550,1,984449,360500
2851,0,0,15550,1,984449,397700
2852,0,0,15550,1,984449,351300
2853,0,0,15550,1,984449,407000
2854,0,0,15550,1,984449,343300
2855,0,0,15550,1,984449,401200
2856,0,0,15550,1,984449,346900
2857,0,0,15550,1,984449,349100
2858,0,0,15550,1,984449,329600
2859,0,0,15550,1,984449,377100
2860,0,0,15550,1,984449,348500
2861,0,0,15550,1,984449,390900
2862,0,0,15550,1,984449,369000
2863,0,0,15550,1,984449,351900
2864,0,0,15550,1,984449,360000
2865,0,0,15550,1,984449,348300
2866,0,0,15550,1,984449,372700
2867,0,0,15550,1,984449,340000
2868,0,0,15550,1,984449,357800
2869,0,0,15550,1,984449,317500
2870,0,0,15550,1,984449,337600
2871,0,0,15550,1,984449,373600
2872,0,0,15550,1,984449,364700
2873,0,0,15550,1,984449,364600
2874,0,0,15550,1,984449,388100
2875,0,0,15550,1,984449,349700
2876,0,0,15550,1,984449,346900
2877,0,0,15550,1,984449,387800
2878,0,0,15550,1,984449,341300
2879,0,0,15550,1,984449,416800
2880,0,0,15550,1,984449,315600
2881,0,0,15550,1,984449,354700
2882,0,0,15550,1,984449,355100
2883,0,1,15550,0,984450,330000
