Tick,NewlyInfected,NewlyRecovered,TotalSusceptible,TotalInfected,TotalRecovered,StepTimeNanos
0,6,0,999990,10,0,35567500
1,4,0,999986,14,0,10955200
2,3,2,999982,16,2,16763300
3,11,2,999971,25,4,20151900
4,5,0,999967,29,4,694400
5,8,2,999960,34,6,488700
6,8,2,999953,39,8,502300
7,6,1,999944,47,9,446800
8,7,1,999938,52,10,426300
9,6,1,999931,58,11,401900
10,10,2,999923,64,13,401500
11,8,4,999915,68,17,356500
12,9,2,999904,77,19,364400
13,13,9,999892,80,28,424300
14,10,8,999883,81,36,417400
15,10,4,999875,85,40,383300
16,13,5,999860,95,45,424900
17,17,5,999845,105,50,394400
18,12,6,999832,112,56,360900
19,19,11,999814,119,67,411800
20,10,8,999800,125,75,413900
21,18,10,999782,133,85,456600
22,17,5,999766,144,90,385700
23,9,6,999758,146,96,388600
24,17,9,999743,152,105,432000
25,15,13,999725,157,118,365200
26,6,7,999718,157,125,421200
27,20,18,999700,157,143,390400
28,25,10,999673,174,153,374500
29,14,12,999660,175,165,415500
30,26,15,999637,183,180,434100
31,23,13,999613,194,193,428500
32,28,12,999586,209,205,435700
33,28,13,999556,226,218,458800
34,12,15,999545,222,233,445900
35,21,13,999524,230,246,419600
36,32,14,999492,248,260,409500
37,21,13,999468,259,273,374100
38,31,12,999441,274,285,398200
39,24,17,999414,284,302,366100
40,32,17,999387,294,319,443100
41,25,16,999362,303,335,404000
42,29,11,999329,325,346,400500
43,28,26,999301,327,372,399000
44,23,14,999278,336,386,460500
45,37,14,999243,357,400,416200
46,30,22,999210,368,422,391800
47,46,15,999169,394,437,339900
48,26,18,999139,406,455,339200
49,26,24,999114,407,479,356800
50,28,18,999088,415,497,345100
51,33,20,999055,428,517,418500
52,32,23,999023,437,540,451400
53,34,20,998987,453,560,410400
54,32,15,998957,468,575,518600
55,29,23,998929,473,598,420200
56,37,20,998892,490,618,464200
57,39,20,998854,508,638,402000
58,38,24,998812,526,662,479700
59,43,32,998774,532,694,450300
60,37,26,998733,547,720,393600
61,39,22,998695,563,742,413300
62,40,32,998654,572,774,413500
63,38,28,998616,582,802,404400
64,52,39,998566,593,841,398900
65,46,33,998525,601,874,402900
66,50,33,998467,626,907,579800
67,50,32,998420,641,939,429700
68,52,34,998368,659,973,440000
69,47,29,998321,677,1002,438600
70,55,31,998265,702,1033,411500
71,54,50,998210,707,1083,419100
72,60,33,998153,731,1116,363900
73,61,40,998093,751,1156,371000
74,58,40,998033,771,1196,404400
75,51,31,997981,792,1227,341000
76,56,37,997928,808,1264,394000
77,62,44,997863,829,1308,517900
78,54,53,997809,830,1361,422900
79,72,37,997738,864,1398,341400
80,55,45,997688,869,1443,425000
81,78,43,997612,902,1486,391900
82,70,51,997538,925,1537,393700
83,64,57,997473,933,1594,359400
84,57,42,997411,953,1636,380200
85,76,39,997338,987,1675,385600
86,70,47,997270,1008,1722,361200
87,70,48,997207,1023,1770,374800
88,70,56,997130,1044,1826,366800
89,71,49,997059,1066,1875,375800
90,93,47,996971,1107,1922,381800
91,77,73,996890,1115,1995,377600
92,63,58,996826,1121,2053,406200
93,73,63,996751,1133,2116,424400
94,89,59,996665,1160,2175,381100
95,63,57,996597,1171,2232,339500
96,77,64,996521,1183,2296,331400
97,75,60,996449,1195,2356,328900
98,87,63,996362,1219,2419,312000
99,87,84,996278,1219,2503,297100
100,81,65,996198,1234,2568,321600
101,88,70,996108,1254,2638,317300
102,104,62,996006,1294,2700,311200
103,87,67,995920,1313,2767,350100
104,82,66,995840,1327,2833,394900
105,95,66,995743,1358,2899,328200
106,91,76,995649,1376,2975,327600
107,67,56,995582,1387,3031,352000
108,79,69,995505,1395,3100,318800
109,89,75,995417,1408,3175,314200
110,96,72,995315,1438,3247,332100
111,101,68,995216,1469,3315,303100
112,97,63,995125,1497,3378,303800
113,105,71,995027,1524,3449,289900
114,127,67,994891,1593,3516,325900
115,122,97,994770,1617,3613,282900
116,120,97,994654,1636,3710,307700
117,120,74,994529,1687,3784,310000
118,119,90,994407,1719,3874,381500
119,129,96,994281,1749,3970,347100
120,130,98,994152,1780,4068,392700
121,113,100,994040,1792,4168,318300
122,121,96,993916,1820,4264,613800
123,126,99,993795,1842,4363,404600
124,131,97,993666,1874,4460,349200
125,139,92,993525,1923,4552,357200
126,124,92,993392,1964,4644,374000
127,130,94,993270,1992,4738,340200
128,123,93,993147,2022,4831,336700
129,112,92,993028,2049,4923,386800
130,128,115,992899,2063,5038,374100
131,122,103,992781,2078,5141,370900
132,133,83,992659,2117,5224,368500
133,153,102,992497,2177,5326,353600
134,133,102,992367,2205,5428,561800
135,121,111,992244,2217,5539,576500
136,135,100,992107,2254,5639,394500
137,148,112,991974,2275,5751,357500
138,144,103,991818,2328,5854,377800
139,164,115,991659,2372,5969,346900
140,141,118,991507,2406,6087,322900
141,140,107,991377,2429,6194,317200
142,159,117,991222,2467,6311,352300
143,146,139,991062,2488,6450,384200
144,177,117,990899,2534,6567,382100
145,144,141,990750,2542,6708,381000
146,145,122,990604,2566,6830,360200
147,156,124,990450,2596,6954,335500
148,172,148,990281,2617,7102,315700
149,163,143,990111,2644,7245,339300
150,170,137,989950,2668,7382,340300
151,135,133,989810,2675,7515,326500
152,159,151,989645,2689,7666,353200
153,146,144,989501,2689,7810,335700
154,155,115,989346,2729,7925,347500
155,151,124,989201,2750,8049,347300
156,161,132,989044,2775,8181,297100
157,180,148,988864,2807,8329,319700
158,176,138,988676,2857,8467,318900
159,168,153,988520,2860,8620,352200
160,152,159,988360,2861,8779,326400
161,173,147,988193,2881,8926,308500
162,170,155,988018,2901,9081,333300
163,149,157,987862,2900,9238,315400
164,172,147,987690,2925,9385,326300
165,168,118,987535,2962,9503,338500
166,160,180,987367,2950,9683,322300
167,199,181,987174,2962,9864,342700
168,151,149,987017,2970,10013,325700
169,153,176,986859,2952,10189,308400
170,160,141,986714,2956,10330,311100
171,150,160,986550,2960,10490,324800
172,181,163,986381,2966,10653,317700
173,193,168,986187,2992,10821,344800
174,176,143,986006,3030,10964,341700
175,170,153,985844,3039,11117,321500
176,180,162,985656,3065,11279,329700
177,179,149,985484,3088,11428,352400
178,166,144,985312,3116,11572,362400
179,182,175,985135,3118,11747,322500
180,190,155,984953,3145,11902,327600
181,163,162,984772,3164,12064,342400
182,198,180,984582,3174,12244,314500
183,191,166,984397,3193,12410,320200
184,188,153,984211,3226,12563,310100
185,194,174,984008,3255,12737,325100
186,175,151,983844,3268,12888,322300
187,186,172,983644,3296,13060,333000
188,171,150,983467,3323,13210,305200
189,209,156,983268,3366,13366,305700
190,200,177,983071,3386,13543,314100
191,184,166,982879,3412,13709,320700
192,195,182,982691,3418,13891,332300
193,211,187,982478,3444,14078,329100
194,208,198,982277,3447,14276,367300
195,192,165,982081,3478,14441,341200
196,213,188,981867,3504,14629,333800
197,184,178,981676,3517,14807,339400
198,182,178,981501,3514,14985,357600
199,206,169,981288,3558,15154,327300
200,179,212,981112,3522,15366,346500
201,191,191,980933,3510,15557,333300
202,204,175,980711,3557,15732,321800
203,197,200,980527,3541,15932,321000
204,230,168,980289,3611,16100,317900
205,220,191,980075,3634,16291,335400
206,175,168,979898,3643,16459,348800
207,217,198,979680,3663,16657,308800
208,212,180,979475,3688,16837,339300
209,187,184,979286,3693,17021,360100
210,217,210,979069,3700,17231,357600
211,243,197,978832,3740,17428,342200
212,214,184,978612,3776,17612,344500
213,195,187,978415,3786,17799,330600
214,243,198,978180,3823,17997,358800
215,256,218,977925,3860,18215,325600
216,214,200,977705,3880,18415,326200
217,226,212,977488,3885,18627,305900
218,243,197,977236,3940,18824,347700
219,215,194,977016,3966,19018,456600
220,235,226,976785,3971,19244,311500
221,273,194,976515,4047,19438,349700
222,242,219,976276,4067,19657,306400
223,226,199,976053,4091,19856,308200
224,228,205,975829,4110,20061,333600
225,220,217,975602,4120,20278,340300
226,252,211,975352,4159,20489,340200
227,238,198,975106,4207,20687,341500
228,219,207,974889,4217,20894,410100
229,262,226,974627,4253,21120,337200
230,246,213,974380,4287,21333,340000
231,245,253,974149,4265,21586,331900
232,264,227,973879,4308,21813,371600
233,257,261,973626,4300,22074,348100
234,277,246,973343,4337,22320,319100
235,256,227,973085,4368,22547,343400
236,264,245,972817,4391,22792,326200
237,226,241,972587,4380,23033,301000
238,261,232,972327,4408,23265,307700
239,232,227,972107,4401,23492,317300
240,255,239,971847,4422,23731,304000
241,241,243,971608,4418,23974,314500
242,261,243,971343,4440,24217,484300
243,247,234,971094,4455,24451,344000
244,285,227,970822,4500,24678,335200
245,287,229,970534,4559,24907,337500
246,263,229,970270,4594,25136,298100
247,269,238,969996,4630,25374,332100
248,294,245,969697,4684,25619,350200
249,259,236,969439,4706,25855,303700
250,310,239,969136,4770,26094,328900
251,244,228,968884,4794,26322,315400
252,245,246,968649,4783,26568,325100
253,299,248,968341,4843,26816,337900
254,287,268,968066,4850,27084,318400
255,302,235,967761,4920,27319,310300
256,251,265,967506,4910,27584,308500
257,285,240,967218,4958,27824,323500
258,299,256,966921,4999,28080,301000
259,278,274,966647,4999,28354,330300
260,261,262,966383,5001,28616,338500
261,264,251,966116,5017,28867,337300
262,244,259,965863,5011,29126,352400
263,301,279,965574,5021,29405,353300
264,289,260,965276,5059,29665,372500
265,315,312,964967,5056,29977,332700
266,285,264,964677,5082,30241,383200
267,271,261,964414,5084,30502,349000
268,304,274,964114,5110,30776,340200
269,312,278,963801,5145,31054,327200
270,284,258,963505,5183,31312,321900
271,283,276,963226,5186,31588,346300
272,279,256,962960,5196,31844,378300
273,297,271,962658,5227,32115,349400
274,313,257,962356,5272,32372,376900
275,309,244,962034,5350,32616,399300
276,315,260,961724,5400,32876,432000
277,302,268,961416,5440,33144,378700
278,313,280,961106,5470,33424,383000
279,298,278,960804,5494,33702,381600
280,293,272,960509,5517,33974,366900
281,332,311,960189,5526,34285,349400
282,324,295,959864,5556,34580,313000
283,302,284,959564,5572,34864,316400
284,340,267,959216,5653,35131,348300
285,335,317,958888,5664,35448,412200
286,285,289,958584,5679,35737,328000
287,307,309,958286,5668,36046,437600
288,297,269,957988,5697,36315,478800
289,294,311,957702,5672,36626,441600
290,310,318,957376,5680,36944,406300
291,317,289,957076,5691,37233,364900
292,285,312,956785,5670,37545,364200
293,338,298,956456,5701,37843,340600
294,297,306,956156,5695,38149,338200
295,358,296,955801,5754,38445,368400
296,330,270,955464,5821,38715,367200
297,372,288,955102,5895,39003,426400
298,344,296,954750,5951,39299,400300
299,313,351,954436,5914,39650,328400
300,349,309,954096,5945,39959,337500
301,317,316,953775,5950,40275,352700
302,320,304,953440,5981,40579,354000
303,319,311,953131,5979,40890,386700
304,323,285,952807,6018,41175,391000
305,298,312,952507,6006,41487,392800
306,350,308,952164,6041,41795,327300
307,361,318,951796,6091,42113,335000
308,356,297,951444,6146,42410,325000
309,380,323,951069,6198,42733,317100
310,308,300,950754,6213,43033,314600
311,320,313,950442,6212,43346,312800
312,331,298,950099,6257,43644,435800
313,365,338,949747,6271,43982,338400
314,334,332,949402,6284,44314,362000
315,398,322,949017,6347,44636,369000
316,349,348,948664,6352,44984,374500
317,358,347,948292,6377,45331,411000
318,349,331,947967,6371,45662,415700
319,345,310,947608,6420,45972,364300
320,320,350,947276,6402,46322,348000
321,359,331,946928,6419,46653,318700
322,356,321,946575,6451,46974,318200
323,364,319,946207,6500,47293,363000
324,349,296,945862,6549,47589,349500
325,381,325,945488,6598,47914,349500
326,385,323,945097,6666,48237,366400
327,391,345,944711,6707,48582,360300
328,414,346,944294,6778,48928,399900
329,344,361,943953,6758,49289,373500
330,381,318,943565,6828,49607,350000
331,355,337,943205,6851,49944,359000
332,367,347,942853,6856,50291,381900
333,412,383,942434,6892,50674,357400
334,384,344,942041,6941,51018,339200
335,402,359,941645,6978,51377,364000
336,403,400,941247,6976,51777,360700
337,363,370,940888,6965,52147,365000
338,381,375,940497,6981,52522,407700
339,389,362,940114,7002,52884,597400
340,393,335,939723,7058,53219,353800
341,411,368,939298,7115,53587,416600
342,395,355,938910,7148,53942,413500
343,423,380,938494,7184,54322,406100
344,381,371,938097,7210,54693,389500
345,424,390,937694,7223,55083,375600
346,375,384,937299,7234,55467,398200
347,370,353,936941,7239,55820,391300
348,404,343,936537,7300,56163,363200
349,407,374,936132,7331,56537,367200
350,447,356,935699,7408,56893,402500
351,411,406,935274,7427,57299,348300
352,402,356,934877,7468,57655,464500
353,398,393,934474,7478,58048,387600
354,423,380,934054,7518,58428,392700
355,443,380,933608,7584,58808,384700
356,411,398,933188,7606,59206,357600
357,426,386,932760,7648,59592,417700
358,397,410,932374,7624,60002,374100
359,412,402,931967,7629,60404,377800
360,425,374,931545,7677,60778,390800
361,420,408,931116,7698,61186,345500
362,407,406,930710,7698,61592,366300
363,404,391,930311,7706,61983,430500
364,433,394,929880,7743,62377,369400
365,397,424,929478,7721,62801,385700
366,383,429,929084,7686,63230,419800
367,402,379,928698,7693,63609,378700
368,411,417,928292,7682,64026,419100
369,409,420,927872,7682,64446,416900
370,430,390,927445,7719,64836,382500
371,418,425,927035,7704,65261,345500
372,401,401,926624,7714,65662,359400
373,396,384,926222,7732,66046,352100
374,443,398,925791,7765,66444,353400
375,391,400,925393,7763,66844,426600
376,424,386,924977,7793,67230,391800
377,440,397,924535,7838,67627,419800
378,445,421,924088,7864,68048,384800
379,446,406,923643,7903,68454,454900
380,441,436,923211,7899,68890,372400
381,479,376,922735,7999,69266,477500
382,458,420,922265,8049,69686,379100
383,455,391,921824,8099,70077,363600
384,444,392,921373,8158,70469,378100
385,460,392,920903,8236,70861,552800
386,466,424,920440,8275,71285,553200
387,484,426,919960,8329,71711,526500
388,447,435,919515,8339,72146,524800
389,462,473,919053,8328,72619,473000
390,450,412,918603,8366,73031,513300
391,498,381,918098,8490,73412,537400
392,488,425,917623,8540,73837,514300
393,472,449,917151,8563,74286,532900
394,501,445,916636,8633,74731,468500
395,435,443,916203,8623,75174,485600
396,480,469,915715,8642,75643,402900
397,447,383,915282,8692,76026,407500
398,444,448,914833,8693,76474,458800
399,452,449,914388,8689,76923,626700
400,436,460,913932,8685,77383,491700
401,431,455,913506,8656,77838,491900
402,470,423,913060,8679,78261,469000
403,480,451,912552,8736,78712,408200
404,473,452,912089,8747,79164,425200
405,470,446,911633,8757,79610,417900
406,453,461,911179,8750,80071,439400
407,450,487,910720,8722,80558,461800
408,498,445,910226,8771,81003,460100
409,458,438,909783,8776,81441,467900
410,442,473,909314,8772,81914,437000
411,464,457,908858,8771,82371,458800
412,431,457,908428,8744,82828,455900
413,465,463,907969,8740,83291,483300
414,459,435,907509,8765,83726,424400
415,485,471,907022,8781,84197,487000
416,513,455,906508,8840,84652,410400
417,482,440,906041,8867,85092,437200
418,479,452,905554,8902,85544,539500
419,444,444,905078,8934,85988,503700
420,511,449,904594,8969,86437,426200
421,483,491,904109,8963,86928,412400
422,460,466,903636,8970,87394,539800
423,491,451,903153,9002,87845,530000
424,468,457,902668,9030,88302,507400
425,474,423,902223,9052,88725,488900
426,500,475,901716,9084,89200,458100
427,448,487,901254,9059,89687,389400
428,487,488,900778,9047,90175,373600
429,522,411,900248,9166,90586,364500
430,520,480,899745,9189,91066,334000
431,474,477,899268,9189,91543,370600
432,497,439,898763,9255,91982,33577200
433,501,477,898264,9277,92459,18585500
434,477,476,897783,9282,92935,647400
435,500,493,897285,9287,93428,574000
436,487,485,896799,9288,93913,487200
437,479,485,896311,9291,94398,457500
438,486,500,895828,9274,94898,515600
439,464,509,895381,9212,95407,405700
440,491,454,894888,9251,95861,451900
441,544,460,894365,9314,96321,405400
442,476,488,893863,9328,96809,525600
443,525,469,893361,9361,97278,440700
444,510,465,892831,9426,97743,399900
445,534,484,892293,9480,98227,409000
446,511,500,891777,9496,98727,397500
447,542,465,891243,9565,99192,379700
448,499,503,890742,9563,99695,24846600
449,497,497,890247,9561,100192,8043400
450,519,514,889730,9564,100706,604000
451,535,473,889196,9625,101179,583000
452,513,493,888672,9656,101672,511300
453,491,541,888175,9612,102213,511700
454,530,471,887666,9650,102684,446300
455,471,543,887177,9596,103227,475400
456,523,477,886661,9635,103704,591600
457,535,518,886134,9644,104222,417600
458,504,491,885623,9664,104713,426500
459,527,499,885091,9697,105212,416000
460,530,507,884577,9704,105719,406700
461,508,512,884076,9693,106231,443600
462,505,543,883562,9664,106774,400600
463,544,523,883031,9672,107297,414300
464,525,494,882498,9711,107791,412900
465,479,511,882000,9698,108302,551400
466,558,477,881452,9769,108779,417200
467,499,484,880954,9783,109263,437500
468,480,483,880465,9789,109746,439100
469,551,483,879915,9856,110229,420300
470,554,497,879368,9906,110726,441300
471,513,531,878859,9884,111257,462400
472,511,523,878342,9878,111780,489300
473,507,478,877837,9905,112258,462200
474,545,500,877295,9947,112758,435800
475,521,518,876773,9951,113276,391400
476,515,492,876259,9973,113768,436700
477,559,502,875704,10026,114270,388700
478,523,521,875188,10021,114791,456000
479,542,534,874638,10037,115325,395100
480,546,550,874088,10037,115875,415000
481,577,507,873517,10101,116382,400800
482,521,535,872990,10093,116917,438400
483,546,475,872446,10162,117392,648500
484,534,522,871903,10183,117914,437700
485,550,552,871352,10182,118466,2743700
486,560,525,870790,10219,118991,549500
487,538,482,870264,10263,119473,481100
488,538,531,869713,10283,120004,508000
489,528,544,869191,10261,120548,426900
490,583,538,868603,10311,121086,429400
491,572,568,868045,10301,121654,408300
492,568,544,867467,10335,122198,422100
493,553,546,866916,10340,122744,393100
494,574,585,866347,10324,123329,415700
495,554,601,865772,10298,123930,387400
496,540,574,865259,10237,124504,353600
497,534,536,864708,10252,125040,433000
498,535,538,864177,10245,125578,381700
499,553,539,863626,10257,126117,561200
500,486,527,863146,10210,126644,396000
501,549,558,862593,10205,127202,390500
502,574,518,862027,10253,127720,409600
503,636,520,861397,10363,128240,371300
504,519,501,860863,10396,128741,445000
505,510,545,860344,10370,129286,405600
506,528,559,859814,10341,129845,393200
507,578,544,859251,10360,130389,388000
508,518,533,858722,10356,130922,376700
509,533,529,858188,10361,131451,392700
510,583,521,857616,10412,131972,384500
511,528,534,857078,10416,132506,400900
512,512,511,856570,10413,133017,408900
513,553,559,856023,10401,133576,390700
514,522,548,855496,10380,134124,415100
515,561,560,854943,10373,134684,1327300
516,529,512,854409,10395,135196,24042900
517,503,559,853892,10353,135755,31176800
518,522,514,853384,10347,136269,19209800
519,565,551,852821,10359,136820,587000
520,493,525,852324,10331,137345,501500
521,527,562,851791,10302,137907,468100
522,556,521,851245,10327,138428,372500
523,524,550,850722,10300,138978,390300
524,529,517,850183,10322,139495,369700
525,507,499,849683,10323,139994,361400
526,564,540,849126,10340,140534,352600
527,521,534,848600,10332,141068,362700
528,519,511,848063,10358,141579,347400
529,572,504,847511,10406,142083,339800
530,555,548,846951,10418,142631,363400
531,573,543,846380,10446,143174,375400
532,528,575,845845,10406,143749,351700
533,530,527,845321,10403,144276,333400
534,550,555,844774,10395,144831,6121300
535,534,538,844243,10388,145369,27198000
536,558,540,843687,10404,145909,744200
537,530,570,843147,10374,146479,610200
538,539,535,842617,10369,147014,502400
539,539,545,842063,10378,147559,380800
540,510,517,841553,10371,148076,424200
541,612,484,840964,10476,148560,407000
542,616,562,840337,10541,149122,440900
543,571,561,839766,10551,149683,384800
544,582,531,839191,10595,150214,360100
545,563,556,838606,10624,150770,372800
546,581,584,838033,10613,151354,343800
547,567,547,837471,10628,151901,357300
548,565,558,836913,10628,152459,334700
549,574,571,836343,10627,153030,409400
550,564,532,835783,10655,153562,354900
551,550,555,835220,10663,154117,361300
552,607,572,834623,10688,154689,384500
553,557,554,834060,10697,155243,328300
554,544,576,833509,10672,155819,364200
555,551,567,832968,10646,156386,352300
556,576,539,832390,10685,156925,336400
557,560,516,831820,10739,157441,334000
558,541,546,831270,10743,157987,413300
559,552,551,830734,10728,158538,376300
560,526,531,830217,10714,159069,384600
561,620,575,829593,10763,159644,377900
562,529,571,829062,10723,160215,359600
563,571,549,828492,10744,160764,767500
564,575,568,827904,10764,161332,382200
565,589,591,827323,10754,161923,430800
566,600,551,826738,10788,162474,378500
567,554,564,826163,10799,163038,352100
568,538,521,825635,10806,163559,344200
569,583,543,825056,10842,164102,335100
570,567,578,824479,10841,164680,359600
571,578,539,823909,10872,165219,352700
572,504,580,823395,10806,165799,327000
573,570,579,822833,10789,166378,358100
574,592,561,822251,10810,166939,359200
575,572,520,821667,10874,167459,352800
576,572,559,821093,10889,168018,385700
577,587,512,820511,10959,168530,355000
578,570,583,819928,10959,169113,361700
579,569,563,819356,10968,169676,337100
580,556,587,818813,10924,170263,364200
581,535,546,818276,10915,170809,420300
582,574,543,817698,10950,171352,441200
583,544,558,817154,10936,171910,491000
584,582,591,816576,10923,172501,445100
585,570,561,816001,10937,173062,371400
586,531,562,815480,10896,173624,371100
587,583,584,814880,10912,174208,393900
588,612,536,814297,10959,174744,355700
589,573,580,813713,10963,175324,372000
590,547,578,813156,10942,175902,371200
591,561,542,812595,10961,176444,586000
592,567,554,812022,10980,176998,404900
593,547,579,811477,10946,177577,395500
594,567,544,810920,10959,178121,355700
595,551,549,810370,10960,178670,383400
596,613,602,809755,10973,179272,451500
597,564,552,809187,10989,179824,357000
598,552,602,808647,10927,180426,397200
599,535,565,808101,10908,180991,381800
600,567,527,807530,10952,181518,367200
601,585,524,806949,11009,182042,375300
602,539,528,806414,11016,182570,431000
603,553,571,805859,11000,183141,385000
604,533,569,805323,10967,183710,360300
605,550,586,804768,10936,184296,401800
606,586,547,804204,10953,184843,383100
607,575,568,803595,10994,185411,384000
608,538,593,803067,10929,186004,374700
609,538,576,802522,10898,186580,349500
610,568,494,801968,10958,187074,361400
611,534,548,801445,10933,187622,359600
612,563,542,800873,10963,188164,364300
613,569,591,800310,10935,188755,420600
614,541,571,799759,10915,189326,416200
615,584,577,799178,10919,189903,439200
616,574,573,798615,10909,190476,403600
617,583,596,798010,10918,191072,364700
618,551,533,797477,10918,191605,383400
619,580,581,796887,10927,192186,404500
620,560,529,796336,10949,192715,437700
621,549,587,795783,10915,193302,421900
622,567,550,795202,10946,193852,448100
623,578,576,794638,10934,194428,411700
624,547,582,794089,10901,195010,466600
625,499,545,793600,10845,195555,375900
626,592,562,793002,10881,196117,454900
627,555,592,792458,10833,196709,379300
628,564,584,791882,10825,197293,414200
629,548,567,791339,10801,197860,392100
630,607,575,790724,10841,198435,390700
631,601,539,790128,10898,198974,399100
632,596,603,789542,10881,199577,442400
633,529,548,788987,10888,200125,397600
634,590,514,788410,10951,200639,364700
635,526,519,787883,10959,201158,415700
636,554,547,787326,10969,201705,391600
637,563,532,786767,10996,202237,351600
638,613,601,786167,10995,202838,371400
639,581,580,785561,11021,203418,343900
640,607,568,784972,11042,203986,377200
641,614,567,784370,11077,204553,373200
642,606,620,783751,11076,205173,368500
643,600,570,783149,11108,205743,373800
644,618,609,782532,11116,206352,393600
645,599,531,781926,11191,206883,392500
646,604,580,781332,11205,207463,385800
647,609,578,780716,11243,208041,398200
648,550,550,780160,11249,208591,396700
649,602,569,779554,11286,209160,382300
650,575,601,779001,11238,209761,423900
651,616,606,778374,11259,210367,388800
652,589,595,777772,11266,210962,387300
653,550,616,777224,11198,211578,394100
654,580,561,776660,11201,212139,407200
655,609,581,776057,11223,212720,422500
656,599,587,775458,11235,213307,437400
657,574,531,774868,11294,213838,386800
658,615,609,774267,11286,214447,440700
659,581,564,773699,11290,215011,395600
660,600,635,773073,11281,215646,365200
661,514,573,772559,11222,216219,387500
662,575,575,771991,11215,216794,396500
663,588,572,771398,11236,217366,378000
664,582,579,770828,11227,217945,435000
665,632,605,770184,11266,218550,448200
666,553,572,769637,11241,219122,407300
667,572,557,769069,11252,219679,361400
668,534,613,768541,11167,220292,384900
669,592,558,767940,11210,220850,368300
670,557,609,767362,11179,221459,385700
671,569,578,766801,11162,222037,383600
672,577,595,766230,11138,222632,398800
673,577,557,765663,11148,223189,438400
674,570,560,765097,11154,223749,371900
675,594,558,764487,11206,224307,359500
676,586,584,763926,11183,224891,415900
677,622,583,763305,11221,225474,406300
678,592,604,762689,11233,226078,375000
679,569,560,762120,11242,226638,372500
680,567,625,761555,11182,227263,347500
681,582,596,760992,11149,227859,401200
682,591,569,760388,11184,228428,368700
683,568,528,759813,11231,228956,428500
684,591,582,759219,11243,229538,413300
685,566,558,758646,11258,230096,388400
686,535,613,758115,11176,230709,545700
687,578,598,757550,11143,231307,410900
688,609,567,756927,11199,231874,395600
689,619,551,756326,11249,232425,375400
690,607,596,755701,11278,233021,432600
691,643,588,755071,11320,233609,346500
692,566,601,754503,11287,234210,367100
693,569,568,753938,11284,234778,385700
694,612,611,753313,11298,235389,481400
695,586,626,752739,11246,236015,434900
696,590,574,752156,11255,236589,377300
697,636,580,751529,11302,237169,452800
698,587,589,750913,11329,237758,381600
699,604,551,750327,11364,238309,563900
700,595,598,749710,11383,238907,422500
701,578,592,749145,11356,239499,432800
702,586,601,748553,11347,240100,436300
703,566,615,747989,11296,240715,482500
704,614,597,747390,11298,241312,422000
705,593,611,746789,11288,241923,411900
706,554,569,746231,11277,242492,430500
707,628,577,745613,11318,243069,386400
708,611,568,744997,11366,243637,385800
709,646,590,744347,11426,244227,362600
710,596,631,743769,11373,244858,383000
711,574,606,743166,11370,245464,363800
712,671,603,742527,11406,246067,414600
713,614,587,741895,11451,246654,399500
714,735,610,741165,11571,247264,406000
715,589,601,740566,11569,247865,495400
716,615,595,739955,11585,248460,414200
717,600,575,739372,11593,249035,397000
718,642,635,738718,11612,249670,402000
719,608,653,738120,11557,250323,409600
720,606,632,737512,11533,250955,359800
721,581,617,736925,11503,251572,367900
722,603,615,736315,11498,252187,363200
723,560,585,735756,11472,252772,364200
724,628,577,735133,11518,253349,370500
725,612,588,734511,11552,253937,328200
726,589,589,733921,11553,254526,465500
727,642,620,733298,11556,255146,372900
728,560,572,732718,11564,255718,379800
729,632,584,732083,11615,256302,378100
730,594,567,731495,11636,256869,378600
731,595,564,730898,11669,257433,383600
732,625,625,730282,11660,258058,429200
733,621,596,729656,11690,258654,446700
734,621,633,729040,11673,259287,417400
735,587,576,728458,11679,259863,401200
736,638,591,727811,11735,260454,359500
737,623,577,727190,11779,261031,400100
738,575,590,726623,11756,261621,378100
739,583,617,726021,11741,262238,544600
740,639,652,725404,11706,262890,389200
741,636,609,724760,11741,263499,392600
742,613,634,724143,11724,264133,380400
743,641,626,723521,11720,264759,384900
744,612,588,722880,11773,265347,398900
745,630,590,722270,11793,265937,440700
746,661,633,721606,11824,266570,406000
747,625,610,720966,11854,267180,412400
748,635,630,720333,11857,267810,380000
749,596,601,719736,11853,268411,419500
750,635,595,719127,11867,269006,355900
751,643,605,718472,11917,269611,363600
752,553,633,717893,11863,270244,329700
753,616,563,717296,11897,270807,489800
754,639,615,716648,11930,271422,422000
755,606,636,716063,11879,272058,460400
756,581,606,715478,11858,272664,422800
757,619,576,714858,11902,273240,393700
758,557,624,714283,11853,273864,414700
759,588,609,713709,11818,274473,400500
760,612,657,713084,11786,275130,415500
761,636,612,712470,11788,275742,349400
762,613,627,711862,11769,276369,416300
763,620,622,711246,11763,276991,371200
764,581,598,710640,11771,277589,370500
765,613,586,710018,11807,278175,386200
766,591,612,709437,11776,278787,542900
767,634,607,708813,11793,279394,378800
768,609,607,708196,11803,280001,465600
769,598,588,707598,11813,280589,441000
770,640,584,706965,11862,281173,473300
771,614,617,706351,11859,281790,537100
772,635,589,705713,11908,282379,540000
773,693,609,705021,11991,282988,435900
774,670,633,704361,12018,283621,428900
775,647,590,703688,12101,284211,441500
776,658,640,703040,12109,284851,357400
777,629,601,702412,12136,285452,408200
778,646,619,701787,12142,286071,485800
779,650,646,701116,12167,286717,427200
780,629,627,700511,12145,287344,492300
781,643,623,699861,12172,287967,483700
782,600,629,699249,12155,288596,547900
783,654,633,698604,12167,289229,445200
784,621,643,697963,12165,289872,501000
785,646,624,697344,12160,290496,451700
786,638,628,696696,12180,291124,501300
787,665,615,696026,12235,291739,480500
788,640,643,695383,12235,292382,495500
789,656,626,694725,12267,293008,456000
790,655,668,694072,12252,293676,580600
791,644,613,693425,12286,294289,476700
792,671,642,692743,12326,294931,444900
793,674,689,692109,12271,295620,429800
794,670,599,691426,12355,296219,445100
795,671,642,690762,12377,296861,445900
796,620,676,690116,12347,297537,469200
797,614,598,689502,12363,298135,394400
798,629,643,688880,12342,298778,481500
799,560,656,688317,12249,299434,526900
800,628,625,687677,12264,300059,677300
801,633,646,687059,12236,300705,489100
802,630,631,686439,12225,301336,448800
803,589,616,685835,12213,301952,389000
804,588,650,685243,12155,302602,469500
805,617,607,684655,12136,303209,477400
806,622,622,684018,12151,303831,508500
807,652,640,683362,12167,304471,450600
808,639,621,682708,12200,305092,526800
809,622,666,682112,12130,305758,484500
810,658,589,681445,12208,306347,501000
811,599,639,680828,12186,306986,655000
812,577,608,680265,12141,307594,438400
813,684,617,679581,12208,308211,430700
814,618,633,678963,12193,308844,432000
815,633,621,678319,12216,309465,411700
816,646,616,677702,12217,310081,467100
817,630,610,677051,12258,310691,503200
818,582,611,676470,12228,311302,576000
819,656,643,675816,12239,311945,495300
820,632,610,675205,12240,312555,439300
821,602,625,674580,12240,313180,469700
822,626,685,673973,12162,313865,571600
823,619,608,673349,12178,314473,501800
824,660,609,672681,12237,315082,463500
825,640,635,672032,12251,315717,473300
826,625,625,671409,12249,316342,468300
827,631,585,670788,12285,316927,460400
828,655,661,670137,12275,317588,409900
829,648,613,669484,12315,318201,478600
830,630,610,668857,12332,318811,655500
831,603,640,668239,12310,319451,593500
832,586,646,667658,12245,320097,579800
833,605,660,667048,12195,320757,663400
834,631,652,666423,12168,321409,560300
835,605,624,665823,12144,322033,540000
836,634,631,665188,12148,322664,503300
837,620,656,664565,12115,323320,491100
838,604,607,663958,12115,323927,425600
839,666,622,663309,12142,324549,412100
840,659,630,662649,12172,325179,469700
841,647,635,661994,12192,325814,477400
842,608,608,661371,12207,326422,498700
843,662,600,660728,12250,327022,471700
844,657,606,660091,12281,327628,503800
845,654,635,659408,12329,328263,521900
846,638,584,658773,12380,328847,524800
847,615,664,658145,12344,329511,511000
848,581,614,657580,12295,330125,459500
849,619,685,656950,12240,330810,468100
850,634,619,656322,12249,331429,431500
851,631,636,655685,12250,332065,501800
852,636,652,655052,12231,332717,467600
853,637,613,654407,12263,333330,516500
854,685,655,653729,12286,333985,470600
855,632,627,653116,12272,334612,522200
856,637,606,652468,12314,335218,549900
857,620,633,651844,12305,335851,457700
858,628,645,651210,12294,336496,504700
859,635,619,650582,12303,337115,576300
860,622,678,649947,12260,337793,561000
861,608,623,649339,12245,338416,512500
862,635,618,648714,12252,339034,467200
863,599,619,648104,12243,339653,457800
864,639,614,647484,12249,340267,441600
865,640,659,646842,12232,340926,835900
866,628,619,646208,12247,341545,550300
867,620,697,645576,12182,342242,431100
868,645,633,644961,12164,342875,401900
869,635,655,644314,12156,343530,366700
870,626,617,643688,12165,344147,414300
871,583,616,643099,12138,344763,448400
872,624,635,642458,12144,345398,510400
873,604,624,641862,12116,346022,475500
874,577,581,641288,12109,346603,505500
875,631,632,640664,12101,347235,392500
876,610,605,640041,12119,347840,414200
877,682,648,639371,12141,348488,399000
878,573,679,638805,12028,349167,393800
879,648,663,638141,12029,349830,451900
880,586,663,637561,11946,350493,387900
881,582,632,636989,11886,351125,393600
882,587,585,636381,11909,351710,451500
883,580,621,635803,11866,352331,411600
884,569,584,635249,11836,352915,419200
885,628,633,634633,11819,353548,373500
886,560,621,634049,11782,354169,403700
887,592,576,633459,11796,354745,439000
888,543,611,632921,11723,355356,427500
889,514,608,632399,11637,355964,462200
890,594,572,631809,11655,356536,416800
891,602,608,631224,11632,357144,416400
892,608,618,630607,11631,357762,407400
893,592,610,629998,11630,358372,511800
894,613,601,629389,11638,358973,453700
895,600,565,628804,11658,359538,475300
896,586,642,628208,11612,360180,412000
897,586,606,627633,11581,360786,449900
898,557,613,627074,11527,361399,468100
899,595,585,626462,11554,361984,503600
900,590,593,625882,11541,362577,475200
901,580,600,625305,11518,363177,488600
902,597,592,624697,11534,363769,461300
903,608,569,624117,11545,364338,429700
904,568,591,623519,11552,364929,495000
905,573,593,622951,11527,365522,467900
906,605,588,622351,11539,366110,462400
907,586,601,621755,11534,366711,528400
908,602,604,621166,11519,367315,432500
909,548,638,620619,11428,367953,367100
910,585,634,620022,11391,368587,422800
911,627,583,619408,11422,369170,387300
912,609,593,618790,11447,369763,446200
913,635,565,618161,11511,370328,475600
914,593,606,617555,11511,370934,498900
915,669,567,616893,11606,371501,433000
916,620,591,616288,11620,372092,415300
917,586,609,615672,11627,372701,418000
918,646,613,615051,11635,373314,420800
919,598,586,614446,11654,373900,452400
920,630,580,613826,11694,374480,427100
921,622,526,613194,11800,375006,456900
922,594,610,612593,11791,375616,438700
923,636,627,611969,11788,376243,446400
924,598,608,611364,11785,376851,417400
925,587,637,610775,11737,377488,398400
926,621,638,610152,11722,378126,434400
927,615,560,609542,11772,378686,403900
928,569,594,608970,11750,379280,460800
929,605,583,608362,11775,379863,446500
930,548,554,607825,11758,380417,478600
931,559,606,607260,11717,381023,446200
932,552,641,606694,11642,381664,505200
933,596,651,606115,11570,382315,448200
934,590,591,605523,11571,382906,450800
935,605,590,604917,11587,383496,447000
936,567,599,604340,11565,384095,429100
937,622,565,603724,11616,384660,423900
938,590,638,603156,11546,385298,448200
939,614,591,602518,11593,385889,436800
940,578,603,601946,11562,386492,429200
941,594,627,601361,11520,387119,443200
942,573,551,600791,11539,387670,392600
943,630,576,600164,11590,388246,456900
944,636,605,599518,11631,388851,452600
945,568,613,598953,11583,389464,448400
946,611,591,598335,11610,390055,443300
947,608,640,597713,11592,390695,425400
948,613,572,597103,11630,391267,416600
949,610,583,596501,11649,391850,384300
950,605,612,595910,11628,392462,429300
951,595,603,595296,11639,393065,446000
952,577,616,594721,11598,393681,423900
953,602,581,594112,11626,394262,400000
954,650,594,593477,11667,394856,409600
955,634,597,592855,11692,395453,403000
956,617,629,592236,11682,396082,442500
957,636,599,591607,11712,396681,416500
958,623,553,590978,11788,397234,440700
959,590,602,590370,11794,397836,460000
960,572,556,589788,11820,398392,421900
961,621,580,589182,11846,398972,457300
962,634,636,588564,11828,399608,438200
963,621,614,587930,11848,400222,458300
964,605,623,587332,11823,400845,472200
965,631,637,586697,11821,401482,460500
966,583,566,586111,11841,402048,448000
967,645,623,585468,11861,402671,391300
968,644,612,584820,11897,403283,416900
969,593,611,584256,11850,403894,378100
970,651,554,583596,11956,404448,394200
971,607,621,582974,11957,405069,405200
972,616,563,582352,12016,405632,372000
973,645,624,581718,12026,406256,410400
974,636,623,581076,12045,406879,442600
975,600,616,580483,12022,407495,464700
976,615,641,579857,12007,408136,387700
977,615,655,579254,11955,408791,371400
978,639,605,578611,11993,409396,402200
979,643,580,577957,12067,409976,354300
980,651,616,577311,12097,410592,397100
981,623,634,576684,12090,411226,409000
982,647,663,576039,12072,411889,409900
983,626,611,575417,12083,412500,429300
984,607,609,574820,12071,413109,412000
985,633,600,574176,12115,413709,482800
986,644,688,573530,12073,414397,435600
987,615,602,572914,12087,414999,409900
988,627,624,572293,12084,415623,401900
989,639,655,571654,12068,416278,572200
990,634,641,571008,12073,416919,458500
991,605,608,570434,12039,417527,467900
992,604,577,569814,12082,418104,489300
993,663,651,569127,12118,418755,501300
994,649,614,568499,12132,419369,432400
995,643,614,567857,12160,419983,414600
996,667,619,567193,12205,420602,419400
997,669,632,566517,12249,421234,417200
998,651,594,565893,12279,421828,397100
999,596,620,565262,12290,422448,422300
1000,651,569,564617,12366,423017,453200
1001,677,639,563951,12393,423656,512600
1002,617,619,563339,12386,424275,452000
1003,726,668,562603,12454,424943,463300
1004,647,650,561951,12456,425593,506400
1005,634,656,561310,12441,426249,432100
1006,655,603,560663,12485,426852,466200
1007,666,632,560013,12503,427484,410700
1008,592,630,559397,12489,428114,426300
1009,671,663,558733,12490,428777,383600
1010,629,670,558119,12434,429447,402800
1011,656,640,557463,12450,430087,397800
1012,653,635,556793,12485,430722,411900
1013,631,634,556170,12474,431356,409700
1014,641,630,555529,12485,431986,378300
1015,633,657,554892,12465,432643,410400
1016,601,627,554288,12442,433270,431300
1017,656,623,553642,12465,433893,354300
1018,612,630,553021,12456,434523,426300
1019,635,649,552394,12434,435172,408800
1020,628,636,551765,12427,435808,410300
1021,599,649,551162,12381,436457,420300
1022,610,652,550536,12355,437109,379600
1023,595,623,549947,12321,437732,420200
1024,606,617,549341,12310,438349,386800
1025,576,641,548781,12229,438990,393200
1026,598,611,548167,12232,439601,428400
1027,680,655,547505,12239,440256,422800
1028,598,632,546897,12215,440888,411900
1029,652,607,546246,12259,441495,382100
1030,627,596,545614,12295,442091,418400
1031,590,651,545023,12235,442742,410900
1032,625,640,544407,12211,443382,398100
1033,599,667,543817,12134,444049,386500
1034,581,591,543217,12143,444640,463000
1035,592,619,542631,12110,445259,388600
1036,601,620,542031,12090,445879,433800
1037,530,644,541481,11996,446523,415100
1038,564,614,540926,11937,447137,413900
1039,570,619,540365,11879,447756,413800
1040,599,631,539769,11844,448387,416300
1041,592,615,539170,11828,449002,438700
1042,648,638,538517,11843,449640,413700
1043,592,607,537926,11827,450247,400700
1044,586,594,537359,11800,450841,414400
1045,633,618,536704,11837,451459,590200
1046,671,583,536050,11908,452042,396100
1047,618,612,535428,11918,452654,395800
1048,662,615,534793,11938,453269,372300
1049,616,642,534147,11942,453911,416500
1050,591,638,533536,11915,454549,380800
1051,641,617,532912,11922,455166,401100
1052,611,645,532327,11862,455811,393900
1053,623,633,531685,11871,456444,413000
1054,575,637,531095,11824,457081,386400
1055,590,623,530505,11791,457704,372500
1056,607,575,529912,11809,458279,396400
1057,566,622,529330,11769,458901,345700
1058,588,597,528749,11753,459498,357700
1059,656,619,528114,11769,460117,437700
1060,662,621,527439,11823,460738,403700
1061,626,620,526816,11826,461358,449500
1062,633,570,526184,11888,461928,438200
1063,572,587,525595,11890,462515,448000
1064,627,647,524988,11850,463162,423300
1065,644,627,524328,11883,463789,445700
1066,629,581,523718,11912,464370,469900
1067,607,588,523108,11934,464958,388200
1068,678,627,522442,11973,465585,396900
1069,623,627,521808,11980,466212,376800
1070,641,603,521162,12023,466815,447100
1071,636,626,520524,12035,467441,439900
1072,641,622,519901,12036,468063,445600
1073,645,587,519236,12114,468650,442300
1074,635,656,518599,12095,469306,434500
1075,661,566,517950,12178,469872,456300
1076,669,607,517281,12240,470479,418700
1077,630,615,516639,12267,471094,397500
1078,648,639,516002,12265,471733,374500
1079,672,649,515329,12289,472382,393900
1080,614,627,514722,12269,473009,394900
1081,621,611,514081,12299,473620,437200
1082,619,624,513475,12281,474244,426600
1083,654,597,512820,12339,474841,415900
1084,593,641,512211,12307,475482,431600
1085,623,628,511614,12276,476110,405000
1086,686,598,510931,12361,476708,422400
1087,631,618,510281,12393,477326,377300
1088,652,659,509630,12385,477985,358500
1089,676,639,508965,12411,478624,410800
1090,647,664,508284,12428,479288,405000
1091,642,632,507676,12404,479920,420300
1092,594,638,507071,12371,480558,385300
1093,618,610,506444,12388,481168,379700
1094,687,613,505763,12456,481781,376800
1095,650,666,505100,12453,482447,408700
1096,601,665,504520,12368,483112,396400
1097,623,623,503900,12365,483735,430100
1098,568,588,503328,12349,484323,438400
1099,693,618,502642,12417,484941,408100
1100,614,639,502010,12410,485580,382600
1101,666,620,501358,12442,486200,437600
1102,616,631,500734,12435,486831,421300
1103,658,672,500076,12421,487503,419700
1104,635,641,499433,12423,488144,407300
1105,604,647,498846,12363,488791,478800
1106,680,634,498164,12411,489425,466900
1107,637,643,497527,12405,490068,538100
1108,660,655,496872,12405,490723,409000
1109,595,607,496258,12412,491330,383400
1110,661,642,495606,12422,491972,392900
1111,660,616,494950,12462,492588,385400
1112,659,652,494301,12459,493240,426100
1113,650,674,493635,12451,493914,404100
1114,665,688,492982,12416,494602,420600
1115,661,644,492306,12448,495246,416900
1116,663,641,491666,12447,495887,410900
1117,661,638,490981,12494,496525,413400
1118,636,648,490341,12486,497173,430000
1119,621,626,489734,12467,497799,415100
1120,606,586,489125,12490,498385,439300
1121,673,653,488449,12513,499038,396300
1122,606,637,487834,12491,499675,406500
1123,642,690,487210,12425,500365,418800
1124,617,631,486580,12424,500996,399000
1125,637,667,485941,12396,501663,429900
1126,665,629,485283,12425,502292,427700
1127,648,629,484640,12439,502921,389600
1128,627,678,483999,12402,503599,415000
1129,591,678,483414,12309,504277,424200
1130,607,572,482823,12328,504849,442400
1131,635,677,482185,12289,505526,515200
1132,619,627,481530,12317,506153,411500
1133,579,627,480972,12248,506780,438000
1134,610,640,480364,12216,507420,399900
1135,582,594,479781,12205,508014,419700
1136,601,607,479195,12184,508621,407700
1137,630,606,478559,12214,509227,380700
1138,649,615,477913,12245,509842,364900
1139,649,640,477250,12268,510482,369900
1140,623,625,476634,12259,511107,397000
1141,627,625,476001,12267,511732,387100
1142,654,619,475337,12312,512351,472700
1143,630,694,474728,12227,513045,422400
1144,686,643,474063,12249,513688,434300
1145,636,617,473399,12296,514305,433200
1146,706,613,472694,12388,514918,455400
1147,671,650,472036,12396,515568,487800
1148,681,663,471371,12398,516231,446800
1149,631,626,470708,12435,516857,507000
1150,682,649,470038,12456,517506,403400
1151,685,630,469346,12518,518136,412200
1152,708,636,468642,12586,518772,398600
1153,646,696,467991,12541,519468,390800
1154,640,628,467337,12567,520096,368400
1155,669,667,466681,12556,520763,359700
1156,667,614,466018,12605,521377,351600
1157,692,649,465335,12639,522026,396100
1158,677,652,464657,12665,522678,386800
1159,661,666,463988,12668,523344,446400
1160,673,620,463306,12730,523964,380700
1161,683,681,462624,12731,524645,387800
1162,686,654,461961,12740,525299,416200
1163,679,668,461278,12755,525967,389900
1164,674,713,460585,12735,526680,416300
1165,707,646,459889,12785,527326,429600
1166,696,686,459188,12800,528012,397300
1167,657,619,458528,12841,528631,440200
1168,736,624,457808,12937,529255,420500
1169,735,686,457059,13000,529941,430500
1170,670,679,456387,12993,530620,421100
1171,725,659,455668,13053,531279,449700
1172,689,709,454981,13031,531988,425500
1173,664,687,454314,13011,532675,451700
1174,750,692,453551,13082,533367,491800
1175,653,707,452912,13014,534074,481000
1176,645,695,452258,12973,534769,460400
1177,696,648,451570,13013,535417,403700
1178,634,690,450946,12947,536107,446600
1179,630,661,450314,12918,536768,443700
1180,620,708,449677,12847,537476,462700
1181,637,697,449047,12780,538173,465600
1182,638,668,448402,12757,538841,550800
1183,643,611,447761,12787,539452,482400
1184,630,695,447143,12710,540147,467600
1185,652,650,446491,12712,540797,472200
1186,679,656,445806,12741,541453,571800
1187,594,682,445198,12667,542135,526200
1188,685,687,444527,12651,542822,482500
1189,615,688,443920,12570,543510,527000
1190,653,615,443248,12627,544125,438400
1191,641,611,442603,12661,544736,431500
1192,634,676,441985,12603,545412,401100
1193,627,661,441350,12577,546073,498700
1194,627,635,440722,12570,546708,431300
1195,591,636,440124,12532,547344,497600
1196,644,656,439506,12494,548000,467100
1197,647,637,438847,12516,548637,464200
1198,633,609,438219,12535,549246,582400
1199,611,610,437592,12552,549856,444500
1200,667,648,436938,12558,550504,612700
1201,646,646,436277,12573,551150,494200
1202,634,629,435650,12571,551779,462500
1203,651,627,435000,12594,552406,410500
1204,632,641,434368,12585,553047,445500
1205,618,645,433754,12554,553692,450700
1206,626,691,433116,12501,554383,481200
1207,640,650,432495,12472,555033,414000
1208,671,658,431826,12483,555691,400400
1209,650,684,431161,12464,556375,447300
1210,644,680,430537,12408,557055,427400
1211,632,682,429891,12372,557737,481600
1212,595,605,429276,12382,558342,469500
1213,631,653,428665,12340,558995,451000
1214,618,620,428050,12335,559615,495700
1215,661,614,427405,12366,560229,423100
1216,679,644,426700,12427,560873,434500
1217,677,609,426039,12479,561482,467000
1218,618,684,425411,12423,562166,452700
1219,650,624,424755,12455,562790,520900
1220,586,618,424181,12411,563408,433700
1221,632,650,423538,12404,564058,467800
1222,637,652,422909,12381,564710,522400
1223,594,658,422302,12330,565368,497700
1224,617,607,421690,12335,565975,469000
1225,639,651,421059,12315,566626,497900
1226,640,648,420423,12303,567274,547700
1227,630,661,419789,12276,567935,508700
1228,643,613,419147,12305,568548,532000
1229,622,656,418509,12287,569204,477000
1230,661,609,417860,12327,569813,500100
1231,629,588,417221,12378,570401,487200
1232,640,668,416584,12347,571069,441900
1233,580,616,416012,12303,571685,472000
1234,613,650,415396,12269,572335,501200
1235,624,640,414772,12253,572975,468800
1236,596,606,414164,12255,573581,465000
1237,656,603,413546,12270,574184,463100
1238,638,626,412882,12308,574810,502000
1239,589,689,412285,12216,575499,494500
1240,605,578,411689,12234,576077,447700
1241,596,594,411091,12238,576671,476700
1242,600,604,410498,12227,577275,488000
1243,654,614,409835,12276,577889,557400
1244,631,631,409206,12274,578520,566400
1245,627,642,408582,12256,579162,504000
1246,680,651,407920,12267,579813,513600
1247,662,570,407241,12376,580383,473500
1248,638,622,406623,12372,581005,523300
1249,660,648,405949,12398,581653,524200
1250,676,636,405267,12444,582289,539300
1251,631,637,404633,12441,582926,547500
1252,610,650,404017,12407,583576,433700
1253,637,645,403399,12380,584221,415400
1254,616,642,402768,12369,584863,443500
1255,654,641,402121,12375,585504,416500
1256,648,658,401458,12380,586162,421000
1257,638,646,400839,12353,586808,449800
1258,659,613,400176,12403,587421,467000
1259,605,628,399566,12385,588049,578900
1260,638,650,398930,12371,588699,420200
1261,618,644,398313,12344,589343,533700
1262,566,616,397738,12303,589959,446000
1263,673,618,397088,12335,590577,602900
1264,629,610,396455,12358,591187,638200
1265,626,671,395799,12343,591858,558100
1266,576,642,395242,12258,592500,470900
1267,588,632,394638,12230,593132,485500
1268,593,655,394053,12160,593787,426500
1269,604,605,393447,12161,594392,436900
1270,606,688,392856,12064,595080,422500
1271,591,593,392252,12075,595673,531200
1272,565,590,391691,12046,596263,480200
1273,649,602,391052,12083,596865,512300
1274,631,649,390406,12080,597514,562700
1275,620,561,389796,12129,598075,665400
1276,577,601,389217,12107,598676,480800
1277,600,633,388612,12079,599309,446400
1278,635,604,387971,12116,599913,514500
1279,637,626,387346,12115,600539,551500
1280,647,657,386701,12103,601196,469000
1281,632,632,386059,12113,601828,490400
1282,622,617,385436,12119,602445,512400
1283,665,651,384780,12124,603096,470600
1284,609,615,384158,12131,603711,536300
1285,603,648,383564,12077,604359,557200
1286,607,608,382957,12076,604967,486300
1287,596,619,382369,12045,605586,522000
1288,598,613,381765,12036,606199,441300
1289,581,634,381158,12009,606833,414900
1290,619,585,380581,12001,607418,493200
1291,588,589,379988,12005,608007,484900
1292,588,638,379378,11977,608645,511600
1293,661,636,378720,11999,609281,467000
1294,614,600,378113,12006,609881,521800
1295,614,594,377500,12025,610475,518600
1296,622,619,376892,12014,611094,587500
1297,624,640,376248,12018,611734,543500
1298,609,598,375634,12034,612332,467000
1299,665,610,374989,12069,612942,468800
1300,663,615,374328,12115,613557,433700
1301,619,600,373703,12140,614157,526300
1302,622,602,373076,12165,614759,453000
1303,584,648,372499,12094,615407,546700
1304,599,609,371891,12093,616016,521200
1305,618,616,371287,12081,616632,557400
1306,616,638,370661,12069,617270,453100
1307,616,582,370035,12113,617852,442400
1308,662,656,369399,12093,618508,498400
1309,634,635,368760,12097,619143,459000
1310,579,620,368163,12074,619763,430900
1311,661,595,367513,12129,620358,500600
1312,644,590,366870,12182,620948,505900
1313,637,640,366220,12192,621588,531000
1314,568,623,365656,12133,622211,503100
1315,621,672,365038,12079,622883,467800
1316,632,601,364401,12115,623484,493800
1317,611,608,363794,12114,624092,433200
1318,632,603,363164,12141,624695,624000
1319,643,606,362533,12166,625301,428100
1320,611,638,361921,12140,625939,474800
1321,667,620,361246,12195,626559,441700
1322,620,619,360644,12178,627178,513700
1323,639,632,359980,12210,627810,449000
1324,633,621,359339,12230,628431,516600
1325,623,601,358723,12245,629032,461700
1326,648,637,358093,12238,629669,468300
1327,658,676,357430,12225,630345,424000
1328,626,646,356796,12213,630991,509200
1329,646,621,356146,12242,631612,475000
1330,616,651,355529,12208,632263,467400
1331,685,582,354854,12301,632845,444000
1332,698,603,354155,12397,633448,493400
1333,616,652,353552,12348,634100,453800
1334,640,673,352900,12327,634773,425100
1335,648,654,352261,12312,635427,437400
1336,615,601,351628,12344,636028,434300
1337,611,674,351021,12277,636702,456600
1338,613,630,350405,12263,637332,454700
1339,598,633,349806,12229,637965,547900
1340,661,608,349155,12272,638573,512700
1341,649,660,348513,12254,639233,515900
1342,618,649,347865,12253,639882,429300
1343,625,629,347253,12236,640511,416300
1344,603,628,346652,12209,641139,449700
1345,574,610,346063,12188,641749,466500
1346,648,623,345443,12185,642372,465200
1347,691,630,344750,12248,643002,426200
1348,577,659,344153,12186,643661,400500
1349,595,646,343566,12127,644307,388300
1350,587,618,342976,12099,644925,400600
1351,633,623,342345,12107,645548,408200
1352,647,614,341705,12133,646162,413100
1353,635,607,341072,12159,646769,432100
1354,631,637,340434,12160,647406,397500
1355,664,652,339764,12178,648058,386500
1356,696,615,339085,12242,648673,468700
1357,657,638,338422,12267,649311,486300
1358,647,655,337765,12269,649966,629200
1359,616,634,337159,12241,650600,456100
1360,607,617,336534,12249,651217,466300
1361,650,631,335899,12253,651848,421500
1362,669,630,335234,12288,652478,505600
1363,653,589,334570,12363,653067,417300
1364,645,652,333924,12357,653719,454900
1365,603,689,333316,12276,654408,413200
1366,620,631,332695,12266,655039,398000
1367,656,617,332053,12291,655656,697300
1368,603,627,331444,12273,656283,580000
1369,646,636,330810,12271,656919,744000
1370,640,645,330164,12272,657564,478000
1371,595,652,329567,12217,658216,452600
1372,585,610,329001,12173,658826,430500
1373,596,645,328399,12130,659471,435100
1374,573,630,327808,12091,660101,541900
1375,622,610,327193,12096,660711,445300
1376,591,659,326599,12031,661370,464000
1377,666,667,325917,12046,662037,398900
1378,637,638,325292,12033,662675,485300
1379,625,632,324676,12017,663307,411900
1380,611,584,324080,12029,663891,401000
1381,586,622,323477,12010,664513,439700
1382,607,608,322868,12011,665121,444700
1383,626,577,322228,12074,665698,441300
1384,630,604,321609,12089,666302,481600
1385,657,674,320959,12065,666976,483600
1386,609,621,320342,12061,667597,437000
1387,585,601,319762,12040,668198,483900
1388,652,641,319103,12058,668839,439500
1389,614,632,318508,12021,669471,466200
1390,605,597,317877,12055,670068,555200
1391,606,593,317291,12048,670661,555400
1392,586,590,316693,12056,671251,462500
1393,563,641,316133,11975,671892,539100
1394,558,600,315572,11936,672492,427300
1395,543,633,315027,11848,673125,457800
1396,648,644,314395,11836,673769,431500
1397,573,632,313817,11782,674401,450500
1398,579,620,313232,11747,675021,399200
1399,595,548,312643,11788,675569,503200
1400,604,600,312035,11796,676169,520400
1401,606,602,311442,11787,676771,553000
1402,608,602,310824,11803,677373,452100
1403,543,590,310268,11769,677963,420100
1404,585,598,309698,11741,678561,443200
1405,598,597,309083,11759,679158,417200
1406,574,634,308512,11696,679792,426400
1407,562,635,307939,11634,680427,434700
1408,564,606,307377,11590,681033,454200
1409,640,570,306760,11637,681603,450300
1410,655,613,306104,11680,682216,449200
1411,591,610,305520,11654,682826,412300
1412,582,616,304923,11635,683442,419400
1413,555,630,304363,11565,684072,443400
1414,553,594,303819,11515,684666,435600
1415,587,551,303227,11556,685217,473700
1416,589,590,302640,11553,685807,464600
1417,597,611,302053,11529,686418,635700
1418,544,599,301507,11476,687017,541300
1419,560,559,300916,11508,687576,486700
1420,584,606,300362,11456,688182,480900
1421,616,536,299751,11531,688718,631200
1422,605,568,299134,11580,689286,472800
1423,591,568,298542,11604,689854,564600
1424,634,618,297920,11608,690472,567700
1425,611,585,297299,11644,691057,581000
1426,606,621,296697,11625,691678,544300
1427,586,629,296101,11592,692307,484800
1428,603,590,295520,11583,692897,464800
1429,577,581,294921,11601,693478,457400
1430,597,610,294318,11594,694088,460700
1431,605,607,293710,11595,694695,585700
1432,563,623,293170,11512,695318,431200
1433,576,596,292596,11490,695914,423200
1434,567,582,292015,11489,696496,441500
1435,606,594,291408,11502,697090,421700
1436,648,587,290763,11560,697677,491800
1437,556,596,290195,11532,698273,433100
1438,592,602,289615,11510,698875,417600
1439,587,550,289039,11536,699425,442100
1440,629,573,288402,11600,699998,480700
1441,634,618,287766,11618,700616,452800
1442,624,631,287157,11596,701247,413200
1443,567,655,286570,11528,701902,654300
1444,568,588,286007,11503,702490,427300
1445,629,633,285384,11493,703123,450400
1446,588,594,284764,11519,703717,440200
1447,582,636,284210,11437,704353,398900
1448,623,586,283603,11458,704939,399900
1449,596,567,282989,11505,705506,410900
1450,583,574,282430,11490,706080,400200
1451,563,615,281837,11468,706695,459800
1452,570,603,281279,11423,707298,407900
1453,615,616,280660,11426,707914,404500
1454,574,572,280085,11429,708486,371900
1455,599,591,279485,11438,709077,374100
1456,649,590,278838,11495,709667,404400
1457,612,607,278237,11489,710274,384800
1458,619,656,277614,11456,710930,362600
1459,600,593,277011,11466,711523,404900
1460,582,551,276414,11512,712074,436800
1461,585,625,275837,11464,712699,441400
1462,606,605,275245,11451,713304,416900
1463,586,577,274651,11468,713881,482600
1464,614,611,274037,11471,714492,409400
1465,558,622,273472,11414,715114,411500
1466,596,552,272893,11441,715666,425100
1467,610,590,272265,11479,716256,378200
1468,635,585,271644,11515,716841,433000
1469,599,626,271030,11503,717467,403600
1470,644,607,270395,11531,718074,451000
1471,578,568,269809,11549,718642,460600
1472,557,560,269241,11557,719202,439500
1473,599,555,268667,11576,719757,443600
1474,579,582,268091,11570,720339,435300
1475,627,613,267464,11584,720952,437500
1476,618,585,266820,11643,721537,424900
1477,654,606,266188,11669,722143,431000
1478,609,642,265566,11649,722785,429600
1479,592,610,264979,11626,723395,430300
1480,581,603,264388,11614,723998,400100
1481,596,632,263794,11576,724630,411900
1482,622,581,263193,11596,725211,418400
1483,616,602,262580,11607,725813,408600
1484,566,601,262008,11578,726414,413500
1485,568,616,261431,11539,727030,415800
1486,579,615,260836,11519,727645,417400
1487,540,619,260305,11431,728264,409800
1488,560,583,259747,11406,728847,399400
1489,521,566,259221,11366,729413,453500
1490,552,560,258680,11347,729973,431600
1491,542,584,258121,11322,730557,421000
1492,558,570,257574,11299,731127,444600
1493,551,582,257013,11278,731709,408500
1494,528,534,256504,11253,732243,407900
1495,519,622,255966,11169,732865,472000
1496,541,563,255434,11138,733428,454200
1497,560,538,254885,11149,733966,437000
1498,532,602,254326,11106,734568,489700
1499,573,585,253779,11068,735153,471800
1500,531,585,253235,11027,735738,381500
1501,524,573,252711,10978,736311,432600
1502,561,564,252175,10950,736875,471800
1503,512,609,251621,10895,737484,462600
1504,529,551,251097,10868,738035,465500
1505,548,530,250558,10877,738565,431000
1506,548,585,250017,10833,739150,406200
1507,553,571,249455,10824,739721,408400
1508,562,561,248901,10817,740282,406300
1509,549,559,248356,10803,740841,441800
1510,563,535,247799,10825,741376,408200
1511,565,553,247222,10849,741929,413600
1512,540,566,246688,10817,742495,445200
1513,623,556,246078,10871,743051,434600
1514,611,610,245442,10897,743661,466100
1515,576,564,244874,10901,744225,458600
1516,569,548,244292,10935,744773,465100
1517,574,537,243734,10956,745310,462400
1518,542,577,243183,10930,745887,456800
1519,606,604,242582,10927,746491,441800
1520,548,594,242021,10894,747085,483000
1521,580,539,241463,10913,747624,406200
1522,588,545,240881,10950,748169,426100
1523,531,538,240340,10953,748707,515200
1524,542,540,239774,10979,749247,487900
1525,530,549,239283,10921,749796,493300
1526,534,575,238732,10897,750371,504600
1527,526,521,238202,10906,750892,481500
1528,563,531,237642,10935,751423,478200
1529,523,563,237095,10919,751986,476200
1530,569,535,236564,10915,752521,473100
1531,552,546,235996,10937,753067,434100
1532,553,566,235443,10924,753633,418500
1533,539,584,234904,10879,754217,506400
1534,543,582,234354,10847,754799,428000
1535,519,529,233846,10826,755328,453300
1536,536,526,233307,10839,755854,430000
1537,515,566,232789,10791,756420,451100
1538,541,577,232244,10759,756997,872100
1539,539,563,231720,10720,757560,441700
1540,536,552,231163,10725,758112,451000
1541,552,571,230622,10695,758683,404500
1542,514,581,230114,10622,759264,455300
1543,494,557,229613,10566,759821,455400
1544,514,530,229100,10549,760351,423100
1545,535,564,228550,10535,760915,447700
1546,501,564,228061,10460,761479,406200
1547,502,531,227558,10432,762010,393700
1548,530,574,227033,10383,762584,395800
1549,491,523,226527,10366,763107,404300
1550,516,542,226023,10328,763649,405100
1551,505,525,225513,10313,764174,415000
1552,503,530,225005,10291,764704,531100
1553,550,541,224461,10294,765245,440500
1554,543,514,223928,10313,765759,472800
1555,475,521,223458,10262,766280,471400
1556,551,536,222890,10294,766816,449600
1557,513,516,222372,10296,767332,419900
1558,525,560,221850,10258,767892,457300
1559,525,547,221334,10227,768439,390600
1560,466,520,220861,10180,768959,438100
1561,540,534,220323,10184,769493,422500
1562,478,540,219839,10128,770033,443300
1563,445,451,219405,10111,770484,439300
1564,493,534,218902,10080,771018,452000
1565,446,497,218456,10029,771515,420600
1566,489,517,217969,9999,772032,377900
1567,469,525,217486,9957,772557,483900
1568,438,516,217056,9871,773073,396400
1569,442,539,216617,9771,773612,425300
1570,497,472,216125,9791,774084,418200
1571,498,501,215628,9787,774585,412100
1572,481,517,215154,9744,775102,456700
1573,473,453,214674,9771,775555,497800
1574,469,501,214212,9732,776056,479800
1575,464,506,213735,9703,776562,387000
1576,438,485,213307,9646,777047,398000
1577,472,532,212829,9592,777579,376800
1578,449,498,212391,9532,778077,383000
1579,458,504,211910,9509,778581,387900
1580,477,482,211453,9484,779063,454800
1581,461,473,210979,9485,779536,412200
1582,453,476,210523,9465,780012,398700
1583,466,493,210067,9428,780505,396200
1584,511,506,209539,9450,781011,381300
1585,426,486,209115,9388,781497,404900
1586,453,452,208681,9370,781949,385200
1587,444,490,208237,9324,782439,422700
1588,458,517,207761,9283,782956,384700
1589,429,474,207326,9244,783430,399300
1590,469,449,206866,9255,783879,412700
1591,417,466,206447,9208,784345,401900
1592,511,462,205957,9236,784807,434500
1593,416,469,205531,9193,785276,721000
1594,458,478,205066,9180,785754,449400
1595,482,450,204605,9191,786204,402900
1596,494,430,204093,9273,786634,405200
1597,517,466,203577,9323,787100,438800
1598,498,511,203096,9293,787611,399800
1599,497,462,202583,9344,788073,424200
1600,511,506,202081,9340,788579,424700
1601,482,458,201589,9374,789037,454600
1602,481,493,201108,9362,789530,496600
1603,511,462,200597,9411,789992,455400
1604,526,498,200082,9428,790490,416900
1605,488,484,199582,9444,790974,410200
1606,511,525,199088,9413,791499,414600
1607,494,492,198597,9412,791991,442800
1608,471,519,198107,9383,792510,451700
1609,510,479,197597,9414,792989,365100
1610,473,485,197135,9391,793474,393000
1611,494,451,196653,9422,793925,458100
1612,484,511,196148,9416,794436,469400
1613,496,463,195653,9448,794899,521700
1614,494,503,195160,9438,795402,448200
1615,477,464,194679,9455,795866,462400
1616,476,435,194204,9495,796301,433300
1617,465,449,193734,9516,796750,471700
1618,474,515,193281,9454,797265,428000
1619,488,516,192778,9441,797781,438800
1620,462,506,192320,9393,798287,446700
1621,446,487,191864,9362,798774,445500
1622,465,496,191395,9335,799270,398500
1623,445,469,190965,9296,799739,477300
1624,441,484,190506,9271,800223,452700
1625,444,496,190068,9213,800719,468100
1626,422,467,189648,9166,801186,398400
1627,475,453,189185,9176,801639,401700
1628,459,471,188716,9174,802110,398700
1629,419,444,188288,9158,802554,385000
1630,412,478,187874,9094,803032,413400
1631,461,468,187420,9080,803500,381800
1632,432,453,186986,9061,803953,439200
1633,421,463,186560,9024,804416,408500
1634,445,461,186109,9014,804877,413000
1635,451,478,185685,8960,805355,427100
1636,441,464,185236,8945,805819,396000
1637,385,478,184836,8867,806297,530100
1638,414,466,184427,8810,806763,463300
1639,448,410,183995,8832,807173,445100
1640,442,492,183543,8792,807665,491700
1641,426,468,183116,8751,808133,428200
1642,440,432,182682,8753,808565,440900
1643,427,469,182266,8700,809034,445300
1644,421,442,181834,8690,809476,451400
1645,421,440,181402,8682,809916,451500
1646,434,437,180994,8653,810353,454500
1647,426,438,180548,8661,810791,395300
1648,429,450,180114,8645,811241,425500
1649,402,430,179703,8626,811671,389700
1650,425,434,179282,8613,812105,411500
1651,459,395,178840,8660,812500,407400
1652,504,463,178346,8691,812963,395600
1653,426,415,177906,8716,813378,373800
1654,436,442,177473,8707,813820,439400
1655,507,447,176964,8769,814267,385200
1656,473,443,176480,8810,814710,387000
1657,464,452,176013,8825,815162,401700
1658,474,496,175572,8770,815658,412300
1659,442,451,175114,8777,816109,399500
1660,422,465,174677,8749,816574,446100
1661,471,419,174213,8794,816993,421000
1662,497,459,173718,8830,817452,456100
1663,452,459,173268,8821,817911,401900
1664,438,476,172821,8792,818387,421300
1665,464,462,172360,8791,818849,448900
1666,478,482,171885,8784,819331,388800
1667,421,445,171458,8766,819776,417100
1668,464,474,171005,8745,820250,397400
1669,484,436,170523,8791,820686,445300
1670,495,454,170019,8841,821140,440000
1671,460,476,169559,8825,821616,480000
1672,408,437,169165,8782,822053,406100
1673,452,425,168698,8824,822478,414400
1674,389,472,168301,8749,822950,497100
1675,385,445,167920,8685,823395,468600
1676,408,463,167510,8632,823858,483400
1677,406,432,167099,8611,824290,425100
1678,404,414,166714,8582,824704,432500
1679,439,453,166274,8569,825157,431900
1680,395,481,165873,8489,825638,407100
1681,382,456,165487,8419,826094,407200
1682,413,446,165089,8371,826540,427900
1683,378,429,164697,8334,826969,413600
1684,381,454,164309,8268,827423,394300
1685,336,428,163975,8174,827851,437000
1686,390,445,163591,8113,828296,428900
1687,400,379,163197,8128,828675,419900
1688,399,396,162800,8129,829071,444900
1689,387,435,162415,8079,829506,391900
1690,399,416,162000,8078,829922,381700
1691,420,451,161588,8039,830373,399200
1692,396,396,161195,8036,830769,403200
1693,430,411,160754,8066,831180,506300
1694,436,414,160337,8069,831594,439900
1695,433,399,159890,8117,831993,459000
1696,420,384,159471,8152,832377,414000
1697,390,392,159074,8157,832769,393900
1698,418,444,158676,8111,833213,422600
1699,401,427,158261,8099,833640,388700
1700,450,416,157819,8125,834056,402500
1701,405,422,157412,8110,834478,391700
1702,437,415,156970,8137,834893,412700
1703,440,448,156550,8109,835341,385600
1704,425,398,156104,8157,835739,418300
1705,437,408,155671,8182,836147,391400
1706,408,429,155252,8172,836576,472800
1707,397,403,154862,8159,836979,433400
1708,435,423,154426,8172,837402,426900
1709,431,417,153994,8187,837819,437900
1710,387,432,153613,8136,838251,422900
1711,384,392,153215,8142,838643,461200
1712,425,420,152814,8123,839063,529800
1713,415,413,152387,8137,839476,389700
1714,401,416,151988,8120,839892,454200
1715,383,398,151592,8118,840290,522800
1716,361,445,151232,8033,840735,509900
1717,389,421,150859,7985,841156,469000
1718,383,391,150466,7987,841547,516100
1719,393,390,150069,7994,841937,507100
1720,336,435,149741,7887,842372,441400
1721,375,395,149366,7867,842767,462200
1722,357,403,148999,7831,843170,486000
1723,322,397,148671,7762,843567,486000
1724,368,408,148323,7702,843975,472300
1725,342,378,147962,7685,844353,423000
1726,360,389,147619,7639,844742,468200
1727,384,407,147231,7620,845149,430900
1728,369,389,146856,7606,845538,398300
1729,348,379,146505,7578,845917,456500
1730,403,391,146116,7576,846308,604500
1731,356,395,145748,7549,846703,477200
1732,403,397,145343,7557,847100,456700
1733,346,400,145001,7499,847500,415000
1734,379,405,144618,7477,847905,406200
1735,392,384,144221,7490,848289,458900
1736,383,393,143846,7472,848682,435700
1737,399,393,143451,7474,849075,408000
1738,348,390,143101,7434,849465,463800
1739,340,374,142766,7395,849839,425000
1740,365,384,142395,7382,850223,399800
1741,366,388,142027,7362,850611,419300
1742,374,381,141652,7356,850992,415300
1743,333,371,141335,7302,851363,497400
1744,322,373,140998,7266,851736,398600
1745,403,369,140617,7278,852105,394200
1746,341,395,140245,7255,852500,388800
1747,374,372,139880,7248,852872,416500
1748,339,354,139543,7231,853226,494500
1749,356,408,139177,7189,853634,436700
1750,371,372,138826,7168,854006,439200
1751,409,366,138420,7208,854372,408900
1752,366,379,138045,7204,854751,491500
1753,359,402,137690,7157,855153,455900
1754,366,360,137319,7168,855513,410900
1755,359,333,136955,7199,855846,371800
1756,380,374,136576,7204,856220,444000
1757,356,366,136229,7185,856586,374600
1758,376,354,135851,7209,856940,435000
1759,339,360,135505,7195,857300,470400
1760,352,372,135158,7170,857672,420700
1761,332,403,134819,7106,858075,444500
1762,340,364,134483,7078,858439,461500
1763,342,350,134144,7067,858789,499200
1764,364,397,133777,7037,859186,414700
1765,363,381,133416,7017,859567,495700
1766,409,362,133000,7071,859929,498000
1767,363,360,132627,7084,860289,505700
1768,365,334,132279,7098,860623,464700
1769,384,352,131895,7130,860975,484100
1770,352,364,131549,7112,861339,449700
1771,387,413,131151,7097,861752,482200
1772,378,355,130775,7118,862107,436600
1773,379,398,130412,7083,862505,429100
1774,350,348,130045,7102,862853,434400
1775,346,341,129700,7106,863194,451000
1776,364,419,129341,7046,863613,413200
1777,349,345,128982,7060,863958,446000
1778,333,340,128650,7052,864298,448400
1779,329,386,128332,6984,864684,422300
1780,328,330,127988,6998,865014,424300
1781,343,365,127646,6975,865379,404200
1782,363,363,127297,6961,865742,373600
1783,338,336,126948,6974,866078,445500
1784,331,360,126617,6945,866438,426000
1785,350,356,126271,6935,866794,430600
1786,369,367,125899,6940,867161,464700
1787,364,392,125546,6901,867553,418100
1788,320,364,125218,6865,867917,385100
1789,343,364,124867,6852,868281,388600
1790,342,390,124525,6804,868671,388200
1791,350,370,124172,6787,869041,417400
1792,339,381,123841,6737,869422,441700
1793,309,343,123537,6698,869765,368700
1794,318,355,123203,6677,870120,400900
1795,350,333,122863,6684,870453,402800
1796,335,322,122526,6699,870775,424400
1797,348,342,122188,6695,871117,389000
1798,320,366,121863,6654,871483,416600
1799,328,325,121534,6658,871808,401500
1800,329,350,121196,6646,872158,429200
1801,326,312,120882,6648,872470,449700
1802,325,368,120550,6612,872838,394400
1803,317,355,120235,6572,873193,401200
1804,299,354,119935,6518,873547,396000
1805,312,332,119627,6494,873879,387900
1806,299,346,119325,6450,874225,418100
1807,294,315,119030,6430,874540,472800
1808,303,307,118724,6429,874847,452700
1809,327,344,118400,6409,875191,422900
1810,319,327,118073,6409,875518,408000
1811,304,306,117779,6397,875824,437800
1812,282,334,117487,6355,876158,408600
1813,318,300,117171,6371,876458,387100
1814,300,335,116875,6332,876793,399800
1815,295,348,116575,6284,877141,445400
1816,332,319,116253,6287,877460,394300
1817,315,323,115933,6284,877783,452400
1818,305,308,115627,6282,878091,383200
1819,335,318,115308,6283,878409,395300
1820,316,318,114990,6283,878727,375300
1821,312,351,114673,6249,879078,379400
1822,326,346,114340,6236,879424,417600
1823,306,332,114038,6206,879756,400200
1824,331,289,113704,6251,880045,390100
1825,312,305,113395,6255,880350,390000
1826,324,331,113060,6259,880681,473600
1827,306,323,112763,6233,881004,436300
1828,316,330,112448,6218,881334,419300
1829,302,327,112148,6191,881661,406700
1830,312,297,111831,6211,881958,454300
1831,313,327,111523,6192,882285,410000
1832,275,354,111242,6119,882639,436300
1833,294,345,110952,6064,882984,436400
1834,311,322,110635,6059,883306,397300
1835,295,292,110344,6058,883598,382200
1836,296,319,110052,6031,883917,385600
1837,278,330,109766,5987,884247,381900
1838,294,296,109460,5997,884543,426100
1839,287,304,109194,5959,884847,381300
1840,292,308,108898,5947,885155,397800
1841,305,323,108588,5934,885478,412100
1842,276,295,108323,5904,885773,402500
1843,294,306,108021,5900,886079,423200
1844,281,302,107740,5879,886381,355300
1845,262,276,107469,5874,886657,390200
1846,300,315,107177,5851,886972,411000
1847,297,282,106891,5855,887254,420000
1848,304,290,106583,5873,887544,388400
1849,328,272,106248,5936,887816,401000
1850,307,300,105937,5947,888116,442600
1851,298,323,105647,5914,888439,471200
1852,316,315,105321,5925,888754,456000
1853,296,312,105021,5913,889066,481800
1854,282,311,104746,5877,889377,400500
1855,259,288,104484,5851,889665,478400
1856,281,283,104212,5840,889948,461500
1857,314,309,103897,5846,890257,399700
1858,271,258,103625,5860,890515,372900
1859,274,324,103347,5814,890839,396400
1860,319,271,103027,5863,891110,432500
1861,262,296,102762,5832,891406,422300
1862,279,323,102489,5782,891729,386600
1863,310,335,102173,5763,892064,414800
1864,280,276,101906,5754,892340,382200
1865,266,294,101623,5743,892634,389800
1866,303,309,101343,5714,892943,392700
1867,269,309,101051,5697,893252,365000
1868,278,313,100780,5655,893565,402600
1869,265,299,100523,5613,893864,417100
1870,283,267,100235,5634,894131,379700
1871,301,298,99937,5634,894429,552200
1872,291,308,99637,5626,894737,451200
1873,278,287,99366,5610,895024,411600
1874,266,304,99094,5578,895328,412200
1875,262,300,98827,5545,895628,422300
1876,275,280,98564,5528,895908,452500
1877,299,294,98264,5534,896202,406700
1878,243,286,98010,5502,896488,380900
1879,273,294,97740,5478,896782,395700
1880,274,304,97464,5450,897086,377700
1881,272,295,97197,5422,897381,412700
1882,278,288,96921,5410,897669,396700
1883,305,291,96623,5417,897960,405000
1884,293,275,96317,5448,898235,574100
1885,272,280,96055,5430,898515,381700
1886,285,274,95753,5458,898789,437400
1887,277,293,95498,5420,899082,393100
1888,248,254,95243,5421,899336,419400
1889,242,297,94986,5381,899633,397100
1890,275,284,94728,5355,899917,380400
1891,270,266,94457,5360,900183,393200
1892,273,254,94178,5385,900437,392600
1893,230,252,93954,5357,900689,449200
1894,276,261,93681,5369,900950,414200
1895,266,288,93412,5350,901238,389600
1896,262,270,93139,5353,901508,357900
1897,229,279,92924,5289,901787,440700
1898,238,235,92675,5303,902022,453800
1899,274,255,92404,5319,902277,416400
1900,247,282,92158,5283,902559,408100
1901,278,291,91882,5268,902850,401700
1902,243,284,91634,5232,903134,409900
1903,277,259,91361,5246,903393,358700
1904,258,244,91095,5268,903637,387100
1905,264,294,90840,5229,903931,444900
1906,282,281,90564,5224,904212,376100
1907,276,274,90277,5237,904486,355200
1908,242,277,90032,5205,904763,390300
1909,240,269,89794,5174,905032,380700
1910,244,269,89545,5154,905301,389400
1911,249,263,89300,5136,905564,390300
1912,237,249,89059,5128,905813,368000
1913,253,260,88806,5121,906073,361900
1914,256,267,88556,5104,906340,370900
1915,267,253,88286,5121,906593,415200
1916,218,267,88064,5076,906860,359500
1917,253,270,87811,5059,907130,388500
1918,231,236,87585,5049,907366,404600
1919,232,258,87360,5016,907624,390400
1920,249,233,87112,5031,907857,392700
1921,242,257,86854,5032,908114,406700
1922,235,257,86628,5001,908371,402800
1923,233,259,86389,4981,908630,428700
1924,230,237,86157,4976,908867,397000
1925,195,254,85964,4915,909121,419800
1926,248,272,85721,4886,909393,444200
1927,228,268,85488,4851,909661,409800
1928,238,232,85248,4859,909893,354200
1929,203,248,85049,4810,910141,370500
1930,232,238,84823,4798,910379,373100
1931,237,249,84587,4785,910628,366700
1932,236,242,84351,4779,910870,370600
1933,217,246,84126,4758,911116,360500
1934,201,260,83926,4698,911376,418400
1935,223,239,83706,4679,911615,410800
1936,219,252,83483,4650,911867,373800
1937,219,254,83276,4603,912121,374400
1938,235,243,83031,4605,912364,367200
1939,231,228,82800,4608,912592,368300
1940,223,228,82569,4611,912820,404400
1941,209,240,82366,4574,913060,366400
1942,228,238,82141,4561,913298,395000
1943,211,228,81939,4535,913526,388900
1944,209,219,81722,4533,913745,440600
1945,219,247,81504,4504,913992,380600
1946,233,236,81271,4501,914228,370900
1947,228,217,81035,4520,914445,388600
1948,210,244,80816,4495,914689,405400
1949,204,242,80630,4439,914931,370200
1950,209,241,80430,4398,915172,369700
1951,250,214,80173,4441,915386,383100
1952,209,229,79959,4426,915615,369200
1953,209,247,79748,4390,915862,389900
1954,203,201,79545,4392,916063,357000
1955,189,247,79348,4342,916310,351300
1956,209,214,79154,4322,916524,375900
1957,242,241,78926,4309,916765,336000
1958,209,218,78700,4317,916983,413100
1959,194,238,78509,4270,917221,352700
1960,202,234,78302,4243,917455,365200
1961,210,243,78092,4210,917698,396200
1962,181,186,77907,4209,917884,370600
1963,200,234,77701,4181,918118,349700
1964,206,219,77506,4157,918337,360800
1965,198,213,77314,4136,918550,358500
1966,220,233,77083,4134,918783,355800
1967,195,214,76887,4116,918997,428900
1968,204,190,76688,4125,919187,379200
1969,216,212,76478,4123,919399,325000
1970,201,198,76272,4131,919597,403700
1971,204,209,76067,4127,919806,340300
1972,208,210,75856,4128,920016,362000
1973,198,215,75651,4118,920231,339800
1974,195,232,75458,4079,920463,378500
1975,180,217,75277,4043,920680,426000
1976,184,232,75094,3994,920912,373700
1977,182,195,74931,3962,921107,387100
1978,186,190,74734,3969,921297,373600
1979,208,230,74525,3948,921527,391800
1980,171,219,74342,3912,921746,392400
1981,194,226,74159,3869,921972,383100
1982,174,208,73978,3842,922180,350500
1983,178,183,73813,3824,922363,393300
1984,220,212,73581,3844,922575,406100
1985,170,192,73410,3823,922767,380000
1986,196,206,73220,3807,922973,416200
1987,166,198,73050,3779,923171,380900
1988,172,185,72884,3760,923356,406200
1989,184,200,72698,3746,923556,363900
1990,186,194,72517,3733,923750,384900
1991,189,206,72325,3719,923956,385700
1992,181,187,72139,3718,924143,376600
1993,192,202,71948,3707,924345,391900
1994,187,206,71762,3687,924551,339900
1995,155,183,71604,3662,924734,370100
1996,154,179,71445,3642,924913,400000
1997,175,184,71281,3622,925097,339700
1998,186,192,71088,3623,925289,363100
1999,175,199,70916,3596,925488,396300
2000,167,211,70751,3550,925699,371200
2001,175,169,70580,3552,925868,358700
2002,158,203,70411,3518,926071,386800
2003,163,207,70252,3470,926278,362400
2004,178,185,70072,3465,926463,413400
2005,160,217,69913,3407,926680,372400
2006,137,186,69774,3360,926866,715200
2007,151,184,69622,3328,927050,398900
2008,146,185,69483,3282,927235,397900
2009,137,170,69347,3248,927405,369200
2010,148,164,69196,3235,927569,388600
2011,155,162,69038,3231,927731,359500
2012,138,156,68895,3218,927887,414700
2013,143,154,68758,3201,928041,364400
2014,166,196,68594,3169,928237,370700
2015,150,138,68437,3188,928375,367000
2016,149,162,68286,3177,928537,372200
2017,152,148,68130,3185,928685,350100
2018,143,148,67992,3175,928833,389800
2019,141,140,67855,3172,928973,392300
2020,131,155,67729,3143,929128,379500
2021,154,166,67574,3132,929294,411000
2022,147,140,67429,3137,929434,565000
2023,140,156,67279,3131,929590,396200
2024,120,168,67161,3081,929758,363700
2025,155,142,67008,3092,929900,402900
2026,140,152,66862,3086,930052,378100
2027,141,185,66727,3036,930237,459400
2028,136,149,66589,3025,930386,384800
2029,138,171,66455,2988,930557,393900
2030,132,158,66313,2972,930715,377200
2031,150,151,66172,2962,930866,411000
2032,127,153,66046,2935,931019,418200
2033,147,148,65898,2935,931167,358100
2034,147,172,65747,2914,931339,369200
2035,128,182,65616,2863,931521,348800
2036,131,141,65485,2853,931662,353100
2037,151,151,65347,2840,931813,363700
2038,142,141,65198,2848,931954,382900
2039,140,143,65058,2845,932097,398300
2040,127,157,64929,2817,932254,400600
2041,154,146,64781,2819,932400,388100
2042,141,175,64635,2790,932575,384500
2043,153,155,64479,2791,932730,431600
2044,140,151,64344,2775,932881,384800
2045,136,140,64207,2772,933021,385000
2046,152,158,64058,2763,933179,389300
2047,134,135,63921,2765,933314,367300
2048,137,127,63790,2769,933441,364900
2049,123,134,63662,2763,933575,351100
2050,140,150,63518,2757,933725,375700
2051,145,152,63381,2742,933877,373800
2052,135,153,63239,2731,934030,380100
2053,158,139,63082,2749,934169,383600
2054,143,132,62939,2760,934301,354200
2055,166,162,62774,2763,934463,385600
2056,140,139,62629,2769,934602,383200
2057,143,131,62493,2774,934733,332900
2058,140,138,62350,2779,934871,417300
2059,133,154,62219,2756,935025,357700
2060,128,142,62094,2739,935167,349900
2061,156,137,61938,2758,935304,354600
2062,149,146,61782,2768,935450,373800
2063,150,146,61639,2765,935596,355300
2064,137,152,61497,2755,935748,398100
2065,167,141,61331,2780,935889,376400
2066,141,157,61195,2759,936046,365700
2067,155,151,61040,2763,936197,480300
2068,132,133,60906,2764,936330,352100
2069,148,142,60758,2770,936472,359000
2070,173,163,60585,2780,936635,388600
2071,156,153,60426,2786,936788,386700
2072,129,121,60294,2797,936909,389000
2073,144,148,60150,2793,937057,382800
2074,145,145,60006,2792,937202,365800
2075,126,141,59877,2780,937343,351700
2076,118,142,59762,2753,937485,348900
2077,114,116,59656,2743,937601,383100
2078,129,156,59514,2729,937757,411900
2079,133,140,59384,2719,937897,351600
2080,121,163,59261,2679,938060,381700
2081,154,153,59113,2674,938213,380300
2082,122,141,58984,2662,938354,372600
2083,125,149,58861,2636,938503,393200
2084,141,128,58723,2646,938631,389700
2085,134,136,58593,2640,938767,394700
2086,152,147,58444,2642,938914,386200
2087,134,140,58312,2634,939054,359900
2088,123,145,58178,2623,939199,350300
2089,133,121,58051,2629,939320,345400
2090,134,133,57918,2629,939453,384300
2091,132,137,57779,2631,939590,389200
2092,130,131,57652,2627,939721,370200
2093,131,123,57523,2633,939844,473200
2094,138,159,57386,2611,940003,387800
2095,127,136,57254,2607,940139,334600
2096,118,120,57143,2598,940259,367700
2097,126,135,57009,2597,940394,377700
2098,133,117,56880,2609,940511,362900
2099,156,124,56725,2640,940635,334000
2100,133,139,56588,2638,940774,378900
2101,139,117,56454,2655,940891,358700
2102,119,128,56333,2648,941019,380700
2103,139,129,56195,2657,941148,383600
2104,135,133,56056,2663,941281,365200
2105,137,157,55921,2641,941438,356800
2106,123,148,55795,2619,941586,331600
2107,125,140,55669,2605,941726,389100
2108,127,142,55546,2586,941868,347100
2109,118,126,55432,2574,941994,368400
2110,125,98,55301,2607,942092,348600
2111,146,143,55153,2612,942235,392400
2112,126,131,55034,2600,942366,374300
2113,123,121,54907,2606,942487,359000
2114,126,119,54788,2606,942606,351400
2115,150,147,54637,2610,942753,373800
2116,132,145,54503,2599,942898,384000
2117,126,136,54368,2598,943034,387000
2118,124,142,54247,2577,943176,349900
2119,121,161,54129,2534,943337,390200
2120,113,107,54013,2543,943444,344900
2121,112,121,53905,2530,943565,346000
2122,108,130,53795,2510,943695,362800
2123,113,136,53678,2491,943831,358900
2124,118,125,53571,2473,943956,399800
2125,113,142,53452,2450,944098,360600
2126,99,119,53345,2438,944217,370000
2127,124,113,53230,2440,944330,362300
2128,129,121,53100,2449,944451,375200
2129,126,103,52975,2471,944554,366700
2130,137,126,52834,2486,944680,375300
2131,154,145,52684,2491,944825,358500
2132,122,168,52555,2452,944993,355000
2133,98,141,52460,2406,945134,388200
2134,98,101,52355,2410,945235,380300
2135,107,132,52253,2380,945367,341900
2136,99,105,52157,2371,945472,354900
2137,121,129,52037,2362,945601,387000
2138,125,118,51910,2371,945719,354600
2139,103,125,51806,2350,945844,360900
2140,111,118,51695,2343,945962,374100
2141,103,139,51596,2303,946101,361200
2142,110,124,51484,2291,946225,386000
2143,113,112,51370,2293,946337,349400
2144,128,126,51239,2298,946463,368500
2145,116,130,51129,2278,946593,343500
2146,109,123,51025,2259,946716,368300
2147,121,102,50907,2275,946818,370200
2148,111,116,50789,2277,946934,355700
2149,104,109,50681,2276,947043,379100
2150,97,109,50582,2266,947152,411400
2151,130,123,50464,2261,947275,415100
2152,107,117,50348,2260,947392,380700
2153,109,107,50239,2262,947499,404300
2154,123,127,50112,2262,947626,387300
2155,114,133,50001,2240,947759,391900
2156,99,102,49901,2238,947861,353500
2157,108,113,49794,2232,947974,367900
2158,111,104,49683,2239,948078,379500
2159,91,136,49591,2195,948214,375200
2160,99,113,49489,2184,948327,395600
2161,93,112,49401,2160,948439,386000
2162,113,115,49287,2159,948554,354400
2163,111,112,49178,2156,948666,375700
2164,118,129,49057,2148,948795,432100
2165,97,100,48957,2148,948895,407700
2166,129,114,48830,2161,949009,386600
2167,130,122,48710,2159,949131,404900
2168,122,113,48581,2175,949244,383200
2169,126,108,48455,2193,949352,445800
2170,112,110,48348,2190,949462,410800
2171,102,111,48236,2191,949573,420400
2172,125,115,48114,2198,949688,370200
2173,108,128,48008,2176,949816,379800
2174,137,118,47870,2196,949934,366000
2175,108,109,47762,2195,950043,371100
2176,115,106,47650,2201,950149,359600
2177,93,122,47550,2179,950271,389300
2178,120,102,47434,2193,950373,391900
2179,110,107,47329,2191,950480,384800
2180,138,99,47189,2232,950579,382500
2181,120,128,47062,2231,950707,353700
2182,119,134,46959,2200,950841,398200
2183,100,118,46846,2195,950959,334500
2184,109,125,46737,2179,951084,357600
2185,119,107,46616,2193,951191,384200
2186,116,119,46503,2187,951310,349200
2187,88,104,46412,2174,951414,345900
2188,108,108,46307,2171,951522,357000
2189,105,104,46201,2173,951626,349500
2190,110,119,46090,2165,951745,350800
2191,121,110,45975,2170,951855,350800
2192,116,110,45856,2179,951965,398600
2193,105,96,45755,2184,952061,391600
2194,122,124,45628,2187,952185,428800
2195,115,124,45511,2180,952309,339800
2196,122,109,45391,2191,952418,363600
2197,134,132,45257,2193,952550,439000
2198,115,114,45144,2192,952664,369900
2199,121,105,45026,2205,952769,380500
2200,133,117,44891,2223,952886,368900
2201,123,129,44765,2220,953015,387000
2202,103,94,44664,2227,953109,408200
2203,97,108,44565,2218,953217,377800
2204,111,117,44452,2214,953334,370100
2205,125,102,44330,2234,953436,373300
2206,122,105,44207,2252,953541,379500
2207,117,113,44092,2254,953654,379400
2208,105,124,43991,2231,953778,319600
2209,113,115,43872,2235,953893,341300
2210,111,109,43764,2234,954002,360600
2211,114,111,43652,2235,954113,511100
2212,104,109,43539,2239,954222,391000
2213,87,128,43456,2194,954350,399400
2214,101,121,43359,2170,954471,373800
2215,87,111,43267,2151,954582,422300
2216,90,118,43176,2124,954700,428700
2217,85,114,43095,2091,954814,385600
2218,94,114,42996,2076,954928,388400
2219,107,108,42892,2072,955036,334700
2220,99,121,42795,2048,955157,346900
2221,107,96,42686,2061,955253,375900
2222,109,128,42577,2042,955381,340600
2223,101,89,42479,2051,955470,382600
2224,97,131,42381,2018,955601,377100
2225,105,96,42279,2024,955697,412100
2226,103,94,42173,2036,955791,351400
2227,86,100,42082,2027,955891,384000
2228,124,88,41960,2061,955979,357500
2229,107,93,41855,2073,956072,361600
2230,123,118,41733,2077,956190,400400
2231,114,116,41621,2073,956306,390400
2232,102,89,41509,2096,956395,376400
2233,113,118,41400,2087,956513,379500
2234,98,103,41300,2084,956616,369400
2235,105,102,41198,2084,956718,365200
2236,100,90,41103,2089,956808,367200
2237,104,104,40994,2094,956912,364900
2238,109,107,40884,2097,957019,400500
2239,102,87,40787,2107,957106,390900
2240,102,120,40677,2097,957226,485600
2241,118,122,40564,2088,957348,387500
2242,119,118,40450,2084,957466,416700
2243,112,109,40339,2086,957575,397800
2244,117,116,40214,2095,957691,330900
2245,104,117,40110,2082,957808,369200
2246,130,100,39984,2108,957908,390400
2247,112,110,39874,2108,958018,395500
2248,118,121,39750,2111,958139,384900
2249,100,108,39650,2103,958247,393700
2250,107,106,39547,2100,958353,395000
2251,90,106,39447,2094,958459,418500
2252,93,104,39359,2078,958563,431600
2253,116,109,39248,2080,958672,411000
2254,90,97,39152,2079,958769,363600
2255,99,89,39060,2082,958858,347400
2256,108,108,38944,2090,958966,379400
2257,100,109,38850,2075,959075,394100
2258,98,95,38751,2079,959170,357400
2259,99,118,38649,2063,959288,346700
2260,100,109,38549,2054,959397,361300
2261,86,100,38463,2040,959497,366200
2262,95,109,38371,2023,959606,350400
2263,106,102,38267,2025,959708,349900
2264,101,95,38164,2033,959803,365700
2265,92,106,38071,2020,959909,358900
2266,88,99,37980,2012,960008,383600
2267,91,101,37890,2001,960109,373700
2268,97,110,37793,1988,960219,373700
2269,100,104,37703,1974,960323,388200
2270,81,97,37613,1967,960420,379100
2271,99,100,37522,1958,960520,379000
2272,86,92,37428,1960,960612,335600
2273,103,86,37334,1968,960698,369300
2274,97,103,37229,1970,960801,532500
2275,94,83,37132,1984,960884,394800
2276,90,99,37044,1973,960983,396000
2277,87,118,36961,1938,961101,374800
2278,92,107,36863,1929,961208,424100
2279,103,92,36765,1935,961300,367400
2280,91,103,36674,1923,961403,351600
2281,101,110,36569,1918,961513,365100
2282,72,103,36499,1885,961616,352900
2283,78,81,36413,1890,961697,358800
2284,75,91,36345,1867,961788,349800
2285,102,93,36249,1870,961881,401900
2286,85,103,36156,1860,961984,381400
2287,91,96,36069,1851,962080,402000
2288,82,100,35979,1841,962180,362900
2289,76,99,35910,1811,962279,363500
2290,57,88,35849,1784,962367,392500
2291,81,78,35769,1786,962445,362700
2292,80,86,35691,1778,962531,378800
2293,93,86,35594,1789,962617,350900
2294,89,94,35510,1779,962711,367900
2295,81,81,35432,1776,962792,353400
2296,94,77,35329,1802,962869,351200
2297,71,84,35258,1789,962953,338900
2298,92,83,35166,1798,963036,366000
2299,68,78,35102,1784,963114,340500
2300,97,93,35007,1786,963207,345000
2301,105,88,34900,1805,963295,346900
2302,84,93,34813,1799,963388,335300
2303,86,99,34726,1787,963487,311300
2304,95,93,34635,1785,963580,354300
2305,93,105,34547,1768,963685,342000
2306,84,93,34455,1767,963778,346900
2307,58,82,34399,1741,963860,331900
2308,97,92,34305,1743,963952,338300
2309,93,77,34208,1763,964029,329800
2310,91,96,34123,1752,964125,357300
2311,93,107,34028,1740,964232,386700
2312,84,92,33943,1733,964324,347300
2313,84,94,33859,1723,964418,354300
2314,71,84,33783,1715,964502,374900
2315,77,85,33708,1705,964587,336600
2316,84,89,33621,1703,964676,348400
2317,82,104,33551,1669,964780,372100
2318,95,76,33454,1690,964856,367800
2319,80,92,33373,1679,964948,340000
2320,78,82,33284,1686,965030,372200
2321,92,89,33200,1681,965119,357400
2322,86,78,33115,1688,965197,358500
2323,97,73,33016,1714,965270,393900
2324,88,75,32928,1727,965345,360100
2325,82,74,32848,1733,965419,376200
2326,90,85,32760,1736,965504,331800
2327,87,92,32677,1727,965596,372200
2328,99,90,32569,1745,965686,385000
2329,97,107,32474,1733,965793,380500
2330,92,75,32380,1752,965868,380100
2331,89,83,32288,1761,965951,342200
2332,95,97,32195,1757,966048,351500
2333,101,78,32094,1780,966126,350200
2334,91,96,32006,1772,966222,382500
2335,84,97,31925,1756,966319,383300
2336,89,77,31832,1772,966396,337600
2337,90,78,31740,1786,966474,346900
2338,82,93,31658,1775,966567,351300
2339,83,117,31581,1735,966684,353900
2340,98,87,31480,1749,966771,354100
2341,95,100,31387,1742,966871,372300
2342,116,93,31271,1765,966964,361900
2343,82,90,31182,1764,967054,354400
2344,95,99,31091,1756,967153,357900
2345,103,95,30992,1760,967248,370500
2346,94,95,30891,1766,967343,389900
2347,98,87,30795,1775,967430,370700
2348,77,99,30720,1751,967529,367300
2349,72,83,30645,1743,967612,368000
2350,101,81,30548,1759,967693,376800
2351,89,70,30461,1776,967763,343500
2352,92,84,30368,1785,967847,377200
2353,85,87,30280,1786,967934,357000
2354,93,76,30188,1802,968010,338400
2355,95,78,30093,1819,968088,334800
2356,97,103,30000,1809,968191,323900
2357,93,108,29904,1797,968299,324800
2358,95,108,29815,1778,968407,418200
2359,99,93,29713,1787,968500,379800
2360,80,101,29632,1767,968601,362300
2361,93,97,29535,1767,968698,318600
2362,89,100,29446,1756,968798,333500
2363,84,97,29366,1739,968895,326900
2364,85,89,29279,1737,968984,326800
2365,73,82,29205,1729,969066,325100
2366,87,98,29113,1723,969164,341300
2367,91,74,29023,1739,969238,339000
2368,110,88,28917,1757,969326,406300
2369,81,88,28836,1750,969414,373300
2370,86,106,28748,1732,969520,356100
2371,80,98,28671,1711,969618,342200
2372,89,70,28585,1727,969688,330500
2373,82,79,28496,1737,969767,407300
2374,97,79,28405,1749,969846,391700
2375,78,87,28324,1743,969933,405900
2376,85,98,28238,1731,970031,373000
2377,79,107,28160,1702,970138,397100
2378,78,76,28084,1702,970214,367300
2379,79,93,28001,1692,970307,369800
2380,85,76,27916,1701,970383,376700
2381,68,76,27850,1691,970459,377800
2382,77,82,27770,1689,970541,383400
2383,94,71,27680,1708,970612,374200
2384,77,85,27599,1704,970697,418400
2385,74,80,27528,1695,970777,391200
2386,74,75,27453,1695,970852,357600
2387,73,78,27384,1686,970930,481900
2388,79,85,27301,1684,971015,387600
2389,84,90,27224,1671,971105,421700
2390,76,82,27142,1671,971187,364700
2391,70,91,27071,1651,971278,380700
2392,78,87,26995,1640,971365,376300
2393,76,97,26917,1621,971462,334400
2394,73,79,26839,1620,971541,353500
2395,69,76,26776,1607,971617,368900
2396,82,71,26693,1619,971688,345200
2397,83,99,26614,1599,971787,371300
2398,86,97,26519,1597,971884,349100
2399,70,87,26454,1575,971971,331200
2400,81,79,26373,1577,972050,317200
2401,89,76,26284,1590,972126,356900
2402,60,74,26226,1574,972200,354500
2403,78,95,26145,1560,972295,332500
2404,73,69,26073,1563,972364,342800
2405,83,62,25997,1577,972426,359200
2406,89,72,25904,1598,972498,345800
2407,83,78,25815,1609,972576,343900
2408,97,84,25722,1618,972660,314300
2409,94,77,25628,1635,972737,336600
2410,85,77,25544,1642,972814,366500
2411,103,73,25438,1675,972887,439200
2412,96,92,25344,1677,972979,388200
2413,94,87,25248,1686,973066,496700
2414,89,71,25158,1705,973137,412400
2415,89,83,25070,1710,973220,343100
2416,81,84,24989,1707,973304,362400
2417,90,97,24899,1700,973401,444400
2418,76,85,24823,1691,973486,359900
2419,87,84,24736,1694,973570,332300
2420,88,84,24650,1696,973654,325100
2421,95,78,24555,1713,973732,355400
2422,86,95,24474,1699,973827,330600
2423,76,80,24390,1703,973907,343000
2424,80,86,24313,1694,973993,359700
2425,87,84,24227,1696,974077,349900
2426,94,99,24133,1691,974176,361000
2427,91,91,24045,1688,974267,355800
2428,82,82,23964,1687,974349,347700
2429,84,78,23876,1697,974427,401500
2430,74,77,23803,1693,974504,381100
2431,81,98,23716,1682,974602,353700
2432,101,71,23620,1707,974673,351900
2433,99,91,23522,1714,974764,324200
2434,73,75,23444,1717,974839,386100
2435,74,114,23376,1671,974953,343600
2436,94,95,23276,1676,975048,370100
2437,95,88,23191,1673,975136,398100
2438,75,75,23107,1682,975211,336500
2439,83,80,23033,1676,975291,330200
2440,106,81,22918,1710,975372,373500
2441,104,74,22818,1736,975446,345000
2442,91,87,22722,1745,975533,375200
2443,79,83,22640,1744,975616,350600
2444,97,92,22551,1741,975708,338100
2445,80,78,22469,1745,975786,339800
2446,73,110,22395,1709,975896,345100
2447,95,91,22300,1713,975987,364000
2448,95,78,22206,1729,976065,433500
2449,88,91,22115,1729,976156,388300
2450,83,98,22040,1706,976254,322500
2451,77,86,21955,1705,976340,368800
2452,81,80,21878,1702,976420,375300
2453,71,76,21802,1702,976496,544400
2454,70,94,21733,1677,976590,368300
2455,69,82,21664,1664,976672,360700
2456,86,90,21582,1656,976762,352000
2457,78,77,21500,1661,976839,334900
2458,64,105,21434,1622,976944,347500
2459,66,87,21371,1598,977031,345600
2460,62,81,21311,1577,977112,341200
2461,57,84,21248,1556,977196,343300
2462,70,94,21185,1525,977290,342400
2463,68,79,21112,1519,977369,333500
2464,63,85,21052,1494,977454,385700
2465,67,82,20993,1471,977536,354100
2466,52,70,20929,1465,977606,371700
2467,54,70,20877,1447,977676,384000
2468,54,67,20821,1436,977743,329300
2469,53,69,20766,1422,977812,377300
2470,73,68,20703,1417,977880,382100
2471,77,57,20623,1440,977937,379300
2472,73,65,20549,1449,978002,417200
2473,58,67,20487,1444,978069,375600
2474,52,74,20434,1423,978143,364600
2475,62,69,20378,1410,978212,373000
2476,62,69,20319,1400,978281,412200
2477,67,65,20249,1405,978346,385700
2478,53,75,20187,1392,978421,380100
2479,59,73,20132,1374,978494,390500
2480,46,72,20085,1349,978566,361800
2481,50,79,20035,1320,978645,363000
2482,58,67,19980,1308,978712,383900
2483,42,65,19933,1290,978777,362600
2484,53,73,19883,1267,978850,382500
2485,66,62,19826,1262,978912,351400
2486,41,69,19775,1244,978981,375300
2487,35,60,19740,1219,979041,508500
2488,53,65,19694,1200,979106,363200
2489,51,64,19638,1192,979170,421600
2490,50,74,19587,1169,979244,431900
2491,51,55,19538,1163,979299,386200
2492,54,60,19484,1157,979359,416200
2493,49,55,19432,1154,979414,421200
2494,54,61,19382,1143,979475,364700
2495,52,76,19327,1122,979551,360900
2496,49,54,19280,1115,979605,351900
2497,65,65,19214,1116,979670,371300
2498,46,71,19165,1094,979741,389800
2499,50,53,19118,1088,979794,348400
2500,46,48,19072,1086,979842,373700
2501,51,50,19021,1087,979892,365600
2502,54,59,18967,1082,979951,371300
2503,54,60,18916,1073,980011,365200
2504,57,53,18855,1081,980064,366400
2505,60,56,18799,1081,980120,362300
2506,42,62,18752,1066,980182,371200
2507,51,54,18700,1064,980236,390600
2508,56,64,18650,1050,980300,357600
2509,47,49,18599,1052,980349,392600
2510,56,51,18545,1055,980400,322600
2511,48,44,18499,1057,980444,386000
2512,43,52,18453,1051,980496,325200
2513,42,57,18407,1040,980553,354700
2514,58,34,18354,1059,980587,340700
2515,44,60,18305,1048,980647,374900
2516,50,45,18263,1045,980692,362200
2517,53,51,18205,1052,980743,351400
2518,57,47,18148,1062,980790,367500
2519,44,59,18103,1048,980849,356200
2520,56,57,18049,1045,980906,387300
2521,45,51,18003,1040,980957,379800
2522,53,57,17951,1035,981014,340700
2523,44,53,17905,1028,981067,353200
2524,39,51,17864,1018,981118,395400
2525,46,39,17822,1021,981157,359900
2526,49,47,17773,1023,981204,377000
2527,35,54,17737,1005,981258,367100
2528,42,57,17701,984,981315,402000
2529,34,40,17659,986,981355,366200
2530,46,57,17618,970,981412,373600
2531,40,52,17577,959,981464,370500
2532,43,40,17531,965,981504,371700
2533,43,48,17487,961,981552,345500
2534,46,42,17442,964,981594,385000
2535,34,55,17411,940,981649,423100
2536,41,48,17366,937,981697,392100
2537,35,54,17330,919,981751,404800
2538,39,56,17291,902,981807,421300
2539,38,50,17253,890,981857,392900
2540,29,39,17227,877,981896,414400
2541,27,54,17196,854,981950,382300
2542,38,36,17160,854,981986,380300
2543,35,56,17124,834,982042,405600
2544,16,47,17106,805,982089,417900
2545,31,40,17076,795,982129,416400
2546,26,38,17053,780,982167,396200
2547,28,37,17026,770,982204,469200
2548,37,47,16989,760,982251,382600
2549,27,38,16959,752,982289,451100
2550,33,37,16929,745,982326,402400
2551,38,43,16892,739,982369,399900
2552,36,36,16853,742,982405,360700
2553,36,40,16817,738,982445,350300
2554,36,44,16780,731,982489,407200
2555,23,28,16760,723,982517,376200
2556,24,37,16734,712,982554,421300
2557,27,37,16707,702,982591,404500
2558,28,36,16682,691,982627,371900
2559,20,36,16657,680,982663,380400
2560,26,30,16635,672,982693,373700
2561,20,26,16612,669,982719,397400
2562,24,43,16589,649,982762,408900
2563,20,36,16570,632,982798,379900
2564,16,30,16551,621,982828,436800
2565,16,17,16536,619,982845,430400
2566,24,28,16513,614,982873,428400
2567,26,36,16489,602,982909,364000
2568,16,23,16469,599,982932,350200
2569,27,28,16442,598,982960,355400
2570,25,26,16419,595,982986,360000
2571,26,28,16397,589,983014,332900
2572,20,33,16372,581,983047,350300
2573,25,19,16351,583,983066,358800
2574,26,27,16320,587,983093,389600
2575,20,22,16301,584,983115,355900
2576,25,26,16274,585,983141,387900
2577,25,22,16252,585,983163,427700
2578,15,31,16236,570,983194,409400
2579,25,33,16213,560,983227,376500
2580,13,35,16199,539,983262,365700
2581,14,26,16186,526,983288,380200
2582,22,23,16163,526,983311,405900
2583,25,28,16138,523,983339,415400
2584,16,31,16120,510,983370,392200
2585,15,24,16106,500,983394,359400
2586,12,25,16093,488,983419,355900
2587,15,18,16078,485,983437,341400
2588,9,32,16068,463,983469,356600
2589,16,29,16054,448,983498,341000
2590,12,31,16040,431,983529,345000
2591,15,14,16026,431,983543,352200
2592,7,30,16018,409,983573,369200
2593,13,14,16006,407,983587,392100
2594,14,20,15992,401,983607,376800
2595,16,25,15975,393,983632,410500
2596,8,16,15968,384,983648,336600
2597,12,18,15958,376,983666,387400
2598,21,18,15936,380,983684,378300
2599,13,24,15923,369,983708,361900
2600,15,14,15907,371,983722,369000
2601,5,17,15902,359,983739,345700
2602,11,17,15892,352,983756,363600
2603,13,15,15878,351,983771,377300
2604,11,17,15868,344,983788,349000
2605,15,16,15852,344,983804,353600
2606,8,17,15843,336,983821,334900
2607,8,14,15835,330,983835,356500
2608,9,14,15826,325,983849,395700
2609,10,17,15818,316,983866,368800
2610,13,18,15805,311,983884,356400
2611,7,18,15797,301,983902,362200
2612,8,14,15789,295,983916,366200
2613,12,14,15776,294,983930,338900
2614,10,16,15767,287,983946,400000
2615,10,16,15759,279,983962,370100
2616,16,16,15741,281,983978,363600
2617,10,17,15732,273,983995,350900
2618,5,11,15725,269,984006,358200
2619,11,9,15716,269,984015,341200
2620,10,11,15705,269,984026,339500
2621,11,15,15694,265,984041,344300
2622,12,14,15683,262,984055,392500
2623,14,12,15670,263,984067,353000
2624,5,8,15663,262,984075,376600
2625,8,15,15654,256,984090,365700
2626,10,21,15644,245,984111,362600
2627,5,8,15640,241,984119,388000
2628,8,10,15632,239,984129,354700
2629,8,9,15624,238,984138,367000
2630,10,10,15616,236,984148,359000
2631,4,11,15609,232,984159,370400
2632,6,18,15603,220,984177,413900
2633,1,11,15602,210,984188,410600
2634,8,8,15595,209,984196,390200
2635,6,11,15589,204,984207,377100
2636,1,10,15587,196,984217,410800
2637,2,11,15585,187,984228,362600
2638,2,7,15583,182,984235,345000
2639,1,6,15583,176,984241,387200
2640,6,10,15577,172,984251,355900
2641,4,19,15572,158,984270,371200
2642,1,4,15571,155,984274,366200
2643,3,10,15569,147,984284,363100
2644,6,6,15564,146,984290,335500
2645,1,8,15561,141,984298,372100
2646,3,6,15558,138,984304,353200
2647,0,9,15558,129,984313,388500
2648,5,6,15555,126,984319,380100
2649,0,3,15553,125,984322,362300
2650,3,5,15550,123,984327,363000
2651,1,6,15549,118,984333,338200
2652,3,3,15548,116,984336,352100
2653,4,2,15542,120,984338,353000
2654,1,1,15541,120,984339,375800
2655,0,4,15541,116,984343,373600
2656,3,5,15539,113,984348,365500
2657,1,5,15537,110,984353,349700
2658,1,1,15537,109,984354,394600
2659,0,8,15536,102,984362,428800
2660,2,7,15534,97,984369,376400
2661,3,3,15532,96,984372,354300
2662,4,7,15527,94,984379,345000
2663,1,4,15526,91,984383,334800
2664,2,4,15526,87,984387,364500
2665,1,3,15523,87,984390,351000
2666,2,3,15521,86,984393,376600
2667,1,4,15521,82,984397,398200
2668,0,7,15520,76,984404,352400
2669,1,4,15520,72,984408,365100
2670,0,1,15519,72,984409,375700
2671,0,1,15519,71,984410,372900
2672,0,6,15519,65,984416,457200
2673,0,4,15519,61,984420,384200
2674,0,0,15519,61,984420,349600
2675,0,2,15519,59,984422,374400
2676,0,1,15519,58,984423,388300
2677,0,1,15519,57,984424,375600
2678,0,2,15519,55,984426,370100
2679,0,3,15519,52,984429,342600
2680,1,0,15518,53,984429,355800
2681,0,3,15518,50,984432,384000
2682,0,4,15518,46,984436,408200
2683,0,2,15518,44,984438,380200
2684,1,3,15517,42,984441,374200
2685,0,2,15517,40,984443,347200
2686,0,1,15517,39,984444,358700
2687,1,2,15516,38,984446,360000
2688,1,2,15516,36,984448,344300
2689,0,0,15515,37,984448,373800
2690,0,4,15515,33,984452,479000
2691,0,1,15515,32,984453,368300
2692,0,2,15515,30,984455,397100
2693,0,1,15515,29,984456,339900
2694,0,3,15515,26,984459,375400
2695,0,0,15515,26,984459,334400
2696,0,1,15515,25,984460,342400
2697,0,3,15515,22,984463,345600
2698,0,1,15515,21,984464,391200
2699,0,0,15515,21,984464,386200
2700,1,1,15514,21,984465,382600
2701,0,2,15514,19,984467,378600
2702,0,1,15514,18,984468,357600
2703,0,1,15514,17,984469,395900
2704,0,0,15514,17,984469,367900
2705,0,2,15514,15,984471,399800
2706,0,0,15514,15,984471,390400
2707,0,2,15514,13,984473,372400
2708,0,0,15514,13,984473,393200
2709,0,0,15514,13,984473,422700
2710,0,0,15514,13,984473,390700
2711,0,0,15514,13,984473,372000
2712,0,1,15514,12,984474,339800
2713,0,1,15514,11,984475,344900
2714,0,0,15514,11,984475,346300
2715,0,0,15514,11,984475,411300
2716,0,0,15514,11,984475,363900
2717,0,0,15514,11,984475,393800
2718,0,0,15514,11,984475,366000
2719,0,1,15514,10,984476,347600
2720,0,0,15514,10,984476,329900
2721,0,0,15514,10,984476,355500
2722,0,0,15514,10,984476,363700
2723,0,1,15514,9,984477,371000
2724,0,1,15514,8,984478,359900
2725,0,0,15514,8,984478,424100
2726,0,0,15514,8,984478,403100
2727,0,0,15514,8,984478,437600
2728,0,1,15514,7,984479,369700
2729,0,0,15514,7,984479,401900
2730,0,1,15514,6,984480,337300
2731,0,0,15514,6,984480,388500
2732,0,0,15514,6,984480,355900
2733,0,0,15514,6,984480,377300
2734,0,0,15514,6,984480,399800
2735,0,0,15514,6,984480,512100
2736,0,0,15514,6,984480,347000
2737,0,0,15514,6,984480,355000
2738,0,1,15514,5,984481,346000
2739,0,0,15514,5,984481,336800
2740,0,0,15514,5,984481,322000
2741,0,0,15514,5,984481,353000
2742,0,1,15514,4,984482,337800
2743,0,0,15514,4,984482,341300
2744,0,0,15514,4,984482,366100
2745,0,0,15514,4,984482,314800
2746,0,0,15514,4,984482,337800
2747,0,1,15514,3,984483,326200
2748,0,1,15514,2,984484,341700
2749,0,0,15514,2,984484,337000
2750,0,0,15514,2,984484,356900
2751,0,0,15514,2,984484,333300
2752,0,0,15514,2,984484,330800
2753,0,0,15514,2,984484,348000
2754,0,0,15514,2,984484,341000
2755,0,0,15514,2,984484,351900
2756,0,0,15514,2,984484,350400
2757,0,0,15514,2,984484,361500
2758,0,0,15514,2,984484,371500
2759,0,1,15514,1,984485,366300
2760,0,0,15514,1,984485,326700
2761,0,0,15514,1,984485,311400
2762,0,0,15514,1,984485,320400
2763,0,0,15514,1,984485,372300
2764,0,0,15514,1,984485,335000
2765,0,0,15514,1,984485,355400
2766,0,0,15514,1,984485,338200
2767,0,0,15514,1,984485,343600
2768,0,0,15514,1,984485,361400
2769,0,0,15514,1,984485,372100
2770,0,0,15514,1,984485,385500
2771,0,0,15514,1,984485,345400
2772,0,0,15514,1,984485,320100
2773,0,0,15514,1,984485,346800
2774,0,0,15514,1,984485,330900
2775,0,0,15514,1,984485,338200
2776,0,0,15514,1,984485,503100
2777,0,0,15514,1,984485,327700
2778,0,0,15514,1,984485,331400
2779,0,0,15514,1,984485,310700
2780,0,0,15514,1,984485,352700
2781,0,0,15514,1,984485,357900
2782,0,0,15514,1,984485,388800
2783,0,0,15514,1,984485,360800
2784,0,0,15514,1,984485,388000
2785,0,0,15514,1,984485,345400
2786,0,0,15514,1,984485,383800
2787,0,0,15514,1,984485,336500
2788,0,0,15514,1,984485,408300
2789,0,0,15514,1,984485,369700
2790,0,0,15514,1,984485,440100
2791,0,0,15514,1,984485,349700
2792,0,0,15514,1,984485,384600
2793,0,0,15514,1,984485,327400
2794,0,0,15514,1,984485,349300
2795,0,0,15514,1,984485,343600
2796,0,0,15514,1,984485,473100
2797,0,0,15514,1,984485,349200
2798,0,1,15514,0,984486,352800
