Tick,NewlyInfected,NewlyRecovered,TotalSusceptible,TotalInfected,TotalRecovered,StepTimeNanos
0,2,0,8999993,7,0,6881800
1,1,0,8999992,8,0,5959000
2,2,3,8999990,7,3,6105900
3,3,2,8999988,7,5,5780000
4,0,0,8999987,8,5,5885800
5,3,0,8999985,10,5,5862900
6,2,0,8999983,12,5,5731300
7,4,0,8999979,16,5,5752400
8,7,1,8999973,21,6,5840300
9,6,2,8999968,24,8,6101000
10,3,0,8999963,29,8,6084500
11,8,4,8999957,31,12,5725700
12,7,3,8999950,35,15,5667800
13,6,1,8999944,40,16,5915000
14,7,0,8999935,49,16,6281400
15,9,4,8999927,53,20,6046800
16,14,2,8999917,61,22,6032700
17,3,4,8999908,66,26,5905200
18,8,4,8999902,68,30,5784600
19,9,5,8999891,74,35,6025900
20,9,2,8999886,77,37,6004800
21,7,6,8999879,78,43,6234200
22,17,3,8999861,93,46,6007500
23,14,11,8999845,98,57,6198700
24,11,5,8999837,101,62,6235500
25,8,2,8999826,110,64,6078100
26,10,10,8999816,110,74,6007200
27,9,11,8999808,107,85,6554100
28,15,7,8999793,115,92,6094900
29,20,5,8999775,128,97,6144300
30,14,8,8999759,136,105,6089100
31,17,5,8999746,144,110,6017800
32,14,5,8999730,155,115,5906700
33,19,13,8999710,162,128,6365200
34,19,8,8999695,169,136,6640600
35,20,5,8999674,185,141,6518300
36,25,7,8999648,204,148,6106500
37,23,11,8999629,212,159,5955500
38,28,14,8999595,232,173,12423600
39,23,13,8999575,239,186,6128200
40,28,7,8999548,259,193,5810800
41,25,14,8999522,271,207,5991200
42,25,10,8999494,289,217,5956100
43,23,9,8999479,295,226,5834400
44,32,12,8999440,322,238,5810300
45,39,19,8999409,334,257,5865400
46,26,9,8999377,357,266,5796900
47,33,21,8999347,366,287,5928800
48,32,18,8999312,383,305,5773800
49,28,21,8999285,389,326,5729200
50,38,15,8999250,409,341,5919400
51,32,27,8999218,414,368,5828200
52,35,23,8999180,429,391,5892100
53,33,19,8999146,444,410,5918300
54,32,19,8999114,457,429,5902200
55,25,25,8999093,453,454,5886600
56,44,19,8999048,479,473,5836000
57,44,25,8999006,496,498,5935800
58,46,26,8998962,514,524,5861600
59,49,22,8998908,546,546,5994000
60,47,27,8998872,555,573,5881700
61,35,25,8998828,574,598,5941700
62,43,27,8998785,590,625,5964000
63,47,29,8998743,603,654,5884300
64,42,21,8998692,633,675,5784000
65,63,40,8998637,648,715,6001200
66,49,47,8998586,652,762,5713500
67,42,33,8998543,662,795,5736600
68,44,39,8998499,667,834,5837800
69,40,34,8998460,672,868,5671000
70,51,44,8998405,683,912,5804500
71,53,26,8998363,699,938,5918200
72,46,41,8998312,709,979,5864800
73,44,34,8998263,724,1013,5949000
74,44,38,8998222,727,1051,5703800
75,55,38,8998170,741,1089,6080800
76,52,41,8998111,759,1130,5988000
77,69,29,8998050,791,1159,5941800
78,64,46,8997984,811,1205,6084700
79,51,43,8997934,818,1248,5966500
80,48,33,8997882,837,1281,5887100
81,57,50,8997826,843,1331,5886300
82,70,41,8997760,868,1372,5942400
83,80,58,8997683,887,1430,5877400
84,68,50,8997623,897,1480,5792200
85,63,55,8997548,917,1535,6139100
86,65,58,8997487,920,1593,6357500
87,69,50,8997414,943,1643,6265300
88,72,52,8997342,963,1695,6424800
89,76,53,8997266,986,1748,5898500
90,87,55,8997184,1013,1803,6218200
91,79,50,8997099,1048,1853,6469000
92,67,51,8997032,1064,1904,6080600
93,70,59,8996966,1071,1963,6038100
94,58,61,8996904,1072,2024,5722000
95,80,57,8996827,1092,2081,6960300
96,81,63,8996746,1110,2144,6068700
97,78,40,8996674,1142,2184,5918500
98,64,44,8996603,1169,2228,5932500
99,81,57,8996521,1194,2285,5904000
100,88,70,8996436,1209,2355,6026000
101,85,49,8996353,1243,2404,6405000
102,88,67,8996262,1267,2471,6340700
103,91,69,8996169,1291,2540,6192500
104,90,59,8996089,1312,2599,5932800
105,77,65,8996003,1333,2664,5947700
106,87,79,8995922,1335,2743,5760200
107,96,62,8995823,1372,2805,5859400
108,106,76,8995721,1398,2881,5891500
109,105,70,8995616,1433,2951,5693500
110,116,62,8995506,1481,3013,5821900
111,110,71,8995390,1526,3084,5798600
112,104,70,8995282,1564,3154,5850600
113,106,80,8995191,1575,3234,5940900
114,103,83,8995072,1611,3317,5773400
115,109,72,8994964,1647,3389,5769900
116,112,74,8994863,1674,3463,5830900
117,88,94,8994760,1683,3557,5605100
118,110,90,8994658,1695,3647,5657400
119,103,83,8994566,1704,3730,5792800
120,98,82,8994458,1730,3812,6105200
121,99,94,8994360,1734,3906,5863600
122,93,92,8994261,1741,3998,5830600
123,124,106,8994152,1744,4104,5879500
124,122,82,8994022,1792,4186,5991600
125,111,76,8993916,1822,4262,5954600
126,119,77,8993796,1865,4339,6103100
127,121,110,8993673,1878,4449,5760400
128,111,98,8993563,1890,4547,5593700
129,112,90,8993461,1902,4637,5653200
130,137,98,8993314,1951,4735,5420200
131,104,90,8993204,1971,4825,5569200
132,108,114,8993096,1965,4939,5600900
133,117,96,8992980,1985,5035,5537500
134,120,85,8992866,2014,5120,5626500
135,147,98,8992724,2058,5218,5595600
136,134,109,8992594,2079,5327,5565500
137,125,105,8992458,2110,5432,5530700
138,130,112,8992327,2129,5544,5509100
139,144,112,8992197,2147,5656,5593300
140,158,95,8992042,2207,5751,5429700
141,145,108,8991882,2259,5859,5437500
142,140,117,8991744,2280,5976,5515500
143,176,101,8991574,2349,6077,5500700
144,145,140,8991432,2351,6217,5478200
145,129,127,8991293,2363,6344,5690500
146,173,126,8991119,2411,6470,6000600
147,154,120,8990967,2443,6590,5670500
148,159,128,8990813,2469,6718,5551200
149,167,128,8990647,2507,6846,5477200
150,175,123,8990473,2558,6969,5628500
151,160,144,8990312,2575,7113,5553100
152,173,117,8990146,2624,7230,5589700
153,155,144,8989981,2645,7374,5671400
154,165,146,8989821,2659,7520,5500500
155,159,119,8989662,2699,7639,5757100
156,176,154,8989491,2716,7793,5537700
157,173,154,8989316,2737,7947,5761000
158,190,163,8989127,2763,8110,5739700
159,204,120,8988930,2840,8230,5646900
160,174,152,8988754,2864,8382,5673300
161,192,188,8988563,2867,8570,5701500
162,150,145,8988402,2883,8715,5913200
163,170,156,8988241,2888,8871,5806600
164,186,147,8988056,2926,9018,5649300
165,162,153,8987881,2948,9171,5644900
166,205,172,8987695,2962,9343,5666500
167,177,137,8987510,3010,9480,5630000
168,185,125,8987325,3070,9605,5866000
169,230,172,8987122,3101,9777,6031600
170,173,183,8986916,3124,9960,5661100
171,181,171,8986740,3129,10131,6337200
172,183,168,8986552,3149,10299,6543100
173,190,166,8986369,3166,10465,5950500
174,197,178,8986176,3181,10643,5852300
175,178,151,8985986,3220,10794,7308300
176,184,174,8985802,3230,10968,6381600
177,175,165,8985629,3238,11133,6465100
178,200,172,8985435,3260,11305,7898800
179,198,164,8985238,3293,11469,7058800
180,163,175,8985064,3292,11644,7546900
181,177,153,8984892,3311,11797,7591600
182,222,186,8984677,3340,11983,8740000
183,215,164,8984466,3387,12147,12464500
184,190,154,8984264,3435,12301,7370500
185,185,198,8984085,3416,12499,6080600
186,211,190,8983876,3435,12689,6540200
187,208,183,8983676,3452,12872,8529900
188,172,168,8983487,3473,13040,8104600
189,209,208,8983292,3460,13248,7009600
190,227,159,8983075,3518,13407,6714500
191,223,176,8982836,3581,13583,7514900
192,201,172,8982626,3619,13755,6921400
193,210,202,8982421,3622,13957,7138100
194,223,172,8982197,3674,14129,6967900
195,194,184,8982007,3680,14313,8360100
196,194,195,8981807,3685,14508,6581200
197,227,192,8981591,3709,14700,6170400
198,215,185,8981371,3744,14885,6360200
199,231,167,8981141,3807,15052,5842500
200,200,197,8980948,3803,15249,5629200
201,220,213,8980720,3818,15462,5759800
202,220,224,8980510,3804,15686,5820900
203,229,213,8980276,3825,15899,5794800
204,195,194,8980058,3849,16093,6010700
205,253,192,8979835,3880,16285,6031100
206,197,205,8979637,3873,16490,5754500
207,220,207,8979413,3890,16697,5915400
208,200,203,8979205,3895,16900,6201000
209,244,208,8978974,3918,17108,5999400
210,243,181,8978726,3985,17289,6394700
211,210,202,8978506,4003,17491,6048800
212,229,193,8978285,4031,17684,6296800
213,223,194,8978063,4059,17878,5929700
214,243,221,8977828,4073,18099,6246400
215,242,212,8977589,4100,18311,6246900
216,235,206,8977351,4132,18517,6279300
217,211,216,8977131,4136,18733,5994300
218,241,198,8976902,4167,18931,5938900
219,256,215,8976644,4210,19146,6018800
220,244,233,8976395,4226,19379,6144200
221,245,244,8976156,4221,19623,5818700
222,258,216,8975915,4246,19839,6467800
223,214,242,8975677,4242,20081,6794700
224,237,231,8975429,4259,20312,7394300
225,195,263,8975246,4179,20575,6275000
226,258,211,8974987,4227,20786,5967200
227,256,253,8974734,4227,21039,5839700
228,261,209,8974478,4274,21248,5808400
229,267,243,8974206,4303,21491,7034600
230,223,190,8973978,4341,21681,6815800
231,258,234,8973727,4358,21915,6232300
232,253,249,8973486,4350,22164,5972900
233,258,222,8973221,4393,22386,5654800
234,273,227,8972951,4436,22613,5709600
235,245,222,8972703,4462,22835,6016000
236,239,249,8972458,4458,23084,5949700
237,270,241,8972204,4471,23325,5913300
238,278,195,8971917,4563,23520,6101800
239,257,242,8971650,4588,23762,5969900
240,269,248,8971408,4582,24010,5667600
241,281,217,8971118,4655,24227,6785900
242,270,219,8970840,4714,24446,6611000
243,256,247,8970578,4729,24693,5959200
244,274,235,8970303,4769,24928,6610400
245,243,265,8970072,4735,25193,5956300
246,280,259,8969787,4761,25452,6084900
247,260,258,8969528,4762,25710,6134600
248,251,282,8969266,4742,25992,6200400
249,251,238,8969016,4754,26230,6882100
250,264,245,8968765,4760,26475,5924300
251,238,241,8968503,4781,26716,5983900
252,277,246,8968253,4785,26962,6158800
253,262,275,8967970,4793,27237,5835400
254,305,252,8967686,4825,27489,6041100
255,289,252,8967379,4880,27741,5834100
256,265,272,8967120,4867,28013,6335100
257,318,252,8966831,4904,28265,5933400
258,308,242,8966502,4991,28507,5779000
259,270,263,8966230,5000,28770,6144000
260,277,299,8965949,4982,29069,6308400
261,294,238,8965665,5028,29307,6308000
262,329,273,8965343,5077,29580,5931000
263,285,263,8965041,5116,29843,6013600
264,282,270,8964764,5123,30113,6511200
265,265,289,8964503,5095,30402,6118300
266,269,274,8964222,5102,30676,6327600
267,300,284,8963937,5103,30960,6762600
268,309,265,8963628,5147,31225,6699600
269,293,235,8963324,5216,31460,7211900
270,290,281,8963040,5219,31741,6094600
271,307,262,8962734,5263,32003,6794200
272,295,280,8962437,5280,32283,5994400
273,259,275,8962173,5269,32558,5851000
274,306,291,8961872,5279,32849,6389600
275,342,257,8961542,5352,33106,6189400
276,308,285,8961221,5388,33391,6364700
277,360,305,8960885,5419,33696,5754200
278,287,299,8960577,5428,33995,5742800
279,295,255,8960276,5474,34250,6230100
280,286,311,8959993,5446,34561,5870500
281,301,286,8959701,5452,34847,5898300
282,312,258,8959384,5511,35105,5665400
283,316,282,8959066,5547,35387,5694900
284,315,286,8958750,5577,35673,5736600
285,344,287,8958415,5625,35960,6045700
286,302,269,8958112,5659,36229,6901300
287,302,287,8957795,5689,36516,6071500
288,346,292,8957460,5732,36808,6727700
289,346,313,8957121,5758,37121,6985400
290,294,295,8956811,5773,37416,6590000
291,351,298,8956488,5798,37714,8000600
292,326,325,8956147,5814,38039,7175100
293,313,337,8955830,5794,38376,6806100
294,306,277,8955519,5828,38653,6703700
295,319,306,8955209,5832,38959,6471800
296,348,313,8954872,5856,39272,6321900
297,339,322,8954509,5897,39594,6251900
298,332,289,8954184,5933,39883,6715700
299,291,332,8953884,5901,40215,6294900
300,346,300,8953551,5934,40515,6459500
301,369,296,8953197,5992,40811,6457100
302,317,266,8952863,6060,41077,6633600
303,321,325,8952537,6061,41402,6311800
304,364,350,8952177,6071,41752,6203900
305,362,322,8951822,6104,42074,6492800
306,350,322,8951474,6130,42396,6516500
307,347,316,8951141,6147,42712,6793200
308,323,316,8950794,6178,43028,6283900
309,337,350,8950461,6161,43378,5919300
310,306,330,8950168,6124,43708,6826900
311,335,315,8949827,6150,44023,6161500
312,371,298,8949476,6203,44321,7058100
313,354,342,8949105,6232,44663,6072000
314,343,317,8948757,6263,44980,5994200
315,340,303,8948415,6302,45283,6490900
316,337,316,8948079,6322,45599,6451100
317,361,338,8947728,6335,45937,6187700
318,369,372,8947364,6327,46309,6669200
319,340,342,8947013,6336,46651,6696400
320,364,314,8946647,6388,46965,6300400
321,391,333,8946262,6440,47298,5931500
322,377,370,8945875,6457,47668,6407600
323,348,341,8945538,6453,48009,6390700
324,361,369,8945171,6451,48378,5783600
325,399,315,8944802,6505,48693,6047200
326,407,364,8944372,6571,49057,6138100
327,384,330,8943977,6636,49387,5890800
328,384,356,8943609,6648,49743,6105000
329,405,351,8943212,6694,50094,5830300
330,416,341,8942801,6764,50435,5820600
331,399,346,8942384,6835,50781,5976400
332,411,366,8941986,6867,51147,6210000
333,413,387,8941570,6896,51534,5860300
334,400,333,8941147,6986,51867,5989600
335,424,380,8940750,7003,52247,5788200
336,372,401,8940361,6991,52648,5777500
337,411,407,8939969,6976,53055,5753300
338,382,352,8939582,7011,53407,6103200
339,400,345,8939174,7074,53752,6253100
340,375,367,8938806,7075,54119,6026100
341,433,389,8938375,7117,54508,5764300
342,385,358,8937971,7163,54866,5986700
343,373,356,8937605,7173,55222,5973500
344,457,388,8937165,7225,55610,6230600
345,391,397,8936752,7241,56007,6830500
346,398,378,8936368,7247,56385,6087400
347,390,344,8935959,7312,56729,5972100
348,406,367,8935557,7347,57096,6552600
349,403,381,8935165,7358,57477,5942100
350,452,415,8934719,7389,57892,6562900
351,406,372,8934315,7421,58264,6338100
352,423,389,8933902,7445,58653,6331800
353,429,385,8933464,7498,59038,5812800
354,415,397,8933057,7508,59435,6041600
355,400,427,8932657,7481,59862,6601200
356,415,384,8932234,7520,60246,6491600
357,430,393,8931812,7549,60639,6450300
358,435,435,8931368,7558,61074,6247100
359,367,385,8930980,7561,61459,5671000
360,431,424,8930565,7552,61883,5711200
361,434,446,8930133,7538,62329,6228500
362,411,377,8929715,7579,62706,6452300
363,411,415,8929313,7566,63121,6598500
364,480,387,8928853,7639,63508,6416900
365,429,441,8928398,7653,63949,6668400
366,422,386,8927998,7667,64335,6802400
367,409,453,8927569,7643,64788,6513400
368,462,408,8927118,7686,65196,6353300
369,398,399,8926725,7680,65595,6533500
370,471,414,8926249,7742,66009,6388200
371,457,427,8925788,7776,66436,6255400
372,469,428,8925329,7807,66864,6409800
373,440,386,8924894,7856,67250,5803000
374,474,418,8924421,7911,67668,6289400
375,430,403,8923981,7948,68071,6364800
376,444,408,8923530,7991,68479,6452000
377,451,444,8923082,7995,68923,6346300
378,465,430,8922613,8034,69353,5998500
379,452,409,8922162,8076,69762,6179000
380,446,417,8921705,8116,70179,6223600
381,436,412,8921285,8124,70591,6062900
382,454,398,8920823,8188,70989,6120200
383,470,394,8920367,8250,71383,6002900
384,494,433,8919865,8319,71816,5921000
385,429,423,8919439,8322,72239,6015200
386,423,437,8919017,8307,72676,5811100
387,414,443,8918603,8278,73119,6181700
388,456,409,8918157,8315,73528,6121200
389,470,454,8917671,8347,73982,5804900
390,452,456,8917225,8337,74438,6028700
391,435,425,8916798,8339,74863,5831200
392,467,451,8916327,8359,75314,5846300
393,489,431,8915838,8417,75745,5896100
394,466,435,8915370,8450,76180,5826400
395,448,464,8914907,8449,76644,5899300
396,484,420,8914437,8499,77064,6069700
397,516,494,8913935,8507,77558,5824400
398,503,460,8913424,8558,78018,6208700
399,483,453,8912943,8586,78471,5847400
400,494,448,8912442,8639,78919,6024400
401,487,439,8911965,8677,79358,5873200
402,478,447,8911486,8709,79805,5955800
403,464,405,8911011,8779,80210,6085300
404,482,479,8910530,8781,80689,5788100
405,498,446,8910052,8813,81135,5884800
406,502,458,8909529,8878,81593,6120600
407,486,481,8909049,8877,82074,6188100
408,465,465,8908577,8884,82539,5941300
409,539,476,8908058,8927,83015,6098400
410,469,485,8907583,8917,83500,6189600
411,496,473,8907081,8946,83973,6419000
412,499,488,8906582,8957,84461,6545700
413,478,443,8906095,9001,84904,6621500
414,503,480,8905596,9020,85384,6326400
415,506,476,8905112,9028,85860,6186700
416,531,462,8904580,9098,86322,6275300
417,498,452,8904047,9179,86774,6333000
418,506,475,8903551,9200,87249,6472400
419,476,479,8903073,9199,87728,6041500
420,488,470,8902594,9208,88198,5987800
421,521,498,8902098,9206,88696,5834000
422,571,512,8901521,9271,89208,5912200
423,510,503,8901003,9286,89711,6040400
424,487,471,8900499,9319,90182,5972400
425,541,478,8899981,9359,90660,5963300
426,532,503,8899444,9393,91163,6165600
427,529,474,8898914,9449,91637,5891300
428,515,483,8898393,9487,92120,5839800
429,539,483,8897858,9539,92603,5869800
430,521,511,8897331,9555,93114,5783000
431,489,515,8896838,9533,93629,5837700
432,471,451,8896371,9549,94080,5965800
433,494,504,8895886,9530,94584,5953100
434,552,472,8895343,9601,95056,6067300
435,500,519,8894840,9585,95575,5965200
436,546,497,8894274,9654,96072,5985800
437,586,483,8893699,9746,96555,5847600
438,528,487,8893179,9779,97042,5929700
439,562,491,8892624,9843,97533,6194500
440,506,574,8892092,9801,98107,5869600
441,533,526,8891574,9793,98633,6150300
442,533,476,8891020,9871,99109,6658300
443,530,527,8890527,9837,99636,6059400
444,501,521,8890007,9836,100157,5851500
445,515,531,8889515,9797,100688,6147300
446,490,513,8888990,9809,101201,6096000
447,468,522,8888518,9759,101723,6173000
448,539,499,8888009,9769,102222,5867200
449,556,522,8887455,9801,102744,6139400
450,528,482,8886921,9853,103226,6044900
451,547,536,8886383,9855,103762,6024200
452,518,545,8885847,9846,104307,5949100
453,578,488,8885266,9939,104795,6386400
454,508,509,8884764,9932,105304,6181400
455,562,503,8884201,9992,105807,5973600
456,540,488,8883651,10054,106295,6282000
457,516,529,8883128,10048,106824,6127600
458,578,467,8882575,10134,107291,6054300
459,550,557,8882033,10119,107848,6102300
460,570,545,8881454,10153,108393,6056700
461,545,499,8880904,10204,108892,6401700
462,568,578,8880369,10161,109470,6130600
463,531,561,8879795,10174,110031,6333300
464,556,559,8879265,10145,110590,6226900
465,546,565,8878685,10160,111155,6693600
466,501,506,8878203,10136,111661,6405700
467,538,527,8877663,10149,112188,6128300
468,552,493,8877113,10206,112681,6137900
469,515,537,8876585,10197,113218,5974200
470,545,577,8876059,10146,113795,5916600
471,546,560,8875509,10136,114355,5938700
472,556,480,8874947,10218,114835,5836400
473,589,579,8874361,10225,115414,6063700
474,591,547,8873779,10260,115961,6160300
475,562,533,8873233,10273,116494,5840000
476,502,543,8872718,10245,117037,6285500
477,534,507,8872160,10296,117544,6178700
478,567,538,8871615,10303,118082,6154200
479,588,556,8871048,10314,118638,5982200
480,518,564,8870508,10290,119202,6189200
481,557,546,8869929,10323,119748,5982600
482,589,555,8869364,10333,120303,6150800
483,540,554,8868824,10319,120857,6075500
484,567,526,8868258,10359,121383,5948500
485,532,532,8867726,10359,121915,6219000
486,558,520,8867158,10407,122435,5987100
487,554,548,8866607,10410,122983,6319100
488,528,508,8866074,10435,123491,6076000
489,534,526,8865527,10456,124017,6007100
490,567,565,8864984,10434,124582,6106000
491,549,565,8864419,10434,125147,5997900
492,543,543,8863878,10432,125690,5920500
493,549,554,8863327,10429,126244,5981300
494,526,499,8862795,10462,126743,6011900
495,592,521,8862222,10514,127264,5827400
496,580,536,8861635,10565,127800,5977200
497,580,529,8861072,10599,128329,5854800
498,566,594,8860484,10593,128923,5823300
499,627,564,8859889,10624,129487,6029900
500,604,559,8859286,10668,130046,6112600
501,581,517,8858678,10759,130563,6134000
502,558,594,8858130,10713,131157,5874700
503,580,534,8857552,10757,131691,5997300
504,572,545,8856985,10779,132236,5981600
505,573,615,8856419,10730,132851,5901300
506,556,560,8855846,10743,133411,5929700
507,591,573,8855266,10750,133984,6023500
508,535,566,8854718,10732,134550,6002600
509,566,557,8854145,10748,135107,6169900
510,593,575,8853565,10753,135682,6060800
511,595,584,8852967,10767,136266,5818000
512,592,557,8852374,10803,136823,5957600
513,623,573,8851772,10832,137396,5988700
514,594,561,8851153,10890,137957,5889100
515,609,566,8850562,10915,138523,5869000
516,616,523,8849945,11009,139046,5847100
517,601,566,8849333,11055,139612,6027200
518,581,571,8848750,11067,140183,5891400
519,598,631,8848167,11019,140814,5788500
520,587,559,8847575,11052,141373,5989600
521,563,567,8846993,11067,141940,6063100
522,565,570,8846451,11039,142510,5915900
523,630,580,8845821,11089,143090,5830500
524,590,586,8845217,11107,143676,6106100
525,598,574,8844629,11121,144250,6025900
526,639,560,8844001,11189,144810,5825600
527,622,570,8843374,11246,145380,5924400
528,630,592,8842756,11272,145972,5913300
529,641,594,8842107,11327,146566,5800800
530,641,570,8841466,11398,147136,5783600
531,651,556,8840810,11498,147692,5885400
532,686,607,8840126,11575,148299,5940600
533,620,629,8839490,11582,148928,5999800
534,582,554,8838912,11606,149482,5966400
535,609,554,8838312,11652,150036,5956600
536,650,629,8837658,11677,150665,5931200
537,648,570,8837022,11743,151235,6009200
538,655,634,8836396,11735,151869,6220500
539,650,639,8835711,11781,152508,6030900
540,683,616,8835057,11819,153124,6001700
541,655,615,8834399,11862,153739,6032200
542,671,558,8833705,11998,154297,5936700
543,672,620,8833031,12052,154917,6504600
544,666,623,8832384,12076,155540,6432300
545,677,622,8831696,12142,156162,6272100
546,616,611,8831066,12161,156773,6404400
547,622,619,8830454,12154,157392,6453400
548,667,653,8829790,12165,158045,6455300
549,686,650,8829100,12205,158695,6478200
550,599,616,8828485,12204,159311,6100400
551,672,683,8827858,12148,159994,6165100
552,647,626,8827175,12205,160620,6113000
553,642,626,8826545,12209,161246,6062500
554,690,655,8825860,12239,161901,6554100
555,652,621,8825206,12272,162522,6327300
556,656,608,8824535,12335,163130,7135200
557,690,624,8823886,12360,163754,7480700
558,607,622,8823256,12368,164376,6472200
559,669,619,8822589,12416,164995,6438600
560,677,712,8821886,12407,165707,5942300
561,616,680,8821253,12360,166387,5907100
562,677,641,8820609,12363,167028,5874300
563,660,630,8819931,12411,167658,5858000
564,654,650,8819270,12422,168308,6436200
565,670,683,8818636,12373,168991,6445900
566,645,638,8817975,12396,169629,7043900
567,719,653,8817288,12430,170282,6216900
568,671,651,8816616,12451,170933,6148200
569,623,608,8815960,12499,171541,6110500
570,650,676,8815298,12485,172217,6199800
571,650,652,8814681,12450,172869,6229700
572,693,685,8813973,12473,173554,6854000
573,683,655,8813292,12499,174209,6744800
574,704,652,8812598,12541,174861,6161200
575,703,676,8811899,12564,175537,6300400
576,660,686,8811214,12563,176223,6387200
577,688,614,8810550,12613,176837,6301100
578,669,637,8809885,12641,177474,6384200
579,661,672,8809217,12637,178146,6498900
580,651,630,8808558,12666,178776,6235100
581,675,686,8807866,12672,179462,6037900
582,664,673,8807221,12644,180135,6231600
583,647,660,8806546,12659,180795,5998300
584,636,661,8805913,12631,181456,5923700
585,690,694,8805237,12613,182150,5979300
586,717,620,8804567,12663,182770,6012300
587,677,666,8803846,12718,183436,5780700
588,623,626,8803224,12714,184062,5836000
589,667,662,8802538,12738,184724,5811500
590,675,642,8801889,12745,185366,5899200
591,687,677,8801210,12747,186043,5962200
592,657,666,8800548,12743,186709,5767000
593,725,626,8799819,12846,187335,5839900
594,682,624,8799134,12907,187959,5816800
595,637,630,8798519,12892,188589,5964200
596,710,660,8797818,12933,189249,5860500
597,684,683,8797114,12954,189932,5907700
598,662,672,8796453,12943,190604,5724800
599,674,675,8795789,12932,191279,5852500
600,674,693,8795098,12930,191972,6162700
601,714,677,8794399,12952,192649,6133100
602,632,624,8793740,12987,193273,6108100
603,641,663,8793108,12956,193936,6119200
604,682,645,8792424,12995,194581,5751500
605,685,689,8791732,12998,195270,6146100
606,657,677,8791078,12975,195947,5903300
607,670,643,8790440,12970,196590,5874900
608,707,650,8789695,13065,197240,5906600
609,712,708,8788990,13062,197948,6059000
610,644,685,8788350,13017,198633,5759700
611,678,655,8787668,13044,199288,5562000
612,678,736,8786994,12982,200024,5532600
613,737,706,8786274,12996,200730,5965200
614,737,696,8785531,13043,201426,6060800
615,742,675,8784794,13105,202101,6135700
616,699,683,8784085,13131,202784,6005800
617,733,709,8783330,13177,203493,6077600
618,719,659,8782638,13210,204152,5929800
619,753,689,8781887,13272,204841,6162700
620,714,713,8781171,13275,205554,6123200
621,715,695,8780456,13295,206249,6015600
622,728,676,8779728,13347,206925,6040000
623,751,704,8778990,13381,207629,6045800
624,722,710,8778251,13410,208339,5957800
625,769,688,8777500,13473,209027,6094500
626,761,733,8776727,13513,209760,6033700
627,751,688,8775969,13583,210448,5894600
628,770,755,8775216,13581,211203,5893600
629,780,704,8774450,13643,211907,5865100
630,740,705,8773690,13698,212612,5897900
631,751,710,8772939,13739,213322,6117100
632,753,749,8772181,13748,214071,5855700
633,765,731,8771445,13753,214802,6135000
634,721,771,8770711,13716,215573,5920600
635,746,642,8769959,13826,216215,6146200
636,766,724,8769189,13872,216939,5881700
637,749,758,8768447,13856,217697,5923900
638,736,737,8767705,13861,218434,5972500
639,722,717,8766974,13875,219151,5983700
640,746,748,8766230,13871,219899,5811500
641,693,735,8765559,13807,220634,5870700
642,722,786,8764793,13787,221420,5757200
643,781,762,8764024,13794,222182,5868500
644,705,665,8763321,13832,222847,5972700
645,745,678,8762590,13885,223525,5872500
646,745,771,8761866,13838,224296,5922800
647,717,697,8761127,13880,224993,5788600
648,758,713,8760374,13920,225706,5872100
649,798,761,8759582,13951,226467,5847800
650,718,694,8758865,13974,227161,5765900
651,732,715,8758113,14011,227876,5843200
652,776,699,8757364,14061,228575,5795800
653,738,766,8756611,14048,229341,5801300
654,759,702,8755850,14107,230043,5820100
655,724,732,8755146,14079,230775,5840300
656,790,781,8754339,14105,231556,5878000
657,782,694,8753578,14172,232250,5844200
658,746,709,8752783,14258,232959,5888300
659,757,789,8752074,14178,233748,5812800
660,767,702,8751307,14243,234450,5883300
661,794,773,8750511,14266,235223,5923700
662,753,733,8749725,14319,235956,6017600
663,766,747,8748966,14331,236703,5819500
664,738,730,8748246,14321,237433,5767200
665,789,709,8747468,14390,238142,5881600
666,745,744,8746694,14420,238886,5971700
667,763,754,8745966,14394,239640,5930900
668,789,710,8745155,14495,240350,5985100
669,803,734,8744365,14551,241084,5961600
670,801,775,8743555,14586,241859,6063300
671,804,760,8742766,14615,242619,5973600
672,765,783,8741965,14633,243402,6000400
673,829,788,8741166,14644,244190,5894400
674,839,759,8740320,14731,244949,5839000
675,759,770,8739542,14739,245719,5888600
676,740,778,8738811,14692,246497,5813600
677,824,761,8738005,14737,247258,6104600
678,730,793,8737265,14684,248051,5960400
679,721,736,8736530,14683,248787,5966400
680,743,750,8735786,14677,249537,5957200
681,807,815,8735013,14635,250352,5897000
682,777,753,8734210,14685,251105,5684800
683,844,741,8733380,14774,251846,5945800
684,788,786,8732551,14817,252632,5773600
685,814,741,8731787,14840,253373,6307800
686,841,773,8730948,14906,254146,6140000
687,800,828,8730144,14882,254974,6321600
688,703,787,8729400,14839,255761,6329700
689,822,832,8728610,14797,256593,5898800
690,787,759,8727807,14841,257352,5621800
691,855,744,8726975,14929,258096,5736200
692,829,751,8726133,15020,258847,5914800
693,731,770,8725385,14998,259617,5677800
694,780,762,8724638,14983,260379,5968000
695,803,746,8723816,15059,261125,5727800
696,794,786,8723017,15072,261911,5944900
697,824,796,8722219,15074,262707,5791900
698,822,801,8721412,15080,263508,5785100
699,797,827,8720586,15079,264335,5722000
700,809,810,8719776,15079,265145,5857600
701,786,803,8718999,15053,265948,5874700
702,792,805,8718202,15045,266753,5857200
703,809,793,8717359,15095,267546,5761000
704,774,749,8716595,15110,268295,5867100
705,822,780,8715800,15125,269075,6096000
706,808,811,8714967,15147,269886,5966600
707,779,794,8714218,15102,270680,6069600
708,776,824,8713413,15083,271504,5798500
709,812,770,8712617,15109,272274,5919800
710,831,781,8711786,15159,273055,5857500
711,795,764,8710976,15205,273819,5801400
712,820,792,8710189,15200,274611,6010700
713,837,717,8709342,15330,275328,5863200
714,822,808,8708506,15358,276136,5933900
715,867,809,8707655,15400,276945,5941800
716,814,876,8706854,15325,277821,5792000
717,873,795,8705983,15401,278616,5900400
718,781,797,8705146,15441,279413,5770700
719,785,871,8704390,15326,280284,5833700
720,853,799,8703556,15361,281083,5839600
721,790,806,8702755,15356,281889,5866200
722,807,766,8701925,15420,282655,5716500
723,806,789,8701134,15422,283444,5939000
724,812,807,8700331,15418,284251,5851100
725,740,797,8699576,15376,285048,5863900
726,796,806,8698777,15369,285854,5821700
727,847,794,8697952,15400,286648,5873200
728,769,743,8697173,15436,287391,5891800
729,834,825,8696351,15433,288216,5804100
730,834,849,8695530,15405,289065,5752100
731,765,750,8694723,15462,289815,5925400
732,824,794,8693917,15474,290609,5996700
733,847,812,8693074,15505,291421,5956900
734,743,823,8692320,15436,292244,5887600
735,790,753,8691526,15477,292997,5898900
736,818,808,8690741,15454,293805,6052600
737,793,763,8689950,15482,294568,6122300
738,814,818,8689121,15493,295386,5814000
739,780,777,8688337,15500,296163,5899500
740,863,815,8687486,15536,296978,5990000
741,807,793,8686670,15559,297771,5929400
742,825,804,8685849,15576,298575,6256900
743,817,762,8685031,15632,299337,5881900
744,823,806,8684210,15647,300143,6082200
745,825,804,8683398,15655,300947,5951500
746,835,819,8682546,15688,301766,6112700
747,871,818,8681689,15727,302584,6075600
748,870,778,8680802,15836,303362,5893300
749,775,860,8680031,15747,304222,6062400
750,820,797,8679202,15779,305019,5972200
751,834,827,8678376,15778,305846,5922200
752,800,794,8677583,15777,306640,6057600
753,828,845,8676755,15760,307485,5906200
754,867,841,8675909,15765,308326,5939700
755,869,782,8675007,15885,309108,5825700
756,839,840,8674194,15858,309948,5773000
757,855,828,8673339,15885,310776,5869100
758,821,760,8672495,15969,311536,5906400
759,856,814,8671636,16014,312350,5963200
760,910,809,8670750,16091,313159,5749000
761,833,830,8669900,16111,313989,5818000
762,885,825,8669019,16167,314814,5728500
763,835,821,8668184,16181,315635,5881900
764,853,816,8667319,16230,316451,5845900
765,861,817,8666463,16269,317268,6007500
766,938,839,8665540,16353,318107,6022800
767,894,815,8664624,16454,318922,5839700
768,927,791,8663726,16561,319713,5823000
769,910,852,8662815,16620,320565,6062900
770,861,843,8661939,16653,321408,6298000
771,810,839,8661109,16644,322247,6200400
772,847,838,8660278,16637,323085,6213400
773,850,863,8659414,16638,323948,5856500
774,842,881,8658607,16564,324829,5605500
775,890,870,8657708,16593,325699,5623100
776,874,856,8656829,16616,326555,5652200
777,871,855,8655978,16612,327410,6135200
778,845,871,8655125,16594,328281,6017000
779,873,877,8654240,16602,329158,5774500
780,843,919,8653395,16528,330077,5881500
781,855,869,8652530,16524,330946,6370600
782,865,860,8651677,16517,331806,6320700
783,871,864,8650812,16518,332670,6162900
784,886,901,8649930,16499,333571,6155300
785,858,887,8649043,16499,334458,5885000
786,936,826,8648144,16572,335284,6095100
787,897,854,8647240,16622,336138,5811100
788,885,818,8646360,16684,336956,5940100
789,913,859,8645445,16740,337815,6188100
790,895,854,8644564,16767,338669,5812500
791,916,816,8643653,16862,339485,5956200
792,934,952,8642701,16862,340437,6229100
793,878,842,8641799,16922,341279,5982600
794,848,830,8640963,16928,342109,5946200
795,922,881,8640047,16963,342990,6011300
796,914,889,8639144,16977,343879,5974500
797,919,928,8638218,16975,344807,6148200
798,873,913,8637340,16940,345720,6012400
799,888,899,8636447,16934,346619,6093300
800,895,895,8635559,16927,347514,6172600
801,844,906,8634679,16901,348420,5908200
802,851,849,8633830,16901,349269,6048400
803,915,908,8632957,16866,350177,5872800
804,945,905,8632008,16910,351082,6030500
805,918,885,8631104,16929,351967,6076700
806,871,891,8630196,16946,352858,5954600
807,870,880,8629349,16913,353738,5973000
808,903,868,8628434,16960,354606,5841400
809,876,883,8627547,16964,355489,5825000
810,932,915,8626638,16958,356404,5799600
811,945,879,8625693,17024,357283,5806700
812,885,837,8624785,17095,358120,5747400
813,908,859,8623893,17128,358979,5890900
814,895,917,8622965,17139,359896,6058900
815,846,876,8622126,17102,360772,5845700
816,920,930,8621228,17070,361702,5833200
817,889,847,8620343,17108,362549,6003500
818,962,885,8619394,17172,363434,5955000
819,940,874,8618442,17250,364308,5930400
820,922,887,8617506,17299,365195,6044000
821,881,894,8616624,17287,366089,5957200
822,861,914,8615757,17240,367003,5818400
823,857,887,8614908,17202,367890,5818300
824,893,845,8614023,17242,368735,5914100
825,942,942,8613083,17240,369677,5877500
826,948,882,8612159,17282,370559,5968500
827,970,890,8611188,17363,371449,5866800
828,959,920,8610207,17424,372369,6170900
829,900,948,8609295,17388,373317,5797000
830,916,940,8608388,17355,374257,5664400
831,958,892,8607422,17429,375149,6029500
832,963,897,8606501,17453,376046,5861400
833,927,924,8605542,17488,376970,5837900
834,891,905,8604650,17475,377875,5913100
835,956,860,8603714,17551,378735,5932500
836,953,937,8602758,17570,379672,5942900
837,980,961,8601779,17588,380633,5814400
838,912,920,8600863,17584,381553,5878500
839,898,887,8599957,17603,382440,5883700
840,902,905,8599070,17585,383345,5946700
841,880,870,8598176,17609,384215,5892900
842,971,946,8597226,17613,385161,5902900
843,951,904,8596256,17679,386065,6240400
844,969,935,8595290,17710,387000,5813000
845,979,901,8594340,17759,387901,6012800
846,900,926,8593406,17767,388827,5972300
847,949,955,8592481,17737,389782,6178700
848,907,903,8591546,17769,390685,5958900
849,973,982,8590597,17736,391667,5821200
850,881,984,8589682,17667,392651,5866900
851,905,892,8588764,17693,393543,5837800
852,944,957,8587838,17662,394500,6045100
853,906,899,8586935,17666,395399,5962600
854,936,923,8586019,17659,396322,5885100
855,961,907,8585080,17691,397229,5912800
856,976,914,8584060,17797,398143,5846000
857,875,912,8583154,17791,399055,6415900
858,967,877,8582247,17821,399932,5883700
859,948,976,8581286,17806,400908,6254800
860,933,963,8580348,17781,401871,6091000
861,879,986,8579446,17697,402857,6171700
862,942,900,8578539,17704,403757,5901600
863,931,878,8577593,17772,404635,5877200
864,955,895,8576644,17826,405530,5843700
865,1041,941,8575622,17907,406471,5778000
866,1006,921,8574606,18002,407392,6197300
867,977,907,8573629,18072,408299,6017800
868,905,963,8572725,18013,409262,5984200
869,932,947,8571775,18016,410209,6143500
870,971,931,8570816,18044,411140,5965600
871,1001,927,8569810,18123,412067,5904100
872,950,950,8568837,18146,413017,5758200
873,941,957,8567932,18094,413974,5844900
874,909,930,8566977,18119,414904,5904200
875,921,944,8566093,18059,415848,5938300
876,951,985,8565147,18020,416833,5774900
877,961,986,8564184,17997,417819,5851200
878,925,936,8563295,17950,418755,5783300
879,933,973,8562309,17963,419728,5775200
880,926,885,8561395,17992,420613,5871300
881,908,972,8560470,17945,421585,5825000
882,899,931,8559566,17918,422516,5778900
883,908,931,8558670,17883,423447,5880200
884,916,913,8557802,17838,424360,6027400
885,1015,938,8556748,17954,425298,5829000
886,972,927,8555766,18009,426225,6057900
887,947,947,8554818,18010,427172,5862200
888,916,933,8553913,17982,428105,5903700
889,943,928,8552951,18016,429033,5792100
890,933,892,8552042,18033,429925,5848900
891,951,895,8551097,18083,430820,5996500
892,991,946,8550127,18107,431766,5892200
893,988,942,8549105,18187,432708,5873700
894,992,977,8548133,18182,433685,5801600
895,971,980,8547139,18196,434665,5841200
896,1035,918,8546120,18297,435583,5738900
897,961,899,8545140,18378,436482,5906200
898,962,917,8544191,18410,437399,5900200
899,962,1022,8543232,18347,438421,6094100
900,930,933,8542280,18366,439354,5932600
901,958,978,8541325,18343,440332,5883400
902,985,969,8540357,18342,441301,6013800
903,944,931,8539420,18348,442232,5849000
904,1003,986,8538415,18367,443218,5887200
905,1049,947,8537375,18460,444165,6119800
906,1006,938,8536363,18534,445103,5924700
907,927,937,8535432,18528,446040,5919500
908,1034,951,8534404,18605,446991,6119000
909,1001,968,8533401,18640,447959,5944900
910,916,982,8532476,18583,448941,6381200
911,940,963,8531516,18580,449904,5998400
912,1045,956,8530517,18623,450860,6230100
913,950,915,8529512,18713,451775,6239200
914,943,994,8528601,18630,452769,5884100
915,1001,954,8527604,18673,453723,6114800
916,948,975,8526655,18647,454698,6214000
917,999,979,8525665,18658,455677,6115200
918,999,1027,8524661,18635,456704,6297800
919,1026,986,8523653,18657,457690,6047400
920,1020,993,8522621,18696,458683,6221700
921,999,929,8521614,18774,459612,6093400
922,1015,960,8520594,18834,460572,5818300
923,988,986,8519620,18822,461558,5916700
924,1058,1015,8518560,18867,462573,6004200
925,1012,966,8517570,18891,463539,6151000
926,1040,990,8516522,18949,464529,6028200
927,930,998,8515572,18901,465527,5932100
928,995,980,8514583,18910,466507,5942900
929,1017,1016,8513536,18941,467523,5889300
930,1007,1027,8512557,18893,468550,5901300
931,1052,1015,8511535,18900,469565,5981300
932,983,996,8510513,18926,470561,5840700
933,990,957,8509549,18933,471518,6055700
934,1011,970,8508497,19015,472488,5799000
935,1042,990,8507480,19042,473478,5818000
936,974,1011,8506491,19020,474489,5919200
937,1022,1013,8505486,19012,475502,5915900
938,1008,1022,8504461,19015,476524,5869400
939,967,980,8503518,18978,477504,6228500
940,974,931,8502534,19031,478435,5815700
941,1037,980,8501509,19076,479415,5795300
942,1026,962,8500492,19131,480377,6223400
943,1052,964,8499436,19223,481341,5916200
944,991,972,8498432,19255,482313,6069800
945,975,1049,8497452,19186,483362,5964800
946,1020,1001,8496448,19189,484363,5972900
947,1080,997,8495365,19275,485360,6157800
948,1085,1035,8494298,19307,486395,6304300
949,1056,1054,8493238,19313,487449,5968000
950,1050,1002,8492164,19385,488451,5947900
951,1058,1027,8491114,19408,489478,6128100
952,1101,1027,8490026,19469,490505,6038300
953,1069,1019,8488944,19532,491524,6043400
954,1024,1011,8487925,19540,492535,6223900
955,1020,977,8486886,19602,493512,6039500
956,1063,1011,8485829,19648,494523,5888200
957,1047,1025,8484798,19654,495548,6306900
958,1026,1060,8483754,19638,496608,5961300
959,1076,1023,8482690,19679,497631,5971200
960,1036,984,8481643,19742,498615,6013400
961,1069,1107,8480601,19677,499722,5935100
962,1040,1042,8479550,19686,500764,6059600
963,1005,1001,8478520,19715,501765,5981000
964,968,1008,8477528,19699,502773,6181300
965,1072,1031,8476493,19703,503804,5817900
966,1071,976,8475437,19783,504780,5847800
967,1053,1055,8474394,19771,505835,6090800
968,1010,1009,8473374,19782,506844,5991300
969,1062,995,8472324,19837,507839,6213300
970,1029,1017,8471248,19896,508856,5904300
971,1054,1039,8470204,19901,509895,6209600
972,1054,1025,8469165,19915,510920,6372300
973,1027,1010,8468138,19932,511930,6130000
974,1016,1064,8467116,19890,512994,6225400
975,1073,1054,8466056,19896,514048,6014000
976,997,1066,8465016,19870,515114,6014300
977,1068,978,8464007,19901,516092,6255300
978,1019,980,8462957,19971,517072,5962700
979,1084,1084,8461884,19960,518156,5825800
980,1073,1067,8460814,19963,519223,5901900
981,1069,1024,8459744,20009,520247,5807600
982,1082,1093,8458652,20008,521340,5833800
983,1003,1016,8457657,19987,522356,5917500
984,1042,1105,8456631,19908,523461,5848500
985,1090,1006,8455535,19998,524467,5996400
986,1118,979,8454418,20136,525446,5810800
987,1091,1077,8453313,20164,526523,5827900
988,1122,1018,8452196,20263,527541,6116700
989,1054,1056,8451151,20252,528597,5857900
990,1022,1092,8450070,20241,529689,5816600
991,1046,1005,8449081,20225,530694,5906700
992,1038,1019,8448027,20260,531713,5835900
993,1040,1063,8446994,20230,532776,5996100
994,1048,1045,8445948,20231,533821,5878000
995,1033,1056,8444903,20220,534877,5821800
996,1022,995,8443904,20224,535872,6262900
997,1013,1095,8442862,20171,536967,5946100
998,1113,1134,8441766,20133,538101,5963800
999,1099,1083,8440683,20133,539184,5861000
1000,1082,1038,8439587,20191,540222,5820400
1001,1065,1054,8438517,20207,541276,6066900
1002,1097,1082,8437416,20226,542358,5826000
1003,1117,1085,8436327,20230,543443,6234800
1004,1080,1087,8435224,20246,544530,6054700
1005,1117,1044,8434138,20288,545574,5981200
1006,1111,1078,8433021,20327,546652,6050900
1007,1071,1034,8431923,20391,547686,5870000
1008,1131,1069,8430822,20423,548755,6090400
1009,1087,1054,8429714,20477,549809,6138500
1010,1137,1073,8428559,20559,550882,6045700
1011,1139,1097,8427454,20567,551979,5928200
1012,1191,1082,8426286,20653,553061,6206300
1013,1136,1066,8425134,20739,554127,6031800
1014,1187,1109,8423949,20815,555236,6237000
1015,1141,1086,8422806,20872,556322,5998000
1016,1060,1131,8421695,20852,557453,6114400
1017,1190,1164,8420563,20820,558617,6131700
1018,1133,1033,8419411,20939,559650,5985600
1019,1075,1079,8418351,20920,560729,6163000
1020,1160,1041,8417188,21042,561770,5984200
1021,1110,1049,8416052,21129,562819,5983600
1022,1129,1084,8414934,21163,563903,6216000
1023,1122,1099,8413816,21182,565002,6195700
1024,1087,1038,8412719,21241,566040,6124400
1025,1159,1109,8411552,21299,567149,6384300
1026,1191,1091,8410371,21389,568240,6466100
1027,1150,1066,8409237,21457,569306,6438400
1028,1139,1137,8408092,21465,570443,6055900
1029,1223,1080,8406903,21574,571523,5734900
1030,1095,1110,8405784,21583,572633,5582000
1031,1148,1128,8404618,21621,573761,5777300
1032,1182,1126,8403457,21656,574887,6082300
1033,1162,1126,8402292,21695,576013,5959800
1034,1158,1081,8401147,21759,577094,5892700
1035,1114,1117,8399985,21804,578211,5944500
1036,1153,1184,8398856,21749,579395,5844600
1037,1084,1150,8397768,21687,580545,6070200
1038,1126,1113,8396648,21694,581658,5696000
1039,1094,1192,8395541,21609,582850,5826900
1040,1135,1143,8394424,21583,583993,5911100
1041,1099,1077,8393303,21627,585070,5814900
1042,1085,1052,8392202,21676,586122,5860100
1043,1061,1143,8391158,21577,587265,5873800
1044,1106,1089,8390035,21611,588354,5802800
1045,1076,1109,8388972,21565,589463,6013300
1046,1160,1151,8387868,21518,590614,5992800
1047,1161,1116,8386676,21594,591730,5808400
1048,1109,1131,8385545,21594,592861,5930100
1049,1106,1170,8384427,21542,594031,5823700
1050,1102,1117,8383370,21482,595148,5790200
1051,1171,1075,8382180,21597,596223,6075000
1052,1257,1126,8380933,21718,597349,5885100
1053,1149,1082,8379758,21811,598431,6056400
1054,1187,1123,8378588,21858,599554,5837300
1055,1156,1096,8377436,21914,600650,5751800
1056,1167,1132,8376279,21939,601782,6129900
1057,1179,1149,8375101,21968,602931,5856700
1058,1099,1209,8373979,21881,604140,5861400
1059,1106,1122,8372862,21876,605262,5886700
1060,1118,1143,8371779,21816,606405,5801800
1061,1171,1181,8370609,21805,607586,5949400
1062,1102,1112,8369474,21828,608698,5986700
1063,1216,1124,8368269,21909,609822,5828600
1064,1179,1085,8367110,21983,610907,5794600
1065,1121,1152,8365990,21951,612059,5866600
1066,1137,1080,8364815,22046,613139,5836000
1067,1114,1093,8363703,22065,614232,5957400
1068,1094,1155,8362605,22008,615387,6095500
1069,1184,1131,8361453,22029,616518,5926800
1070,1163,1188,8360268,22026,617706,5936000
1071,1205,1219,8359063,22012,618925,5850900
1072,1161,1120,8357899,22056,620045,5835400
1073,1145,1188,8356752,22015,621233,5785400
1074,1214,1202,8355558,22007,622435,5722600
1075,1112,1142,8354447,21976,623577,6136200
1076,1126,1107,8353309,22007,624684,5802700
1077,1157,1181,8352153,21982,625865,5938300
1078,1135,1113,8351006,22016,626978,6081000
1079,1197,1091,8349842,22089,628069,6056600
1080,1116,1166,8348708,22057,629235,6077800
1081,1150,1119,8347594,22052,630354,6098300
1082,1152,1163,8346400,22083,631517,6105000
1083,1172,1171,8345214,22098,632688,6017200
1084,1141,1161,8344083,22068,633849,6032200
1085,1138,1097,8342944,22110,634946,6193900
1086,1187,1170,8341761,22123,636116,6253400
1087,1206,1118,8340577,22189,637234,6019300
1088,1199,1152,8339376,22238,638386,6081800
1089,1236,1238,8338149,22227,639624,6104200
1090,1144,1120,8336994,22262,640744,5762500
1091,1175,1163,8335810,22283,641907,6069900
1092,1156,1204,8334646,22243,643111,6102700
1093,1183,1180,8333457,22252,644291,5971200
1094,1274,1169,8332202,22338,645460,5824500
1095,1238,1148,8330969,22423,646608,5797500
1096,1228,1188,8329753,22451,647796,5973400
1097,1208,1170,8328533,22501,648966,5839200
1098,1161,1177,8327381,22476,650143,5962500
1099,1169,1171,8326202,22484,651314,5814500
1100,1165,1183,8325041,22462,652497,5950500
1101,1238,1163,8323828,22512,653660,5919000
1102,1160,1267,8322624,22449,654927,6132600
1103,1197,1145,8321457,22471,656072,6012000
1104,1226,1129,8320231,22568,657201,5921000
1105,1239,1253,8318962,22584,658454,5926500
1106,1260,1185,8317729,22632,659639,6108300
1107,1153,1153,8316560,22648,660792,6023900
1108,1176,1189,8315405,22614,661981,5858400
1109,1228,1181,8314175,22663,663162,5883800
1110,1158,1208,8312990,22640,664370,5900700
1111,1145,1172,8311861,22597,665542,5975500
1112,1168,1144,8310697,22617,666686,5699600
1113,1175,1176,8309502,22636,667862,5581700
1114,1226,1221,8308328,22589,669083,5371100
1115,1200,1136,8307078,22703,670219,5962800
1116,1215,1137,8305872,22772,671356,5957600
1117,1205,1191,8304666,22787,672547,6111000
1118,1166,1170,8303494,22789,673717,6028800
1119,1225,1213,8302312,22758,674930,5909800
1120,1184,1197,8301093,22780,676127,6012700
1121,1153,1222,8299915,22736,677349,5853100
1122,1183,1187,8298755,22709,678536,6012800
1123,1177,1146,8297615,22703,679682,5624400
1124,1196,1214,8296374,22730,680896,5657800
1125,1200,1216,8295211,22677,682112,5694900
1126,1193,1215,8294000,22673,683327,5433100
1127,1243,1195,8292760,22718,684522,5864900
1128,1153,1114,8291588,22776,685636,5833100
1129,1145,1178,8290425,22761,686814,5538100
1130,1199,1170,8289281,22735,687984,5524100
1131,1183,1201,8288068,22747,689185,5383800
1132,1215,1132,8286851,22832,690317,5480400
1133,1235,1175,8285598,22910,691492,5563900
1134,1169,1217,8284427,22864,692709,5700500
1135,1191,1164,8283270,22857,693873,5719900
1136,1180,1217,8282103,22807,695090,6240100
1137,1160,1177,8280895,22838,696267,5922500
1138,1173,1131,8279747,22855,697398,6212800
1139,1230,1190,8278523,22889,698588,6133000
1140,1240,1266,8277303,22843,699854,6192100
1141,1190,1225,8276073,22848,701079,6118600
1142,1233,1200,8274873,22848,702279,5898200
1143,1218,1204,8273621,22896,703483,6099800
1144,1170,1161,8272450,22906,704644,5955700
1145,1199,1215,8271272,22869,705859,6016300
1146,1172,1191,8270118,22832,707050,6088600
1147,1150,1196,8268920,22834,708246,5940700
1148,1206,1157,8267713,22884,709403,6013900
1149,1195,1145,8266535,22917,710548,6206000
1150,1222,1177,8265326,22949,711725,5962000
1151,1204,1203,8264138,22934,712928,5871600
1152,1243,1171,8262899,23002,714099,5754900
1153,1225,1121,8261680,23100,715220,5758000
1154,1241,1206,8260430,23144,716426,5783600
1155,1270,1186,8259147,23241,717612,5838500
1156,1207,1240,8257937,23211,718852,5798200
1157,1208,1224,8256738,23186,720076,6025600
1158,1210,1199,8255559,23166,721275,5805800
1159,1178,1213,8254333,23179,722488,5946500
1160,1235,1213,8253099,23200,723701,6012900
1161,1260,1202,8251854,23243,724903,5839200
1162,1276,1240,8250621,23236,726143,5975700
1163,1237,1252,8249343,23262,727395,5829000
1164,1182,1251,8248164,23190,728646,5796200
1165,1228,1215,8246941,23198,729861,5796000
1166,1256,1186,8245689,23264,731047,5875600
1167,1236,1166,8244429,23358,732213,5913400
1168,1260,1223,8243173,23391,733436,86874600
1169,1273,1192,8241933,23439,734628,5839900
1170,1239,1228,8240665,23479,735856,5859100
1171,1226,1229,8239424,23491,737085,5794200
1172,1197,1213,8238244,23458,738298,5689600
1173,1243,1234,8237005,23463,739532,5665700
1174,1265,1202,8235722,23544,740734,5480300
1175,1225,1202,8234487,23577,741936,5583100
1176,1224,1254,8233264,23546,743190,5471900
1177,1221,1177,8232047,23586,744367,5555100
1178,1226,1201,8230833,23599,745568,5650600
1179,1236,1307,8229609,23516,746875,5907400
1180,1256,1216,8228355,23554,748091,6098800
1181,1268,1253,8227069,23587,749344,5919900
1182,1256,1249,8225828,23579,750593,5837100
1183,1250,1218,8224576,23613,751811,5778300
1184,1264,1213,8223341,23635,753024,5612000
1185,1237,1253,8222058,23665,754277,5755900
1186,1334,1193,8220729,23801,755470,5590400
1187,1242,1175,8219511,23844,756645,5497900
1188,1245,1224,8218232,23899,757869,5476400
1189,1263,1245,8216974,23912,759114,5557800
1190,1266,1206,8215743,23937,760320,5902400
1191,1330,1253,8214416,24011,761573,5843100
1192,1314,1235,8213104,24088,762808,5584700
1193,1285,1264,8211766,24162,764072,5538200
1194,1318,1266,8210457,24205,765338,5508400
1195,1231,1229,8209241,24192,766567,5383900
1196,1216,1294,8207998,24141,767861,5412800
1197,1262,1271,8206755,24113,769132,5500100
1198,1268,1194,8205502,24172,770326,5457900
1199,1271,1327,8204242,24105,771653,5548800
1200,1245,1274,8202965,24108,772927,5436100
1201,1238,1191,8201730,24152,774118,5463300
1202,1234,1236,8200522,24124,775354,5638000
1203,1289,1311,8199226,24109,776665,5628000
1204,1231,1278,8197969,24088,777943,5529300
1205,1311,1219,8196703,24135,779162,5481200
1206,1293,1223,8195413,24202,780385,5508000
1207,1255,1228,8194108,24279,781613,5417400
1208,1231,1265,8192886,24236,782878,5520700
1209,1363,1286,8191566,24270,784164,5442400
1210,1289,1286,8190263,24287,785450,5480500
1211,1348,1249,8188887,24414,786699,5479600
1212,1318,1277,8187595,24429,787976,5484800
1213,1318,1281,8186283,24460,789257,5491400
1214,1292,1322,8184987,24434,790579,5536500
1215,1355,1354,8183667,24400,791933,5685700
1216,1353,1257,8182290,24520,793190,5631100
1217,1342,1255,8180952,24603,794445,5517200
1218,1315,1249,8179632,24674,795694,5525600
1219,1319,1317,8178307,24682,797011,5505300
1220,1263,1284,8177019,24686,798295,5489300
1221,1344,1224,8175700,24781,799519,5471000
1222,1305,1296,8174396,24789,800815,5483100
1223,1355,1245,8173045,24895,802060,5457500
1224,1319,1290,8171681,24969,803350,5471500
1225,1273,1269,8170423,24958,804619,5509000
1226,1239,1313,8169212,24856,805932,5628700
1227,1259,1325,8167959,24784,807257,5777800
1228,1311,1319,8166647,24777,808576,5681700
1229,1308,1270,8165333,24821,809846,5412700
1230,1245,1324,8164043,24787,811170,5429600
1231,1323,1280,8162785,24765,812450,5491000
1232,1300,1301,8161459,24790,813751,5396400
1233,1297,1340,8160161,24748,815091,5430600
1234,1310,1287,8158824,24798,816378,5623000
1235,1253,1297,8157574,24751,817675,5514100
1236,1301,1242,8156282,24801,818917,5591300
1237,1303,1287,8154993,24803,820204,5740800
1238,1319,1339,8153668,24789,821543,5672200
1239,1316,1330,8152373,24754,822873,5799800
1240,1312,1307,8151034,24786,824180,5618400
1241,1287,1287,8149779,24754,825467,5566500
1242,1316,1299,8148450,24784,826766,5631200
1243,1222,1296,8147184,24754,828062,5573100
1244,1324,1251,8145893,24794,829313,5529500
1245,1361,1317,8144534,24836,830630,5493800
1246,1298,1266,8143249,24855,831896,5585400
1247,1357,1300,8141894,24910,833196,5563400
1248,1359,1284,8140553,24967,834480,5597800
1249,1373,1329,8139175,25016,835809,5520800
1250,1339,1268,8137812,25111,837077,5596100
1251,1357,1283,8136482,25158,838360,5769300
1252,1410,1343,8135061,25236,839703,5548700
1253,1309,1344,8133732,25221,841047,5570300
1254,1328,1309,8132400,25244,842356,5474900
1255,1286,1291,8131144,25209,843647,5573900
1256,1325,1327,8129821,25205,844974,5531900
1257,1269,1240,8128525,25261,846214,5429800
1258,1280,1304,8127240,25242,847518,5625900
1259,1340,1316,8125913,25253,848834,5580900
1260,1352,1308,8124565,25293,850142,5560100
1261,1332,1315,8123244,25299,851457,5541300
1262,1342,1325,8121883,25335,852782,5720100
1263,1364,1264,8120541,25413,854046,5598100
1264,1442,1348,8119110,25496,855394,5528600
1265,1303,1320,8117770,25516,856714,5471000
1266,1366,1344,8116437,25505,858058,5415700
1267,1369,1285,8115048,25609,859343,5482300
1268,1385,1297,8113677,25683,860640,5523600
1269,1410,1395,8112255,25710,862035,5557400
1270,1426,1275,8110831,25859,863310,5643900
1271,1396,1306,8109450,25934,864616,6001700
1272,1387,1314,8108053,26017,865930,5854700
1273,1316,1368,8106727,25975,867298,5857400
1274,1325,1357,8105378,25967,868655,5702000
1275,1355,1298,8104012,26035,869953,5794200
1276,1364,1374,8102669,26004,871327,5781800
1277,1338,1397,8101349,25927,872724,5628500
1278,1328,1295,8100003,25978,874019,5910600
1279,1331,1344,8098698,25939,875363,5910100
1280,1356,1338,8097309,25990,876701,5711400
1281,1381,1319,8095954,26026,878020,5606600
1282,1276,1326,8094650,26004,879346,5534200
1283,1289,1345,8093375,25934,880691,5635800
1284,1364,1336,8092053,25920,882027,5701800
1285,1346,1332,8090688,25953,883359,5850800
1286,1342,1388,8089318,25935,884747,5830800
1287,1317,1325,8088022,25906,886072,5741300
1288,1365,1342,8086662,25924,887414,5845500
1289,1421,1361,8085240,25985,888775,5750900
1290,1387,1332,8083831,26062,890107,5737500
1291,1461,1414,8082375,26104,891521,5856000
1292,1366,1296,8081003,26180,892817,6182000
1293,1405,1309,8079612,26262,894126,6205300
1294,1367,1375,8078248,26251,895501,6113600
1295,1387,1346,8076864,26289,896847,6422400
1296,1410,1378,8075442,26333,898225,6062700
1297,1406,1424,8074078,26273,899649,6117700
1298,1424,1384,8072602,26365,901033,6069500
1299,1442,1333,8071204,26430,902366,6172000
1300,1440,1396,8069755,26483,903762,6064000
1301,1451,1384,8068291,26563,905146,5997000
1302,1473,1376,8066850,26628,906522,5910300
1303,1374,1334,8065457,26687,907856,5989800
1304,1364,1327,8064069,26748,909183,5813000
1305,1407,1361,8062668,26788,910544,5997200
1306,1357,1422,8061327,26707,911966,5851500
1307,1426,1360,8059903,26771,913326,5915800
1308,1417,1390,8058487,26797,914716,5990700
1309,1414,1379,8057055,26850,916095,5912000
1310,1483,1355,8055588,26962,917450,6040000
1311,1440,1422,8054161,26967,918872,5870400
1312,1409,1435,8052732,26961,920307,6015100
1313,1482,1358,8051257,27078,921665,5982200
1314,1432,1426,8049820,27089,923091,5780400
1315,1455,1382,8048351,27176,924473,6072900
1316,1468,1320,8046913,27294,925793,5873200
1317,1379,1400,8045516,27291,927193,5842300
1318,1321,1422,8044185,27200,928615,6057800
1319,1394,1415,8042792,27178,930030,5998000
1320,1415,1443,8041392,27135,931473,6127600
1321,1472,1394,8039931,27202,932867,5864400
1322,1478,1410,8038498,27225,934277,5865100
1323,1383,1378,8037070,27275,935655,6030800
1324,1376,1407,8035645,27293,937062,5900400
1325,1338,1336,8034342,27260,938398,6026200
1326,1487,1439,8032835,27328,939837,5851600
1327,1466,1466,8031374,27323,941303,5890400
1328,1419,1419,8029960,27318,942722,6205800
1329,1454,1440,8028513,27325,944162,5865000
1330,1415,1452,8027084,27302,945614,6000000
1331,1437,1404,8025689,27293,947018,5998800
1332,1487,1452,8024224,27306,948470,6059400
1333,1404,1423,8022762,27345,949893,5969100
1334,1493,1412,8021284,27411,951305,5995200
1335,1482,1351,8019805,27539,952656,5988500
1336,1398,1393,8018377,27574,954049,5956700
1337,1427,1461,8016936,27554,955510,6049900
1338,1459,1447,8015516,27527,956957,6056400
1339,1354,1430,8014137,27476,958387,5959100
1340,1369,1410,8012762,27441,959797,6060100
1341,1444,1486,8011370,27347,961283,5832600
1342,1426,1407,8009904,27406,962690,5986300
1343,1411,1446,8008501,27363,964136,5988400
1344,1363,1464,8007135,27265,965600,6142400
1345,1325,1415,8005807,27178,967015,6413200
1346,1386,1368,8004404,27213,968383,6145000
1347,1388,1388,8003053,27176,969771,5894200
1348,1348,1445,8001689,27095,971216,5976800
1349,1435,1402,8000267,27115,972618,5931700
1350,1379,1356,7998907,27119,973974,6014500
1351,1462,1399,7997436,27191,975373,6203700
1352,1485,1457,7995979,27191,976830,6041900
1353,1415,1432,7994498,27240,978262,6150100
1354,1403,1447,7993128,27163,979709,6218700
1355,1502,1470,7991616,27205,981179,6123900
1356,1414,1403,7990185,27233,982582,5964400
1357,1478,1387,7988743,27288,983969,6174000
1358,1406,1434,7987293,27304,985403,5991300
1359,1449,1436,7985853,27308,986839,5957900
1360,1399,1416,7984463,27282,988255,6015200
1361,1355,1479,7983106,27160,989734,6421100
1362,1387,1471,7981741,27054,991205,6294700
1363,1479,1449,7980285,27061,992654,6178000
1364,1414,1460,7978864,27022,994114,6056000
1365,1417,1443,7977424,27019,995557,6170900
1366,1427,1348,7976007,27088,996905,6665600
1367,1427,1407,7974567,27121,998312,6257300
1368,1395,1395,7973183,27110,999707,6020500
1369,1347,1453,7971802,27038,1001160,6225700
1370,1413,1401,7970445,26994,1002561,6002200
1371,1457,1420,7968954,27065,1003981,6243800
1372,1402,1391,7967537,27091,1005372,6086600
1373,1433,1482,7966144,27002,1006854,5998200
1374,1419,1407,7964751,26988,1008261,6045200
1375,1397,1406,7963284,27049,1009667,6040200
1376,1460,1439,7961851,27043,1011106,5962500
1377,1546,1406,7960323,27165,1012512,6141200
1378,1447,1385,7958870,27233,1013897,5950700
1379,1458,1424,7957415,27264,1015321,5955600
1380,1462,1427,7955926,27326,1016748,5908600
1381,1496,1455,7954477,27320,1018203,5914800
1382,1483,1419,7952995,27383,1019622,6136800
1383,1402,1427,7951564,27387,1021049,5958900
1384,1431,1452,7950108,27391,1022501,5932100
1385,1384,1434,7948697,27368,1023935,5893800
1386,1490,1428,7947261,27376,1025363,6004600
1387,1425,1478,7945811,27348,1026841,6161700
1388,1426,1345,7944398,27416,1028186,5906000
1389,1494,1446,7942916,27452,1029632,5932100
1390,1521,1413,7941412,27543,1031045,5935900
1391,1457,1463,7939922,27570,1032508,6028300
1392,1462,1457,7938433,27602,1033965,6125400
1393,1479,1386,7936975,27674,1035351,6118400
1394,1534,1406,7935462,27781,1036757,5951500
1395,1520,1448,7933936,27859,1038205,6112900
1396,1465,1422,7932477,27896,1039627,5975800
1397,1416,1489,7931047,27837,1041116,6157400
1398,1467,1398,7929541,27945,1042514,6012200
1399,1451,1503,7928144,27839,1044017,6036500
1400,1447,1525,7926686,27772,1045542,5872000
1401,1449,1522,7925261,27675,1047064,5952100
1402,1490,1480,7923752,27704,1048544,6000600
1403,1397,1448,7922355,27653,1049992,6136100
1404,1463,1451,7920916,27641,1051443,5852100
1405,1522,1412,7919360,27785,1052855,6275100
1406,1499,1437,7917863,27845,1054292,6233600
1407,1535,1384,7916341,27983,1055676,6180000
1408,1445,1434,7914884,28006,1057110,6251100
1409,1609,1454,7913298,28138,1058564,6247500
1410,1480,1410,7911803,28223,1059974,11460100
1411,1517,1481,7910298,28247,1061455,6306400
1412,1521,1476,7908756,28313,1062931,6265900
1413,1521,1467,7907244,28358,1064398,6232700
1414,1424,1423,7905808,28371,1065821,6330300
1415,1550,1506,7904280,28393,1067327,6319700
1416,1476,1511,7902795,28367,1068838,6099900
1417,1492,1449,7901300,28413,1070287,5928700
1418,1479,1532,7899829,28352,1071819,5970500
1419,1467,1472,7898385,28324,1073291,6090000
1420,1474,1493,7896891,28325,1074784,6023500
1421,1438,1445,7895420,28351,1076229,6205000
1422,1443,1450,7893994,28327,1077679,6075700
1423,1461,1503,7892533,28285,1079182,5937600
1424,1472,1404,7891064,28350,1080586,6184800
1425,1442,1491,7889630,28293,1082077,6002600
1426,1506,1459,7888102,28362,1083536,6001200
1427,1559,1466,7886574,28424,1085002,5884200
1428,1526,1472,7885029,28497,1086474,5952700
1429,1514,1453,7883552,28521,1087927,5812000
1430,1451,1580,7882056,28437,1089507,6098700
1431,1470,1476,7880613,28404,1090983,6024900
1432,1490,1478,7879110,28429,1092461,6035700
1433,1480,1507,7877632,28400,1093968,6004600
1434,1470,1488,7876129,28415,1095456,5960600
1435,1452,1457,7874699,28388,1096913,6068100
1436,1504,1512,7873199,28376,1098425,6057400
1437,1530,1475,7871708,28392,1099900,6001800
1438,1500,1441,7870177,28482,1101341,5938100
1439,1448,1488,7868718,28453,1102829,5782900
1440,1464,1497,7867258,28416,1104326,5792500
1441,1468,1497,7865770,28407,1105823,6167800
1442,1445,1412,7864363,28402,1107235,6352400
1443,1488,1500,7862873,28392,1108735,6141500
1444,1507,1423,7861393,28449,1110158,6185500
1445,1491,1365,7859892,28585,1111523,6201600
1446,1412,1498,7858460,28519,1113021,6118700
1447,1529,1475,7856915,28589,1114496,6152300
1448,1554,1476,7855377,28651,1115972,5986300
1449,1561,1492,7853841,28695,1117464,6060400
1450,1493,1490,7852348,28698,1118954,6299200
1451,1478,1533,7850830,28683,1120487,6238900
1452,1480,1432,7849360,28721,1121919,5988200
1453,1518,1479,7847868,28734,1123398,6229100
1454,1536,1477,7846316,28809,1124875,5970700
1455,1512,1434,7844786,28905,1126309,6021200
1456,1518,1524,7843257,28910,1127833,6291500
1457,1557,1526,7841713,28928,1129359,6240600
1458,1583,1477,7840159,29005,1130836,6410300
1459,1527,1480,7838624,29060,1132316,6018900
1460,1567,1542,7837065,29077,1133858,6017300
1461,1483,1512,7835553,29077,1135370,6263900
1462,1484,1494,7834062,29074,1136864,6231300
1463,1563,1520,7832501,29115,1138384,6343300
1464,1543,1485,7830971,29160,1139869,6365600
1465,1463,1496,7829495,29140,1141365,6144300
1466,1529,1552,7828019,29064,1142917,5964600
1467,1608,1518,7826408,29157,1144435,5901000
1468,1506,1578,7824872,29115,1146013,5920800
1469,1537,1489,7823360,29138,1147502,6168500
1470,1553,1479,7821764,29255,1148981,5914200
1471,1593,1520,7820209,29290,1150501,6027000
1472,1530,1514,7818638,29347,1152015,6028800
1473,1591,1492,7817109,29384,1153507,5923800
1474,1578,1568,7815504,29421,1155075,6049800
1475,1543,1520,7813961,29444,1156595,6004700
1476,1624,1504,7812323,29578,1158099,6060600
1477,1508,1502,7810855,29544,1159601,6146800
1478,1539,1493,7809275,29631,1161094,5799000
1479,1536,1569,7807759,29578,1162663,5984600
1480,1493,1549,7806225,29563,1164212,5947500
1481,1535,1524,7804695,29569,1165736,5985000
1482,1518,1496,7803163,29605,1167232,5841900
1483,1567,1514,7801659,29595,1168746,5980200
1484,1509,1556,7800069,29629,1170302,6348000
1485,1549,1538,7798568,29592,1171840,6050700
1486,1545,1591,7797014,29555,1173431,6070800
1487,1569,1531,7795455,29583,1174962,5894000
1488,1577,1536,7793910,29592,1176498,6005700
1489,1607,1543,7792279,29680,1178041,6031300
1490,1603,1598,7790653,29708,1179639,6278800
1491,1559,1539,7789116,29706,1181178,6220900
1492,1439,1578,7787619,29625,1182756,6041900
1493,1494,1544,7786148,29552,1184300,6007400
1494,1558,1406,7784603,29691,1185706,6250800
1495,1484,1498,7783148,29648,1187204,6060800
1496,1590,1584,7781541,29671,1188788,6326300
1497,1512,1506,7780040,29666,1190294,5894900
1498,1585,1500,7778493,29713,1191794,5822300
1499,1568,1530,7776917,29759,1193324,6017200
1500,1500,1542,7775388,29746,1194866,5983600
1501,1562,1551,7773804,29779,1196417,5970200
1502,1529,1532,7772316,29735,1197949,5953200
1503,1529,1490,7770766,29795,1199439,5817900
1504,1448,1514,7769270,29777,1200953,6038100
1505,1487,1597,7767797,29653,1202550,6070900
1506,1507,1506,7766316,29628,1204056,6102400
1507,1537,1530,7764809,29605,1205586,6103100
1508,1493,1549,7763305,29560,1207135,5953300
1509,1549,1668,7761748,29449,1208803,5826800
1510,1546,1534,7760194,29469,1210337,5947900
1511,1548,1486,7758657,29520,1211823,5912200
1512,1532,1573,7757080,29524,1213396,6013800
1513,1592,1526,7755532,29546,1214922,5874700
1514,1573,1585,7753932,29561,1216507,6017100
1515,1546,1623,7752422,29448,1218130,5888100
1516,1490,1451,7750917,29502,1219581,6021300
1517,1533,1540,7749398,29481,1221121,6181600
1518,1545,1543,7747812,29524,1222664,6176100
1519,1466,1503,7746346,29487,1224167,5930100
1520,1586,1505,7744806,29522,1225672,6011100
1521,1500,1526,7743287,29515,1227198,6093700
1522,1578,1539,7741728,29535,1228737,5867700
1523,1477,1541,7740197,29525,1230278,6095100
1524,1530,1507,7738708,29507,1231785,5852800
1525,1553,1546,7737155,29514,1233331,5871800
1526,1438,1544,7735671,29454,1234875,5934700
1527,1564,1603,7734146,29376,1236478,6030600
1528,1513,1535,7732585,29402,1238013,6037200
1529,1577,1625,7731042,29320,1239638,6018100
1530,1518,1527,7729538,29297,1241165,6012300
1531,1514,1513,7728023,29299,1242678,6383300
1532,1520,1484,7726496,29342,1244162,6135000
1533,1458,1473,7725035,29330,1245635,6279300
1534,1520,1538,7723498,29329,1247173,6118200
1535,1542,1588,7722007,29232,1248761,5897200
1536,1512,1500,7720447,29292,1250261,5780000
1537,1518,1537,7718933,29269,1251798,5985900
1538,1553,1511,7717361,29330,1253309,6237900
1539,1477,1444,7715908,29339,1254753,6155500
1540,1576,1539,7714351,29357,1256292,5921900
1541,1543,1498,7712814,29396,1257790,6019800
1542,1469,1521,7711297,29392,1259311,6067300
1543,1541,1529,7709773,29387,1260840,6045000
1544,1527,1544,7708270,29346,1262384,6152700
1545,1532,1503,7706723,29390,1263887,5851100
1546,1573,1503,7705158,29452,1265390,6068200
1547,1487,1539,7703663,29408,1266929,5896100
1548,1515,1567,7702154,29350,1268496,6086300
1549,1520,1547,7700631,29326,1270043,6257600
1550,1588,1513,7699051,29393,1271556,5967300
1551,1524,1515,7697507,29422,1273071,6049400
1552,1549,1513,7695982,29434,1274584,6086400
1553,1599,1508,7694365,29543,1276092,5981900
1554,1491,1516,7692911,29481,1277608,6387200
1555,1558,1578,7691308,29506,1279186,5953400
1556,1552,1542,7689808,29464,1280728,5947300
1557,1551,1568,7688204,29500,1282296,5872900
1558,1564,1484,7686666,29554,1283780,6013000
1559,1491,1522,7685171,29527,1285302,6162300
1560,1576,1535,7683594,29569,1286837,5948300
1561,1523,1546,7682039,29578,1288383,6013300
1562,1577,1578,7680510,29529,1289961,6026200
1563,1510,1617,7678981,29441,1291578,6004500
1564,1541,1500,7677442,29480,1293078,6046500
1565,1520,1611,7675939,29372,1294689,5992200
1566,1560,1628,7674359,29324,1296317,6106600
1567,1541,1485,7672822,29376,1297802,5951300
1568,1578,1499,7671270,29429,1299301,6130300
1569,1586,1513,7669646,29540,1300814,5914000
1570,1540,1479,7668146,29561,1302293,6150400
1571,1558,1516,7666583,29608,1303809,6353300
1572,1626,1605,7664966,29620,1305414,6268600
1573,1579,1550,7663332,29704,1306964,6198800
1574,1608,1493,7661778,29765,1308457,6291400
1575,1626,1505,7660134,29904,1309962,6367100
1576,1638,1515,7658517,30006,1311477,6209600
1577,1567,1586,7656920,30017,1313063,6114500
1578,1577,1509,7655375,30053,1314572,6283800
1579,1672,1635,7653684,30109,1316207,6077100
1580,1594,1599,7652089,30105,1317806,6093900
1581,1567,1568,7650527,30099,1319374,6192300
1582,1642,1530,7648861,30235,1320904,6197500
1583,1550,1513,7647342,30241,1322417,5934700
1584,1601,1508,7645733,30342,1323925,6144500
1585,1662,1610,7644085,30380,1325535,6180200
1586,1586,1557,7642520,30388,1327092,5861800
1587,1597,1597,7640904,30407,1328689,6043500
1588,1611,1579,7639275,30457,1330268,6488900
1589,1604,1607,7637664,30461,1331875,5886000
1590,1672,1585,7636019,30521,1333460,5871900
1591,1585,1574,7634385,30581,1335034,6241600
1592,1553,1646,7632864,30456,1336680,5917800
1593,1570,1557,7631283,30480,1338237,6090500
1594,1591,1582,7629677,30504,1339819,6031300
1595,1601,1623,7628105,30453,1341442,6162500
1596,1508,1508,7626569,30481,1342950,5913900
1597,1524,1580,7625050,30420,1344530,6013200
1598,1683,1597,7623409,30464,1346127,6211100
1599,1672,1599,7621729,30545,1347726,5951700
1600,1632,1531,7620078,30665,1349257,6098600
1601,1658,1546,7618384,30813,1350803,6375200
1602,1612,1611,7616787,30799,1352414,5853700
1603,1576,1608,7615217,30761,1354022,5765800
1604,1584,1581,7613652,30745,1355603,5632100
1605,1608,1604,7612036,30757,1357207,5982000
1606,1714,1617,7610340,30836,1358824,6163700
1607,1642,1568,7608710,30898,1360392,6018300
1608,1595,1681,7607084,30843,1362073,6843100
1609,1493,1585,7605570,30772,1363658,6092700
1610,1609,1596,7604018,30728,1365254,6087500
1611,1593,1583,7602390,30773,1366837,6476300
1612,1580,1522,7600768,30873,1368359,5989700
1613,1593,1674,7599212,30755,1370033,6374800
1614,1626,1623,7597614,30730,1371656,6509800
1615,1564,1630,7596020,30694,1373286,6182500
1616,1556,1500,7594447,30767,1374786,6437500
1617,1581,1601,7592912,30701,1376387,6208800
1618,1603,1656,7591287,30670,1378043,6228900
1619,1581,1579,7589702,30676,1379622,6205300
1620,1573,1716,7588119,30543,1381338,6157000
1621,1592,1583,7586574,30505,1382921,6002500
1622,1537,1512,7584966,30601,1384433,6121700
1623,1619,1466,7583389,30712,1385899,6483100
1624,1547,1565,7581834,30702,1387464,6263000
1625,1616,1609,7580269,30658,1389073,6074200
1626,1560,1580,7578615,30732,1390653,6062800
1627,1537,1640,7577136,30571,1392293,6060700
1628,1599,1666,7575546,30495,1393959,6197700
1629,1499,1530,7574013,30498,1395489,6095900
1630,1572,1557,7572484,30470,1397046,6010000
1631,1599,1622,7570855,30477,1398668,6174100
1632,1572,1623,7569270,30439,1400291,6030500
1633,1523,1580,7567726,30403,1401871,6206800
1634,1512,1578,7566239,30312,1403449,5936300
1635,1596,1616,7564655,30280,1405065,5964000
1636,1533,1547,7563133,30255,1406612,6154800
1637,1561,1529,7561558,30301,1408141,6045600
1638,1617,1601,7559954,30304,1409742,5949500
1639,1586,1612,7558352,30294,1411354,5946000
1640,1460,1514,7556894,30238,1412868,5955100
1641,1545,1539,7555359,30234,1414407,6267700
1642,1547,1546,7553783,30264,1415953,6027900
1643,1589,1625,7552233,30189,1417578,5916600
1644,1589,1538,7550631,30253,1419116,5949800
1645,1549,1599,7549053,30232,1420715,5958600
1646,1581,1590,7547493,30202,1422305,6260200
1647,1592,1557,7545918,30220,1423862,6102100
1648,1570,1584,7544340,30214,1425446,6084600
1649,1492,1555,7542820,30179,1427001,6173800
1650,1586,1624,7541249,30126,1428625,5837000
1651,1519,1537,7539729,30109,1430162,6220600
1652,1592,1549,7538137,30152,1431711,5981200
1653,1547,1588,7536582,30119,1433299,6173400
1654,1560,1638,7535070,29993,1434937,6142000
1655,1577,1535,7533421,30107,1436472,6047000
1656,1585,1630,7531865,30033,1438102,6395100
1657,1504,1580,7530385,29933,1439682,6158600
1658,1633,1564,7528749,30005,1441246,6209700
1659,1582,1571,7527195,29988,1442817,6028800
1660,1572,1652,7525608,29923,1444469,6102700
1661,1556,1538,7524033,29960,1446007,6224300
1662,1618,1620,7522385,29988,1447627,5989800
1663,1631,1482,7520775,30116,1449109,5859000
1664,1592,1531,7519195,30165,1450640,5993600
1665,1596,1545,7517573,30242,1452185,5901400
1666,1621,1584,7515990,30241,1453769,5809400
1667,1529,1589,7514443,30199,1455358,6270300
1668,1638,1531,7512823,30288,1456889,6018100
1669,1624,1610,7511213,30288,1458499,6130500
1670,1548,1568,7509660,30273,1460067,6190200
1671,1535,1607,7508092,30234,1461674,5887400
1672,1616,1585,7506481,30260,1463259,6078200
1673,1570,1541,7504899,30301,1464800,5893500
1674,1627,1543,7503322,30335,1466343,6127400
1675,1535,1551,7501734,30372,1467894,5893600
1676,1640,1593,7500126,30387,1469487,5944500
1677,1628,1566,7498495,30452,1471053,5921300
1678,1650,1614,7496866,30467,1472667,5975400
1679,1657,1666,7495196,30471,1474333,5893700
1680,1669,1582,7493522,30563,1475915,6113100
1681,1595,1587,7491906,30592,1477502,6091600
1682,1609,1692,7490324,30482,1479194,5927900
1683,1612,1538,7488697,30571,1480732,5813300
1684,1652,1628,7487043,30597,1482360,5588800
1685,1560,1649,7485477,30514,1484009,5888700
1686,1581,1515,7483883,30593,1485524,5531500
1687,1586,1588,7482331,30557,1487112,5482700
1688,1581,1599,7480751,30538,1488711,5499000
1689,1642,1517,7479136,30636,1490228,5474800
1690,1650,1492,7477470,30810,1491720,5441300
1691,1660,1557,7475803,30920,1493277,5675800
1692,1557,1540,7474242,30941,1494817,5554500
1693,1650,1624,7472566,30993,1496441,5587800
1694,1671,1579,7470940,31040,1498020,6032200
1695,1607,1653,7469326,31001,1499673,5888900
1696,1600,1580,7467696,31051,1501253,5966300
1697,1704,1613,7465994,31140,1502866,5735100
1698,1695,1638,7464318,31178,1504504,5685100
1699,1594,1602,7462687,31207,1506106,5674600
1700,1691,1640,7461034,31220,1507746,5670400
1701,1700,1654,7459336,31264,1509400,5561100
1702,1600,1658,7457708,31234,1511058,5561600
1703,1725,1669,7456010,31263,1512727,5437700
1704,1655,1669,7454330,31274,1514396,5678200
1705,1632,1624,7452720,31260,1516020,5574200
1706,1745,1594,7450995,31391,1517614,5582600
1707,1680,1629,7449285,31472,1519243,5617700
1708,1632,1636,7447643,31478,1520879,5549800
1709,1598,1595,7446002,31524,1522474,5463700
1710,1558,1608,7444442,31476,1524082,5569700
1711,1567,1701,7442882,31335,1525783,5459500
1712,1605,1662,7441340,31215,1527445,5464400
1713,1599,1688,7439732,31135,1529133,5598200
1714,1581,1599,7438128,31140,1530732,5487600
1715,1685,1669,7436488,31111,1532401,5447100
1716,1713,1634,7434729,31236,1534035,5639300
1717,1712,1661,7433051,31253,1535696,5674400
1718,1643,1609,7431425,31270,1537305,5723000
1719,1662,1689,7429727,31279,1538994,5682600
1720,1616,1652,7428110,31244,1540646,5478600
1721,1685,1592,7426444,31318,1542238,5554400
1722,1682,1604,7424748,31410,1543842,5531500
1723,1636,1657,7423114,31387,1545499,5453400
1724,1701,1678,7421425,31398,1547177,5553900
1725,1688,1655,7419687,31481,1548832,5416300
1726,1685,1587,7418033,31548,1550419,5487200
1727,1664,1636,7416390,31555,1552055,5592900
1728,1652,1665,7414732,31548,1553720,5603500
1729,1750,1638,7412994,31648,1555358,5609700
1730,1662,1620,7411282,31740,1556978,5570500
1731,1597,1652,7409716,31654,1558630,5607300
1732,1666,1749,7408065,31556,1560379,5630300
1733,1748,1630,7406288,31703,1562009,5568600
1734,1653,1678,7404666,31647,1563687,5549500
1735,1604,1627,7403026,31660,1565314,5552100
1736,1696,1637,7401370,31679,1566951,5609900
1737,1621,1683,7399670,31696,1568634,5636100
1738,1637,1585,7398109,31672,1570219,5779400
1739,1602,1623,7396461,31697,1571842,5822500
1740,1527,1639,7394912,31607,1573481,5852200
1741,1598,1689,7393348,31482,1575170,5919400
1742,1635,1645,7391713,31472,1576815,5915400
1743,1602,1605,7390109,31471,1578420,5738500
1744,1652,1665,7388457,31458,1580085,5611300
1745,1635,1595,7386819,31501,1581680,5672000
1746,1619,1640,7385177,31503,1583320,5562800
1747,1581,1597,7383617,31466,1584917,5620800
1748,1600,1620,7381991,31472,1586537,5584000
1749,1678,1640,7380372,31451,1588177,5774100
1750,1609,1635,7378766,31422,1589812,5612700
1751,1679,1613,7377095,31480,1591425,5775300
1752,1615,1699,7375401,31475,1593124,5742300
1753,1645,1677,7373812,31387,1594801,5935800
1754,1667,1708,7372144,31347,1596509,5725100
1755,1592,1653,7370510,31328,1598162,5539800
1756,1668,1611,7368887,31340,1599773,5682800
1757,1668,1658,7367237,31332,1601431,5535500
1758,1723,1633,7365535,31401,1603064,5429200
1759,1750,1585,7363800,31551,1604649,5451700
1760,1732,1635,7362006,31710,1606284,5612600
1761,1707,1637,7360316,31763,1607921,5547400
1762,1676,1626,7358622,31831,1609547,5475000
1763,1680,1633,7356963,31857,1611180,5737300
1764,1782,1702,7355177,31941,1612882,5612400
1765,1772,1648,7353444,32026,1614530,5636000
1766,1659,1738,7351736,31996,1616268,5572300
1767,1644,1617,7350101,32014,1617885,5519000
1768,1717,1661,7348369,32085,1619546,5490500
1769,1718,1778,7346683,31993,1621324,5455800
1770,1672,1650,7344961,32065,1622974,5616100
1771,1721,1610,7343266,32150,1624584,5521600
1772,1708,1610,7341582,32224,1626194,5619700
1773,1697,1678,7339871,32257,1627872,5540400
1774,1673,1677,7338185,32266,1629549,5642700
1775,1695,1681,7336486,32284,1631230,5795800
1776,1657,1716,7334833,32221,1632946,5802300
1777,1666,1718,7333176,32160,1634664,5788600
1778,1687,1715,7331475,32146,1636379,5581100
1779,1625,1655,7329853,32113,1638034,5662000
1780,1697,1658,7328191,32117,1639692,5677800
1781,1733,1644,7326475,32189,1641336,5611300
1782,1646,1709,7324764,32191,1643045,5657100
1783,1686,1727,7323100,32128,1644772,6159000
1784,1691,1700,7321400,32128,1646472,6156800
1785,1692,1658,7319739,32131,1648130,5885200
1786,1634,1640,7318056,32174,1649770,5994400
1787,1702,1636,7316383,32211,1651406,6156700
1788,1689,1700,7314704,32190,1653106,6882200
1789,1684,1683,7313006,32205,1654789,6989400
1790,1686,1698,7311308,32205,1656487,6012800
1791,1654,1631,7309657,32225,1658118,6353800
1792,1719,1661,7307981,32240,1659779,6333300
1793,1677,1629,7306299,32293,1661408,6216400
1794,1638,1633,7304640,32319,1663041,6091100
1795,1722,1657,7302918,32384,1664698,6126900
1796,1620,1741,7301297,32264,1666439,6024700
1797,1574,1659,7299691,32211,1668098,6481300
1798,1661,1546,7298042,32314,1669644,6391600
1799,1698,1697,7296361,32298,1671341,6105000
1800,1728,1665,7294661,32333,1673006,6363600
1801,1680,1722,7292947,32325,1674728,6393100
1802,1683,1711,7291312,32249,1676439,6005900
1803,1672,1689,7289599,32273,1678128,6489400
1804,1618,1646,7287969,32257,1679774,6365600
1805,1661,1746,7286322,32158,1681520,5786900
1806,1621,1593,7284689,32198,1683113,5886300
1807,1608,1680,7283080,32127,1684793,6118600
1808,1652,1698,7281423,32086,1686491,5988700
1809,1643,1640,7279791,32078,1688131,5930800
1810,1724,1612,7278067,32190,1689743,6108700
1811,1595,1693,7276461,32103,1691436,5950100
1812,1673,1643,7274780,32141,1693079,6043500
1813,1645,1705,7273136,32080,1694784,5890900
1814,1634,1728,7271508,31980,1696512,5820600
1815,1602,1598,7269895,31995,1698110,6065000
1816,1644,1698,7268264,31928,1699808,5970200
1817,1624,1696,7266648,31848,1701504,5872700
1818,1641,1623,7265018,31855,1703127,5972200
1819,1641,1715,7263388,31770,1704842,5876500
1820,1627,1692,7261718,31748,1706534,5778200
1821,1720,1652,7260033,31781,1708186,5655100
1822,1632,1702,7258369,31743,1709888,5542000
1823,1616,1659,7256748,31705,1711547,5811900
1824,1692,1658,7255080,31715,1713205,6114400
1825,1624,1576,7253463,31756,1714781,6404800
1826,1638,1648,7251839,31732,1716429,5747800
1827,1656,1623,7250141,31807,1718052,5884900
1828,1598,1705,7248565,31678,1719757,5661400
1829,1617,1598,7246935,31710,1721355,5880800
1830,1610,1672,7245325,31648,1723027,6409700
1831,1683,1660,7243673,31640,1724687,6335900
1832,1653,1572,7242026,31715,1726259,5722500
1833,1630,1667,7240384,31690,1727926,5808900
1834,1646,1631,7238698,31745,1729557,5979400
1835,1560,1688,7237115,31640,1731245,6154900
1836,1584,1702,7235517,31536,1732947,6108300
1837,1617,1593,7233955,31505,1734540,5903500
1838,1591,1660,7232360,31440,1736200,5623100
1839,1602,1593,7230752,31455,1737793,5787600
1840,1554,1647,7229214,31346,1739440,5882800
1841,1623,1682,7227585,31293,1741122,6517800
1842,1569,1612,7225983,31283,1742734,6273700
1843,1647,1611,7224387,31268,1744345,5768500
1844,1604,1648,7222757,31250,1745993,5710500
1845,1598,1663,7221145,31199,1747656,5681600
1846,1628,1589,7219513,31242,1749245,5529100
1847,1532,1659,7218010,31086,1750904,5555500
1848,1546,1619,7216457,31020,1752523,5478200
1849,1517,1671,7214895,30911,1754194,5497000
1850,1600,1648,7213326,30832,1755842,5591200
1851,1588,1603,7211759,30796,1757445,5741500
1852,1524,1597,7210223,30735,1759042,5837700
1853,1561,1568,7208661,30729,1760610,5887100
1854,1629,1507,7207055,30828,1762117,5608200
1855,1638,1559,7205423,30901,1763676,5643900
1856,1572,1556,7203805,30963,1765232,5674500
1857,1686,1622,7202156,30990,1766854,5509500
1858,1584,1651,7200542,30953,1768505,5495200
1859,1615,1574,7198937,30984,1770079,5607900
1860,1628,1649,7197313,30959,1771728,5583000
1861,1616,1613,7195689,30970,1773341,5963900
1862,1650,1675,7194065,30919,1775016,5622400
1863,1622,1584,7192415,30985,1776600,5483500
1864,1612,1589,7190827,30984,1778189,5850300
1865,1637,1653,7189175,30983,1779842,5657400
1866,1630,1536,7187529,31093,1781378,5692700
1867,1617,1600,7185910,31112,1782978,5541600
1868,1594,1667,7184311,31044,1784645,5713100
1869,1630,1638,7182714,31003,1786283,5816500
1870,1566,1616,7181142,30959,1787899,6100200
1871,1646,1598,7179514,30989,1789497,5908600
1872,1638,1629,7177882,30992,1791126,5752500
1873,1613,1645,7176240,30989,1792771,5713700
1874,1584,1633,7174615,30981,1794404,5802200
1875,1605,1599,7173052,30945,1796003,6608600
1876,1668,1600,7171391,31006,1797603,6262800
1877,1608,1601,7169781,31015,1799204,5958700
1878,1703,1584,7168098,31114,1800788,6094700
1879,1660,1581,7166455,31176,1802369,5905500
1880,1582,1603,7164822,31206,1803972,6256800
1881,1702,1598,7163157,31273,1805570,6410000
1882,1659,1633,7161495,31302,1807203,7762200
1883,1672,1582,7159843,31372,1808785,7347100
1884,1647,1629,7158150,31436,1810414,6368600
1885,1694,1616,7156472,31498,1812030,6345200
1886,1688,1633,7154785,31552,1813663,6454000
1887,1618,1694,7153157,31486,1815357,6812200
1888,1675,1609,7151482,31552,1816966,7100000
1889,1680,1580,7149822,31632,1818546,7232600
1890,1625,1665,7148176,31613,1820211,6548200
1891,1651,1580,7146539,31670,1821791,7419900
1892,1693,1646,7144851,31712,1823437,6537500
1893,1672,1647,7143196,31720,1825084,7081300
1894,1603,1622,7141589,31705,1826706,7277500
1895,1612,1652,7139953,31689,1828358,6943400
1896,1677,1669,7138274,31699,1830027,6659700
1897,1679,1656,7136605,31712,1831683,6061800
1898,1654,1636,7134921,31760,1833319,6136100
1899,1698,1636,7133271,31774,1834955,6363500
1900,1634,1632,7131601,31812,1836587,5875200
1901,1703,1692,7129866,31855,1838279,5675900
1902,1566,1653,7128339,31729,1839932,5600200
1903,1660,1604,7126684,31780,1841536,5673500
1904,1689,1667,7124989,31808,1843203,5651800
1905,1634,1708,7123394,31695,1844911,5663600
1906,1629,1686,7121683,31720,1846597,5907800
1907,1672,1703,7120039,31661,1848300,5729700
1908,1593,1628,7118462,31610,1849928,5680800
1909,1648,1693,7116767,31612,1851621,5651400
1910,1607,1688,7115183,31508,1853309,5680600
1911,1581,1607,7113627,31457,1854916,5854700
1912,1597,1675,7112029,31380,1856591,5576400
1913,1563,1650,7110431,31328,1858241,5607400
1914,1551,1625,7108927,31207,1859866,5658500
1915,1597,1621,7107318,31195,1861487,5702100
1916,1609,1584,7105735,31194,1863071,5737500
1917,1659,1596,7104081,31252,1864667,5912800
1918,1622,1620,7102446,31267,1866287,5709200
1919,1657,1596,7100770,31347,1867883,5886400
1920,1634,1642,7099159,31316,1869525,6067500
1921,1714,1614,7097395,31466,1871139,5795400
1922,1612,1623,7095799,31439,1872762,5717100
1923,1607,1593,7094211,31434,1874355,5642500
1924,1585,1679,7092604,31362,1876034,5674000
1925,1618,1670,7090960,31336,1877704,5649100
1926,1593,1629,7089407,31260,1879333,5648900
1927,1662,1645,7087745,31277,1880978,5596800
1928,1577,1605,7086169,31248,1882583,5622300
1929,1622,1690,7084547,31180,1884273,5686700
1930,1608,1619,7082954,31154,1885892,5538600
1931,1675,1595,7081266,31247,1887487,5517800
1932,1641,1546,7079602,31365,1889033,5568500
1933,1606,1650,7077982,31335,1890683,5823600
1934,1656,1617,7076359,31341,1892300,5766700
1935,1688,1706,7074692,31302,1894006,5676200
1936,1627,1682,7073050,31262,1895688,5549400
1937,1672,1670,7071385,31257,1897358,5510800
1938,1602,1650,7069762,31230,1899008,5740800
1939,1608,1620,7068147,31225,1900628,5623400
1940,1618,1656,7066577,31139,1902284,5425100
1941,1628,1694,7064904,31118,1903978,5472500
1942,1543,1613,7063345,31064,1905591,5698600
1943,1584,1607,7061775,31027,1907198,5729500
1944,1616,1637,7060144,31021,1908835,5727300
1945,1590,1612,7058607,30946,1910447,5717300
1946,1542,1628,7057031,30894,1912075,5765500
1947,1613,1597,7055443,30885,1913672,5717500
1948,1583,1597,7053854,30877,1915269,5695000
1949,1666,1724,7052172,30835,1916993,5554100
1950,1615,1586,7050548,30873,1918579,5761000
1951,1628,1635,7048956,30830,1920214,5806300
1952,1587,1542,7047329,30915,1921756,5730400
1953,1579,1555,7045747,30942,1923311,6528100
1954,1614,1598,7044163,30928,1924909,6326600
1955,1545,1555,7042613,30923,1926464,6349800
1956,1653,1620,7040959,30957,1928084,6045000
1957,1670,1464,7039297,31155,1929548,6006100
1958,1666,1651,7037638,31163,1931199,5856300
1959,1578,1649,7036011,31141,1932848,5585600
1960,1616,1598,7034419,31135,1934446,5985200
1961,1604,1621,7032826,31107,1936067,6140700
1962,1547,1588,7031245,31100,1937655,5864400
1963,1670,1580,7029611,31154,1939235,5967700
1964,1682,1642,7027912,31211,1940877,5974800
1965,1589,1610,7026336,31177,1942487,5849900
1966,1642,1604,7024731,31178,1944091,5973500
1967,1620,1581,7023066,31262,1945672,5955200
1968,1554,1535,7021504,31289,1947207,6082500
1969,1635,1612,7019875,31306,1948819,5673800
1970,1567,1617,7018314,31250,1950436,5723300
1971,1597,1565,7016704,31295,1952001,5939900
1972,1660,1699,7015084,31216,1953700,5753300
1973,1694,1659,7013383,31258,1955359,5694800
1974,1621,1607,7011767,31267,1956966,5706300
1975,1652,1713,7010099,31222,1958679,5898400
1976,1558,1588,7008501,31232,1960267,5825500
1977,1586,1640,7006956,31137,1961907,6123700
1978,1672,1620,7005314,31159,1963527,5846800
1979,1709,1634,7003570,31269,1965161,5663700
1980,1737,1657,7001856,31326,1966818,5625300
1981,1649,1619,7000193,31370,1968437,5564100
1982,1625,1630,6998560,31373,1970067,5675600
1983,1633,1617,6996953,31363,1971684,5678100
1984,1629,1653,6995300,31363,1973337,5598300
1985,1644,1645,6993672,31346,1974982,5562200
1986,1654,1609,6991976,31433,1976591,5622200
1987,1603,1661,6990377,31371,1978252,5767300
1988,1650,1624,6988764,31360,1979876,5496800
1989,1592,1627,6987141,31356,1981503,6111100
1990,1606,1637,6985525,31335,1983140,5846300
1991,1681,1638,6983878,31344,1984778,5681500
1992,1700,1678,6982177,31367,1986456,5512700
1993,1669,1601,6980507,31436,1988057,5641500
1994,1686,1647,6978805,31491,1989704,5642900
1995,1675,1632,6977145,31519,1991336,5955300
1996,1647,1625,6975500,31539,1992961,6088500
1997,1610,1649,6973894,31496,1994610,6167800
1998,1680,1560,6972228,31602,1996170,6230000
1999,1689,1606,6970537,31687,1997776,6129800
2000,1612,1633,6968880,31711,1999409,5983100
2001,1760,1697,6967152,31742,2001106,5819500
2002,1672,1670,6965500,31724,2002776,5964500
2003,1711,1653,6963757,31814,2004429,5801200
2004,1681,1616,6962079,31876,2006045,5643100
2005,1712,1655,6960387,31913,2007700,5456400
2006,1558,1664,6958789,31847,2009364,5485800
2007,1685,1619,6957162,31855,2010983,5556200
2008,1711,1672,6955415,31930,2012655,5483200
2009,1766,1617,6953665,32063,2014272,5789500
2010,1675,1683,6951974,32071,2015955,5997700
2011,1618,1667,6950350,32028,2017622,6134900
2012,1708,1681,6948671,32026,2019303,6479700
2013,1755,1673,6946935,32089,2020976,5812200
2014,1557,1672,6945290,32062,2022648,5642600
2015,1716,1702,6943618,32032,2024350,5568900
2016,1690,1647,6941946,32057,2025997,5535600
2017,1709,1658,6940180,32165,2027655,5537700
2018,1664,1646,6938544,32155,2029301,5543000
2019,1648,1695,6936910,32094,2030996,5514500
2020,1673,1689,6935242,32073,2032685,5464800
2021,1639,1690,6933595,32030,2034375,5607700
2022,1709,1627,6931888,32110,2036002,5795800
2023,1636,1624,6930256,32118,2037626,5602300
2024,1696,1687,6928580,32107,2039313,5436900
2025,1653,1651,6926885,32151,2040964,5651500
2026,1680,1624,6925217,32195,2042588,5658400
2027,1757,1652,6923486,32274,2044240,5545500
2028,1705,1718,6921774,32268,2045958,5602000
2029,1717,1616,6920058,32368,2047574,5828100
2030,1693,1703,6918343,32380,2049277,5896000
2031,1769,1677,6916565,32481,2050954,5602400
2032,1722,1667,6914881,32498,2052621,5586400
2033,1728,1652,6913167,32560,2054273,5627700
2034,1620,1747,6911488,32492,2056020,5781100
2035,1663,1722,6909851,32407,2057742,5548400
2036,1635,1656,6908231,32371,2059398,5557900
2037,1694,1635,6906529,32438,2061033,5544500
2038,1707,1597,6904810,32560,2062630,5611200
2039,1677,1743,6903136,32491,2064373,5592700
2040,1695,1736,6901456,32435,2066109,5843900
2041,1685,1663,6899770,32458,2067772,6201200
2042,1763,1661,6898023,32544,2069433,5954800
2043,1677,1726,6896311,32530,2071159,5829700
2044,1689,1731,6894643,32467,2072890,6223900
2045,1672,1691,6892960,32459,2074581,6545500
2046,1643,1642,6891309,32468,2076223,6394600
2047,1624,1639,6889669,32469,2077862,7045000
2048,1600,1693,6888060,32385,2079555,7401300
2049,1682,1693,6886394,32358,2081248,8921400
2050,1750,1669,6884664,32419,2082917,6704400
2051,1699,1681,6882943,32459,2084598,6480600
2052,1713,1689,6881256,32457,2086287,6439100
2053,1660,1621,6879580,32512,2087908,6306700
2054,1609,1710,6877928,32454,2089618,6641500
2055,1737,1705,6876257,32420,2091323,6624600
2056,1656,1715,6874563,32399,2093038,6624500
2057,1727,1738,6872855,32369,2094776,7907800
2058,1676,1715,6871190,32319,2096491,8328900
2059,1656,1633,6869532,32344,2098124,7099700
2060,1720,1647,6867791,32438,2099771,6614600
2061,1686,1683,6866122,32424,2101454,7957900
2062,1698,1670,6864424,32452,2103124,9370000
2063,1663,1745,6862769,32362,2104869,8208600
2064,1643,1654,6861099,32378,2106523,8888600
2065,1633,1636,6859499,32342,2108159,7194500
2066,1650,1647,6857868,32326,2109806,8113400
2067,1712,1683,6856129,32382,2111489,6728000
2068,1647,1645,6854463,32403,2113134,7221500
2069,1638,1637,6852830,32399,2114771,5929100
2070,1625,1701,6851223,32305,2116472,6209200
2071,1666,1655,6849533,32340,2118127,6696800
2072,1709,1648,6847864,32361,2119775,6443300
2073,1722,1629,6846131,32465,2121404,6879900
2074,1678,1671,6844442,32483,2123075,6552300
2075,1662,1727,6842784,32414,2124802,6215300
2076,1681,1730,6841117,32351,2126532,6875600
2077,1663,1621,6839415,32432,2128153,6527200
2078,1693,1701,6837727,32419,2129854,7117100
2079,1638,1653,6836085,32408,2131507,6664400
2080,1685,1673,6834419,32401,2133180,6557000
2081,1665,1744,6832770,32306,2134924,6317400
2082,1703,1732,6831052,32292,2136656,7049800
2083,1655,1675,6829388,32281,2138331,6735200
2084,1654,1568,6827732,32369,2139899,6722700
2085,1695,1630,6826046,32425,2141529,6129800
2086,1723,1695,6824343,32433,2143224,6749300
2087,1625,1727,6822686,32363,2144951,7030900
2088,1675,1653,6821042,32354,2146604,6587000
2089,1673,1651,6819319,32426,2148255,6360500
2090,1616,1700,6817733,32312,2149955,6659400
2091,1649,1672,6816083,32290,2151627,7118900
2092,1715,1674,6814385,32314,2153301,5992700
2093,1615,1697,6812717,32285,2154998,5958400
2094,1694,1641,6811077,32284,2156639,5980000
2095,1670,1633,6809409,32319,2158272,5978400
2096,1752,1733,6807649,32346,2160005,6328400
2097,1765,1706,6805891,32398,2161711,6761500
2098,1740,1611,6804157,32521,2163322,6465400
2099,1721,1664,6802422,32592,2164986,6356800
2100,1620,1687,6800810,32517,2166673,6294900
2101,1725,1648,6799059,32620,2168321,6176300
2102,1709,1634,6797344,32701,2169955,6158600
2103,1702,1564,6795640,32841,2171519,6151000
2104,1694,1660,6793966,32855,2173179,6952800
2105,1653,1714,6792312,32795,2174893,6349500
2106,1736,1676,6790589,32842,2176569,6466900
2107,1700,1759,6788885,32787,2178328,6137300
2108,1686,1709,6787207,32756,2180037,6904300
2109,1768,1674,6785411,32878,2181711,6937700
2110,1739,1704,6783682,32903,2183415,8315200
2111,1728,1708,6781960,32917,2185123,6692200
2112,1720,1734,6780256,32887,2186857,6842100
2113,1684,1714,6778541,32888,2188571,6283100
2114,1693,1701,6776845,32883,2190272,7195500
2115,1710,1714,6775157,32857,2191986,6236800
2116,1783,1788,6773345,32881,2193774,6264700
2117,1728,1686,6771653,32887,2195460,6808800
2118,1720,1689,6769921,32930,2197149,6772600
2119,1750,1725,6768154,32972,2198874,7010900
2120,1728,1660,6766463,33003,2200534,7245100
2121,1700,1687,6764737,33042,2202221,6672700
2122,1722,1765,6763005,33009,2203986,7173500
2123,1785,1679,6761255,33080,2205665,6149600
2124,1742,1797,6759473,33065,2207462,6161000
2125,1724,1704,6757742,33092,2209166,7302200
2126,1714,1767,6756047,33020,2210933,7024600
2127,1688,1677,6754354,33036,2212610,7876900
2128,1721,1737,6752679,32974,2214347,6543300
2129,1800,1765,6750812,33076,2216112,7327400
2130,1776,1717,6749050,33121,2217829,8517900
2131,1690,1717,6747380,33074,2219546,6664600
2132,1726,1634,6745652,33168,2221180,6528700
2133,1755,1747,6743911,33162,2222927,6473100
2134,1666,1716,6742236,33121,2224643,6493000
2135,1658,1767,6740584,33006,2226410,6492800
2136,1601,1736,6738913,32941,2228146,7011200
2137,1611,1731,6737313,32810,2229877,6413000
2138,1702,1688,6735654,32781,2231565,7547600
2139,1709,1721,6733962,32752,2233286,6326800
2140,1640,1650,6732303,32761,2234936,6055300
2141,1691,1755,6730637,32672,2236691,6032000
2142,1690,1699,6728942,32668,2238390,6084700
2143,1650,1686,6727280,32644,2240076,6090600
2144,1660,1700,6725608,32616,2241776,6182900
2145,1680,1722,6723948,32554,2243498,6230400
2146,1684,1634,6722282,32586,2245132,7271800
2147,1728,1693,6720505,32670,2246825,6224500
2148,1737,1651,6718790,32734,2248476,6347200
2149,1709,1738,6717096,32690,2250214,6276500
2150,1584,1673,6715463,32650,2251887,6320300
2151,1746,1669,6713753,32691,2253556,6309200
2152,1724,1620,6712043,32781,2255176,6660000
2153,1708,1692,6710299,32833,2256868,6449100
2154,1761,1803,6708554,32775,2258671,6275100
2155,1626,1708,6706913,32708,2260379,6561800
2156,1702,1769,6705237,32615,2262148,6329600
2157,1702,1703,6703542,32607,2263851,6255700
2158,1662,1667,6701819,32663,2265518,6291800
2159,1644,1673,6700210,32599,2267191,6714400
2160,1724,1704,6698478,32627,2268895,6330300
2161,1699,1751,6696805,32549,2270646,6123600
2162,1704,1682,6695084,32588,2272328,6295800
2163,1702,1636,6693412,32624,2273964,6152100
2164,1680,1694,6691750,32592,2275658,6119200
2165,1706,1663,6689985,32694,2277321,6551000
2166,1620,1755,6688384,32540,2279076,6444000
2167,1587,1681,6686804,32439,2280757,7065300
2168,1740,1622,6685089,32532,2282379,6379900
2169,1616,1751,6683418,32452,2284130,6847200
2170,1739,1688,6681671,32511,2285818,6426300
2171,1729,1690,6680017,32475,2287508,6383500
2172,1678,1739,6678310,32443,2289247,6217400
2173,1712,1686,6676584,32483,2290933,6398400
2174,1685,1698,6674913,32456,2292631,6308700
2175,1684,1670,6673226,32473,2294301,6338700
2176,1675,1572,6671526,32601,2295873,6190700
2177,1718,1698,6669838,32591,2297571,6427100
2178,1726,1690,6668099,32640,2299261,6309900
2179,1646,1662,6666416,32661,2300923,6678000
2180,1710,1777,6664758,32542,2302700,6404600
2181,1691,1686,6663044,32570,2304386,6211800
2182,1734,1737,6661342,32535,2306123,6264600
2183,1672,1704,6659661,32512,2307827,6555600
2184,1741,1695,6657930,32548,2309522,6917700
2185,1658,1706,6656264,32508,2311228,6437600
2186,1749,1714,6654519,32539,2312942,6347100
2187,1759,1670,6652755,32633,2314612,6278700
2188,1722,1708,6651004,32676,2316320,6166800
2189,1616,1651,6649418,32611,2317971,6050400
2190,1627,1706,6647769,32554,2319677,6087500
2191,1763,1663,6646028,32632,2321340,6230100
2192,1802,1667,6644209,32784,2323007,6072600
2193,1758,1669,6642466,32858,2324676,6347900
2194,1742,1707,6640678,32939,2326383,6197100
2195,1756,1729,6638939,32949,2328112,6331700
2196,1673,1668,6637281,32939,2329780,6350200
2197,1726,1687,6635568,32965,2331467,6280400
2198,1734,1677,6633845,33011,2333144,6043200
2199,1778,1717,6632044,33095,2334861,6266300
2200,1767,1731,6630324,33084,2336592,6111500
2201,1769,1721,6628533,33154,2338313,6216300
2202,1751,1682,6626770,33235,2339995,6135400
2203,1714,1618,6625050,33337,2341613,6005100
2204,1748,1758,6623326,33303,2343371,6572100
2205,1767,1744,6621563,33322,2345115,6179700
2206,1777,1746,6619760,33379,2346861,6260400
2207,1762,1725,6618019,33395,2348586,6499700
2208,1828,1796,6616193,33425,2350382,6746000
2209,1724,1764,6614435,33419,2352146,6336600
2210,1673,1761,6612765,33328,2353907,6348100
2211,1794,1754,6610970,33369,2355661,6386200
2212,1749,1752,6609229,33358,2357413,6323400
2213,1724,1726,6607517,33344,2359139,6150000
2214,1789,1688,6605730,33443,2360827,6195700
2215,1753,1669,6603982,33522,2362496,6297700
2216,1784,1787,6602191,33526,2364283,6212400
2217,1743,1759,6600437,33521,2366042,6202600
2218,1741,1715,6598656,33587,2367757,6560500
2219,1803,1740,6596912,33591,2369497,6052100
2220,1767,1665,6595159,33679,2371162,6572600
2221,1690,1699,6593431,33708,2372861,6182800
2222,1748,1757,6591698,33684,2374618,6343400
2223,1842,1804,6589873,33705,2376422,6297100
2224,1816,1767,6588030,33781,2378189,6079500
2225,1772,1812,6586287,33712,2380001,6058300
2226,1775,1707,6584486,33806,2381708,6446200
2227,1751,1825,6582743,33724,2383533,6854500
2228,1756,1768,6580971,33728,2385301,6434500
2229,1852,1685,6579114,33900,2386986,6514400
2230,1693,1744,6577452,33818,2388730,6437900
2231,1693,1756,6575723,33791,2390486,6373700
2232,1850,1790,6573914,33810,2392276,6337200
2233,1813,1819,6572104,33801,2394095,6066100
2234,1775,1668,6570304,33933,2395763,7212800
2235,1709,1752,6568591,33894,2397515,6537700
2236,1746,1769,6566840,33876,2399284,6400200
2237,1768,1831,6565080,33805,2401115,6602200
2238,1792,1731,6563281,33873,2402846,7130200
2239,1798,1711,6561473,33970,2404557,6920400
2240,1783,1753,6559702,33988,2406310,6116800
2241,1831,1742,6557885,34063,2408052,6126400
2242,1770,1787,6556115,34046,2409839,6036000
2243,1794,1805,6554318,34038,2411644,7222100
2244,1832,1832,6552495,34029,2413476,7231100
2245,1835,1784,6550639,34101,2415260,7009500
2246,1826,1699,6548822,34219,2416959,6777600
2247,1731,1702,6547068,34271,2418661,6594700
2248,1770,1745,6545320,34274,2420406,6348300
2249,1889,1814,6543456,34324,2422220,6919400
2250,1842,1796,6541608,34376,2424016,6085900
2251,1774,1744,6539826,34414,2425760,6137100
2252,1786,1821,6538030,34389,2427581,5967100
2253,1786,1714,6536246,34459,2429295,6072700
2254,1836,1872,6534454,34379,2431167,6356900
2255,1767,1765,6532627,34441,2432932,6180800
2256,1820,1705,6530830,34533,2434637,6750600
2257,1815,1773,6529028,34562,2436410,6235700
2258,1804,1829,6527215,34546,2438239,6064800
2259,1773,1734,6525421,34606,2439973,6678600
2260,1823,1768,6523608,34651,2441741,6405600
2261,1857,1774,6521750,34735,2443515,6316800
2262,1818,1819,6519941,34725,2445334,6194600
2263,1782,1774,6518142,34750,2447108,6089700
2264,1801,1816,6516353,34723,2448924,6110400
2265,1833,1881,6514509,34686,2450805,6559600
2266,1855,1759,6512694,34742,2452564,6440500
2267,1747,1910,6510891,34635,2454474,6651100
2268,1787,1851,6509127,34548,2456325,6689600
2269,1759,1780,6507366,34529,2458105,7313200
2270,1800,1834,6505579,34482,2459939,7342300
2271,1760,1825,6503789,34447,2461764,8748700
2272,1748,1851,6502032,34353,2463615,6680600
2273,1747,1781,6500298,34306,2465396,6591300
2274,1841,1724,6498452,34428,2467120,7688700
2275,1760,1814,6496714,34352,2468934,7608500
2276,1865,1736,6494888,34442,2470670,6544600
2277,1923,1837,6492940,34553,2472507,6668600
2278,1839,1848,6491098,34547,2474355,7967400
2279,1829,1789,6489307,34549,2476144,7414700
2280,1717,1841,6487529,34486,2477985,7251500
2281,1693,1813,6485844,34358,2479798,7509700
2282,1778,1851,6484043,34308,2481649,6883000
2283,1759,1814,6482306,34231,2483463,6750900
2284,1798,1788,6480509,34240,2485251,6443600
2285,1873,1762,6478671,34316,2487013,6764000
2286,1775,1702,6476883,34402,2488715,6367600
2287,1810,1819,6475032,34434,2490534,6908700
2288,1840,1809,6473247,34410,2492343,6446900
2289,1779,1744,6471452,34461,2494087,6652500
2290,1790,1738,6469614,34561,2495825,6697900
2291,1726,1735,6467921,34519,2497560,6782000
2292,1843,1845,6466097,34498,2499405,6741700
2293,1836,1829,6464247,34519,2501234,6184700
2294,1837,1803,6462382,34581,2503037,6337700
2295,1779,1809,6460626,34528,2504846,6309500
2296,1885,1796,6458752,34606,2506642,6696000
2297,1899,1848,6456852,34658,2508490,6459500
2298,1873,1776,6454982,34752,2510266,6816800
2299,1789,1841,6453161,34732,2512107,6346200
2300,1793,1789,6451361,34743,2513896,6711500
2301,1784,1755,6449611,34738,2515651,6760000
2302,1825,1813,6447809,34727,2517464,6803400
2303,1737,1757,6446017,34762,2519221,6397300
2304,1837,1951,6444210,34618,2521172,6522500
2305,1725,1746,6442449,34633,2522918,6724700
2306,1740,1784,6440764,34534,2524702,6300300
2307,1794,1822,6438938,34538,2526524,6924400
2308,1777,1843,6437110,34523,2528367,6433700
2309,1720,1815,6435445,34373,2530182,6409400
2310,1861,1805,6433613,34400,2531987,6475600
2311,1826,1769,6431745,34499,2533756,6513100
2312,1713,1801,6430021,34422,2535557,6923300
2313,1750,1790,6428314,34339,2537347,6437300
2314,1792,1746,6426501,34406,2539093,6501300
2315,1746,1710,6424753,34444,2540803,6463800
2316,1734,1718,6423001,34478,2542521,6608300
2317,1778,1798,6421252,34429,2544319,6261200
2318,1761,1752,6419459,34470,2546071,6579400
2319,1769,1816,6417740,34373,2547887,6384500
2320,1774,1822,6415919,34372,2549709,6222200
2321,1873,1814,6414075,34402,2551523,6242700
2322,1755,1791,6412323,34363,2553314,6267900
2323,1897,1834,6410423,34429,2555148,6085800
2324,1867,1801,6408600,34451,2556949,6245300
2325,1772,1778,6406775,34498,2558727,6151300
2326,1764,1775,6405007,34491,2560502,6484400
2327,1852,1822,6403188,34488,2562324,6426100
2328,1861,1729,6401296,34651,2564053,6830700
2329,1848,1811,6399467,34669,2565864,6533700
2330,1761,1817,6397673,34646,2567681,6276200
2331,1840,1788,6395862,34669,2569469,6372200
2332,1743,1815,6394098,34618,2571284,6331900
2333,1831,1883,6392280,34553,2573167,6212200
2334,1793,1856,6390475,34502,2575023,6261700
2335,1813,1794,6388689,34494,2576817,6106700
2336,1824,1888,6386829,34466,2578705,6141400
2337,1824,1793,6385002,34500,2580498,6172900
2338,1826,1796,6383244,34462,2582294,6188800
2339,1881,1823,6381376,34507,2584117,6206600
2340,1852,1759,6379501,34623,2585876,6201500
2341,1746,1762,6377677,34685,2587638,6388500
2342,1845,1831,6375916,34615,2589469,6376200
2343,1754,1713,6374146,34672,2591182,6414400
2344,1813,1774,6372301,34743,2592956,6080700
2345,1845,1755,6370459,34830,2594711,6257800
2346,1859,1835,6368629,34825,2596546,6581700
2347,1845,1805,6366789,34860,2598351,6452800
2348,1804,1801,6364942,34906,2600152,6445500
2349,1916,1824,6363063,34961,2601976,6175200
2350,1920,1800,6361164,35060,2603776,6458600
2351,1867,1810,6359266,35148,2605586,6461900
2352,1901,1814,6357376,35224,2607400,6235800
2353,1860,1760,6355534,35306,2609160,6519100
2354,1884,1770,6353634,35436,2610930,6518000
2355,1868,1830,6351777,35463,2612760,6290000
2356,1927,1841,6349858,35541,2614601,6158400
2357,1902,1836,6347953,35610,2616437,6058600
2358,1866,1800,6346051,35712,2618237,6048400
2359,1849,1861,6344196,35706,2620098,6158500
2360,1782,1853,6342410,35639,2621951,6073100
2361,1778,1804,6340595,35650,2623755,6153800
2362,1820,1892,6338788,35565,2625647,6389000
2363,1811,1861,6337014,35478,2627508,6002600
2364,1857,1837,6335163,35492,2629345,6335600
2365,1974,1916,6333251,35488,2631261,6076900
2366,1802,1846,6331418,35475,2633107,6081600
2367,1808,1940,6329557,35396,2635047,6386300
2368,1805,1861,6327776,35316,2636908,6221800
2369,1833,1868,6325942,35282,2638776,6380200
2370,1854,1820,6324106,35298,2640596,6734900
2371,1766,1835,6322324,35245,2642431,6513100
2372,1793,1829,6320507,35233,2644260,6102200
2373,1775,1857,6318751,35132,2646117,6861100
2374,1839,1889,6316929,35065,2648006,7400300
2375,1842,1760,6315085,35149,2649766,6943100
2376,1771,1810,6313259,35165,2651576,6710800
2377,1866,1858,6311434,35132,2653434,6099500
2378,1791,1833,6309623,35110,2655267,5951100
2379,1832,1817,6307822,35094,2657084,5980300
2380,1745,1755,6306055,35106,2658839,6494900
2381,1878,1806,6304218,35137,2660645,6335400
2382,1901,1814,6302313,35228,2662459,6728100
2383,1876,1814,6300403,35324,2664273,6858000
2384,1807,1847,6298602,35278,2666120,6266500
2385,1831,1847,6296766,35267,2667967,7471800
2386,1833,1838,6294927,35268,2669805,6564200
2387,1812,1891,6293121,35183,2671696,6433000
2388,1935,1818,6291224,35262,2673514,6504900
2389,1876,1772,6289338,35376,2675286,6470400
2390,1932,1885,6287412,35417,2677171,6219400
2391,1872,1812,6285528,35489,2678983,6811500
2392,1730,1906,6283753,35358,2680889,6475300
2393,1784,1750,6282000,35361,2682639,6058000
2394,1795,1916,6280198,35247,2684555,6239200
2395,1854,1813,6278342,35290,2686368,6042300
2396,1892,1846,6276454,35332,2688214,6011600
2397,1761,1817,6274670,35299,2690031,6813900
2398,1861,1810,6272823,35336,2691841,6518100
2399,1795,1840,6271034,35285,2693681,6435000
2400,1810,1760,6269255,35304,2695441,6037400
2401,1787,1901,6267433,35225,2697342,5803800
2402,1769,1818,6265699,35141,2699160,6140300
2403,1737,1890,6263926,35024,2701050,6325300
2404,1764,1746,6262147,35057,2702796,6289300
2405,1754,1792,6260392,35020,2704588,5826800
2406,1765,1882,6258642,34888,2706470,6467900
2407,1729,1844,6256915,34771,2708314,6209400
2408,1830,1830,6255110,34746,2710144,6258800
2409,1776,1772,6253301,34783,2711916,5972900
2410,1750,1865,6251520,34699,2713781,6092700
2411,1817,1802,6249738,34679,2715583,6250600
2412,1763,1840,6247953,34624,2717423,6182900
2413,1785,1748,6246232,34597,2719171,6338300
2414,1857,1842,6244324,34663,2721013,6876800
2415,1856,1786,6242488,34713,2722799,6774800
2416,1850,1853,6240641,34707,2724652,6334800
2417,1813,1791,6238829,34728,2726443,6021700
2418,1865,1836,6236942,34779,2728279,6257900
2419,1792,1829,6235155,34737,2730108,6545500
2420,1875,1867,6233308,34717,2731975,6541300
2421,1812,1795,6231471,34759,2733770,6883700
2422,1831,1870,6229645,34715,2735640,6534800
2423,1759,1803,6227861,34696,2737443,6565200
2424,1883,1741,6226021,34795,2739184,7423800
2425,1845,1808,6224169,34839,2740992,6925900
2426,1828,1836,6222315,34857,2742828,6347300
2427,1746,1773,6220585,34814,2744601,6193500
2428,1798,1875,6218790,34734,2746476,6820400
2429,1875,1820,6216945,34759,2748296,6562700
2430,1808,1786,6215132,34786,2750082,6408700
2431,1807,1829,6213300,34789,2751911,6556600
2432,1918,1830,6211401,34858,2753741,6472500
2433,1825,1819,6209582,34858,2755560,7193800
2434,1863,1814,6207706,34920,2757374,6799900
2435,1853,1793,6205865,34968,2759167,6300600
2436,1858,1819,6203992,35022,2760986,6104000
2437,1914,1744,6202119,35151,2762730,6179200
2438,1829,1832,6200226,35212,2764562,6353100
2439,1946,1808,6198307,35323,2766370,6053300
2440,1870,1799,6196455,35376,2768169,6018700
2441,1870,1816,6194586,35429,2769985,5982000
2442,1849,1853,6192761,35401,2771838,6185100
2443,1887,1866,6190837,35459,2773704,7046400
2444,1960,1861,6188886,35549,2775565,6386700
2445,1971,1783,6186921,35731,2777348,9781400
2446,1919,1864,6184987,35801,2779212,6371500
2447,1844,1865,6183148,35775,2781077,6095000
2448,1920,1878,6181219,35826,2782955,6064600
2449,1973,1835,6179261,35949,2784790,5843700
2450,1929,1855,6177335,36020,2786645,6012000
2451,1823,1887,6175454,36014,2788532,5948300
2452,1858,1826,6173643,35999,2790358,6835600
2453,1851,1847,6171756,36039,2792205,6506500
2454,1906,1950,6169871,35974,2794155,6431500
2455,1890,1869,6168020,35956,2796024,6386100
2456,1923,1863,6166080,36033,2797887,6314600
2457,1913,1806,6164143,36164,2799693,6235200
2458,1883,1880,6162272,36155,2801573,6316700
2459,1857,1883,6160401,36143,2803456,6278100
2460,1913,1837,6158500,36207,2805293,6276200
2461,1850,1843,6156631,36233,2807136,6809300
2462,1905,1908,6154747,36209,2809044,6857100
2463,1900,1881,6152869,36206,2810925,7135700
2464,1834,1855,6150985,36235,2812780,6664800
2465,1840,1835,6149172,36213,2814615,6708000
2466,1941,1858,6147250,36277,2816473,6585000
2467,2001,1886,6145267,36374,2818359,6798400
2468,1973,1924,6143296,36421,2820283,6447800
2469,1964,1911,6141339,36467,2822194,6548800
2470,1907,1911,6139369,36526,2824105,6885300
2471,1943,1910,6137457,36528,2826015,6697700
2472,1927,1865,6135547,36573,2827880,6932500
2473,2023,1964,6133520,36636,2829844,6685100
2474,1905,1873,6131588,36695,2831717,6552700
2475,1957,1909,6129651,36723,2833626,7277300
2476,1902,1908,6127754,36712,2835534,19495400
2477,1922,1952,6125818,36696,2837486,8997700
2478,1921,1880,6123915,36719,2839366,6578700
2479,1972,1913,6121935,36786,2841279,7615200
2480,1978,1941,6119970,36810,2843220,7166800
2481,1934,1965,6118022,36793,2845185,11291600
2482,1904,1886,6116119,36810,2847071,6909600
2483,1941,1966,6114153,36810,2849037,6568200
2484,1967,1843,6112236,36884,2850880,6434800
2485,1929,1957,6110260,36903,2852837,6756500
2486,1986,1968,6108296,36899,2854805,7374900
2487,1913,1878,6106356,36961,2856683,7156200
2488,1907,1917,6104479,36921,2858600,7649900
2489,1933,1908,6102531,36961,2860508,6795600
2490,1865,1956,6100699,36837,2862464,6381600
2491,1846,1900,6098796,36840,2864364,6621800
2492,1915,1845,6096881,36910,2866209,6599300
2493,1854,1892,6095054,36845,2868101,6519400
2494,1889,1941,6093141,36817,2870042,6237800
2495,1942,1887,6091227,36844,2871929,6287700
2496,1853,1916,6089367,36788,2873845,6468000
2497,1889,1893,6087443,36819,2875738,6316700
2498,1925,1868,6085559,36835,2877606,6355800
2499,1932,1886,6083603,36905,2879492,6404000
2500,1931,1934,6081651,36923,2881426,6535700
2501,1947,1889,6079749,36936,2883315,6445400
2502,1884,1896,6077852,36937,2885211,6687800
2503,1960,1866,6075867,37056,2887077,6300400
2504,1900,1931,6073992,37000,2889008,5935100
2505,1991,1980,6072018,36994,2890988,6149200
2506,1947,1899,6070042,37071,2892887,6051400
2507,1921,1891,6068117,37105,2894778,6265700
2508,1885,1946,6066244,37032,2896724,6160300
2509,1955,1962,6064309,37005,2898686,6320400
2510,1935,1959,6062352,37003,2900645,6097300
2511,1952,1902,6060434,37019,2902547,6199600
2512,1946,1890,6058495,37068,2904437,6254200
2513,1915,1931,6056542,37090,2906368,5972300
2514,1918,1938,6054607,37087,2908306,6065100
2515,1975,1978,6052660,37056,2910284,6122600
2516,1936,1963,6050760,36993,2912247,6091600
2517,1813,1940,6048891,36922,2914187,6125000
2518,1961,1981,6046967,36865,2916168,6047300
2519,1917,1959,6045013,36860,2918127,6210200
2520,1888,1906,6043124,36843,2920033,6326100
2521,1826,1874,6041258,36835,2921907,6104300
2522,1837,1857,6039492,36744,2923764,6345300
2523,1887,1916,6037573,36747,2925680,6193900
2524,1888,1933,6035705,36682,2927613,7263000
2525,1865,1921,6033833,36633,2929534,6699700
2526,1906,1816,6031933,36717,2931350,6632700
2527,1939,1816,6029963,36871,2933166,6721100
2528,1966,1881,6028071,36882,2935047,6835900
2529,1909,1926,6026165,36862,2936973,6463100
2530,1919,1904,6024227,36896,2938877,6670600
2531,1842,1866,6022342,36915,2940743,6411100
2532,1826,1918,6020491,36848,2942661,8235300
2533,1910,1904,6018619,36816,2944565,7562300
2534,1860,1961,6016751,36723,2946526,7718700
2535,1849,1872,6014897,36705,2948398,7393600
2536,1829,1898,6013088,36616,2950296,7717500
2537,1881,1874,6011217,36613,2952170,6511000
2538,1853,1803,6009332,36695,2953973,6451800
2539,1847,1911,6007452,36664,2955884,6868700
2540,1870,1878,6005621,36617,2957762,7037300
2541,1925,1905,6003731,36602,2959667,6693700
2542,1922,1860,6001788,36685,2961527,6167500
2543,1878,1904,5999899,36670,2963431,6556100
2544,1837,1967,5998036,36566,2965398,6166400
2545,1878,1897,5996242,36463,2967295,6430800
2546,1882,1863,5994335,36507,2969158,6126700
2547,1950,1799,5992378,36665,2970957,6301900
2548,2043,1911,5990374,36758,2972868,6173100
2549,1925,1891,5988383,36858,2974759,6004400
2550,1871,1920,5986504,36817,2976679,6494200
2551,1881,1849,5984645,36827,2978528,6926500
2552,1928,1933,5982698,36841,2980461,6576500
2553,1871,1849,5980824,36866,2982310,6825800
2554,1927,1837,5978932,36921,2984147,6690600
2555,1964,1891,5976984,36978,2986038,7148600
2556,1944,1978,5975000,36984,2988016,6528600
2557,1994,1981,5973009,36994,2989997,6669000
2558,1961,1978,5971041,36984,2991975,6240900
2559,1943,1869,5969103,37053,2993844,6371600
2560,1920,1932,5967169,37055,2995776,6602800
2561,1867,1973,5965330,36921,2997749,6630000
2562,1891,1948,5963440,36863,2999697,6381600
2563,1858,1943,5961571,36789,3001640,6052300
2564,1958,1913,5959617,36830,3003553,6225000
2565,1905,1853,5957736,36858,3005406,6425000
2566,1974,1928,5955752,36914,3007334,6252500
2567,1990,1845,5953747,37074,3009179,6298500
2568,1931,1942,5951764,37115,3011121,6394400
2569,1811,1899,5950016,36964,3013020,6799700
2570,1935,1880,5948078,37022,3014900,7229700
2571,1949,1917,5946113,37070,3016817,7443800
2572,1913,1879,5944191,37113,3018696,7665400
2573,1995,1944,5942218,37142,3020640,7872400
2574,2004,1915,5940228,37217,3022555,7211300
2575,1982,1921,5938216,37308,3024476,6349900
2576,1865,1988,5936317,37219,3026464,6760800
2577,1911,1895,5934403,37238,3028359,6753700
2578,1906,1878,5932550,37213,3030237,5947400
2579,1918,1950,5930644,37169,3032187,5832900
2580,1971,1938,5928718,37157,3034125,5692000
2581,1927,2021,5926732,37122,3036146,5606400
2582,1910,1942,5924843,37069,3038088,5828700
2583,1940,1911,5922860,37141,3039999,6115800
2584,1958,1910,5920929,37162,3041909,6146300
2585,2049,1950,5918907,37234,3043859,6484100
2586,1927,1849,5916933,37359,3045708,6647500
2587,2060,1924,5914929,37439,3047632,6268100
2588,2000,1962,5912934,37472,3049594,6014900
2589,1945,1925,5910932,37549,3051519,6150500
2590,2000,1954,5908980,37547,3053473,6619500
2591,1945,2015,5907007,37505,3055488,6588900
2592,1936,2068,5905025,37419,3057556,6731200
2593,1968,1962,5903150,37332,3059518,6308300
2594,1995,1934,5901125,37423,3061452,6167500
2595,1878,1954,5899245,37349,3063406,6178200
2596,1933,1949,5897307,37338,3065355,6464700
2597,1991,1913,5895342,37390,3067268,6351100
2598,1944,1976,5893373,37383,3069244,6361200
2599,1974,1935,5891378,37443,3071179,6435300
2600,2007,1915,5889354,37552,3073094,6201200
2601,1963,2000,5887406,37500,3075094,6106500
2602,1956,2002,5885444,37460,3077096,6344800
2603,2014,1880,5883472,37552,3078976,6486000
2604,1896,2015,5881569,37440,3080991,6376300
2605,1915,1864,5879650,37495,3082855,6179700
2606,1959,1907,5877692,37546,3084762,6255200
2607,2106,1994,5875613,37631,3086756,5953000
2608,1933,1930,5873624,37690,3088686,6220700
2609,1948,2003,5871692,37619,3090689,6306000
2610,1969,1865,5869700,37746,3092554,6014900
2611,1946,1945,5867769,37732,3094499,5869100
2612,2011,2033,5865760,37708,3096532,5994400
2613,2005,1950,5863791,37727,3098482,6074100
2614,2011,1972,5861762,37784,3100454,6097200
2615,1928,1957,5859839,37750,3102411,6012900
2616,2050,1972,5857780,37837,3104383,6007100
2617,2019,2007,5855732,37878,3106390,5989700
2618,1989,1988,5853791,37831,3108378,6043000
2619,2003,1921,5851761,37940,3110299,5948700
2620,1936,1899,5849820,37982,3112198,5855300
2621,1947,1989,5847897,37916,3114187,6022900
2622,2059,1951,5845839,38023,3116138,6133100
2623,2064,2002,5843788,38072,3118140,6103600
2624,2061,1937,5841719,38204,3120077,6351400
2625,1989,1948,5839731,38244,3122025,6594300
2626,1960,1920,5837783,38272,3123945,6624900
2627,2062,2090,5835721,38244,3126035,6633500
2628,1935,1969,5833726,38270,3128004,6428900
2629,2037,1944,5831694,38358,3129948,6372100
2630,2077,2030,5829696,38326,3131978,6312300
2631,2043,2034,5827614,38374,3134012,6337900
2632,2014,1976,5825638,38374,3135988,6228500
2633,2079,1991,5823517,38504,3137979,6711700
2634,2000,1974,5821464,38583,3139953,6239900
2635,1990,2019,5819509,38519,3141972,6329000
2636,2078,1969,5817429,38630,3143941,6294500
2637,1916,2079,5815485,38495,3146020,6544500
2638,1952,1988,5813594,38398,3148008,6269700
2639,2005,2058,5811563,38371,3150066,6221300
2640,2006,1963,5809555,38416,3152029,6408900
2641,1997,1985,5807557,38429,3154014,6143800
2642,2013,2045,5805536,38405,3156059,6239400
2643,2051,2014,5803492,38435,3158073,6503900
2644,2052,2017,5801464,38446,3160090,6306100
2645,1920,2059,5799547,38304,3162149,6193500
2646,2091,1973,5797447,38431,3164122,6258300
2647,1939,2009,5795479,38390,3166131,6150200
2648,2073,1997,5793424,38448,3168128,6445400
2649,2060,1962,5791387,38523,3170090,6192300
2650,1973,2016,5789364,38530,3172106,6331200
2651,2022,1910,5787385,38599,3174016,6285000
2652,1959,2002,5785403,38579,3176018,6462600
2653,1989,1949,5783392,38641,3177967,6324100
2654,2057,2046,5781390,38597,3180013,6346000
2655,2024,2006,5779374,38607,3182019,6326500
2656,2080,2035,5777285,38661,3184054,6100300
2657,1951,2055,5775311,38580,3186109,6322700
2658,2092,2037,5773228,38626,3188146,6638000
2659,2007,2045,5771180,38629,3190191,6213100
2660,1997,1957,5769215,38637,3192148,6130200
2661,1997,2044,5767224,38584,3194192,7397500
2662,2058,2026,5765189,38593,3196218,6359000
2663,2062,2058,5763080,38644,3198276,6953000
2664,2060,2046,5761086,38592,3200322,6791600
2665,2028,2065,5759056,38557,3202387,7397600
2666,2002,1973,5757027,38613,3204360,6399500
2667,2047,2096,5755006,38538,3206456,6322000
2668,1949,1977,5753033,38534,3208433,6405400
2669,2061,1956,5750981,38630,3210389,6371100
2670,2052,1948,5748942,38721,3212337,6070200
2671,2015,1982,5746841,38840,3214319,6324100
2672,1967,1973,5744924,38784,3216292,6457400
2673,2089,1983,5742854,38871,3218275,6346000
2674,2132,1947,5740716,39062,3220222,6659100
2675,2071,2101,5738651,39026,3222323,6834000
2676,2022,2067,5736609,39001,3224390,6457900
2677,2108,2042,5734540,39028,3226432,6011400
2678,2105,1939,5732420,39209,3228371,6242700
2679,2085,2020,5730331,39278,3230391,6093500
2680,2066,2007,5728275,39327,3232398,5865700
2681,1992,2024,5726245,39333,3234422,5581100
2682,2117,2074,5724140,39364,3236496,5586700
2683,2105,2031,5722061,39412,3238527,6152800
2684,1998,2054,5720007,39412,3240581,5985500
2685,2058,2030,5718023,39366,3242611,6544000
2686,2103,2039,5715875,39475,3244650,6172200
2687,2012,2014,5713869,39467,3246664,6149500
2688,2091,2040,5711809,39487,3248704,6302300
2689,2064,2039,5709717,39540,3250743,6156700
2690,2072,2105,5707637,39515,3252848,6187600
2691,2079,2059,5705573,39520,3254907,6320700
2692,2038,1997,5703478,39618,3256904,6359800
2693,1975,2063,5701552,39481,3258967,6261900
2694,2090,2068,5699439,39526,3261035,6353200
2695,2066,2067,5697426,39472,3263102,6253900
2696,2031,2094,5695397,39407,3265196,6310600
2697,2042,2063,5693313,39428,3267259,6236200
2698,2050,2029,5691237,39475,3269288,6096200
2699,2060,2004,5689192,39516,3271292,6139400
2700,1997,2033,5687201,39474,3273325,6415900
2701,2069,2048,5685143,39484,3275373,6369800
2702,2087,2005,5683062,39560,3277378,6371900
2703,2045,2059,5681018,39545,3279437,6331500
2704,2044,2037,5678997,39529,3281474,6358700
2705,2038,2008,5676923,39595,3283482,6322000
2706,2045,1959,5674858,39701,3285441,6432900
2707,2045,2176,5672845,39538,3287617,6591200
2708,1942,2007,5670876,39500,3289624,6289800
2709,1996,1935,5668896,39545,3291559,6110100
2710,2028,2082,5666899,39460,3293641,6192500
2711,2047,2066,5664845,39448,3295707,5984000
2712,2071,2036,5662779,39478,3297743,6380400
2713,2134,2079,5660632,39546,3299822,5939000
2714,2048,1991,5658601,39586,3301813,6201000
2715,2022,2054,5656569,39564,3303867,6032100
2716,2131,2098,5654408,39627,3305965,5994900
2717,2027,2024,5652389,39622,3307989,6243600
2718,2046,2036,5650356,39619,3310025,6560400
2719,2066,2001,5648306,39668,3312026,6124200
2720,1979,2064,5646281,39629,3314090,6229300
2721,2074,2016,5644231,39663,3316106,6213100
2722,2057,2056,5642180,39658,3318162,6243500
2723,1997,2051,5640162,39625,3320213,6159100
2724,2059,2084,5638100,39603,3322297,6180000
2725,2065,2029,5636074,39600,3324326,6078700
2726,2167,2042,5633917,39715,3326368,5990900
2727,2001,2073,5631872,39687,3328441,6423100
2728,2100,2050,5629803,39706,3330491,6214800
2729,2027,2105,5627754,39650,3332596,6182000
2730,2004,2058,5625762,39584,3334654,6150300
2731,2079,2059,5623663,39624,3336713,6103200
2732,2116,2045,5621538,39704,3338758,6431500
2733,1993,2005,5619534,39703,3340763,6129700
2734,2004,2024,5617551,39662,3342787,6333600
2735,1978,2110,5615592,39511,3344897,6752900
2736,2064,1975,5613529,39599,3346872,6245800
2737,2030,2007,5611498,39623,3348879,6938700
2738,2013,2051,5609468,39602,3350930,6628500
2739,2047,2095,5607450,39525,3353025,6795200
2740,2028,2055,5605417,39503,3355080,7215300
2741,2012,2028,5603401,39491,3357108,8249700
2742,2034,2018,5601374,39500,3359126,7496400
2743,2036,2075,5599317,39482,3361201,6872000
2744,2036,2077,5597288,39434,3363278,6775500
2745,1996,2045,5595260,39417,3365323,6303300
2746,1929,2067,5593315,39295,3367390,6269400
2747,2158,2012,5591199,39399,3369402,6411900
2748,2220,2065,5589004,39529,3371467,6433300
2749,1944,2018,5587023,39492,3373485,6276100
2750,2020,2027,5585021,39467,3375512,6441100
2751,2144,2034,5582864,39590,3377546,6409400
2752,1987,1972,5580860,39622,3379518,6450800
2753,2010,2069,5578868,39545,3381587,6764500
2754,2096,2007,5576817,39589,3383594,6394200
2755,2084,1994,5574714,39698,3385588,6794200
2756,2084,2059,5572625,39728,3387647,7123100
2757,2136,2043,5570470,39840,3389690,7157800
2758,2121,2003,5568388,39919,3391693,6957700
2759,2051,2043,5566285,39979,3393736,6771700
2760,2108,2037,5564199,40028,3395773,7288900
2761,2135,2088,5562055,40084,3397861,6885800
2762,2140,2030,5559925,40184,3399891,6839300
2763,2084,2106,5557843,40160,3401997,6798600
2764,2108,2043,5555715,40245,3404040,6720700
2765,2117,2128,5553658,40174,3406168,6654300
2766,2217,2067,5551434,40331,3408235,6314400
2767,2066,2160,5549297,40308,3410395,6438200
2768,2168,2034,5547180,40391,3412429,6150300
2769,2125,2033,5545086,40452,3414462,6512800
2770,2132,2179,5542917,40442,3416641,6718100
2771,2134,2014,5540798,40547,3418655,6478800
2772,2074,2043,5538726,40576,3420698,6323900
2773,2111,2188,5536570,40544,3422886,6294900
2774,2105,2054,5534477,40583,3424940,6089000
2775,2300,2084,5532226,40750,3427024,6181900
2776,2091,2116,5530108,40752,3429140,6185600
2777,2176,2163,5527958,40739,3431303,6333400
2778,2111,2111,5525814,40772,3433414,6295100
2779,2151,2125,5523671,40790,3435539,6208300
2780,2035,2047,5521621,40793,3437586,6277500
2781,2067,2091,5519565,40758,3439677,85463500
2782,2035,2045,5517529,40749,3441722,6843600
2783,2164,2059,5515363,40856,3443781,6731500
2784,2106,2138,5513231,40850,3445919,6389400
2785,2179,2122,5511118,40841,3448041,6609000
2786,2105,2148,5508998,40813,3450189,6189600
2787,2124,2111,5506820,40880,3452300,6357100
2788,2082,2018,5504785,40897,3454318,6229000
2789,2128,2139,5502652,40891,3456457,6346400
2790,2114,2131,5500536,40876,3458588,6139900
2791,2143,2166,5498409,40837,3460754,6449100
2792,2167,2117,5496207,40922,3462871,6248100
2793,2107,2114,5494140,40875,3464985,6328900
2794,2098,2131,5492005,40879,3467116,6531200
2795,2078,2114,5489909,40861,3469230,6321800
2796,2059,2054,5487813,40903,3471284,6274300
2797,2103,2086,5485781,40849,3473370,6090000
2798,2052,2063,5483701,40866,3475433,5990400
2799,2089,2098,5481596,40873,3477531,6140300
2800,2134,2087,5479523,40859,3479618,6374200
2801,2080,2175,5477402,40805,3481793,6325800
2802,2055,2090,5475346,40771,3483883,6381600
2803,2085,2036,5473272,40809,3485919,6420300
2804,2080,2084,5471157,40840,3488003,6702200
2805,2087,2220,5469083,40694,3490223,6902300
2806,2182,2105,5466977,40695,3492328,7060600
2807,2020,2119,5464913,40640,3494447,6908500
2808,2043,2058,5462799,40696,3496505,6711800
2809,2101,2112,5460752,40631,3498617,6437900
2810,2095,2162,5458669,40552,3500779,6438900
2811,2054,2180,5456588,40453,3502959,6587000
2812,2137,2153,5454446,40442,3505112,6437500
2813,2071,2132,5452363,40393,3507244,6867300
2814,2040,2101,5450351,40304,3509345,6468900
2815,2013,2035,5448331,40289,3511380,6175900
2816,2056,2082,5446274,40264,3513462,6476800
2817,2131,2082,5444184,40272,3515544,6264400
2818,2126,2108,5442041,40307,3517652,6402000
2819,2022,2142,5439978,40228,3519794,6465600
2820,2034,2103,5437949,40154,3521897,6477600
2821,2092,2068,5435880,40155,3523965,6613000
2822,2060,2087,5433835,40113,3526052,6322800
2823,2112,2047,5431751,40150,3528099,6310200
2824,2045,2074,5429677,40150,3530173,6383300
2825,2051,2067,5427603,40157,3532240,6410000
2826,2122,2103,5425481,40176,3534343,6272500
2827,2057,2014,5423418,40225,3536357,6296600
2828,2145,2073,5421315,40255,3538430,6416200
2829,2079,2087,5419203,40280,3540517,6232500
2830,2112,1990,5417088,40405,3542507,6411300
2831,2095,2096,5415024,40373,3544603,6809000
2832,2140,2100,5412891,40406,3546703,6776200
2833,2050,2103,5410815,40379,3548806,6744200
2834,2038,2115,5408741,40338,3550921,6499300
2835,2076,2150,5406701,40228,3553071,6685400
2836,2108,2078,5404601,40250,3555149,7370000
2837,2021,2086,5402562,40203,3557235,7667200
2838,2155,2066,5400403,40296,3559301,7279900
2839,2111,2069,5398347,40283,3561370,7030500
2840,2081,2076,5396217,40337,3563446,8035400
2841,2124,2107,5394121,40326,3565553,7592200
2842,2111,2051,5392030,40366,3567604,7014400
2843,2165,2099,5389806,40491,3569703,6730300
2844,2140,2076,5387669,40552,3571779,7288100
2845,2180,2100,5385518,40603,3573879,7046600
2846,2192,2127,5383313,40681,3576006,6770300
2847,2050,2128,5381258,40608,3578134,6956700
2848,2190,2149,5379094,40623,3580283,6883100
2849,2168,2114,5376934,40669,3582397,7830300
2850,2143,2098,5374768,40737,3584495,7928300
2851,2193,2066,5372594,40845,3586561,6946700
2852,2185,2089,5370376,40974,3588650,6987400
2853,2142,2150,5368240,40960,3590800,7535800
2854,2179,2163,5366089,40948,3592963,7012000
2855,2183,2143,5363875,41019,3595106,7260300
2856,2170,2119,5361728,41047,3597225,7955900
2857,2184,2163,5359557,41055,3599388,6797000
2858,2088,2184,5357437,40991,3601572,7924500
2859,2204,2055,5355296,41077,3603627,7434900
2860,2179,2069,5353079,41225,3605696,7532800
2861,2142,2094,5350919,41291,3607790,7121500
2862,2218,2111,5348733,41366,3609901,7078800
2863,2124,2222,5346533,41344,3612123,6897000
2864,2127,2088,5344427,41362,3614211,7233500
2865,2137,2154,5342324,41311,3616365,7054000
2866,2184,2186,5340167,41282,3618551,6574500
2867,2177,2170,5337944,41335,3620721,6809400
2868,2136,2118,5335834,41327,3622839,6285400
2869,2094,2102,5333689,41370,3624941,6569700
2870,2148,2149,5331586,41324,3627090,6358500
2871,2112,2087,5329446,41377,3629177,6433600
2872,2209,2141,5327265,41417,3631318,6552700
2873,2164,2138,5325071,41473,3633456,6124400
2874,2112,2156,5322963,41425,3635612,6370100
2875,2071,2175,5320874,41339,3637787,6385400
2876,2049,2128,5318879,41206,3639915,6094600
2877,2138,2176,5316744,41165,3642091,6732800
2878,2216,2220,5314531,41158,3644311,6443000
2879,2055,2177,5312428,41084,3646488,6749400
2880,2109,2042,5310317,41153,3648530,6555100
2881,2119,2184,5308223,41063,3650714,6175700
2882,2118,2089,5306093,41104,3652803,6317500
2883,2133,2123,5303964,41110,3654926,6284300
2884,2120,2133,5301809,41132,3657059,6182000
2885,2121,2102,5299752,41087,3659161,6204300
2886,2121,2135,5297604,41100,3661296,6135900
2887,2085,2170,5295526,41008,3663466,6161200
2888,2112,2115,5293403,41016,3665581,6185000
2889,2036,2077,5291345,40997,3667658,6307400
2890,2134,2142,5289219,40981,3669800,6195800
2891,2020,2072,5287206,40922,3671872,6056400
2892,2085,2156,5285104,40868,3674028,6140600
2893,2087,2147,5283030,40795,3676175,6003200
2894,2065,2129,5280947,40749,3678304,6195400
2895,2048,2104,5278897,40695,3680408,6125700
2896,2012,2060,5276909,40623,3682468,6160200
2897,2010,2127,5274898,40507,3684595,6149200
2898,2145,2168,5272766,40471,3686763,6129100
2899,2151,2075,5270580,40582,3688838,6367400
2900,2069,2065,5268565,40532,3690903,6969100
2901,2064,2099,5266432,40566,3693002,6545800
2902,2046,2119,5264449,40430,3695121,6268100
2903,2056,2218,5262377,40284,3697339,6192000
2904,2000,2120,5260376,40165,3699459,6461600
2905,2028,2118,5258348,40075,3701577,6330200
2906,2104,2124,5256256,40043,3703701,6449800
2907,2006,2120,5254235,39944,3705821,6160700
2908,2099,1993,5252143,40043,3707814,5995000
2909,2160,2063,5250037,40086,3709877,6356600
2910,2049,2161,5247908,40054,3712038,6157100
2911,2091,2157,5245845,39960,3714195,6216800
2912,2103,2142,5243756,39907,3716337,6076600
2913,2079,2131,5241674,39858,3718468,6007100
2914,2123,2036,5239573,39923,3720504,6195900
2915,2021,2045,5237479,39972,3722549,6171900
2916,2124,2113,5235408,39930,3724662,6282900
2917,2086,2101,5233285,39952,3726763,6378500
2918,2037,1960,5231249,40028,3728723,6311000
2919,2069,2028,5229158,40091,3730751,6295700
2920,2017,2026,5227171,40052,3732777,6564400
2921,2050,2039,5225130,40054,3734816,6348400
2922,2097,2045,5223041,40098,3736861,6420700
2923,2116,2110,5220920,40109,3738971,6152100
2924,2004,2051,5218891,40087,3741022,6235900
2925,2079,2054,5216846,40078,3743076,5928200
2926,2020,2075,5214782,40067,3745151,5986800
2927,2112,2049,5212695,40105,3747200,6172700
2928,2094,2095,5210607,40098,3749295,6122700
2929,2052,2017,5208535,40153,3751312,6411400
2930,2032,2143,5206477,40068,3753455,6151700
2931,2030,2146,5204449,39950,3755601,6076800
2932,2044,2099,5202430,39870,3757700,6148600
2933,2162,2066,5200301,39933,3759766,6056000
2934,2027,2010,5198243,39981,3761776,6023800
2935,2068,2033,5196205,39986,3763809,5993300
2936,2131,2139,5194083,39969,3765948,5966500
2937,2031,2027,5192030,39995,3767975,6045900
2938,2105,2058,5189949,40018,3770033,6053200
2939,2093,2071,5187837,40059,3772104,6063700
2940,2129,2069,5185719,40108,3774173,5997800
2941,2051,2055,5183643,40129,3776228,6057000
2942,2015,2106,5181614,40052,3778334,6423100
2943,1942,1992,5179661,40013,3780326,6092700
2944,2057,2040,5177631,40003,3782366,6067000
2945,2021,2045,5175587,40002,3784411,6036500
2946,2044,2112,5173565,39912,3786523,6082400
2947,1985,2036,5171571,39870,3788559,6262100
2948,1977,2058,5169551,39832,3790617,6251900
2949,2025,2119,5167577,39687,3792736,6094700
2950,1953,2035,5165627,39602,3794771,5980100
2951,1994,2058,5163608,39563,3796829,6035100
2952,1896,2111,5161692,39368,3798940,6149200
2953,1991,2051,5159682,39327,3800991,6081900
2954,1905,1983,5157771,39255,3802974,6205500
2955,1919,2011,5155901,39114,3804985,6212000
2956,1975,2080,5153918,39017,3807065,6647100
2957,1965,1987,5152002,38946,3809052,6570600
2958,2003,1964,5149961,39023,3811016,6220900
2959,1941,2079,5148020,38885,3813095,6525600
2960,1997,2078,5146040,38787,3815173,6415100
2961,1970,2022,5144024,38781,3817195,6062700
2962,1958,1961,5142120,38724,3819156,6310200
2963,1971,2008,5140106,38730,3821164,6245400
2964,2045,2043,5138073,38720,3823207,6617700
2965,1963,1980,5136140,38673,3825187,6605700
2966,2084,1978,5134070,38765,3827165,6114900
2967,2003,1965,5132028,38842,3829130,6357700
2968,2035,1990,5129984,38896,3831120,6288600
2969,1982,1975,5128031,38874,3833095,6659400
2970,2079,1955,5125950,39000,3835050,6597000
2971,2030,2005,5123931,39014,3837055,6365000
2972,2120,2003,5121794,39148,3839058,6203600
2973,2045,2030,5119747,39165,3841088,6091800
2974,1990,2006,5117752,39154,3843094,6362800
2975,2051,2053,5115705,39148,3845147,6292200
2976,2049,2047,5113645,39161,3847194,6196900
2977,2033,2093,5111649,39064,3849287,6172100
2978,2026,2090,5109572,39051,3851377,6206900
2979,2064,1971,5107535,39117,3853348,6375300
2980,2121,1997,5105440,39215,3855345,6206000
2981,2118,2071,5103321,39263,3857416,6043400
2982,2049,2017,5101243,39324,3859433,6252200
2983,2055,1997,5099172,39398,3861430,6394400
2984,2000,2100,5097161,39309,3863530,6302400
2985,2056,2037,5095130,39303,3865567,6211700
2986,2027,1990,5093130,39313,3867557,6391500
2987,2054,2031,5091063,39349,3869588,6415500
2988,2096,2025,5088960,39427,3871613,6303600
2989,2028,1984,5086942,39461,3873597,6473900
2990,2119,1989,5084792,39622,3875586,6179500
2991,2073,2004,5082738,39672,3877590,6348300
2992,2102,2141,5080645,39624,3879731,6353600
2993,2020,2136,5078634,39499,3881867,6486400
2994,2096,2061,5076531,39541,3883928,6344500
2995,2059,2037,5074501,39534,3885965,6436900
2996,2088,2097,5072351,39587,3888062,6395700
2997,2095,2025,5070242,39671,3890087,6403400
2998,2134,2050,5068138,39725,3892137,6177200
2999,2047,2076,5066087,39700,3894213,6413000
3000,2121,2059,5063991,39737,3896272,6162300
3001,1965,2098,5061985,39645,3898370,6291400
3002,2073,2016,5059977,39637,3900386,5956300
3003,2036,2030,5057868,39716,3902416,6049800
3004,2043,1975,5055845,39764,3904391,6281400
3005,2090,2079,5053769,39761,3906470,6498000
3006,2104,2033,5051717,39780,3908503,6934200
3007,2116,2067,5049575,39855,3910570,6615700
3008,1904,2062,5047612,39756,3912632,6357700
3009,1989,2064,5045604,39700,3914696,6244700
3010,2111,2033,5043574,39697,3916729,6379800
3011,2166,2096,5041397,39778,3918825,6388100
3012,2098,2065,5039310,39800,3920890,6895100
3013,2098,2065,5037213,39832,3922955,6515100
3014,2029,2098,5035162,39785,3925053,6385700
3015,2043,2013,5033122,39812,3927066,6595200
3016,2100,1948,5031006,39980,3929014,6677800
3017,2080,2040,5028919,40027,3931054,6442300
3018,2090,2042,5026833,40071,3933096,6562700
3019,2043,2141,5024760,40003,3935237,6279100
3020,2141,2090,5022726,39947,3937327,6370700
3021,2036,2073,5020637,39963,3939400,6428700
3022,1945,2106,5018674,39820,3941506,6276400
3023,2079,2129,5016644,39721,3943635,6255100
3024,2093,2023,5014551,39791,3945658,6456600
3025,2060,2071,5012450,39821,3947729,6306800
3026,2138,2082,5010323,39866,3949811,6448000
3027,2003,2010,5008288,39891,3951821,6262900
3028,2105,2065,5006218,39896,3953886,6567700
3029,2011,2042,5004184,39888,3955928,6501400
3030,1988,2082,5002179,39811,3958010,6314100
3031,2100,2135,5000111,39744,3960145,6454600
3032,2067,2020,4998028,39807,3962165,6247600
3033,1951,2077,4996067,39691,3964242,6177500
3034,2051,2020,4994010,39728,3966262,6245900
3035,2003,2096,4992006,39636,3968358,6131900
3036,2027,2154,4990009,39479,3970512,6128700
3037,1959,2018,4988030,39440,3972530,6150500
3038,1997,2069,4986067,39334,3974599,6303000
3039,2072,1954,4983967,39480,3976553,6574100
3040,1964,2086,4981999,39362,3978639,6340800
3041,1943,1972,4980055,39334,3980611,6497100
3042,2046,1988,4978003,39398,3982599,6385300
3043,2012,2091,4975995,39315,3984690,6898700
3044,1975,2009,4974033,39268,3986699,6396800
3045,2022,2046,4971998,39257,3988745,6565500
3046,1972,1937,4970019,39299,3990682,6778100
3047,2034,2051,4968007,39260,3992733,6328300
3048,2078,2063,4965953,39251,3994796,6362600
3049,1974,2010,4963930,39264,3996806,6103900
3050,2042,2067,4961948,39179,3998873,6353000
3051,1975,2016,4959918,39193,4000889,6249400
3052,2027,2068,4957879,39164,4002957,6169800
3053,1967,1989,4955984,39070,4004946,6113500
3054,1980,1998,4953949,39107,4006944,6253200
3055,1987,2026,4951955,39075,4008970,6128300
3056,1948,2073,4950042,38915,4011043,6111700
3057,1977,2073,4948082,38802,4013116,6079900
3058,1980,2049,4946040,38795,4015165,6368200
3059,2041,1985,4944062,38788,4017150,6698800
3060,1943,1963,4942056,38831,4019113,6302100
3061,2038,2069,4940034,38784,4021182,6403500
3062,2029,1994,4938042,38782,4023176,6565600
3063,1977,1992,4936067,38765,4025168,6334400
3064,1989,1971,4934028,38833,4027139,6432700
3065,1974,2012,4932079,38770,4029151,6938700
3066,1954,1987,4930108,38754,4031138,6319400
3067,2011,1990,4928099,38773,4033128,6623700
3068,2051,2017,4926046,38809,4035145,6210600
3069,1965,1988,4924035,38832,4037133,6334700
3070,2073,2026,4922034,38807,4039159,6122100
3071,1965,1997,4920040,38804,4041156,6342300
3072,1965,1993,4918073,38778,4043149,6356900
3073,2024,2045,4916072,38734,4045194,6295800
3074,1949,2010,4914128,38668,4047204,6123800
3075,1975,1979,4912118,38699,4049183,6215200
3076,1937,1977,4910220,38620,4051160,6363400
3077,1993,2013,4908207,38620,4053173,6347800
3078,1972,1987,4906223,38617,4055160,6332600
3079,2007,2020,4904219,38601,4057180,6639000
3080,1872,2067,4902327,38426,4059247,6448300
3081,1915,1979,4900398,38376,4061226,6228200
3082,1965,1924,4898477,38373,4063150,6692000
3083,1939,2005,4896533,38312,4065155,6296200
3084,1997,2064,4894555,38226,4067219,7518600
3085,1988,1959,4892530,38292,4069178,6399500
3086,1900,1958,4890649,38215,4071136,6431300
3087,1957,2061,4888684,38119,4073197,6765100
3088,1964,1957,4886740,38106,4075154,6948200
3089,2064,2039,4884680,38127,4077193,6387500
3090,2019,2046,4882676,38085,4079239,6146400
3091,1963,2069,4880699,37993,4081308,5865800
3092,1963,2026,4878688,37978,4083334,6084200
3093,1927,2002,4876787,37877,4085336,6015300
3094,1909,1924,4874876,37864,4087260,6739900
3095,1957,1959,4872896,37885,4089219,6387900
3096,1941,1956,4870980,37845,4091175,6276100
3097,1912,1880,4869072,37873,4093055,6087300
3098,1951,1896,4867145,37904,4094951,6275700
3099,2059,1913,4865117,38019,4096864,7042700
3100,2077,1986,4863017,38133,4098850,6634500
3101,2040,1965,4860940,38245,4100815,6676200
3102,1998,2014,4858978,38193,4102829,6374700
3103,1957,1919,4856969,38283,4104748,6251600
3104,1997,2028,4854988,38236,4106776,6188200
3105,2099,1941,4852919,38364,4108717,6051500
3106,1985,2058,4850939,38286,4110775,6196900
3107,2039,2007,4848859,38359,4112782,6099600
3108,2003,2041,4846868,38309,4114823,6131600
3109,1968,1998,4844897,38282,4116821,6099400
3110,2001,1944,4842923,38312,4118765,6375900
3111,1981,2076,4840904,38255,4120841,6440200
3112,2011,2034,4838901,38224,4122875,6194400
3113,1967,2000,4836932,38193,4124875,6130700
3114,1981,1913,4834970,38242,4126788,6186200
3115,2079,1992,4832886,38334,4128780,6083400
3116,2000,1954,4830882,38384,4130734,6264100
3117,1935,1938,4828948,38380,4132672,6038800
3118,2041,1897,4826929,38502,4134569,6050500
3119,1994,2044,4824945,38442,4136613,6848100
3120,2020,2035,4822885,38467,4138648,6326900
3121,1996,2042,4820879,38431,4140690,6076400
3122,1975,2049,4818894,38367,4142739,6273300
3123,2004,1980,4816944,38337,4144719,5944800
3124,1943,2056,4814981,38244,4146775,5883100
3125,2008,1977,4812942,38306,4148752,6104100
3126,2073,1977,4810895,38376,4150729,6286600
3127,2099,2036,4808790,38445,4152765,6100100
3128,1971,1959,4806805,38471,4154724,6195800
3129,2088,2034,4804777,38465,4156758,6260000
3130,2016,2055,4802742,38445,4158813,6027300
3131,1998,2033,4800709,38445,4160846,6237200
3132,1979,1851,4798766,38537,4162697,6224300
3133,2010,1971,4796735,38597,4164668,6129900
3134,2024,1979,4794710,38643,4166647,6223200
3135,1986,2062,4792719,38572,4168709,6107500
3136,2053,1967,4790688,38636,4170676,6589700
3137,2099,1994,4788591,38739,4172670,6301700
3138,2082,1974,4786525,38831,4174644,6339500
3139,2083,1964,4784477,38915,4176608,6438100
3140,2013,1991,4782387,39014,4178599,6120800
3141,2019,2062,4780349,38990,4180661,6206700
3142,2046,1989,4778331,39019,4182650,6012700
3143,1972,2027,4776380,38943,4184677,6161400
3144,2008,1998,4774344,38981,4186675,6488100
3145,1970,1962,4772366,38997,4188637,6462900
3146,1953,1996,4770419,38948,4190633,6678800
3147,1938,1990,4768474,38903,4192623,6537500
3148,1919,2000,4766557,38820,4194623,6369900
3149,2000,2050,4764583,38744,4196673,9750500
3150,1900,1976,4762644,38707,4198649,10011800
3151,1915,1964,4760719,38668,4200613,8200100
3152,2041,1949,4758709,38729,4202562,7600500
3153,2028,1934,4756724,38780,4204496,6385800
3154,2015,1996,4754701,38807,4206492,6738800
3155,1960,1991,4752708,38809,4208483,6804000
3156,1976,1943,4750737,38837,4210426,7570700
3157,1937,1988,4748782,38804,4212414,7636600
3158,1881,2049,4746894,38643,4214463,7995800
3159,1978,1955,4744927,38655,4216418,7590200
3160,1933,2048,4742969,38565,4218466,8387700
3161,1940,2043,4741078,38413,4220509,7832900
3162,1902,2002,4739138,38351,4222511,7155900
3163,1950,1963,4737199,38327,4224474,7711400
3164,1917,1961,4735285,38280,4226435,6598800
3165,2028,1925,4733260,38380,4228360,6606400
3166,1934,2042,4731302,38296,4230402,6907200
3167,1984,1989,4729353,38256,4232391,6468500
3168,1919,1997,4727425,38187,4234388,6346400
3169,1948,2000,4725476,38136,4236388,6419100
3170,1887,2033,4723561,38018,4238421,7313200
3171,1979,1987,4721616,37976,4240408,6505700
3172,1861,1988,4719711,37893,4242396,6417100
3173,1916,2001,4717804,37799,4244397,6392200
3174,1876,1998,4715895,37710,4246395,6212600
3175,1923,1998,4714008,37599,4248393,6277900
3176,1867,1892,4712159,37556,4250285,6246500
3177,1909,1957,4710231,37527,4252242,6864100
3178,1887,1929,4708329,37500,4254171,6315800
3179,1895,1942,4706430,37457,4256113,6491300
3180,1986,1883,4704475,37529,4257996,6543500
3181,1925,1916,4702540,37548,4259912,6613900
3182,1966,1992,4700564,37532,4261904,6519200
3183,1896,2016,4698670,37410,4263920,6497200
3184,1940,1924,4696746,37410,4265844,6402700
3185,1886,1954,4694862,37340,4267798,6549600
3186,1832,1913,4693017,37272,4269711,6523600
3187,1930,1938,4691100,37251,4271649,6093200
3188,1896,1957,4689214,37180,4273606,6287100
3189,1886,1972,4687302,37120,4275578,6114400
3190,1804,1896,4685445,37081,4277474,5931500
3191,1925,1972,4683600,36954,4279446,6111600
3192,1967,1990,4681663,36901,4281436,5921600
3193,1891,1940,4679751,36873,4283376,5874400
3194,1893,1951,4677834,36839,4285327,6135100
3195,1990,1895,4675877,36901,4287222,6071000
3196,1952,1914,4673867,36997,4289136,6035700
3197,1942,2017,4671918,36929,4291153,5900100
3198,2008,1910,4669953,36984,4293063,6076900
3199,1845,1909,4668079,36949,4294972,6114500
3200,1924,1929,4666176,36923,4296901,5860400
3201,1951,1913,4664254,36932,4298814,5849400
3202,1951,1874,4662286,37026,4300688,6009000
3203,1967,1844,4660367,37101,4302532,6148600
3204,1911,1911,4658381,37176,4304443,6045300
3205,1885,1946,4656503,37108,4306389,5664700
3206,1892,1879,4654609,37123,4308268,5689700
3207,1897,1975,4652709,37048,4310243,5963100
3208,1844,1885,4650900,36972,4312128,5817300
3209,1852,1959,4648990,36923,4314087,5991400
3210,1872,1850,4647144,36919,4315937,6232200
3211,1923,1941,4645273,36849,4317878,6462000
3212,1800,1845,4643423,36854,4319723,6486100
3213,1891,1935,4641565,36777,4321658,6432200
3214,1881,1925,4639619,36798,4323583,6231400
3215,1913,1860,4637734,36823,4325443,6409300
3216,1963,1864,4635799,36894,4327307,6636600
3217,1885,1955,4633856,36882,4329262,6474400
3218,1876,1962,4631998,36778,4331224,6147300
3219,1955,1921,4630078,36777,4333145,6079900
3220,1909,1948,4628171,36736,4335093,6259500
3221,1930,1905,4626217,36785,4336998,7617300
3222,1938,1839,4624332,36831,4338837,6878900
3223,1898,1925,4622389,36849,4340762,6913700
3224,1910,1896,4620491,36851,4342658,6179500
3225,1894,1991,4618584,36767,4344649,6032300
3226,1793,1924,4616748,36679,4346573,6601900
3227,1938,1862,4614908,36657,4348435,6268400
3228,1839,1887,4613022,36656,4350322,7588800
3229,1914,1893,4611141,36644,4352215,8807600
3230,1908,1949,4609190,36646,4354164,7140200
3231,1837,1875,4607360,36601,4356039,6909000
3232,1918,1854,4605458,36649,4357893,8015500
3233,1995,1878,4603457,36772,4359771,11258800
3234,1887,1907,4601538,36784,4361678,8457000
3235,1914,1906,4599673,36743,4363584,8082200
3236,1802,1929,4597815,36672,4365513,8325900
3237,1865,1954,4595960,36573,4367467,7976600
3238,1825,1926,4594177,36430,4369393,7209300
3239,1907,1862,4592259,36486,4371255,6936800
3240,1949,1850,4590286,36609,4373105,7553200
3241,1868,1921,4588410,36564,4375026,7017600
3242,1874,1854,4586534,36586,4376880,6279800
3243,1893,1946,4584662,36512,4378826,6529200
3244,2014,1884,4582674,36616,4380710,6281100
3245,1939,1881,4580726,36683,4382591,6223100
3246,1826,1895,4578865,36649,4384486,6062800
3247,1836,1889,4577022,36603,4386375,6268500
3248,1906,1966,4575181,36478,4388341,7478600
3249,1936,1907,4573259,36493,4390248,6557300
3250,1799,1866,4571397,36489,4392114,10494600
3251,1919,1893,4569490,36503,4394007,9047600
3252,1882,1915,4567607,36471,4395922,8099100
3253,1902,1853,4565721,36504,4397775,6645000
3254,1867,1813,4563854,36558,4399588,7058800
3255,1849,1891,4561966,36555,4401479,6649000
3256,1953,2033,4560002,36486,4403512,6542800
3257,1891,1890,4558156,36442,4405402,6072800
3258,1827,1843,4556310,36445,4407245,6273700
3259,1828,1909,4554443,36403,4409154,6498400
3260,1844,1807,4552682,36357,4410961,7032500
3261,1898,1920,4550744,36375,4412881,6530800
3262,1895,1922,4548869,36328,4414803,5841000
3263,1798,1883,4547023,36291,4416686,6341800
3264,1889,1884,4545156,36274,4418570,5939500
3265,1914,1926,4543259,36245,4420496,6168900
3266,1808,1867,4541459,36178,4422363,6507800
3267,1866,1830,4539573,36234,4424193,6241200
3268,1913,1882,4537660,36265,4426075,6555100
3269,1901,1901,4535770,36254,4427976,5960900
3270,1835,1864,4533924,36236,4429840,6534400
3271,1935,1878,4532004,36278,4431718,6937700
3272,1819,1884,4530170,36228,4433602,6707000
3273,1852,1828,4528326,36244,4435430,6551900
3274,1876,1957,4526442,36171,4437387,6001900
3275,1936,1827,4524530,36256,4439214,6061800
3276,1919,1813,4522586,36387,4441027,5801900
3277,1898,1858,4520742,36373,4442885,5713600
3278,1849,1824,4518825,36466,4444709,5959800
3279,1909,1939,4516974,36378,4446648,5643600
3280,1871,1895,4515071,36386,4448543,5501200
3281,1882,1866,4513196,36395,4450409,5949200
3282,1872,1921,4511296,36374,4452330,6330100
3283,1926,1871,4509405,36394,4454201,5947800
3284,1897,1931,4507512,36356,4456132,5757000
3285,1905,1886,4505604,36378,4458018,5984500
3286,1855,1895,4503744,36343,4459913,6373200
3287,1880,1887,4501828,36372,4461800,6368700
3288,1876,1903,4499978,36319,4463703,6139900
3289,1852,1947,4498147,36203,4465650,6079200
3290,1856,1918,4496265,36167,4467568,5915600
3291,1872,1909,4494372,36151,4469477,6436000
3292,1854,1892,4492514,36117,4471369,6240200
3293,1815,1858,4490692,36081,4473227,7016900
3294,1881,1892,4488846,36035,4475119,6371400
3295,1871,1896,4487010,35975,4477015,6911600
3296,1886,1928,4485092,35965,4478943,6488800
3297,1784,1854,4483253,35950,4480797,6484200
3298,1843,1874,4481408,35921,4482671,6294200
3299,1830,1884,4479613,35832,4484555,6106200
3300,1884,1893,4477738,35814,4486448,7021800
3301,1812,1864,4475902,35786,4488312,6276300
3302,1882,1843,4474077,35768,4490155,6285900
3303,1944,1877,4472077,35891,4492032,7329700
3304,1838,1931,4470269,35768,4493963,6687000
3305,1900,1808,4468345,35884,4495771,6113200
3306,1941,1893,4466433,35903,4497664,6187800
3307,1897,1886,4464536,35914,4499550,6138600
3308,1895,1851,4462641,35958,4501401,6320500
3309,1814,1786,4460800,36013,4503187,6173800
3310,1933,1927,4458866,36020,4505114,6434600
3311,1923,1834,4456963,36089,4506948,6135800
3312,1905,1996,4455063,35993,4508944,5797000
3313,1902,1833,4453140,36083,4510777,6220600
3314,1975,1811,4451174,36238,4512588,5969300
3315,1897,1924,4449300,36188,4514512,5811900
3316,1853,1879,4447435,36174,4516391,6374500
3317,1819,1920,4445606,36083,4518311,6870000
3318,1904,1812,4443691,36186,4520123,6956800
3319,1909,1873,4441838,36166,4521996,6249100
3320,1804,1821,4439975,36208,4523817,7088800
3321,1871,1995,4438118,36070,4525812,6101600
3322,1891,1842,4436228,36118,4527654,6103400
3323,1792,1906,4434409,36031,4529560,6135700
3324,1854,1862,4432561,36017,4531422,6256900
3325,1803,1876,4430750,35952,4533298,6277600
3326,1820,1886,4428946,35870,4535184,6274700
3327,1847,1812,4427097,35907,4536996,6382700
3328,1898,1832,4425223,35949,4538828,6555500
3329,1794,1835,4423380,35957,4540663,6493700
3330,1867,1889,4421606,35842,4542552,6226200
3331,1875,1798,4419695,35955,4544350,6055900
3332,1784,1902,4417900,35848,4546252,5941100
3333,1872,1860,4415997,35891,4548112,5960600
3334,1883,1809,4414119,35960,4549921,6154700
3335,1830,1853,4412314,35912,4551774,6903800
3336,1865,1817,4410429,35980,4553591,6354200
3337,1867,1872,4408611,35926,4555463,6031200
3338,1864,1910,4406715,35912,4557373,6317000
3339,1910,1926,4404827,35874,4559299,5817500
3340,1914,1857,4402865,35979,4561156,5781400
3341,1937,1861,4400921,36062,4563017,5644200
3342,1911,1840,4399056,36087,4564857,5745400
3343,1885,1783,4397156,36204,4566640,5701400
3344,1886,1872,4395281,36207,4568512,5931100
3345,1863,1866,4393372,36250,4570378,5942100
3346,1865,1883,4391540,36199,4572261,6236900
3347,1836,1947,4389667,36125,4574208,6061500
3348,1899,1938,4387826,36028,4576146,6078300
3349,1901,1830,4385897,36127,4577976,6402900
3350,1854,1862,4384054,36108,4579838,5767200
3351,1905,1842,4382140,36180,4581680,5906300
3352,1792,1870,4380323,36127,4583550,5781200
3353,1890,1896,4378474,36080,4585446,5792900
3354,1853,1873,4376634,36047,4587319,6307100
3355,1820,1851,4374719,36111,4589170,6817900
3356,1816,1908,4372967,35955,4591078,6749700
3357,1832,1844,4371118,35960,4592922,6793600
3358,1873,1895,4369269,35914,4594817,6356100
3359,1826,1875,4367408,35900,4596692,6563700
3360,1835,1830,4365569,35909,4598522,6511500
3361,1778,1902,4363787,35789,4600424,6174900
3362,1887,1843,4361932,35801,4602267,5843800
3363,1814,1821,4360115,35797,4604088,5882700
3364,1807,1813,4358312,35787,4605901,5841600
3365,1786,1871,4356526,35702,4607772,5933700
3366,1828,1835,4354679,35714,4609607,5954400
3367,1704,1849,4352951,35593,4611456,6034600
3368,1784,1895,4351242,35407,4613351,5818400
3369,1903,1840,4349339,35470,4615191,6068000
3370,1790,1832,4347513,35464,4617023,5960000
3371,1815,1785,4345696,35496,4618808,6178600
3372,1872,1813,4343860,35519,4620621,6246000
3373,1884,1838,4341960,35581,4622459,6007600
3374,1842,1898,4340104,35539,4624357,6004600
3375,1801,1876,4338314,35453,4626233,6009200
3376,1870,1913,4336434,35420,4628146,5837900
3377,1820,1830,4334641,35383,4629976,5937500
3378,1766,1902,4332845,35277,4631878,6134800
3379,1916,1838,4330976,35308,4633716,5899000
3380,1835,1827,4329090,35367,4635543,5870500
3381,1756,1806,4327308,35343,4637349,5804400
3382,1745,1829,4325553,35269,4639178,5869000
3383,1872,1888,4323726,35208,4641066,5845100
3384,1787,1896,4321943,35095,4642962,5871000
3385,1886,1826,4320065,35147,4644788,6206100
3386,1768,1895,4318247,35070,4646683,6000600
3387,1782,1814,4316475,35028,4648497,5987900
3388,1911,1882,4314586,35035,4650379,6126300
3389,1743,1875,4312840,34906,4652254,6377100
3390,1818,1762,4311040,34944,4654016,6028100
3391,1771,1785,4309250,34949,4655801,5919000
3392,1738,1825,4307501,34873,4657626,6235900
3393,1781,1810,4305751,34813,4659436,5860200
3394,1850,1917,4303880,34767,4661353,5913400
3395,1785,1829,4302093,34725,4663182,5874000
3396,1917,1765,4300210,34843,4664947,6064900
3397,1700,1811,4298466,34776,4666758,5944100
3398,1736,1812,4296735,34695,4668570,5650500
3399,1822,1850,4294921,34659,4670420,5735700
3400,1796,1785,4293102,34693,4672205,6457300
3401,1812,1782,4291307,34706,4673987,6328800
3402,1834,1809,4289486,34718,4675796,6007700
3403,1827,1757,4287661,34786,4677553,5819200
3404,1839,1784,4285818,34845,4679337,5813600
3405,1818,1806,4284021,34836,4681143,6354200
3406,1774,1839,4282209,34809,4682982,5951800
3407,1778,1860,4280430,34728,4684842,5695600
3408,1793,1829,4278640,34689,4686671,5603200
3409,1745,1817,4276906,34606,4688488,5691900
3410,1790,1779,4275109,34624,4690267,6026200
3411,1812,1788,4273300,34645,4692055,5726900
3412,1799,1872,4271502,34571,4693927,5969500
3413,1807,1801,4269675,34597,4695728,5688900
3414,1759,1780,4267952,34540,4697508,5587700
3415,1744,1827,4266196,34469,4699335,5811000
3416,1795,1769,4264430,34466,4701104,5695900
3417,1813,1796,4262587,34513,4702900,5622800
3418,1802,1833,4260773,34494,4704733,5744100
3419,1823,1736,4258962,34569,4706469,5800600
3420,1777,1788,4257210,34533,4708257,5720800
3421,1733,1810,4255448,34485,4710067,5816000
3422,1846,1839,4253595,34499,4711906,5737100
3423,1831,1866,4251779,34449,4713772,5885300
3424,1815,1785,4249944,34499,4715557,6028000
3425,1873,1795,4248123,34525,4717352,5750800
3426,1838,1769,4246267,34612,4719121,6045600
3427,1884,1770,4244402,34707,4720891,5702400
3428,1835,1776,4242544,34789,4722667,5673900
3429,1773,1767,4240767,34799,4724434,5750400
3430,1872,1793,4238928,34845,4726227,5556000
3431,1843,1683,4237074,35016,4727910,5662800
3432,1845,1719,4235209,35162,4729629,5883800
3433,1868,1775,4233345,35251,4731404,5676100
3434,1767,1816,4231555,35225,4733220,5765300
3435,1766,1780,4229782,35218,4735000,6278700
3436,1827,1817,4227966,35217,4736817,6418500
3437,1840,1819,4226110,35254,4738636,6067700
3438,1770,1794,4224382,35188,4740430,6143000
3439,1858,1820,4222523,35227,4742250,6703500
3440,1769,1851,4220721,35178,4744101,6156900
3441,1813,1818,4218901,35180,4745919,6368700
3442,1778,1832,4217150,35099,4747751,6930100
3443,1795,1827,4215343,35079,4749578,6432200
3444,1851,1841,4213533,35048,4751419,6716000
3445,1765,1866,4211716,34999,4753285,6314800
3446,1840,1827,4209878,35010,4755112,6541700
3447,1856,1879,4208029,34980,4756991,6968100
3448,1790,1846,4206247,34916,4758837,6384900
3449,1816,1830,4204421,34912,4760667,6899500
3450,1894,1881,4202559,34893,4762548,7397600
3451,1809,1906,4200726,34820,4764454,7228700
3452,1793,1836,4198916,34794,4766290,6982700
3453,1826,1818,4197135,34757,4768108,6896000
3454,1846,1794,4195267,34831,4769902,7039400
3455,1796,1834,4193491,34773,4771736,6652800
3456,1820,1772,4191642,34850,4773508,7345900
3457,1836,1782,4189805,34905,4775290,7416400
3458,1834,1850,4187958,34902,4777140,7286800
3459,1847,1848,4186134,34878,4778988,6954000
3460,1772,1787,4184335,34890,4780775,7921000
3461,1764,1841,4182590,34794,4782616,7734800
3462,1799,1808,4180818,34758,4784424,8319400
3463,1817,1774,4178949,34853,4786198,7654200
3464,1796,1851,4177137,34814,4788049,6998800
3465,1846,1748,4175353,34850,4789797,6027300
3466,1836,1793,4173492,34918,4791590,6011500
3467,1928,1747,4171609,35054,4793337,5992800
3468,1772,1904,4169770,34989,4795241,5976600
3469,1856,1842,4167960,34957,4797083,5832200
3470,1849,1788,4166095,35034,4798871,5848500
3471,1929,1784,4164190,35155,4800655,5810600
3472,1854,1866,4162312,35167,4802521,6355200
3473,1806,1830,4160506,35143,4804351,6022500
3474,1801,1858,4158691,35100,4806209,6748000
3475,1795,1780,4156910,35101,4807989,6422100
3476,1863,1814,4155069,35128,4809803,5994500
3477,1840,1831,4153221,35145,4811634,6623300
3478,1783,1761,4151408,35197,4813395,6196900
3479,1871,1862,4149558,35185,4815257,5954900
3480,1957,1802,4147621,35320,4817059,7468800
3481,1807,1789,4145785,35367,4818848,6691200
3482,1815,1835,4143974,35343,4820683,8081000
3483,1780,1906,4142189,35222,4822589,6628300
3484,1800,1831,4140386,35194,4824420,7834700
3485,1812,1849,4138599,35132,4826269,7435000
3486,1820,1887,4136793,35051,4828156,8375400
3487,1735,1858,4135004,34982,4830014,6638000
3488,1835,1852,4133225,34909,4831866,7444900
3489,1811,1895,4131396,34843,4833761,7380200
3490,1833,1815,4129551,34873,4835576,7211400
3491,1788,1754,4127751,34919,4837330,6776400
3492,1821,1859,4125937,34874,4839189,7465200
3493,1785,1852,4124150,34809,4841041,6872400
3494,1793,1840,4122382,34737,4842881,7330900
3495,1776,1759,4120577,34783,4844640,6778500
3496,1826,1845,4118781,34734,4846485,6492900
3497,1725,1846,4116997,34672,4848331,6413000
3498,1740,1826,4115288,34555,4850157,6232500
3499,1747,1782,4113524,34537,4851939,6342100
3500,1734,1759,4111815,34487,4853698,6282700
3501,1793,1795,4109993,34514,4855493,5962800
3502,1861,1802,4108146,34559,4857295,6201300
3503,1715,1738,4106434,34533,4859033,5908700
3504,1703,1753,4104742,34472,4860786,7135200
3505,1828,1812,4102894,34508,4862598,6303900
3506,1732,1758,4101158,34486,4864356,6075400
3507,1831,1740,4099375,34529,4866096,6508300
3508,1782,1816,4097586,34502,4867912,5987600
3509,1819,1882,4095733,34473,4869794,6270700
3510,1813,1749,4093951,34506,4871543,6203200
3511,1841,1775,4092096,34586,4873318,5926700
3512,1854,1741,4090269,34672,4875059,6278800
3513,1782,1786,4088457,34698,4876845,6451600
3514,1841,1808,4086605,34742,4878653,6363800
3515,1813,1778,4084825,34744,4880431,6372400
3516,1762,1841,4083032,34696,4882272,6123300
3517,1798,1842,4081233,34653,4884114,6332300
3518,1876,1754,4079396,34736,4885868,6119500
3519,1826,1813,4077546,34773,4887681,5889400
3520,1824,1790,4075716,34813,4889471,5710500
3521,1735,1869,4073950,34710,4891340,5667800
3522,1830,1842,4072164,34654,4893182,5913900
3523,1795,1790,4070364,34664,4894972,6002300
3524,1820,1827,4068560,34641,4896799,5562700
3525,1825,1752,4066731,34718,4898551,5878400
3526,1829,1874,4064919,34656,4900425,5894900
3527,1807,1888,4063048,34639,4902313,5923500
3528,1813,1812,4061279,34596,4904125,5939600
3529,1800,1827,4059447,34601,4905952,5671500
3530,1827,1780,4057639,34629,4907732,5843600
3531,1812,1883,4055835,34550,4909615,5767600
3532,1800,1796,4054041,34548,4911411,5850800
3533,1779,1856,4052228,34505,4913267,5922200
3534,1756,1918,4050500,34315,4915185,5937800
3535,1837,1761,4048644,34410,4916946,6027000
3536,1708,1739,4046919,34396,4918685,5839800
3537,1727,1850,4045194,34271,4920535,5835700
3538,1777,1744,4043428,34293,4922279,6337900
3539,1802,1825,4041630,34266,4924104,5702100
3540,1791,1751,4039861,34284,4925855,5983700
3541,1782,1797,4038068,34280,4927652,5911700
3542,1781,1767,4036254,34327,4929419,5754400
3543,1733,1820,4034525,34236,4931239,5788900
3544,1770,1750,4032770,34241,4932989,5848200
3545,1835,1736,4030923,34352,4934725,5852500
3546,1837,1781,4029102,34392,4936506,5811800
3547,1821,1761,4027274,34459,4938267,5978900
3548,1794,1825,4025479,34429,4940092,5920400
3549,1717,1826,4023748,34334,4941918,5920400
3550,1759,1787,4021993,34302,4943705,5629100
3551,1825,1758,4020191,34346,4945463,5846200
3552,1814,1726,4018385,34426,4947189,5719200
3553,1759,1771,4016560,34480,4948960,5660400
3554,1670,1795,4014926,34319,4950755,5944000
3555,1733,1839,4013190,34216,4952594,6432300
3556,1703,1736,4011478,34192,4954330,6219100
3557,1782,1727,4009751,34192,4956057,5842500
3558,1823,1720,4007891,34332,4957777,5966300
3559,1794,1835,4006092,34296,4959612,5977200
3560,1823,1870,4004336,34182,4961482,5833300
3561,1811,1733,4002479,34306,4963215,5807700
3562,1767,1697,4000705,34383,4964912,5893000
3563,1807,1769,3998895,34424,4966681,5807700
3564,1819,1778,3997095,34446,4968459,5822200
3565,1816,1782,3995306,34453,4970241,6207400
3566,1803,1780,3993474,34505,4972021,6143300
3567,1788,1772,3991687,34520,4973793,6237300
3568,1790,1778,3989883,34546,4975571,6032100
3569,1780,1863,3988112,34454,4977434,5828400
3570,1806,1821,3986295,34450,4979255,6374800
3571,1893,1801,3984420,34524,4981056,6086000
3572,1779,1841,3982626,34477,4982897,5961300
3573,1841,1736,3980801,34566,4984633,5875800
3574,1817,1780,3978962,34625,4986413,5810500
3575,1823,1747,3977143,34697,4988160,5836000
3576,1849,1758,3975288,34794,4989918,5990700
3577,1815,1799,3973492,34791,4991717,5772400
3578,1828,1716,3971638,34929,4993433,5633100
3579,1823,1837,3969854,34876,4995270,5869800
3580,1871,1827,3968025,34878,4997097,6066200
3581,1848,1784,3966098,35021,4998881,6021400
3582,1782,1813,3964321,34985,5000694,5892400
3583,1806,1761,3962540,35005,5002455,5838600
3584,1748,1820,3960767,34958,5004275,5946200
3585,1797,1790,3958968,34967,5006065,5692100
3586,1761,1806,3957212,34917,5007871,6187700
3587,1800,1801,3955436,34892,5009672,6045200
3588,1898,1858,3953561,34909,5011530,5902300
3589,1802,1809,3951717,34944,5013339,5776700
3590,1714,1789,3950020,34852,5015128,5779000
3591,1750,1859,3948233,34780,5016987,5726900
3592,1804,1791,3946462,34760,5018778,6020900
3593,1899,1856,3944542,34824,5020634,6041800
3594,1807,1756,3942761,34849,5022390,5928400
3595,1749,1818,3940981,34811,5024208,5732900
3596,1850,1779,3939122,34891,5025987,5764400
3597,1749,1800,3937418,34795,5027787,5651400
3598,1809,1796,3935596,34821,5029583,5726300
3599,1801,1818,3933764,34835,5031401,5728100
3600,1852,1801,3931962,34836,5033202,5815500
3601,1826,1783,3930123,34892,5034985,5856600
3602,1741,1849,3928343,34823,5036834,5754000
3603,1763,1707,3926621,34838,5038541,5756700
3604,1740,1816,3924867,34776,5040357,6086900
3605,1762,1712,3923115,34816,5042069,6111300
3606,1851,1799,3921244,34888,5043868,5913600
3607,1734,1815,3919529,34788,5045683,6246300
3608,1768,1773,3917736,34808,5047456,6021000
3609,1742,1819,3915979,34746,5049275,5993800
3610,1797,1846,3914242,34637,5051121,5741900
3611,1794,1835,3912423,34621,5052956,5673700
3612,1865,1757,3910581,34706,5054713,5776800
3613,1796,1798,3908755,34734,5056511,6108700
3614,1840,1878,3906947,34664,5058389,5758200
3615,1746,1819,3905190,34602,5060208,6201600
3616,1714,1782,3903430,34580,5061990,5989500
3617,1757,1735,3901703,34572,5063725,5892400
3618,1760,1764,3899921,34590,5065489,6062600
3619,1771,1834,3898151,34526,5067323,5997800
3620,1799,1788,3896371,34518,5069111,6026800
3621,1813,1768,3894564,34557,5070879,5894800
3622,1833,1802,3892752,34567,5072681,5923300
3623,1735,1828,3890993,34498,5074509,6010500
3624,1837,1850,3889173,34468,5076359,5908800
3625,1827,1744,3887317,34580,5078103,6729700
3626,1775,1723,3885540,34634,5079826,6360000
3627,1832,1852,3883756,34566,5081678,6542300
3628,1763,1757,3881975,34590,5083435,6863600
3629,1847,1765,3880103,34697,5085200,6302100
3630,1818,1819,3878308,34673,5087019,6045100
3631,1844,1750,3876450,34781,5088769,6338700
3632,1866,1827,3874571,34833,5090596,6270700
3633,1914,1721,3872702,34981,5092317,5846400
3634,1788,1824,3870878,34981,5094141,6038400
3635,1842,1798,3869052,35009,5095939,5902100
3636,1759,1861,3867282,34918,5097800,5948200
3637,1755,1889,3865508,34803,5099689,6121000
3638,1804,1726,3863725,34860,5101415,6206000
3639,1779,1795,3861916,34874,5103210,5828700
3640,1789,1789,3860138,34863,5104999,5850500
3641,1768,1765,3858390,34846,5106764,5855300
3642,1798,1757,3856585,34894,5108521,5918100
3643,1812,1838,3854766,34875,5110359,6314800
3644,1871,1848,3852908,34885,5112207,5934800
3645,1769,1707,3851164,34922,5113914,6175200
3646,1792,1790,3849344,34952,5115704,5999700
3647,1874,1834,3847486,34976,5117538,5879000
3648,1810,1864,3845646,34952,5119402,6163200
3649,1817,1839,3843836,34923,5121241,6345300
3650,1902,1787,3841956,35016,5123028,5924700
3651,1825,1860,3840121,34991,5124888,6303900
3652,1813,1845,3838311,34956,5126733,6174500
3653,1881,1878,3836433,34956,5128611,6132800
3654,1793,1883,3834596,34910,5130494,5900300
3655,1858,1797,3832812,34897,5132291,6004200
3656,1869,1829,3830934,34946,5134120,8348300
3657,1802,1813,3829153,34914,5135933,6333500
3658,1860,1830,3827245,34992,5137763,6154000
3659,1770,1828,3825436,34973,5139591,5931600
3660,1906,1808,3823551,35050,5141399,5757400
3661,1792,1806,3821757,35038,5143205,5856000
3662,1815,1808,3819976,35011,5145013,5727000
3663,1869,1828,3818093,35066,5146841,5906900
3664,1779,1823,3816295,35041,5148664,5777500
3665,1792,1789,3814495,35052,5150453,5730300
3666,1879,1854,3812676,35017,5152307,5691800
3667,1782,1746,3810845,35102,5154053,6041800
3668,1788,1834,3809095,35018,5155887,5676200
3669,1812,1916,3807262,34935,5157803,5749600
3670,1786,1802,3805457,34938,5159605,5972900
3671,1761,1836,3803713,34846,5161441,5880800
3672,1736,1828,3801966,34765,5163269,5827200
3673,1725,1873,3800225,34633,5165142,5706500
3674,1803,1847,3798465,34546,5166989,5932400
3675,1793,1790,3796628,34593,5168779,6159300
3676,1756,1752,3794890,34579,5170531,6517100
3677,1805,1827,3793086,34556,5172358,6283800
3678,1787,1734,3791315,34593,5174092,5806100
3679,1775,1806,3789547,34555,5175898,5832200
3680,1830,1783,3787716,34603,5177681,5767400
3681,1748,1757,3785942,34620,5179438,5907300
3682,1737,1760,3784221,34581,5181198,5921500
3683,1788,1769,3782424,34609,5182967,5632000
3684,1746,1827,3780651,34555,5184794,6119800
3685,1759,1832,3778912,34462,5186626,5785000
3686,1748,1826,3777189,34359,5188452,5820900
3687,1692,1792,3775466,34290,5190244,5864200
3688,1806,1783,3773696,34277,5192027,5789200
3689,1759,1809,3771929,34235,5193836,5760900
3690,1843,1852,3770105,34207,5195688,5788700
3691,1755,1787,3768308,34217,5197475,5859800
3692,1673,1805,3766665,34055,5199280,6265700
3693,1729,1831,3764921,33968,5201111,6145100
3694,1715,1730,3763201,33958,5202841,5861800
3695,1814,1736,3761397,34026,5204577,5795600
3696,1687,1779,3759695,33949,5206356,5710500
3697,1683,1747,3757974,33923,5208103,5660200
3698,1706,1791,3756310,33796,5209894,5679600
3699,1721,1712,3754585,33809,5211606,5786300
3700,1698,1729,3752882,33783,5213335,5921900
3701,1756,1697,3751113,33855,5215032,5848900
3702,1800,1754,3749299,33915,5216786,6019100
3703,1821,1709,3747554,33951,5218495,6753200
3704,1820,1796,3745672,34037,5220291,6855400
3705,1716,1739,3743977,33993,5222030,6968300
3706,1778,1778,3742169,34023,5223808,6972200
3707,1738,1711,3740451,34030,5225519,7002400
3708,1716,1781,3738738,33962,5227300,6465000
3709,1823,1701,3736888,34111,5229001,6570900
3710,1794,1824,3735130,34045,5230825,7134800
3711,1799,1806,3733315,34054,5232631,6858800
3712,1794,1776,3731525,34068,5234407,7042700
3713,1857,1810,3729691,34092,5236217,7193400
3714,1798,1764,3727881,34138,5237981,7066400
3715,1765,1826,3726128,34065,5239807,6787300
3716,1796,1754,3724283,34156,5241561,7782500
3717,1796,1843,3722541,34055,5243404,7481900
3718,1722,1773,3720782,34041,5245177,7556000
3719,1847,1755,3718951,34117,5246932,7368100
3720,1777,1754,3717169,34145,5248686,7042700
3721,1739,1746,3715432,34136,5250432,7890400
3722,1740,1785,3713702,34081,5252217,8235700
3723,1722,1798,3711954,34031,5254015,9104800
3724,1706,1733,3710242,34010,5255748,8367000
3725,1690,1733,3708557,33962,5257481,8645100
3726,1694,1746,3706874,33899,5259227,7892200
3727,1744,1797,3705150,33826,5261024,6786600
3728,1790,1711,3703352,33913,5262735,7272100
3729,1814,1809,3701561,33895,5264544,7645000
3730,1773,1805,3699768,33883,5266349,7714400
3731,1837,1842,3697962,33847,5268191,7855000
3732,1832,1788,3696124,33897,5269979,6818800
3733,1754,1749,3694330,33942,5271728,6708300
3734,1708,1780,3692633,33859,5273508,6826900
3735,1784,1736,3690834,33922,5275244,7169100
3736,1854,1815,3688983,33958,5277059,6849600
3737,1749,1742,3687238,33961,5278801,7284900
3738,1735,1698,3685490,34011,5280499,6812200
3739,1749,1704,3683757,34040,5282203,7389400
3740,1781,1824,3681988,33985,5284027,7744800
3741,1751,1793,3680226,33954,5285820,8348200
3742,1729,1837,3678492,33851,5287657,7997000
3743,1811,1721,3676735,33887,5289378,8534400
3744,1791,1731,3674939,33952,5291109,6676400
3745,1820,1814,3673086,33991,5292923,6895600
3746,1741,1719,3671317,34041,5294642,7301300
3747,1757,1777,3669573,34008,5296419,7519200
3748,1844,1755,3667763,34063,5298174,6776500
3749,1797,1799,3665946,34081,5299973,7667600
3750,1855,1786,3664071,34170,5301759,6909300
3751,1881,1761,3662223,34257,5303520,7091200
3752,1787,1753,3660423,34304,5305273,8180300
3753,1880,1777,3658556,34394,5307050,7072500
3754,1820,1802,3656736,34412,5308852,8255800
3755,1892,1824,3654839,34485,5310676,6453800
3756,1811,1760,3653025,34539,5312436,6960600
3757,1782,1755,3651210,34599,5314191,6242500
3758,1808,1797,3649412,34600,5315988,6720800
3759,1925,1825,3647548,34639,5317813,6953100
3760,1780,1800,3645718,34669,5319613,7979600
3761,1893,1827,3643841,34719,5321440,6936100
3762,1853,1774,3641974,34812,5323214,7153000
3763,1767,1791,3640200,34795,5325005,7445600
3764,1884,1805,3638349,34841,5326810,7432100
3765,1797,1754,3636514,34922,5328564,7424200
3766,1813,1796,3634723,34917,5330360,6996200
3767,1743,1821,3632965,34854,5332181,7012900
3768,1814,1814,3631177,34828,5333995,6904600
3769,1838,1800,3629313,34892,5335795,6717500
3770,1858,1824,3627481,34900,5337619,6362700
3771,1838,1876,3625634,34871,5339495,6917700
3772,1860,1841,3623790,34874,5341336,7024300
3773,1808,1849,3621980,34835,5343185,9052200
3774,1970,1811,3620043,34961,5344996,6807400
3775,1798,1822,3618177,35005,5346818,6968400
3776,1890,1864,3616286,35032,5348682,6673800
3777,1797,1857,3614507,34954,5350539,7033200
3778,1796,1827,3612686,34948,5352366,7409400
3779,1759,1820,3610902,34912,5354186,7065100
3780,1817,1788,3609172,34854,5355974,7787600
3781,1813,1842,3607333,34851,5357816,7543300
3782,1765,1767,3605548,34869,5359583,7838300
3783,1687,1783,3603864,34770,5361366,7700000
3784,1770,1756,3602106,34772,5363122,8437900
3785,1889,1782,3600247,34849,5364904,8779200
3786,1769,1860,3598426,34810,5366764,7611300
3787,1765,1753,3596671,34812,5368517,7767700
3788,1775,1733,3594874,34876,5370250,7987300
3789,1829,1833,3593063,34854,5372083,10088900
3790,1869,1859,3591220,34838,5373942,8447100
3791,1839,1823,3589367,34868,5375765,10001500
3792,1812,1810,3587568,34857,5377575,8671500
3793,1849,1894,3585723,34808,5379469,8358800
3794,1837,1731,3583901,34899,5381200,7765600
3795,1829,1842,3582040,34918,5383042,8016200
3796,1853,1703,3580212,35043,5384745,7079900
3797,1841,1840,3578377,35038,5386585,9009300
3798,1831,1871,3576543,35001,5388456,7608300
3799,1760,1807,3574719,35018,5390263,9243300
3800,1850,1749,3572921,35067,5392012,7395000
3801,1823,1811,3571086,35091,5393823,8287000
3802,1847,1784,3569218,35175,5395607,7182900
3803,1768,1812,3567416,35165,5397419,7666500
3804,1900,1883,3565583,35115,5399302,6330300
3805,1748,1867,3563780,35051,5401169,7195900
3806,1772,1812,3562018,35001,5402981,6381000
3807,1820,1813,3560245,34961,5404794,6537200
3808,1798,1771,3558415,35020,5406565,6322700
3809,1798,1684,3556625,35126,5408249,6254400
3810,1896,1809,3554760,35182,5410058,5962700
3811,1875,1850,3552848,35244,5411908,5925600
3812,1805,1841,3551081,35170,5413749,6601200
3813,1833,1776,3549232,35243,5415525,6449700
3814,1835,1819,3547392,35264,5417344,7298200
3815,1761,1820,3545590,35246,5419164,6592600
3816,1876,1839,3543759,35238,5421003,6394500
3817,1735,1877,3542027,35093,5422880,7328900
3818,1849,1780,3540170,35170,5424660,6662500
3819,1795,1767,3538347,35226,5426427,7249100
3820,1770,1854,3536616,35103,5428281,6631600
3821,1691,1898,3534896,34925,5430179,7242100
3822,1747,1750,3533125,34946,5431929,6880300
3823,1703,1810,3531458,34803,5433739,7053200
3824,1772,1707,3529686,34868,5435446,6725600
3825,1795,1785,3527897,34872,5437231,6789600
3826,1764,1824,3526113,34832,5439055,7205700
3827,1689,1787,3524401,34757,5440842,6302300
3828,1784,1839,3522661,34658,5442681,6366300
3829,1731,1854,3520905,34560,5444535,6234800
3830,1796,1766,3519124,34575,5446301,6399400
3831,1748,1714,3517327,34658,5448015,6979300
3832,1790,1785,3515577,34623,5449800,6386500
3833,1728,1682,3513846,34672,5451482,6379900
3834,1686,1868,3512145,34505,5453350,6113500
3835,1783,1806,3510392,34452,5455156,6123200
3836,1759,1757,3508633,34454,5456913,5901300
3837,1767,1850,3506871,34366,5458763,5993900
3838,1765,1698,3505108,34431,5460461,6385200
3839,1846,1799,3503278,34462,5462260,6182000
3840,1810,1816,3501428,34496,5464076,7060300
3841,1824,1780,3499585,34559,5465856,7104800
3842,1854,1754,3497805,34585,5467610,6065200
3843,1756,1769,3495998,34623,5469379,6300200
3844,1776,1810,3494214,34597,5471189,6024200
3845,1841,1777,3492370,34664,5472966,6396400
3846,1854,1758,3490560,34716,5474724,6127700
3847,1716,1818,3488793,34665,5476542,6027300
3848,1820,1774,3487015,34669,5478316,6228700
3849,1745,1852,3485243,34589,5480168,6147200
3850,1806,1826,3483467,34539,5481994,5961200
3851,1781,1868,3481636,34502,5483862,5997100
3852,1730,1812,3479869,34457,5485674,6146300
3853,1704,1886,3478191,34249,5487560,6327900
3854,1771,1802,3476426,34212,5489362,6057700
3855,1691,1736,3474759,34143,5491098,6068300
3856,1815,1844,3472970,34088,5492942,6106300
3857,1715,1824,3471220,34014,5494766,6113700
3858,1805,1688,3469435,34111,5496454,6332300
3859,1785,1671,3467649,34226,5498125,6255700
3860,1762,1828,3465881,34166,5499953,6146800
3861,1746,1668,3464123,34256,5501621,6210100
3862,1717,1702,3462397,34280,5503323,6047200
3863,1770,1773,3460648,34256,5505096,6520300
3864,1781,1679,3458907,34318,5506775,6159000
3865,1756,1803,3457106,34316,5508578,5967000
3866,1776,1765,3455350,34307,5510343,6137900
3867,1689,1820,3453644,34193,5512163,6163100
3868,1817,1755,3451838,34244,5513918,6226400
3869,1796,1738,3450072,34272,5515656,5989100
3870,1750,1768,3448265,34311,5517424,6383700
3871,1779,1788,3446538,34250,5519212,7230600
3872,1767,1780,3444746,34262,5520992,6023500
3873,1756,1760,3442962,34286,5522752,5908400
3874,1844,1744,3441181,34323,5524496,6063100
3875,1786,1778,3439371,34355,5526274,6078900
3876,1701,1738,3437643,34345,5528012,6292600
3877,1744,1681,3435916,34391,5529693,6262100
3878,1715,1775,3434183,34349,5531468,6243900
3879,1770,1842,3432448,34242,5533310,5985400
3880,1758,1755,3430648,34287,5535065,6269900
3881,1796,1823,3428848,34264,5536888,7086300
3882,1773,1785,3427117,34210,5538673,5910400
3883,1753,1773,3425319,34235,5540446,5972200
3884,1744,1717,3423623,34214,5542163,5984700
3885,1847,1850,3421795,34192,5544013,6030600
3886,1828,1768,3419914,34305,5545781,6189900
3887,1811,1808,3418105,34306,5547589,5992300
3888,1828,1752,3416337,34322,5549341,5932100
3889,1829,1862,3414482,34315,5551203,5758100
3890,1862,1847,3412579,34371,5553050,5795000
3891,1823,1773,3410793,34384,5554823,5901900
3892,1812,1802,3408994,34381,5556625,5865400
3893,1747,1790,3407167,34418,5558415,5831700
3894,1766,1810,3405452,34323,5560225,6224100
3895,1791,1780,3403668,34327,5562005,6347100
3896,1732,1771,3401898,34326,5563776,6122900
3897,1761,1795,3400162,34267,5565571,6116500
3898,1772,1761,3398359,34309,5567332,5917800
3899,1705,1753,3396686,34229,5569085,6190600
3900,1725,1808,3394967,34140,5570893,6168000
3901,1729,1789,3393213,34105,5572682,6085400
3902,1817,1720,3391414,34184,5574402,6199800
3903,1751,1729,3389649,34220,5576131,6061500
3904,1747,1783,3387906,34180,5577914,5889500
3905,1761,1751,3386111,34224,5579665,5817800
3906,1777,1737,3384359,34239,5581402,5781600
3907,1717,1829,3382676,34093,5583231,6207900
3908,1727,1796,3380906,34067,5585027,5856000
3909,1706,1753,3379212,34008,5586780,5806800
3910,1673,1791,3377523,33906,5588571,5844100
3911,1754,1705,3375782,33942,5590276,5781500
3912,1763,1716,3374039,33969,5591992,6050900
3913,1713,1764,3372339,33905,5593756,6001600
3914,1827,1814,3370502,33928,5595570,6022000
3915,1766,1768,3368763,33899,5597338,5801300
3916,1751,1764,3367008,33890,5599102,6243200
3917,1733,1741,3365264,33893,5600843,6766000
3918,1842,1799,3363435,33923,5602642,6257900
3919,1842,1782,3361578,33998,5604424,6891000
3920,1822,1767,3359740,34069,5606191,6018800
3921,1742,1763,3358006,34040,5607954,5844300
3922,1838,1736,3356188,34122,5609690,6057600
3923,1867,1783,3354289,34238,5611473,5893800
3924,1795,1789,3352475,34263,5613262,6162600
3925,1826,1861,3350681,34196,5615123,6310100
3926,1722,1786,3348957,34134,5616909,6614500
3927,1842,1824,3347132,34135,5618733,7340800
3928,1829,1757,3345303,34207,5620490,6653800
3929,1817,1830,3343467,34213,5622320,6302200
3930,1790,1766,3341701,34213,5624086,6067500
3931,1779,1786,3339941,34187,5625872,6202200
3932,1816,1794,3338107,34227,5627666,5975600
3933,1814,1799,3336305,34230,5629465,5994300
3934,1827,1804,3334467,34264,5631269,5964300
3935,1773,1757,3332663,34311,5633026,5981100
3936,1800,1870,3330889,34215,5634896,5931400
3937,1796,1742,3329050,34312,5636638,6000100
3938,1814,1769,3327258,34335,5638407,5773500
3939,1777,1725,3325517,34351,5640132,5931900
3940,1767,1767,3323716,34385,5641899,5939400
3941,1858,1797,3321859,34445,5643696,5717200
3942,1725,1778,3320070,34456,5645474,10743700
3943,1898,1875,3318252,34399,5647349,6063200
3944,1839,1828,3316412,34411,5649177,6096600
3945,1735,1836,3314665,34322,5651013,6066900
3946,1832,1822,3312865,34300,5652835,5815400
3947,1855,1795,3311028,34342,5654630,5947700
3948,1768,1820,3309189,34361,5656450,6038700
3949,1791,1842,3307419,34289,5658292,5943700
3950,1810,1776,3305611,34321,5660068,6045900
3951,1711,1805,3303863,34264,5661873,5902200
3952,1777,1777,3302095,34255,5663650,5947400
3953,1768,1759,3300348,34243,5665409,6424500
3954,1740,1757,3298566,34268,5667166,6249600
3955,1695,1892,3296889,34053,5669058,6319800
3956,1683,1792,3295228,33922,5670850,5815500
3957,1790,1806,3293448,33896,5672656,5825400
3958,1772,1761,3291675,33908,5674417,6338400
3959,1823,1749,3289852,33982,5676166,6323300
3960,1839,1721,3288009,34104,5677887,6208000
3961,1743,1761,3286222,34130,5679648,6128600
3962,1784,1738,3284486,34128,5681386,6410800
3963,1777,1689,3282704,34221,5683075,6303800
3964,1682,1726,3280998,34201,5684801,5947800
3965,1794,1804,3279233,34162,5686605,6289000
3966,1802,1757,3277414,34224,5688362,6307000
3967,1811,1729,3275598,34311,5690091,5844800
3968,1816,1784,3273813,34312,5691875,5988500
3969,1764,1717,3272036,34372,5693592,5752400
3970,1733,1814,3270321,34273,5695406,5936900
3971,1689,1801,3268610,34183,5697207,5934900
3972,1678,1762,3266918,34113,5698969,5752100
3973,1795,1718,3265143,34170,5700687,5711000
3974,1773,1767,3263322,34224,5702454,5586900
3975,1686,1754,3261671,34121,5704208,5610000
3976,1789,1749,3259901,34142,5705957,5649800
3977,1860,1735,3258033,34275,5707692,5731800
3978,1686,1808,3256329,34171,5709500,5674100
3979,1800,1686,3254516,34298,5711186,5630300
3980,1759,1744,3252769,34301,5712930,5600400
3981,1777,1767,3251007,34296,5714697,5704800
3982,1787,1718,3249227,34358,5716415,5698700
3983,1740,1775,3247427,34383,5718190,6077600
3984,1834,1853,3245650,34307,5720043,5702800
3985,1759,1735,3243875,34347,5721778,5799100
3986,1754,1780,3242112,34330,5723558,5680300
3987,1772,1712,3240358,34372,5725270,5680700
3988,1736,1885,3238642,34203,5727155,5996400
3989,1808,1789,3236837,34219,5728944,6102000
3990,1757,1737,3235033,34286,5730681,6097200
3991,1723,1769,3233324,34226,5732450,8957200
3992,1666,1810,3231661,34079,5734260,9890800
3993,1619,1744,3229999,33997,5736004,8463600
3994,1758,1814,3228275,33907,5737818,7173200
3995,1782,1737,3226520,33925,5739555,7038700
3996,1785,1792,3224690,33963,5741347,7453800
3997,1798,1773,3222913,33967,5743120,7941100
3998,1744,1733,3221210,33937,5744853,7034500
3999,1739,1766,3219447,33934,5746619,7120000
4000,1776,1777,3217676,33928,5748396,7003300
4001,1688,1774,3215964,33866,5750170,6228100
4002,1696,1724,3214278,33828,5751894,7056800
4003,1793,1755,3212483,33868,5753649,6902400
4004,1759,1767,3210708,33876,5755416,7085200
4005,1752,1793,3209004,33787,5757209,6722200
4006,1742,1760,3207208,33823,5758969,6265000
4007,1722,1789,3205477,33765,5760758,6407900
4008,1735,1748,3203785,33709,5762506,6041500
4009,1724,1751,3202019,33724,5764257,6016500
4010,1726,1726,3200318,33699,5765983,5922200
4011,1745,1713,3198588,33716,5767696,6240400
4012,1874,1745,3196732,33827,5769441,5678900
4013,1824,1748,3194901,33910,5771189,5683300
4014,1684,1742,3193168,33901,5772931,5718100
4015,1754,1704,3191479,33886,5774635,5790600
4016,1722,1757,3189693,33915,5776392,5920100
4017,1719,1771,3187968,33869,5778163,5665900
4018,1689,1817,3186275,33745,5779980,5701200
4019,1702,1749,3184588,33683,5781729,5595100
4020,1714,1774,3182901,33596,5783503,5625400
4021,1730,1630,3181145,33722,5785133,5689000
4022,1749,1777,3179424,33666,5786910,6057400
4023,1736,1780,3177682,33628,5788690,5873800
4024,1697,1738,3175992,33580,5790428,5669000
4025,1711,1756,3174271,33545,5792184,5739300
4026,1745,1751,3172484,33581,5793935,5740400
4027,1721,1833,3170795,33437,5795768,5820500
4028,1732,1744,3169065,33423,5797512,5632800
4029,1638,1712,3167427,33349,5799224,5551300
4030,1679,1725,3165737,33314,5800949,5693200
4031,1690,1704,3164072,33275,5802653,5771500
4032,1735,1757,3162350,33240,5804410,5752500
4033,1704,1678,3160631,33281,5806088,5917900
4034,1768,1701,3158835,33376,5807789,5769100
4035,1681,1682,3157147,33382,5809471,6090200
4036,1745,1711,3155445,33373,5811182,6637400
4037,1717,1697,3153706,33415,5812879,6158800
4038,1743,1713,3151974,33434,5814592,6246400
4039,1756,1740,3150210,33458,5816332,6941600
4040,1712,1747,3148498,33423,5818079,6773900
4041,1782,1798,3146704,33419,5819877,6739000
4042,1690,1714,3145040,33369,5821591,6233000
4043,1719,1719,3143321,33369,5823310,5931600
4044,1758,1729,3141579,33382,5825039,6532300
4045,1706,1790,3139830,33341,5826829,6580600
4046,1762,1766,3138092,33313,5828595,7332900
4047,1756,1721,3136316,33368,5830316,6930100
4048,1760,1698,3134592,33394,5832014,6304700
4049,1722,1773,3132849,33364,5833787,5939200
4050,1767,1718,3131100,33395,5835505,5781700
4051,1763,1741,3129316,33438,5837246,5844200
4052,1760,1734,3127540,33480,5838980,5805200
4053,1799,1747,3125793,33480,5840727,6049600
4054,1712,1695,3124023,33555,5842422,5751700
4055,1814,1772,3122239,33567,5844194,5757900
4056,1713,1694,3120557,33555,5845888,5761000
4057,1772,1715,3118756,33641,5847603,5860400
4058,1740,1693,3117023,33681,5849296,5793400
4059,1771,1810,3115250,33644,5851106,6226000
4060,1806,1780,3113432,33682,5852886,6068800
4061,1815,1684,3111645,33785,5854570,6076500
4062,1758,1759,3109902,33769,5856329,6689400
4063,1754,1767,3108119,33785,5858096,6151100
4064,1859,1777,3106295,33832,5859873,6346300
4065,1800,1827,3104445,33855,5861700,5851100
4066,1737,1763,3102744,33793,5863463,5995000
4067,1760,1789,3100948,33800,5865252,5662300
4068,1762,1816,3099180,33752,5867068,6054600
4069,1785,1712,3097428,33792,5868780,6019800
4070,1737,1728,3095659,33833,5870508,5705000
4071,1758,1751,3093910,33831,5872259,5642000
4072,1674,1719,3092252,33770,5873978,5547600
4073,1834,1760,3090427,33835,5875738,5620500
4074,1770,1757,3088655,33850,5877495,5747500
4075,1828,1749,3086847,33909,5879244,5701100
4076,1721,1792,3085084,33880,5881036,5658900
4077,1820,1782,3083309,33873,5882818,5632500
4078,1727,1742,3081540,33900,5884560,5602300
4079,1770,1752,3079763,33925,5886312,5835900
4080,1794,1714,3077969,34005,5888026,5895500
4081,1790,1822,3076187,33965,5889848,6676100
4082,1782,1780,3074399,33973,5891628,6302600
4083,1806,1798,3072627,33947,5893426,6277300
4084,1712,1718,3070855,34001,5895144,6071100
4085,1777,1753,3069120,33983,5896897,6027800
4086,1727,1807,3067371,33925,5898704,6212900
4087,1752,1746,3065644,33906,5900450,6569600
4088,1797,1878,3063859,33813,5902328,6243600
4089,1722,1790,3062130,33752,5904118,6275000
4090,1691,1774,3060414,33694,5905892,5906100
4091,1719,1806,3058710,33592,5907698,5868900
4092,1668,1797,3057019,33486,5909495,6078300
4093,1688,1746,3055320,33439,5911241,6254500
4094,1764,1657,3053562,33540,5912898,6052000
4095,1756,1700,3051826,33576,5914598,6214500
4096,1811,1771,3050028,33603,5916369,6244900
4097,1808,1811,3048218,33602,5918180,5820500
4098,1778,1727,3046418,33675,5919907,5720400
4099,1707,1775,3044756,33562,5921682,5834300
4100,1748,1771,3042976,33571,5923453,5713900
4101,1721,1713,3041245,33589,5925166,5926300
4102,1759,1749,3039491,33594,5926915,6061600
4103,1773,1748,3037738,33599,5928663,6150100
4104,1668,1836,3036020,33481,5930499,5993500
4105,1712,1722,3034348,33431,5932221,5908100
4106,1756,1737,3032564,33478,5933958,6109400
4107,1717,1727,3030877,33438,5935685,5899700
4108,1730,1705,3029115,33495,5937390,6420000
4109,1733,1767,3027424,33419,5939157,6053900
4110,1733,1798,3025671,33374,5940955,6187900
4111,1718,1650,3023942,33453,5942605,5885100
4112,1667,1723,3022281,33391,5944328,5964300
4113,1661,1686,3020604,33382,5946014,6167700
4114,1723,1701,3018899,33386,5947715,6050500
4115,1763,1731,3017163,33391,5949446,5971300
4116,1775,1742,3015374,33438,5951188,5811500
4117,1770,1761,3013603,33448,5952949,5696100
4118,1784,1716,3011792,33543,5954665,5711800
4119,1753,1717,3010079,33539,5956382,5776500
4120,1864,1704,3008227,33687,5958086,5771000
4121,1755,1761,3006436,33717,5959847,5741300
4122,1807,1736,3004664,33753,5961583,6011700
4123,1788,1740,3002877,33800,5963323,6907800
4124,1800,1816,3001068,33793,5965139,10400800
4125,1763,1740,2999287,33834,5966879,6983500
4126,1761,1691,2997545,33885,5968570,6064100
4127,1731,1685,2995786,33959,5970255,6102900
4128,1774,1778,2994034,33933,5972033,6180100
4129,1761,1752,2992271,33944,5973785,6188100
4130,1751,1794,2990475,33946,5975579,5863900
4131,1745,1779,2988749,33893,5977358,5629100
4132,1727,1737,2987042,33863,5979095,5599100
4133,1786,1792,2985247,33866,5980887,5761000
4134,1832,1810,2983409,33894,5982697,5601000
4135,1780,1775,2981624,33904,5984472,6029900
4136,1758,1743,2979879,33906,5986215,6064300
4137,1728,1748,2978133,33904,5987963,6381200
4138,1734,1766,2976405,33866,5989729,6013100
4139,1802,1694,2974620,33957,5991423,5797800
4140,1680,1755,2972934,33888,5993178,5645000
4141,1777,1789,2971154,33879,5994967,5624800
4142,1700,1768,2969468,33797,5996735,5652700
4143,1753,1722,2967668,33875,5998457,5793500
4144,1689,1706,2965999,33838,6000163,5988300
4145,1706,1649,2964307,33881,6001812,6120700
4146,1766,1781,2962530,33877,6003593,5771500
4147,1719,1747,2960832,33828,6005340,6442600
4148,1824,1741,2959022,33897,6007081,6103200
4149,1705,1740,2957289,33890,6008821,5672200
4150,1733,1682,2955539,33958,6010503,5760500
4151,1710,1728,2953843,33926,6012231,5859400
4152,1700,1798,2952172,33799,6014029,6744300
4153,1793,1760,2950358,33853,6015789,6296100
4154,1831,1790,2948544,33877,6017579,6558200
4155,1732,1776,2946788,33857,6019355,6052900
4156,1669,1769,2945108,33768,6021124,5957500
4157,1763,1741,2943344,33791,6022865,6002100
4158,1795,1731,2941566,33838,6024596,6519200
4159,1668,1724,2939920,33760,6026320,5916800
4160,1717,1704,2938143,33833,6028024,7210200
4161,1724,1753,2936480,33743,6029777,6585900
4162,1785,1783,2934684,33756,6031560,6202000
4163,1732,1801,2932912,33727,6033361,6001500
4164,1694,1725,2931219,33695,6035086,6118800
4165,1730,1749,2929481,33684,6036835,5982700
4166,1768,1723,2927779,33663,6038558,6369000
4167,1730,1764,2926043,33635,6040322,5885100
4168,1726,1706,2924257,33715,6042028,5936600
4169,1757,1794,2922523,33655,6043822,5953400
4170,1765,1743,2920757,33678,6045565,5828900
4171,1790,1798,2918975,33662,6047363,5798200
4172,1724,1763,2917259,33615,6049126,5674600
4173,1721,1729,2915513,33632,6050855,5765000
4174,1668,1680,2913833,33632,6052535,5529000
4175,1683,1739,2912157,33569,6054274,5676100
4176,1656,1740,2910492,33494,6056014,5770300
4177,1634,1709,2908876,33401,6057723,5628000
4178,1676,1765,2907205,33307,6059488,5815700
4179,1722,1722,2905452,33338,6061210,5936000
4180,1674,1705,2903815,33270,6062915,6034400
4181,1629,1725,2902180,33180,6064640,5717500
4182,1689,1734,2900475,33151,6066374,5570200
4183,1596,1668,2898867,33091,6068042,5931100
4184,1646,1635,2897238,33085,6069677,5829100
4185,1720,1726,2895521,33076,6071403,5862300
4186,1655,1737,2893855,33005,6073140,6101600
4187,1682,1689,2892200,32971,6074829,5787100
4188,1708,1729,2890456,32986,6076558,5861300
4189,1687,1787,2888796,32859,6078345,5741700
4190,1705,1669,2887090,32896,6080014,5668700
4191,1673,1692,2885419,32875,6081706,5571900
4192,1649,1701,2883743,32850,6083407,5708500
4193,1673,1667,2882086,32840,6085074,6660700
4194,1617,1717,2880453,32756,6086791,7125800
4195,1708,1690,2878775,32744,6088481,8190000
4196,1680,1733,2877093,32693,6090214,7734700
4197,1606,1723,2875471,32592,6091937,6912600
4198,1580,1723,2873880,32460,6093660,6931500
4199,1613,1655,2872284,32401,6095315,7938200
4200,1584,1725,2870652,32308,6097040,6981800
4201,1592,1705,2869092,32163,6098745,6791100
4202,1590,1678,2867513,32064,6100423,9051200
4203,1593,1709,2865921,31947,6102132,8411700
4204,1597,1642,2864309,31917,6103774,6656200
4205,1643,1612,2862691,31923,6105386,7759800
4206,1612,1695,2861066,31853,6107081,7301400
4207,1601,1632,2859451,31836,6108713,8457900
4208,1477,1625,2857960,31702,6110338,6712600
4209,1650,1602,2856330,31730,6111940,7253100
4210,1589,1664,2854736,31660,6113604,7468800
4211,1656,1646,2853136,31614,6115250,6816800
4212,1511,1638,2851554,31558,6116888,6755100
4213,1646,1624,2849952,31536,6118512,7405100
4214,1619,1607,2848318,31563,6120119,7288000
4215,1632,1622,2846678,31581,6121741,6922400
4216,1505,1589,2845139,31531,6123330,7201100
4217,1537,1652,2843630,31388,6124982,6662600
4218,1531,1642,2842058,31318,6126624,6178300
4219,1565,1614,2840537,31225,6128238,6327300
4220,1508,1615,2839042,31105,6129853,7006000
4221,1466,1602,2837563,30982,6131455,6484700
4222,1545,1572,2836000,30973,6133027,6746600
4223,1609,1628,2834422,30923,6134655,7002500
4224,1523,1603,2832862,30880,6136258,6475700
4225,1560,1594,2831305,30843,6137852,6819600
4226,1526,1629,2829768,30751,6139481,6530200
4227,1570,1611,2828250,30658,6141092,7654200
4228,1572,1572,2826649,30687,6142664,7444100
4229,1526,1632,2825154,30550,6144296,6317300
4230,1516,1612,2823600,30492,6145908,6690600
4231,1526,1568,2822062,30462,6147476,6744900
4232,1520,1562,2820572,30390,6149038,6336900
4233,1549,1648,2819048,30266,6150686,6553400
4234,1543,1528,2817460,30326,6152214,6556000
4235,1544,1621,2815951,30214,6153835,6199700
4236,1528,1579,2814387,30199,6155414,6520500
4237,1535,1691,2812844,30051,6157105,6301300
4238,1584,1582,2811292,30021,6158687,6500700
4239,1495,1533,2809793,29987,6160220,6290700
4240,1519,1592,2808254,29934,6161812,6025000
4241,1548,1531,2806696,29961,6163343,6328400
4242,1470,1533,2805251,29873,6164876,6072500
4243,1515,1527,2803719,29878,6166403,6314600
4244,1490,1583,2802217,29797,6167986,6328700
4245,1460,1489,2800736,29789,6169475,6061000
4246,1566,1485,2799221,29819,6170960,6685700
4247,1486,1514,2797734,29792,6172474,6255100
4248,1519,1604,2796237,29685,6174078,6794600
4249,1577,1569,2794632,29721,6175647,6493000
4250,1521,1516,2793093,29744,6177163,7367300
4251,1567,1525,2791534,29778,6178688,6674300
4252,1469,1584,2790045,29683,6180272,6899200
4253,1566,1560,2788513,29655,6181832,6835900
4254,1528,1529,2786983,29656,6183361,6969200
4255,1461,1500,2785467,29672,6184861,6353700
4256,1527,1561,2784001,29577,6186422,6232200
4257,1512,1471,2782477,29630,6187893,6349500
4258,1467,1519,2780980,29608,6189412,6669700
4259,1444,1515,2779551,29522,6190927,6496300
4260,1434,1409,2778123,29541,6192336,6689000
4261,1626,1495,2776532,29637,6193831,6389500
4262,1528,1481,2774968,29720,6195312,7150600
4263,1465,1579,2773525,29584,6196891,6598500
4264,1516,1504,2771968,29637,6198395,6960100
4265,1444,1448,2770537,29620,6199843,7090800
4266,1526,1576,2769033,29548,6201419,6832200
4267,1526,1533,2767500,29548,6202952,6370500
4268,1477,1504,2765998,29546,6204456,6326400
4269,1477,1569,2764526,29449,6206025,6519500
4270,1448,1543,2763076,29356,6207568,7254300
4271,1469,1539,2761618,29275,6209107,6748600
4272,1470,1488,2760143,29262,6210595,6487000
4273,1423,1592,2758706,29107,6212187,6145500
4274,1497,1463,2757253,29097,6213650,6266000
4275,1439,1512,2755808,29030,6215162,6499600
4276,1490,1490,2754277,29071,6216652,6742400
4277,1541,1497,2752796,29055,6218149,6404000
4278,1467,1534,2751260,29057,6219683,6133700
4279,1483,1547,2749828,28942,6221230,6255100
4280,1535,1509,2748320,28941,6222739,6217600
4281,1590,1505,2746692,29064,6224244,6679900
4282,1526,1541,2745163,29052,6225785,6564400
4283,1534,1531,2743649,29035,6227316,6270300
4284,1466,1567,2742177,28940,6228883,6166200
4285,1459,1523,2740687,28907,6230406,6078700
4286,1455,1468,2739218,28908,6231874,6349100
4287,1404,1488,2737834,28804,6233362,6251500
4288,1456,1520,2736375,28743,6234882,6302300
4289,1471,1464,2734931,28723,6236346,6130500
4290,1490,1478,2733435,28741,6237824,6426100
4291,1495,1479,2731925,28772,6239303,6135500
4292,1529,1513,2730387,28797,6240816,6585300
4293,1435,1541,2728949,28694,6242357,6264200
4294,1477,1471,2727494,28678,6243828,5945800
4295,1435,1471,2726065,28636,6245299,6113000
4296,1496,1464,2724550,28687,6246763,6278300
4297,1453,1518,2723080,28639,6248281,6355000
4298,1470,1473,2721623,28623,6249754,6189700
4299,1434,1438,2720200,28608,6251192,6144800
4300,1423,1457,2718768,28583,6252649,5976300
4301,1442,1474,2717314,28563,6254123,6336200
4302,1523,1477,2715824,28576,6255600,6717700
4303,1454,1524,2714342,28534,6257124,7113600
4304,1384,1483,2712957,28436,6258607,7903800
4305,1443,1493,2711523,28377,6260100,6298100
4306,1443,1462,2710058,28380,6261562,6337800
4307,1425,1593,2708620,28225,6263155,6346200
4308,1404,1404,2707222,28219,6264559,6403100
4309,1388,1444,2705843,28154,6266003,6546100
4310,1440,1409,2704410,28178,6267412,6050000
4311,1440,1430,2702981,28177,6268842,6065800
4312,1470,1432,2701528,28198,6270274,6437800
4313,1451,1456,2700055,28215,6271730,6325000
4314,1440,1528,2698626,28116,6273258,6667300
4315,1403,1510,2697214,28018,6274768,6074100
4316,1442,1450,2695773,28009,6276218,6715900
4317,1446,1459,2694328,27995,6277677,6120900
4318,1455,1427,2692907,27989,6279104,6087500
4319,1509,1492,2691343,28061,6280596,6176100
4320,1390,1506,2689972,27926,6282102,5932800
4321,1411,1550,2688527,27821,6283652,6320200
4322,1352,1483,2687184,27681,6285135,5952600
4323,1405,1429,2685815,27621,6286564,6028500
4324,1357,1411,2684434,27591,6287975,6122200
4325,1447,1407,2683006,27612,6289382,6351500
4326,1359,1446,2681647,27525,6290828,6224500
4327,1428,1486,2680213,27473,6292314,6411300
4328,1504,1419,2678730,27537,6293733,6559900
4329,1462,1403,2677250,27614,6295136,6406900
4330,1399,1409,2675865,27590,6296545,6515900
4331,1415,1423,2674461,27571,6297968,6796800
4332,1347,1415,2673050,27567,6299383,6690900
4333,1426,1378,2671650,27589,6300761,6396100
4334,1417,1404,2670232,27603,6302165,6176900
4335,1388,1409,2668852,27574,6303574,6360000
4336,1422,1403,2667443,27580,6304977,6412600
4337,1418,1378,2666018,27627,6306355,6514500
4338,1387,1452,2664592,27601,6307807,6307900
4339,1383,1430,2663258,27505,6309237,6570500
4340,1432,1393,2661823,27547,6310630,6389700
4341,1455,1440,2660395,27535,6312070,6457300
4342,1349,1432,2658992,27506,6313502,6847500
4343,1385,1463,2657603,27432,6314965,6253400
4344,1439,1330,2656201,27504,6316295,6461200
4345,1429,1462,2654779,27464,6317757,6462900
4346,1361,1462,2653367,27414,6319219,6410300
4347,1393,1466,2651999,27316,6320685,6128400
4348,1374,1360,2650625,27330,6322045,6280000
4349,1362,1396,2649266,27293,6323441,6425900
4350,1468,1317,2647801,27441,6324758,6497300
4351,1367,1392,2646423,27427,6326150,6634400
4352,1360,1377,2645087,27386,6327527,6397800
4353,1384,1440,2643662,27371,6328967,6775300
4354,1389,1408,2642296,27329,6330375,7226200
4355,1446,1384,2640850,27391,6331759,6401600
4356,1445,1382,2639424,27435,6333141,6327100
4357,1415,1416,2638017,27426,6334557,6351600
4358,1387,1431,2636623,27389,6335988,6397900
4359,1426,1464,2635170,27378,6337452,6197600
4360,1397,1503,2633793,27252,6338955,6846100
4361,1428,1426,2632388,27231,6340381,6254500
4362,1429,1429,2630916,27274,6341810,6323200
4363,1419,1481,2629528,27181,6343291,6620100
4364,1428,1379,2628057,27273,6344670,6267100
4365,1437,1434,2626674,27222,6346104,6038700
4366,1509,1405,2625179,27312,6347509,6760500
4367,1471,1416,2623693,27382,6348925,6662400
4368,1433,1390,2622216,27469,6350315,6469800
4369,1455,1430,2620768,27487,6351745,6349300
4370,1454,1415,2619360,27480,6353160,6667000
4371,1429,1438,2617888,27514,6354598,6534000
4372,1472,1446,2616447,27509,6356044,6359900
4373,1393,1410,2615003,27543,6357454,6898200
4374,1456,1363,2613583,27600,6358817,6351700
4375,1443,1494,2612105,27584,6360311,6257900
4376,1376,1385,2610727,27577,6361696,6473500
4377,1444,1435,2609297,27572,6363131,6605600
4378,1416,1431,2607859,27579,6364562,6971000
4379,1355,1366,2606491,27581,6365928,6611900
4380,1415,1492,2605122,27458,6367420,6279300
4381,1452,1422,2603694,27464,6368842,6309100
4382,1409,1382,2602256,27520,6370224,6285600
4383,1375,1468,2600863,27445,6371692,6499900
4384,1465,1411,2599428,27469,6373103,6564200
4385,1453,1407,2597972,27518,6374510,6269600
4386,1420,1419,2596514,27557,6375929,6217800
4387,1420,1479,2595121,27471,6377408,6420100
4388,1367,1441,2593749,27402,6378849,6257600
4389,1378,1479,2592359,27313,6380328,6481500
4390,1391,1445,2590998,27229,6381773,6516900
4391,1376,1376,2589593,27258,6383149,6378500
4392,1445,1396,2588154,27301,6384545,6067500
4393,1450,1376,2586751,27328,6385921,6085700
4394,1408,1430,2585311,27338,6387351,6796600
4395,1375,1425,2583923,27301,6388776,6531800
4396,1425,1375,2582546,27303,6390151,6247600
4397,1400,1411,2581051,27387,6391562,7310700
4398,1392,1477,2579726,27235,6393039,6543000
4399,1336,1429,2578352,27180,6394468,6718900
4400,1374,1420,2576999,27113,6395888,7268000
4401,1278,1460,2575683,26969,6397348,6986600
4402,1342,1441,2574368,26843,6398789,6493400
4403,1335,1361,2573041,26809,6400150,6859900
4404,1350,1455,2571696,26699,6401605,6754800
4405,1303,1394,2570375,26626,6402999,6281200
4406,1360,1349,2569036,26616,6404348,6933600
4407,1449,1387,2567616,26649,6405735,6646800
4408,1422,1367,2566179,26719,6407102,6410600
4409,1352,1444,2564820,26634,6408546,6486700
4410,1372,1328,2563415,26711,6409874,7082900
4411,1407,1434,2562018,26674,6411308,6557300
4412,1419,1367,2560601,26724,6412675,6168300
4413,1408,1326,2559201,26798,6414001,6362300
4414,1455,1339,2557758,26902,6415340,6368100
4415,1407,1393,2556367,26900,6416733,6382500
4416,1459,1441,2554888,26938,6418174,6626800
4417,1362,1356,2553509,26961,6419530,7374800
4418,1383,1425,2552130,26915,6420955,6458000
4419,1407,1459,2550765,26821,6422414,6555000
4420,1327,1346,2549414,26826,6423760,6674000
4421,1336,1398,2548034,26808,6425158,6780500
4422,1339,1334,2546703,26805,6426492,6660200
4423,1385,1403,2545373,26732,6427895,6511300
4424,1370,1362,2543954,26789,6429257,7051100
4425,1311,1404,2542623,26716,6430661,6888700
4426,1313,1437,2541318,26584,6432098,6523400
4427,1346,1412,2540003,26487,6433510,6353000
4428,1320,1439,2538632,26419,6434949,6522100
4429,1345,1298,2537307,26446,6436247,6458700
4430,1400,1334,2535936,26483,6437581,6633200
4431,1315,1382,2534611,26426,6438963,6587100
4432,1324,1382,2533278,26377,6440345,6216200
4433,1380,1390,2531909,26356,6441735,6219700
4434,1391,1335,2530531,26399,6443070,6420500
4435,1343,1324,2529192,26414,6444394,6136100
4436,1329,1374,2527839,26393,6445768,6755300
4437,1288,1435,2526569,26228,6447203,7228100
4438,1372,1367,2525187,26243,6448570,6872600
4439,1332,1344,2523850,26236,6449914,6036400
4440,1370,1429,2522504,26153,6451343,6849800
4441,1392,1294,2521113,26250,6452637,6315700
4442,1359,1346,2519716,26301,6453983,6224100
4443,1334,1376,2518430,26211,6455359,6705900
4444,1312,1322,2517067,26252,6456681,6687300
4445,1367,1330,2515744,26245,6458011,6566400
4446,1375,1378,2514334,26277,6459389,6421900
4447,1410,1370,2512953,26288,6460759,6480100
4448,1378,1385,2511593,26263,6462144,7125800
4449,1364,1357,2510206,26293,6463501,8238500
4450,1341,1309,2508849,26341,6464810,7178300
4451,1280,1366,2507537,26287,6466176,7184100
4452,1366,1416,2506225,26183,6467592,6572300
4453,1340,1418,2504863,26127,6469010,6908500
4454,1336,1417,2503538,26035,6470427,7401700
4455,1284,1367,2502245,25961,6471794,7721700
4456,1376,1380,2500904,25922,6473174,6783700
4457,1376,1338,2499536,25952,6474512,7443400
4458,1355,1358,2498174,25956,6475870,6954800
4459,1268,1274,2496870,25986,6477144,7267300
4460,1374,1329,2495499,26028,6478473,6812100
4461,1369,1277,2494124,26126,6479750,6840000
4462,1312,1338,2492821,26091,6481088,7131600
4463,1357,1368,2491420,26124,6482456,7652700
4464,1264,1348,2490148,26048,6483804,7251700
4465,1283,1360,2488913,25923,6485164,7096800
4466,1304,1342,2487617,25877,6486506,7276400
4467,1400,1360,2486199,25935,6487866,8365500
4468,1312,1364,2484895,25875,6489230,6717000
4469,1372,1402,2483516,25852,6490632,6718500
4470,1325,1356,2482213,25799,6491988,6913300
4471,1304,1374,2480888,25750,6493362,6588700
4472,1276,1341,2479617,25680,6494703,6481100
4473,1333,1326,2478261,25710,6496029,6304000
4474,1345,1420,2476930,25621,6497449,6589900
4475,1316,1328,2475619,25604,6498777,6440000
4476,1328,1303,2474301,25619,6500080,6301300
4477,1295,1331,2472986,25603,6501411,6551200
4478,1344,1385,2471651,25553,6502796,6337700
4479,1330,1260,2470299,25645,6504056,6217900
4480,1376,1345,2468980,25619,6505401,6300500
4481,1274,1300,2467643,25656,6506701,6269000
4482,1338,1371,2466361,25567,6508072,6216100
4483,1249,1369,2465075,25484,6509441,6742400
4484,1286,1344,2463796,25419,6510785,6287900
4485,1341,1267,2462461,25487,6512052,6436800
4486,1331,1376,2461144,25428,6513428,6147200
4487,1299,1308,2459825,25439,6514736,6187900
4488,1340,1342,2458489,25433,6516078,6120100
4489,1296,1405,2457198,25319,6517483,6477600
4490,1280,1344,2455918,25255,6518827,6504400
4491,1338,1286,2454566,25321,6520113,6604900
4492,1403,1297,2453208,25382,6521410,6337800
4493,1351,1309,2451821,25460,6522719,6580800
4494,1310,1359,2450508,25414,6524078,6668100
4495,1352,1329,2449167,25426,6525407,6410200
4496,1324,1350,2447830,25413,6526757,6180500
4497,1354,1338,2446491,25414,6528095,7370400
4498,1296,1346,2445179,25380,6529441,6842800
4499,1274,1323,2443909,25327,6530764,7515600
4500,1281,1304,2442617,25315,6532068,6833800
4501,1309,1378,2441288,25266,6533446,6862000
4502,1290,1368,2440053,25133,6534814,7159200
4503,1335,1290,2438716,25180,6536104,6954600
4504,1354,1303,2437342,25251,6537407,6848300
4505,1347,1319,2436011,25263,6538726,6773000
4506,1295,1395,2434684,25195,6540121,6947400
4507,1317,1332,2433403,25144,6541453,6749100
4508,1285,1337,2432106,25104,6542790,6719700
4509,1327,1283,2430774,25153,6544073,6879500
4510,1325,1322,2429453,25152,6545395,6898900
4511,1273,1222,2428176,25207,6546617,6845700
4512,1299,1335,2426862,25186,6547952,6854300
4513,1309,1295,2425581,25172,6549247,7509200
4514,1321,1291,2424241,25221,6550538,6692500
4515,1286,1335,2422973,25154,6551873,6561400
4516,1340,1332,2421610,25185,6553205,6989600
4517,1305,1306,2420337,25152,6554511,6885200
4518,1247,1148,2419057,25284,6555659,6358100
4519,1365,1335,2417724,25282,6556994,6298000
4520,1322,1277,2416403,25326,6558271,6391800
4521,1279,1326,2415084,25319,6559597,6524900
4522,1346,1335,2413762,25306,6560932,6451500
4523,1265,1321,2412499,25248,6562253,6625400
4524,1234,1348,2411244,25155,6563601,6121500
4525,1246,1288,2409997,25114,6564889,5968800
4526,1186,1355,2408796,24960,6566244,6032300
4527,1287,1283,2407521,24952,6567527,6187300
4528,1294,1359,2406215,24899,6568886,6357900
4529,1165,1306,2405053,24755,6570192,6372500
4530,1232,1277,2403828,24703,6571469,6486100
4531,1300,1286,2402546,24699,6572755,6877900
4532,1314,1241,2401242,24762,6573996,6740100
4533,1238,1338,2399978,24688,6575334,6536700
4534,1276,1261,2398703,24702,6576595,7099500
4535,1300,1229,2397407,24769,6577824,7053700
4536,1323,1305,2396083,24788,6579129,7548700
4537,1215,1272,2394860,24739,6580401,6964600
4538,1309,1282,2393598,24719,6581683,7177900
4539,1314,1244,2392238,24835,6582927,6963400
4540,1233,1322,2391010,24741,6584249,7575300
4541,1248,1308,2389743,24700,6585557,6984000
4542,1279,1241,2388511,24691,6586798,6788700
4543,1226,1306,2387270,24626,6588104,6750600
4544,1224,1228,2386035,24633,6589332,6158200
4545,1252,1291,2384798,24579,6590623,5789100
4546,1258,1348,2383499,24530,6591971,5798500
4547,1251,1315,2382229,24485,6593286,5903800
4548,1242,1233,2381028,24453,6594519,5682000
4549,1267,1301,2379757,24423,6595820,5842000
4550,1243,1223,2378500,24457,6597043,5800300
4551,1278,1270,2377248,24439,6598313,6231700
4552,1267,1249,2375992,24446,6599562,5997200
4553,1266,1237,2374714,24487,6600799,6024000
4554,1231,1275,2373450,24476,6602074,6045200
4555,1239,1272,2372241,24413,6603346,6248400
4556,1278,1294,2370961,24399,6604640,6261900
4557,1280,1254,2369651,24455,6605894,5835100
4558,1255,1272,2368437,24397,6607166,6036800
4559,1301,1282,2367129,24423,6608448,5749800
4560,1283,1266,2365866,24420,6609714,6049300
4561,1290,1263,2364571,24452,6610977,5821600
4562,1192,1285,2363327,24411,6612262,5780400
4563,1272,1178,2362073,24487,6613440,5703400
4564,1160,1253,2360888,24419,6614693,6019200
4565,1209,1341,2359690,24276,6616034,6033700
4566,1261,1248,2358480,24238,6617282,5748600
4567,1196,1316,2357281,24121,6618598,5769400
4568,1234,1244,2356013,24145,6619842,5920900
4569,1247,1278,2354745,24135,6621120,5852100
4570,1235,1267,2353577,24036,6622387,5762800
4571,1293,1249,2352267,24097,6623636,7594700
4572,1331,1280,2350934,24150,6624916,7445000
4573,1269,1241,2349650,24193,6626157,7184300
4574,1247,1254,2348380,24209,6627411,6340400
4575,1269,1220,2347144,24225,6628631,6470800
4576,1297,1241,2345861,24267,6629872,6466600
4577,1251,1257,2344625,24246,6631129,6557800
4578,1279,1243,2343305,24323,6632372,6406300
4579,1254,1222,2342080,24326,6633594,6172100
4580,1252,1242,2340806,24358,6634836,6315600
4581,1306,1333,2339512,24319,6636169,6319300
4582,1279,1281,2338212,24338,6637450,6389400
4583,1267,1271,2336932,24347,6638721,6438600
4584,1344,1254,2335629,24396,6639975,6164100
4585,1207,1239,2334399,24387,6641214,6215800
4586,1212,1261,2333193,24332,6642475,6175900
4587,1192,1244,2331945,24336,6643719,6028000
4588,1260,1248,2330751,24282,6644967,6095100
4589,1235,1243,2329511,24279,6646210,6066900
4590,1250,1230,2328251,24309,6647440,6005100
4591,1199,1218,2327040,24302,6648658,6121800
4592,1162,1270,2325845,24227,6649928,6426300
4593,1234,1202,2324674,24196,6651130,6342200
4594,1266,1259,2323395,24216,6652389,6048700
4595,1208,1235,2322160,24216,6653624,6129900
4596,1133,1214,2321023,24139,6654838,6482600
4597,1188,1250,2319846,24066,6656088,5929500
4598,1230,1281,2318605,24026,6657369,6152100
4599,1191,1238,2317415,23978,6658607,6085600
4600,1246,1238,2316193,23962,6659845,6164900
4601,1206,1292,2314980,23883,6661137,6183100
4602,1201,1264,2313757,23842,6662401,6382800
4603,1165,1261,2312595,23743,6663662,6234200
4604,1181,1222,2311432,23684,6664884,6079000
4605,1156,1237,2310249,23630,6666121,6286000
4606,1244,1233,2309034,23612,6667354,6342300
4607,1250,1216,2307819,23611,6668570,6298100
4608,1272,1254,2306516,23660,6669824,6941500
4609,1203,1204,2305325,23647,6671028,6273100
4610,1295,1207,2304022,23743,6672235,6385600
4611,1258,1215,2302774,23776,6673450,6636200
4612,1206,1262,2301538,23750,6674712,6739300
4613,1253,1180,2300281,23827,6675892,6863000
4614,1173,1233,2299132,23743,6677125,6137100
4615,1184,1251,2297918,23706,6678376,6116500
4616,1230,1246,2296701,23677,6679622,5952100
4617,1228,1231,2295475,23672,6680853,5800100
4618,1216,1240,2294273,23634,6682093,5746600
4619,1191,1262,2293043,23602,6683355,5871300
4620,1163,1306,2291868,23471,6684661,5764000
4621,1135,1183,2290760,23396,6685844,5840700
4622,1166,1189,2289595,23372,6687033,5705400
4623,1198,1193,2288403,23371,6688226,6119400
4624,1210,1195,2287216,23363,6689421,6319900
4625,1145,1238,2286041,23300,6690659,5928500
4626,1121,1227,2284889,23225,6691886,6277100
4627,1205,1218,2283735,23161,6693104,6432400
4628,1219,1201,2282518,23177,6694305,6280500
4629,1181,1195,2281327,23173,6695500,6273500
4630,1211,1229,2280097,23174,6696729,6497300
4631,1119,1164,2278953,23154,6697893,6277200
4632,1218,1223,2277776,23108,6699116,6091700
4633,1118,1172,2276625,23087,6700288,6029600
4634,1043,1159,2275588,22965,6701447,6412300
4635,1142,1188,2274477,22888,6702635,6232900
4636,1138,1146,2273326,22893,6703781,6306100
4637,1110,1173,2272203,22843,6704954,6603500
4638,1092,1182,2271125,22739,6706136,6051500
4639,1155,1141,2269954,22769,6707277,5972300
4640,1125,1182,2268837,22704,6708459,5906600
4641,1111,1187,2267734,22620,6709646,6384300
4642,1197,1207,2266553,22594,6710853,6137600
4643,1180,1190,2265374,22583,6712043,6456000
4644,1192,1203,2264174,22580,6713246,6055600
4645,1127,1164,2263047,22543,6714410,6377900
4646,1128,1119,2261917,22554,6715529,6430900
4647,1132,1169,2260765,22537,6716698,6447100
4648,1128,1153,2259628,22521,6717851,6532800
4649,1066,1186,2258562,22401,6719037,6439500
4650,1162,1183,2257424,22356,6720220,6396800
4651,1164,1119,2256265,22396,6721339,6474600
4652,1119,1189,2255104,22368,6722528,6429100
4653,1157,1155,2253971,22346,6723683,6614000
4654,1109,1078,2252833,22406,6724761,7000100
4655,1201,1136,2251684,22419,6725897,6760900
4656,1112,1202,2250544,22357,6727099,6455100
4657,1178,1142,2249386,22373,6728241,6297900
4658,1127,1166,2248248,22345,6729407,6999400
4659,1093,1153,2247148,22292,6730560,7258400
4660,1074,1134,2246049,22257,6731694,6252600
4661,1123,1163,2244956,22187,6732857,6113400
4662,1151,1100,2243772,22271,6733957,6080700
4663,1108,1081,2242691,22271,6735038,6083700
4664,1140,1126,2241541,22295,6736164,5887600
4665,1197,1164,2240365,22307,6737328,5941100
4666,1143,1166,2239206,22300,6738494,6040500
4667,1150,1183,2238080,22243,6739677,6437800
4668,1079,1165,2236982,22176,6740842,6610300
4669,1118,1198,2235873,22087,6742040,7178300
4670,1172,1186,2234694,22080,6743226,6268800
4671,1082,1107,2233617,22050,6744333,6940700
4672,1042,1138,2232591,21938,6745471,7737000
4673,1070,1125,2231488,21916,6746596,6711300
4674,1135,1137,2230368,21899,6747733,6706000
4675,1085,1166,2229268,21833,6748899,6801000
4676,1058,1095,2228210,21796,6749994,6437000
4677,1086,1095,2227114,21797,6751089,6476500
4678,1150,1137,2226010,21764,6752226,6418600
4679,1040,1117,2224923,21734,6753343,6279600
4680,1104,1089,2223836,21732,6754432,6144300
4681,1081,1166,2222749,21653,6755598,6154900
4682,1128,1064,2221635,21703,6756662,6276900
4683,1025,1076,2220562,21700,6757738,6264500
4684,1103,1105,2219503,21654,6758843,6336000
4685,1109,1108,2218396,21653,6759951,6790300
4686,1077,1153,2217309,21587,6761104,8286600
4687,1119,1189,2216209,21498,6762293,9021700
4688,1112,1136,2215102,21469,6763429,7349200
4689,1104,1128,2213956,21487,6764557,6918900
4690,995,1087,2212971,21385,6765644,7293100
4691,1102,1166,2211884,21306,6766810,6958900
4692,1128,1119,2210740,21331,6767929,6974200
4693,1095,1143,2209675,21253,6769072,7577100
4694,1174,1100,2208506,21322,6770172,7188200
4695,1055,1102,2207429,21297,6771274,7652600
4696,1112,1148,2206329,21249,6772422,7785800
4697,1056,1150,2205261,21167,6773572,10630500
4698,1100,1107,2204154,21167,6774679,7456600
4699,1051,1090,2203085,21146,6775769,9210800
4700,1109,1083,2202016,21132,6776852,7276800
4701,1168,1105,2200846,21197,6777957,6352900
4702,1109,1067,2199761,21215,6779024,6456700
4703,1062,1118,2198644,21214,6780142,6588300
4704,1082,1089,2197597,21172,6781231,6114900
4705,1120,1093,2196439,21237,6782324,6357500
4706,1130,1133,2195328,21215,6783457,7259200
4707,1101,1085,2194221,21237,6784542,7242800
4708,1094,1075,2193138,21245,6785617,7235800
4709,1038,1078,2192105,21200,6786695,7104600
4710,1074,1096,2191038,21171,6787791,6361900
4711,1027,1094,2189965,21150,6788885,6808400
4712,1028,1050,2188942,21123,6789935,8860100
4713,1074,1074,2187924,21067,6791009,8065600
4714,1007,1039,2186883,21069,6792048,7500700
4715,1059,1136,2185833,20983,6793184,7177500
4716,1043,1125,2184778,20913,6794309,7190700
4717,1042,1029,2183715,20947,6795338,7661000
4718,1034,1070,2182707,20885,6796408,7973200
4719,1011,1065,2181692,20835,6797473,7555000
4720,1036,1033,2180674,20820,6798506,7068400
4721,1066,1034,2179572,20888,6799540,6799000
4722,996,1069,2178557,20834,6800609,6694400
4723,1059,1052,2177539,20800,6801661,6560600
4724,994,1095,2176533,20711,6802756,6486100
4725,1100,1137,2175439,20668,6803893,6400400
4726,1022,1109,2174439,20559,6805002,5988600
4727,1086,1093,2173339,20566,6806095,6032800
4728,978,1017,2172339,20549,6807112,5942700
4729,1074,1055,2171293,20540,6808167,5850700
4730,1106,1022,2170182,20629,6809189,5956600
4731,1017,1079,2169154,20578,6810268,5862000
4732,1050,1045,2168153,20534,6811313,6100200
4733,1072,1117,2167048,20522,6812430,6120800
4734,1013,1033,2166018,20519,6813463,6501200
4735,1091,1062,2164934,20541,6814525,6311000
4736,1034,1081,2163886,20508,6815606,5992700
4737,1023,1105,2162881,20408,6816711,5958900
4738,1044,1124,2161822,20343,6817835,5775100
4739,1023,1038,2160829,20298,6818873,5893700
4740,1009,1091,2159783,20253,6819964,5672800
4741,1039,1092,2158756,20188,6821056,5788300
4742,1059,1005,2157714,20225,6822061,5662700
4743,1051,1098,2156664,20177,6823159,6362000
4744,995,1047,2155650,20144,6824206,6490900
4745,1034,961,2154600,20233,6825167,5869700
4746,1065,1013,2153543,20277,6826180,5760700
4747,1061,1036,2152480,20304,6827216,5730300
4748,1087,1085,2151424,20275,6828301,5886400
4749,1067,1039,2150320,20340,6829340,5728200
4750,1051,1041,2149305,20314,6830381,5656400
4751,1117,1057,2148193,20369,6831438,5783000
4752,1079,1010,2147084,20468,6832448,5923400
4753,1107,1045,2145993,20514,6833493,5879400
4754,1126,1088,2144874,20545,6834581,6028700
4755,1036,1000,2143847,20572,6835581,5692000
4756,1068,1030,2142764,20625,6836611,5749400
4757,1078,964,2141682,20743,6837575,5922900
4758,1055,1079,2140632,20714,6838654,5966900
4759,1033,1072,2139569,20705,6839726,5782500
4760,1052,1060,2138519,20695,6840786,6104500
4761,1116,1094,2137425,20695,6841880,5887400
4762,1087,1102,2136344,20674,6842982,5693400
4763,1104,1098,2135245,20675,6844080,5690700
4764,1060,1047,2134160,20713,6845127,5869500
4765,1084,1124,2133112,20637,6846251,5727400
4766,1053,1075,2132048,20626,6847326,5852100
4767,977,1073,2131056,20545,6848399,5749500
4768,1094,1069,2129990,20542,6849468,6004900
4769,1074,1081,2128900,20551,6850549,5943000
4770,1060,1088,2127821,20542,6851637,6124500
4771,1030,1079,2126809,20475,6852716,5843800
4772,1043,1078,2125755,20451,6853794,5862300
4773,1070,1052,2124685,20469,6854846,5753100
4774,994,1086,2123681,20387,6855932,5629500
4775,1070,1067,2122615,20386,6856999,6492000
4776,1016,1084,2121611,20306,6858083,6361200
4777,1009,1037,2120587,20293,6859120,6058900
4778,991,1051,2119575,20254,6860171,5924900
4779,1058,1059,2118516,20254,6861230,5730800
4780,1035,1094,2117507,20169,6862324,5775300
4781,1013,1038,2116518,20120,6863362,5719600
4782,1051,1063,2115426,20149,6864425,5624100
4783,1079,1098,2114370,20107,6865523,5747600
4784,1040,1085,2113342,20050,6866608,5665900
4785,1125,1038,2112195,20159,6867646,5655500
4786,1042,1064,2111165,20125,6868710,5591000
4787,1056,1031,2110105,20154,6869741,5840600
4788,1046,1037,2109039,20183,6870778,6265900
4789,988,1063,2108037,20122,6871841,6012800
4790,1013,1059,2107043,20057,6872900,5782900
4791,994,1054,2106057,19989,6873954,6270700
4792,1046,968,2105012,20066,6874922,5573300
4793,1041,1022,2103965,20091,6875944,5774700
4794,1041,1079,2102943,20034,6877023,5657800
4795,1046,1054,2101883,20040,6878077,5611600
4796,1061,1058,2100819,20046,6879135,5666300
4797,983,1006,2099837,20022,6880141,5654200
4798,1046,1085,2098801,19973,6881226,6398200
4799,1012,1009,2097792,19973,6882235,5831300
4800,1040,1031,2096752,19982,6883266,5918600
4801,1031,1043,2095722,19969,6884309,5829500
4802,991,1024,2094720,19947,6885333,6186000
4803,1049,1043,2093680,19944,6886376,5771100
4804,991,1000,2092671,19953,6887376,5934900
4805,983,1039,2091685,19900,6888415,5954000
4806,1041,992,2090685,19908,6889407,5638100
4807,1013,988,2089639,19966,6890395,5904200
4808,1009,1056,2088639,19910,6891451,5728900
4809,1111,999,2087527,20023,6892450,5792200
4810,984,1087,2086534,19929,6893537,5649300
4811,1012,1056,2085536,19871,6894593,5651200
4812,999,1078,2084506,19823,6895671,6012700
4813,980,945,2083528,19856,6896616,5857300
4814,1060,1008,2082509,19867,6897624,5659800
4815,1076,1013,2081428,19935,6898637,5804000
4816,972,1016,2080407,19940,6899653,5649900
4817,1021,1012,2079434,19901,6900665,5665300
4818,1027,1031,2078395,19909,6901696,5652500
4819,1064,1067,2077349,19888,6902763,5603900
4820,1002,1051,2076326,19860,6903814,5744700
4821,1059,1064,2075269,19853,6904878,5604000
4822,1002,1032,2074256,19834,6905910,5650400
4823,1033,1049,2073230,19811,6906959,5703200
4824,973,1085,2072247,19709,6908044,5938500
4825,1014,1010,2071266,19680,6909054,5695200
4826,1024,994,2070219,19733,6910048,5685200
4827,987,1012,2069229,19711,6911060,5655200
4828,992,1035,2068230,19675,6912095,5785100
4829,995,1029,2067249,19627,6913124,5558500
4830,1093,1034,2066165,19677,6914158,5913100
4831,1067,1035,2065100,19707,6915193,5819500
4832,981,1052,2064117,19638,6916245,5705100
4833,1049,1005,2063067,19683,6917250,5544700
4834,1034,1008,2062019,19723,6918258,5891900
4835,1014,977,2060990,19775,6919235,5758100
4836,1068,1063,2059945,19757,6920298,5978200
4837,1092,1023,2058845,19834,6921321,5597900
4838,1035,1019,2057822,19838,6922340,5691700
4839,1000,1086,2056809,19765,6923426,5730200
4840,1023,967,2055800,19807,6924393,5634600
4841,1030,997,2054733,19877,6925390,5564500
4842,1024,1033,2053755,19822,6926423,5600100
4843,1024,974,2052689,19914,6927397,5489100
4844,960,1093,2051741,19769,6928490,5520600
4845,1048,1027,2050703,19780,6929517,5556400
4846,1080,979,2049636,19868,6930496,5650400
4847,1039,1040,2048595,19869,6931536,5773100
4848,1099,1054,2047524,19886,6932590,5685000
4849,1028,1046,2046489,19875,6933636,5659000
4850,1051,969,2045405,19990,6934605,5577400
4851,1052,1030,2044384,19981,6935635,5502200
4852,1067,998,2043311,20056,6936633,5647900
4853,1078,1063,2042209,20095,6937696,5641200
4854,1036,1044,2041156,20104,6938740,5595100
4855,1038,1050,2040134,20076,6939790,5544300
4856,1056,997,2039084,20129,6940787,5516800
4857,998,1085,2038073,20055,6941872,5477100
4858,1091,1031,2037034,20063,6942903,5624000
4859,1029,1071,2035938,20088,6943974,5471800
4860,998,1109,2034982,19935,6945083,5645200
4861,979,1040,2033957,19920,6946123,5582200
4862,1012,1006,2032958,19913,6947129,5464700
4863,1044,1011,2031929,19931,6948140,5564400
4864,972,1047,2030957,19856,6949187,5608300
4865,1052,1062,2029917,19834,6950249,5626800
4866,1065,1077,2028822,19852,6951326,5847800
4867,1001,1075,2027827,19772,6952401,5736500
4868,1034,970,2026805,19824,6953371,5590000
4869,986,1046,2025825,19758,6954417,5639500
4870,959,1095,2024854,19634,6955512,5645600
4871,1032,947,2023851,19690,6956459,5682300
4872,1051,1000,2022793,19748,6957459,5973400
4873,1016,1004,2021768,19769,6958463,5540700
4874,1004,981,2020758,19798,6959444,5820500
4875,1017,1040,2019752,19764,6960484,5786000
4876,989,1035,2018739,19742,6961519,5876200
4877,1074,1085,2017701,19695,6962604,5969000
4878,1037,1035,2016656,19705,6963639,5895100
4879,1051,1009,2015588,19764,6964648,5750200
4880,1043,1003,2014553,19796,6965651,5826200
4881,1055,1033,2013495,19821,6966684,5723600
4882,1054,1021,2012460,19835,6967705,5977600
4883,1005,1058,2011406,19831,6968763,6045500
4884,999,1054,2010440,19743,6969817,5736700
4885,1021,980,2009431,19772,6970797,5686400
4886,1022,1044,2008392,19767,6971841,6020000
4887,1108,1023,2007297,19839,6972864,6343000
4888,1060,997,2006226,19913,6973861,5777900
4889,1081,1044,2005118,19977,6974905,5730500
4890,995,1067,2004151,19877,6975972,5847300
4891,1018,1020,2003123,19885,6976992,6246900
4892,1070,989,2002056,19963,6977981,5822400
4893,906,1035,2001135,19849,6979016,5721700
4894,1005,977,2000154,19853,6979993,5696900
4895,1017,986,1999134,19887,6980979,6005800
4896,1041,1008,1998075,19938,6981987,5895100
4897,1034,1087,1997028,19898,6983074,5945500
4898,1029,1053,1996030,19843,6984127,5728700
4899,1004,1004,1994990,19879,6985131,5648400
4900,995,1033,1994026,19810,6986164,5700500
4901,1040,1016,1993017,19803,6987180,5846900
4902,964,1055,1992007,19758,6988235,5689400
4903,954,1067,1991049,19649,6989302,5707200
4904,978,1023,1990075,19600,6990325,5826300
4905,999,1032,1989086,19557,6991357,5834200
4906,1016,957,1988087,19599,6992314,5874000
4907,990,993,1987066,19627,6993307,5743100
4908,1047,1061,1986046,19586,6994368,5617600
4909,1003,984,1985011,19637,6995352,5620100
4910,933,1070,1984090,19488,6996422,5472700
4911,993,982,1983105,19491,6997404,5506100
4912,1004,962,1982058,19576,6998366,5792700
4913,960,1010,1981127,19497,6999376,5585800
4914,993,1021,1980127,19476,7000397,5522500
4915,946,999,1979202,19402,7001396,5685000
4916,937,992,1978245,19367,7002388,5795100
4917,989,982,1977282,19348,7003370,5787500
4918,939,1026,1976347,19257,7004396,5754600
4919,969,964,1975351,19289,7005360,5761100
4920,990,1011,1974373,19256,7006371,5638700
4921,912,986,1973450,19193,7007357,5535700
4922,929,965,1972539,19139,7008322,5612200
4923,947,954,1971569,19155,7009276,6041400
4924,958,1018,1970614,19092,7010294,5515300
4925,919,982,1969709,19015,7011276,5587100
4926,986,984,1968716,19024,7012260,5667800
4927,950,975,1967755,19010,7013235,6089100
4928,1033,987,1966752,19026,7014222,5694700
4929,959,1013,1965780,18985,7015235,5808200
4930,1011,1010,1964763,18992,7016245,5884700
4931,963,989,1963787,18979,7017234,5719800
4932,1018,1020,1962795,18951,7018254,5507700
4933,986,962,1961783,19001,7019216,5547800
4934,1030,968,1960787,19029,7020184,5789300
4935,988,955,1959789,19072,7021139,5600300
4936,952,1015,1958821,19025,7022154,5605800
4937,1007,965,1957851,19030,7023119,5718700
4938,1004,1021,1956804,19056,7024140,5983900
4939,994,957,1955850,19053,7025097,5771900
4940,936,950,1954869,19084,7026047,5800600
4941,1013,958,1953897,19098,7027005,5593400
4942,990,970,1952904,19121,7027975,5575400
4943,1003,1016,1951908,19101,7028991,5580200
4944,921,1053,1950949,19007,7030044,5522200
4945,1048,997,1949942,19017,7031041,5573100
4946,1030,1034,1948913,19012,7032075,5696900
4947,967,1002,1947914,19009,7033077,5728500
4948,985,959,1946946,19018,7034036,5550200
4949,985,961,1945958,19045,7034997,5496200
4950,993,962,1944969,19072,7035959,5482300
4951,982,1055,1943983,19003,7037014,5525100
4952,966,997,1942993,18996,7038011,5763000
4953,907,1010,1942057,18922,7039021,5661500
4954,1001,942,1941095,18942,7039963,5651500
4955,973,1008,1940125,18904,7040971,5546200
4956,989,995,1939154,18880,7041966,5562400
4957,979,957,1938155,18922,7042923,5515300
4958,930,999,1937231,18847,7043922,5486200
4959,1015,919,1936249,18910,7044841,5606200
4960,974,980,1935243,18936,7045821,5576200
4961,965,952,1934275,18952,7046773,5456600
4962,933,942,1933321,18964,7047715,5761300
4963,880,979,1932442,18864,7048694,5759000
4964,965,989,1931495,18822,7049683,5652200
4965,950,983,1930517,18817,7050666,5489800
4966,945,934,1929600,18800,7051600,5511600
4967,994,940,1928628,18832,7052540,5422400
4968,1009,962,1927611,18887,7053502,5586700
4969,951,941,1926630,18927,7054443,5563300
4970,894,988,1925717,18852,7055431,5554400
4971,976,991,1924760,18818,7056422,5542400
4972,951,1005,1923804,18769,7057427,5440400
4973,984,905,1922865,18803,7058332,5619800
4974,978,1028,1921853,18787,7059360,5568200
4975,971,1036,1920900,18704,7060396,5514200
4976,950,980,1919947,18677,7061376,5657500
4977,951,962,1918976,18686,7062338,5693100
4978,989,945,1918017,18700,7063283,5527800
4979,1035,928,1916969,18820,7064211,5588300
4980,1007,1003,1915977,18809,7065214,5507500
4981,927,995,1915038,18753,7066209,6509300
4982,1012,955,1914029,18807,7067164,5582400
4983,963,977,1913091,18768,7068141,5515300
4984,986,970,1912085,18804,7069111,5485000
4985,984,968,1911082,18839,7070079,5566500
4986,884,1019,1910163,18739,7071098,5554300
4987,931,1002,1909267,18633,7072100,5584500
4988,971,943,1908316,18641,7073043,5534600
4989,915,995,1907373,18589,7074038,5534800
4990,927,987,1906444,18531,7075025,5866500
4991,960,973,1905493,18509,7075998,6077400
4992,958,973,1904546,18483,7076971,5945600
4993,918,938,1903599,18492,7077909,5893800
4994,924,925,1902682,18484,7078834,6211400
4995,905,991,1901796,18379,7079825,5830000
4996,964,955,1900845,18375,7080780,5621700
4997,979,963,1899856,18401,7081743,5451100
4998,951,929,1898880,18448,7082672,5839000
4999,936,971,1897952,18405,7083643,5789500
5000,922,900,1897028,18429,7084543,5949500
5001,948,977,1896079,18401,7085520,5902800
5002,972,935,1895109,18436,7086455,5759500
5003,986,948,1894126,18471,7087403,5584000
5004,950,984,1893174,18439,7088387,5678200
5005,955,983,1892244,18386,7089370,5564300
5006,933,983,1891280,18367,7090353,5512000
5007,915,979,1890353,18315,7091332,5432000
5008,921,968,1889438,18262,7092300,5482300
5009,878,927,1888557,18216,7093227,5910700
5010,924,981,1887631,18161,7094208,5980000
5011,1015,916,1886677,18199,7095124,5849700
5012,966,919,1885654,18303,7096043,5796400
5013,913,990,1884741,18226,7097033,5614300
5014,995,967,1883764,18236,7098000,5512900
5015,1002,957,1882757,18286,7098957,5454100
5016,975,972,1881786,18285,7099929,5424300
5017,981,923,1880818,18330,7100852,5566700
5018,963,1013,1879859,18276,7101865,5468400
5019,985,946,1878879,18310,7102811,5447500
5020,918,935,1877944,18310,7103746,5624900
5021,965,976,1876946,18332,7104722,5508700
5022,996,963,1875976,18339,7105685,5452600
5023,930,984,1875070,18261,7106669,5593900
5024,979,953,1874078,18300,7107622,5634800
5025,960,925,1873115,18338,7108547,5677700
5026,979,934,1872128,18391,7109481,5528100
5027,961,989,1871171,18359,7110470,5410500
5028,911,972,1870270,18288,7111442,5522300
5029,967,972,1869297,18289,7112414,5520100
5030,1015,918,1868307,18361,7113332,5412200
5031,917,869,1867357,18442,7114201,5563800
5032,964,919,1866410,18470,7115120,5556300
5033,954,958,1865436,18486,7116078,5503500
5034,970,1029,1864447,18446,7117107,5575400
5035,933,918,1863524,18451,7118025,5650100
5036,934,923,1862596,18456,7118948,5790200
5037,972,993,1861639,18420,7119941,5682600
5038,933,984,1860688,18387,7120925,5718300
5039,924,966,1859758,18351,7121891,6001600
5040,938,933,1858873,18303,7122824,6129300
5041,932,937,1857913,18326,7123761,6068700
5042,923,967,1856974,18298,7124728,6027000
5043,908,919,1856065,18288,7125647,5885800
5044,886,894,1855183,18276,7126541,6427100
5045,925,1003,1854245,18211,7127544,5943900
5046,884,968,1853379,18109,7128512,5745900
5047,906,949,1852478,18061,7129461,6162400
5048,896,941,1851561,18037,7130402,6011800
5049,861,910,1850699,17989,7131312,5743000
5050,892,966,1849833,17889,7132278,6108800
5051,907,997,1848908,17817,7133275,5959000
5052,858,907,1848041,17777,7134182,5970700
5053,896,895,1847160,17763,7135077,5869400
5054,927,847,1846244,17832,7135924,5828200
5055,896,895,1845361,17820,7136819,6015400
5056,935,963,1844410,17808,7137782,5876600
5057,925,898,1843475,17845,7138680,5743700
5058,930,887,1842564,17869,7139567,5602900
5059,988,971,1841583,17879,7140538,5824700
5060,981,909,1840568,17985,7141447,5940800
5061,911,944,1839670,17939,7142391,5841500
5062,967,917,1838746,17946,7143308,5813300
5063,914,962,1837794,17936,7144270,5812400
5064,902,987,1836868,17875,7145257,5536800
5065,962,918,1835927,17898,7146175,5644600
5066,913,907,1835005,17913,7147082,5737100
5067,881,922,1834135,17861,7148004,5582200
5068,888,977,1833234,17785,7148981,5594200
5069,925,955,1832326,17738,7149936,5579500
5070,945,940,1831381,17743,7150876,5581300
5071,888,934,1830459,17731,7151810,5610700
5072,899,894,1829565,17731,7152704,5558900
5073,905,929,1828675,17692,7153633,5620700
5074,869,927,1827803,17637,7154560,5799700
5075,833,898,1826954,17588,7155458,5632900
5076,845,930,1826090,17522,7156388,5621600
5077,863,950,1825242,17420,7157338,5579300
5078,858,873,1824381,17408,7158211,5559300
5079,923,931,1823486,17372,7159142,5577300
5080,856,901,1822623,17334,7160043,5507100
5081,874,923,1821747,17287,7160966,5649500
5082,901,896,1820849,17289,7161862,5813900
5083,900,904,1819954,17280,7162766,5880200
5084,897,874,1819069,17291,7163640,5598500
5085,895,865,1818171,17324,7164505,5719000
5086,893,885,1817270,17340,7165390,5676700
5087,951,903,1816328,17379,7166293,5470000
5088,889,910,1815434,17363,7167203,5516900
5089,907,865,1814525,17407,7168068,5466800
5090,914,887,1813589,17456,7168955,5551600
5091,877,883,1812721,17441,7169838,5782000
5092,896,895,1811819,17448,7170733,5702800
5093,920,888,1810911,17468,7171621,5501400
5094,928,928,1809956,17495,7172549,5807300
5095,890,891,1809087,17473,7173440,5596000
5096,963,907,1808149,17504,7174347,5649600
5097,985,898,1807164,17591,7175245,5703900
5098,873,876,1806253,17626,7176121,5460200
5099,961,891,1805340,17648,7177012,5592000
5100,931,931,1804377,17680,7177943,5512800
5101,931,920,1803462,17675,7178863,5570100
5102,930,887,1802517,17733,7179750,5437000
5103,929,940,1801606,17704,7180690,5479000
5104,947,875,1800666,17769,7181565,5469000
5105,918,904,1799736,17795,7182469,5539300
5106,909,887,1798807,17837,7183356,5519200
5107,920,882,1797882,17880,7184238,5572300
5108,928,907,1796971,17884,7185145,5611800
5109,890,903,1796080,17872,7186048,5445000
5110,900,958,1795175,17819,7187006,5505600
5111,924,922,1794254,17818,7187928,5525000
5112,883,949,1793377,17746,7188877,5559600
5113,954,947,1792457,17719,7189824,5443500
5114,845,919,1791557,17700,7190743,5526300
5115,941,964,1790637,17656,7191707,5442600
5116,944,937,1789701,17655,7192644,5507900
5117,962,912,1788730,17714,7193556,5813100
5118,960,927,1787774,17743,7194483,5888200
5119,910,954,1786832,17731,7195437,5869300
5120,918,918,1785962,17683,7196355,5682300
5121,902,959,1785022,17664,7197314,5646500
5122,953,898,1784074,17714,7198212,5685200
5123,921,934,1783152,17702,7199146,5713100
5124,924,915,1782221,17718,7200061,5712100
5125,906,914,1781315,17710,7200975,5627200
5126,885,933,1780448,17644,7201908,5563200
5127,922,916,1779505,17671,7202824,5517800
5128,885,872,1778629,17675,7203696,5689600
5129,883,954,1777739,17611,7204650,5569000
5130,977,880,1776786,17684,7205530,5609700
5131,892,876,1775893,17701,7206406,5490700
5132,911,939,1774989,17666,7207345,5531400
5133,897,927,1774084,17644,7208272,5792600
5134,1026,892,1773073,17763,7209164,5550800
5135,977,917,1772080,17839,7210081,5512000
5136,972,926,1771108,17885,7211007,5513700
5137,984,919,1770145,17929,7211926,5610600
5138,938,971,1769158,17945,7212897,5527500
5139,992,964,1768207,17932,7213861,5527700
5140,895,965,1767292,17882,7214826,5876600
5141,866,922,1766431,17821,7215748,5664100
5142,907,1014,1765536,17702,7216762,5886100
5143,872,893,1764657,17688,7217655,5712300
5144,922,956,1763727,17662,7218611,5522700
5145,891,893,1762828,17668,7219504,5639200
5146,891,900,1761942,17654,7220404,5693500
5147,832,924,1761132,17540,7221328,6064200
5148,874,888,1760234,17550,7222216,5864900
5149,939,906,1759297,17581,7223122,6369100
5150,916,919,1758348,17611,7224041,5997600
5151,903,924,1757482,17553,7224965,5824500
5152,910,905,1756582,17548,7225870,5922900
5153,809,904,1755775,17451,7226774,5740100
5154,908,867,1754866,17493,7227641,5565000
5155,892,918,1753944,17497,7228559,5582100
5156,927,876,1753036,17529,7229435,5535900
5157,878,933,1752128,17504,7230368,5524100
5158,856,914,1751264,17454,7231282,5481900
5159,903,905,1750392,17421,7232187,5489800
5160,885,958,1749502,17353,7233145,5406900
5161,882,887,1748648,17320,7234032,5576900
5162,871,871,1747749,17348,7234903,5584400
5163,856,909,1746880,17308,7235812,5632500
5164,880,898,1746023,17267,7236710,5641800
5165,897,888,1745111,17291,7237598,5709700
5166,902,856,1744226,17320,7238454,5626300
5167,864,851,1743347,17348,7239305,5614100
5168,873,909,1742456,17330,7240214,5606200
5169,838,939,1741631,17216,7241153,5635100
5170,866,900,1740750,17197,7242053,5559100
5171,871,858,1739927,17162,7242911,5456100
5172,860,895,1739031,17163,7243806,5679900
5173,885,874,1738165,17155,7244680,5659500
5174,849,877,1737311,17132,7245557,6155300
5175,879,852,1736442,17149,7246409,6168700
5176,820,888,1735618,17085,7247297,6352600
5177,858,882,1734741,17080,7248179,6251000
5178,832,917,1733921,16983,7249096,5944500
5179,839,866,1733072,16966,7249962,6168500
5180,853,882,1732213,16943,7250844,5973200
5181,862,927,1731343,16886,7251771,5965700
5182,894,917,1730463,16849,7252688,5964900
5183,838,834,1729633,16845,7253522,6055400
5184,837,904,1728781,16793,7254426,6045300
5185,881,867,1727950,16757,7255293,6223700
5186,839,901,1727071,16735,7256194,6067400
5187,841,831,1726230,16745,7257025,6132500
5188,875,935,1725358,16682,7257960,5971200
5189,885,818,1724477,16745,7258778,5986300
5190,827,872,1723645,16705,7259650,6171400
5191,923,886,1722741,16723,7260536,5963900
5192,883,854,1721845,16765,7261390,5995700
5193,899,809,1720936,16865,7262199,5807400
5194,807,862,1720156,16783,7263061,5611200
5195,814,822,1719316,16801,7263883,5608500
5196,860,881,1718438,16798,7264764,5458500
5197,835,847,1717635,16754,7265611,5588800
5198,831,849,1716761,16779,7266460,5666400
5199,918,894,1715904,16742,7267354,5819000
5200,884,895,1714995,16756,7268249,5621600
5201,844,900,1714150,16701,7269149,5675500
5202,866,892,1713287,16672,7270041,5571600
5203,833,863,1712442,16654,7270904,5483900
5204,853,899,1711601,16596,7271803,5525700
5205,725,859,1710856,16482,7272662,5460800
5206,862,883,1710016,16439,7273545,5438300
5207,820,890,1709170,16395,7274435,5523100
5208,842,858,1708325,16382,7275293,5574400
5209,831,842,1707518,16347,7276135,5633700
5210,926,859,1706593,16413,7276994,5523000
5211,854,934,1705729,16343,7277928,5597200
5212,859,857,1704882,16333,7278785,5581100
5213,854,872,1704036,16307,7279657,5506000
5214,873,856,1703166,16321,7280513,5839700
5215,903,850,1702271,16366,7281363,6129300
5216,893,845,1701369,16423,7282208,5726700
5217,857,844,1700477,16471,7283052,5603700
5218,817,832,1699682,16434,7283884,6049100
5219,895,863,1698786,16467,7284747,5782700
5220,899,838,1697903,16512,7285585,5624200
5221,829,894,1697032,16489,7286479,5735300
5222,862,823,1696213,16485,7287302,5781800
5223,866,810,1695338,16550,7288112,5722800
5224,889,821,1694450,16617,7288933,5540600
5225,832,825,1693613,16629,7289758,5511500
5226,958,863,1692671,16708,7290621,5631300
5227,836,879,1691821,16679,7291500,5642900
5228,881,830,1690918,16752,7292330,5713900
5229,887,848,1690053,16769,7293178,5705300
5230,893,890,1689180,16752,7294068,5687800
5231,915,865,1688237,16830,7294933,5649500
5232,851,923,1687377,16767,7295856,5791600
5233,835,905,1686589,16650,7296761,5710000
5234,863,888,1685706,16645,7297649,5712600
5235,836,862,1684883,16606,7298511,5579800
5236,825,867,1684022,16600,7299378,5692400
5237,898,883,1683149,16590,7300261,5842700
5238,812,836,1682327,16576,7301097,6020200
5239,854,889,1681467,16547,7301986,6048600
5240,877,863,1680622,16529,7302849,6014000
5241,889,858,1679701,16592,7303707,5697000
5242,882,845,1678814,16634,7304552,5601400
5243,862,834,1677954,16660,7305386,5527400
5244,855,822,1677094,16698,7306208,5654300
5245,883,872,1676214,16706,7307080,5780100
5246,889,835,1675338,16747,7307915,5830300
5247,904,843,1674431,16811,7308758,5626700
5248,874,837,1673557,16848,7309595,5557800
5249,904,853,1672643,16909,7310448,5603000
5250,922,855,1671723,16974,7311303,5778700
5251,890,882,1670857,16958,7312185,5692900
5252,882,879,1669963,16973,7313064,5758900
5253,919,876,1669043,17017,7313940,5596200
5254,856,867,1668154,17039,7314807,5650000
5255,926,867,1667246,17080,7315674,5673300
5256,905,878,1666354,17094,7316552,5872700
5257,919,923,1665471,17054,7317475,5985800
5258,876,848,1664541,17136,7318323,5824400
5259,923,855,1663660,17162,7319178,5654500
5260,904,885,1662717,17220,7320063,5701400
5261,906,908,1661829,17200,7320971,5455000
5262,864,868,1660941,17220,7321839,5572600
5263,885,878,1660094,17189,7322717,5576200
5264,869,836,1659211,17236,7323553,5517500
5265,887,944,1658323,17180,7324497,5542800
5266,865,898,1657438,17167,7325395,5563800
5267,841,859,1656613,17133,7326254,5659600
5268,899,896,1655729,17121,7327150,5910300
5269,913,919,1654826,17105,7328069,5782600
5270,907,902,1653902,17127,7328971,5784100
5271,866,935,1653011,17083,7329906,5634100
5272,924,890,1652118,17086,7330796,5623700
5273,914,874,1651201,17129,7331670,5553800
5274,933,894,1650264,17172,7332564,5572000
5275,889,916,1649370,17150,7333480,5512800
5276,869,867,1648491,17162,7334347,5513400
5277,942,866,1647557,17230,7335213,5550000
5278,896,866,1646654,17267,7336079,5667200
5279,904,873,1645754,17294,7336952,5466800
5280,883,931,1644872,17245,7337883,5508000
5281,961,839,1643926,17352,7338722,5743400
5282,846,898,1643060,17320,7339620,5866500
5283,907,822,1642187,17371,7340442,5508600
5284,896,921,1641266,17371,7341363,5519400
5285,943,939,1640371,17327,7342302,5632100
5286,898,891,1639448,17359,7343193,5460600
5287,884,939,1638555,17313,7344132,5567800
5288,906,906,1637642,17320,7345038,5746600
5289,882,944,1636758,17260,7345982,5748100
5290,879,949,1635852,17217,7346931,6027100
5291,897,930,1634998,17141,7347861,6313700
5292,872,904,1634093,17142,7348765,6229300
5293,860,876,1633245,17114,7349641,6158200
5294,811,897,1632399,17063,7350538,5866900
5295,831,883,1631603,16976,7351421,6233900
5296,868,896,1630732,16951,7352317,6233200
5297,850,841,1629874,16968,7353158,5951500
5298,850,850,1629018,16974,7354008,6073000
5299,835,794,1628183,17015,7354802,5844200
5300,865,919,1627322,16957,7355721,5918300
5301,874,872,1626458,16949,7356593,6025100
5302,880,866,1625583,16958,7357459,6156800
5303,855,861,1624731,16949,7358320,6103200
5304,852,872,1623860,16948,7359192,6040800
5305,877,891,1623016,16901,7360083,6419700
5306,835,885,1622120,16912,7360968,6208600
5307,853,919,1621295,16818,7361887,6252200
5308,850,844,1620484,16785,7362731,6106100
5309,892,835,1619575,16859,7363566,5964200
5310,840,878,1618732,16824,7364444,5917600
5311,880,878,1617837,16841,7365322,5888600
5312,833,870,1617018,16790,7366192,5752400
5313,847,887,1616151,16770,7367079,5605300
5314,820,809,1615343,16769,7367888,5544200
5315,860,846,1614488,16778,7368734,5583500
5316,885,947,1613594,16725,7369681,5811800
5317,851,854,1612723,16742,7370535,5585100
5318,812,836,1611932,16697,7371371,5532400
5319,804,881,1611124,16624,7372252,5605400
5320,893,828,1610271,16649,7373080,5723900
5321,880,920,1609358,16642,7374000,5701000
5322,803,881,1608552,16567,7374881,5519800
5323,829,850,1607718,16551,7375731,5559000
5324,838,858,1606871,16540,7376589,5451300
5325,783,852,1606084,16475,7377441,5498700
5326,840,860,1605255,16444,7378301,5440600
5327,817,799,1604446,16454,7379100,5897900
5328,813,880,1603620,16400,7379980,5833600
5329,908,812,1602726,16482,7380792,5681900
5330,782,866,1601923,16419,7381658,5543900
5331,884,847,1601051,16444,7382505,5536700
5332,857,850,1600233,16412,7383355,5495000
5333,864,832,1599361,16452,7384187,5601700
5334,868,876,1598478,16459,7385063,5514900
5335,817,882,1597653,16402,7385945,5498300
5336,835,829,1596821,16405,7386774,5556800
5337,793,824,1596023,16379,7387598,5457100
5338,886,815,1595136,16451,7388413,5626800
5339,913,835,1594237,16515,7389248,5603300
5340,848,863,1593383,16506,7390111,5648500
5341,860,894,1592518,16477,7391005,5551300
5342,792,846,1591705,16444,7391851,5456300
5343,840,879,1590868,16402,7392730,5483700
5344,814,870,1590082,16318,7393600,5509100
5345,814,867,1589266,16267,7394467,5596100
5346,747,893,1588495,16145,7395360,5482000
5347,845,792,1587650,16198,7396152,5477900
5348,827,845,1586827,16176,7396997,5434200
5349,845,813,1585979,16211,7397810,5495400
5350,847,878,1585167,16145,7398688,5638800
5351,854,832,1584265,16215,7399520,5601300
5352,795,857,1583488,16135,7400377,5504700
5353,844,816,1582621,16186,7401193,5669000
5354,833,853,1581807,16147,7402046,5654000
5355,797,838,1581011,16105,7402884,5526300
5356,796,871,1580213,16032,7403755,5641100
5357,822,836,1579378,16031,7404591,5508200
5358,803,861,1578602,15946,7405452,5593900
5359,833,791,1577769,15988,7406243,5517500
5360,803,858,1576951,15948,7407101,5512300
5361,832,835,1576133,15931,7407936,5520000
5362,771,845,1575326,15893,7408781,5470600
5363,843,812,1574528,15879,7409593,5727500
5364,785,839,1573733,15835,7410432,5557500
5365,867,843,1572873,15852,7411275,5669300
5366,800,857,1572054,15814,7412132,5456000
5367,738,837,1571308,15723,7412969,5625700
5368,830,830,1570505,15696,7413799,5466200
5369,865,794,1569633,15774,7414593,5528600
5370,819,816,1568784,15807,7415409,5499900
5371,840,860,1567982,15749,7416269,5486500
5372,792,809,1567162,15760,7417078,5486300
5373,852,850,1566325,15747,7417928,5477800
5374,835,822,1565500,15750,7418750,5649600
5375,862,841,1564660,15749,7419591,5695800
5376,830,834,1563802,15773,7420425,5560600
5377,893,811,1562919,15845,7421236,5496700
5378,762,835,1562121,15808,7422071,5528400
5379,812,819,1561340,15770,7422890,5433600
5380,855,898,1560483,15729,7423788,5535900
5381,828,817,1559655,15740,7424605,5556400
5382,846,865,1558810,15720,7425470,5577100
5383,851,793,1557962,15775,7426263,5572500
5384,862,827,1557091,15819,7427090,5551500
5385,885,834,1556225,15851,7427924,5514600
5386,896,817,1555326,15933,7428741,5701500
5387,890,837,1554434,15988,7429578,5771200
5388,830,830,1553584,16008,7430408,5558200
5389,843,776,1552762,16054,7431184,5530300
5390,817,853,1551959,16004,7432037,5515000
5391,816,814,1551116,16033,7432851,5481800
5392,842,797,1550276,16076,7433648,5601200
5393,823,830,1549439,16083,7434478,5467600
5394,825,803,1548605,16114,7435281,5541300
5395,812,880,1547820,16019,7436161,5648100
5396,827,848,1546969,16022,7437009,5802900
5397,857,805,1546113,16073,7437814,5717300
5398,845,792,1545279,16115,7438606,5723700
5399,793,836,1544484,16074,7439442,5681400
5400,874,833,1543645,16080,7440275,5568100
5401,804,813,1542820,16092,7441088,5516600
5402,838,833,1541987,16092,7441921,5504400
5403,820,793,1541144,16142,7442714,5526700
5404,902,848,1540252,16186,7443562,5789700
5405,850,898,1539411,16129,7444460,5612300
5406,801,839,1538607,16094,7445299,5710100
5407,850,881,1537740,16080,7446180,5586200
5408,785,850,1536954,16016,7447030,5553000
5409,809,836,1536159,15975,7447866,5643900
5410,852,833,1535329,15972,7448699,6010000
5411,817,784,1534484,16033,7449483,6140100
5412,848,863,1533643,16011,7450346,6448800
5413,818,831,1532812,16011,7451177,6597400
5414,863,785,1531962,16076,7451962,6429500
5415,820,868,1531136,16034,7452830,5984700
5416,862,827,1530290,16053,7453657,5892400
5417,795,795,1529483,16065,7454452,5561300
5418,828,839,1528643,16066,7455291,5463500
5419,881,868,1527787,16054,7456159,5694600
5420,848,829,1526936,16076,7456988,5671500
5421,839,828,1526080,16104,7457816,5843300
5422,844,794,1525243,16147,7458610,5847400
5423,815,809,1524412,16169,7459419,5661600
5424,859,847,1523580,16154,7460266,5707600
5425,829,807,1522734,16193,7461073,5684200
5426,852,845,1521879,16203,7461918,5668800
5427,863,786,1521018,16278,7462704,5586300
5428,839,839,1520190,16267,7463543,5634900
5429,828,827,1519352,16278,7464370,5685700
5430,783,880,1518584,16166,7465250,5797300
5431,798,820,1517775,16155,7466070,5684100
5432,734,818,1517008,16104,7466888,5896400
5433,815,825,1516211,16076,7467713,5778800
5434,790,820,1515416,16051,7468533,5703600
5435,835,786,1514599,16082,7469319,5889600
5436,808,780,1513770,16131,7470099,5633400
5437,880,826,1512912,16163,7470925,5790000
5438,803,867,1512097,16111,7471792,5522800
5439,873,848,1511279,16081,7472640,5663500
5440,861,826,1510358,16176,7473466,5541700
5441,816,868,1509571,16095,7474334,5608600
5442,873,857,1508686,16123,7475191,5564800
5443,860,836,1507828,16145,7476027,5488600
5444,842,869,1507022,16082,7476896,5682200
5445,867,829,1506114,16161,7477725,5812700
5446,797,838,1505321,16116,7478563,5759400
5447,837,806,1504494,16137,7479369,5623600
5448,831,849,1503650,16132,7480218,5881300
5449,787,849,1502858,16075,7481067,6160400
5450,884,921,1501969,16043,7481988,5594600
5451,883,823,1501104,16085,7482811,5627600
5452,848,847,1500250,16092,7483658,5608800
5453,829,828,1499433,16081,7484486,5464000
5454,804,817,1498620,16077,7485303,5506800
5455,843,830,1497793,16074,7486133,5614700
5456,808,818,1496974,16075,7486951,5871100
5457,815,822,1496134,16093,7487773,5880500
5458,824,819,1495309,16099,7488592,5880800
5459,831,807,1494517,16084,7489399,5635900
5460,803,828,1493693,16080,7490227,5518300
5461,766,858,1492910,16005,7491085,5421500
5462,780,739,1492140,16036,7491824,5502600
5463,736,818,1491383,15975,7492642,5568300
5464,811,800,1490603,15955,7493442,5633800
5465,822,803,1489774,15981,7494245,5627300
5466,815,808,1488972,15975,7495053,5828600
5467,774,832,1488172,15943,7495885,5810000
5468,800,863,1487378,15874,7496748,5641000
5469,837,842,1486547,15863,7497590,5632900
5470,830,827,1485707,15876,7498417,5539800
5471,828,845,1484891,15847,7499262,5537100
5472,801,806,1484079,15853,7500068,5516300
5473,829,829,1483253,15850,7500897,5540300
5474,785,783,1482469,15851,7501680,5603600
5475,814,839,1481650,15831,7502519,5405800
5476,824,785,1480862,15834,7503304,5466300
5477,838,764,1479999,15933,7504068,5559800
5478,858,824,1479157,15951,7504892,5582900
5479,838,805,1478312,15991,7505697,5560100
5480,813,826,1477497,15980,7506523,5888100
5481,849,843,1476666,15968,7507366,6096600
5482,808,824,1475838,15972,7508190,5936100
5483,835,839,1474995,15976,7509029,5825200
5484,832,815,1474161,15995,7509844,5841700
5485,857,895,1473338,15923,7510739,5828400
5486,861,808,1472466,15987,7511547,5681400
5487,829,815,1471618,16020,7512362,5653500
5488,842,790,1470802,16046,7513152,5453000
5489,783,796,1469990,16062,7513948,5420900
5490,837,877,1469168,16007,7514825,5793000
5491,823,799,1468360,16016,7515624,5650800
5492,796,841,1467550,15985,7516465,5583800
5493,809,816,1466711,16008,7517281,5521600
5494,803,813,1465936,15970,7518094,5430600
5495,762,830,1465138,15938,7518924,5397200
5496,776,831,1464366,15879,7519755,5491600
5497,843,808,1463553,15884,7520563,5460000
5498,784,879,1462750,15808,7521442,5503200
5499,797,848,1461966,15744,7522290,5476900
5500,837,825,1461121,15764,7523115,5410400
5501,812,797,1460321,15767,7523912,5600300
5502,846,822,1459478,15788,7524734,5479800
5503,805,818,1458649,15799,7525552,5579300
5504,780,772,1457888,15788,7526324,5680200
5505,849,796,1457053,15827,7527120,5615800
5506,821,768,1456219,15893,7527888,5500100
5507,809,820,1455408,15884,7528708,5509900
5508,722,821,1454674,15797,7529529,5552600
5509,848,777,1453838,15856,7530306,5549800
5510,771,831,1453050,15813,7531137,5555200
5511,795,833,1452271,15759,7531970,5582000
5512,729,826,1451506,15698,7532796,5538900
5513,788,862,1450748,15594,7533658,5675700
5514,764,824,1450015,15503,7534482,5542600
5515,780,808,1449232,15478,7535290,5539300
5516,789,806,1448425,15479,7536096,5777400
5517,795,786,1447634,15484,7536882,5902100
5518,810,821,1446801,15496,7537703,6218200
5519,792,757,1446027,15513,7538460,5733600
5520,815,818,1445214,15508,7539278,5935500
5521,756,831,1444448,15443,7540109,6646600
5522,777,781,1443671,15439,7540890,7957300
5523,761,786,1442894,15430,7541676,7957500
5524,759,815,1442129,15380,7542491,6473500
5525,818,859,1441321,15329,7543350,6738300
5526,763,792,1440568,15290,7544142,7570400
5527,848,763,1439743,15352,7544905,6855400
5528,805,795,1438930,15370,7545700,6143700
5529,849,743,1438080,15477,7546443,6358300
5530,785,794,1437272,15491,7547237,6889100
5531,860,823,1436448,15492,7548060,6930100
5532,779,783,1435628,15529,7548843,6796900
5533,796,775,1434864,15518,7549618,6447400
5534,781,780,1434080,15522,7550398,7013000
5535,759,835,1433298,15469,7551233,6792600
5536,766,837,1432551,15379,7552070,7827600
5537,765,798,1431760,15372,7552868,6368800
5538,783,780,1430999,15353,7553648,6434100
5539,827,792,1430145,15415,7554440,6245600
5540,820,766,1429342,15452,7555206,5722300
5541,831,830,1428530,15434,7556036,5823200
5542,786,818,1427722,15424,7556854,5581300
5543,752,829,1426985,15332,7557683,5582400
5544,769,797,1426195,15325,7558480,5704300
5545,772,784,1425400,15336,7559264,5559200
5546,772,816,1424672,15248,7560080,5573900
5547,803,817,1423887,15216,7560897,5482600
5548,850,789,1423027,15287,7561686,5636600
5549,825,821,1422172,15321,7562507,5715100
5550,799,793,1421388,15312,7563300,5721200
5551,759,793,1420626,15281,7564093,5523300
5552,816,849,1419836,15222,7564942,5603400
5553,816,782,1419018,15258,7565724,5611600
5554,792,837,1418195,15244,7566561,5951000
5555,775,779,1417439,15221,7567340,5854500
5556,785,822,1416649,15189,7568162,5731500
5557,782,794,1415858,15186,7568956,5708600
5558,787,749,1415067,15228,7569705,5670600
5559,783,777,1414277,15241,7570482,6119700
5560,768,726,1413502,15290,7571208,6023000
5561,867,805,1412657,15330,7572013,5783000
5562,851,823,1411797,15367,7572836,5888400
5563,857,807,1410949,15408,7573643,5796800
5564,828,782,1410156,15419,7574425,5646700
5565,867,838,1409268,15469,7575263,5753100
5566,868,743,1408399,15595,7576006,6115800
5567,830,792,1407564,15638,7576798,7419900
5568,790,816,1406752,15634,7577614,8813900
5569,852,790,1405919,15677,7578404,6368500
5570,782,798,1405148,15650,7579202,9798500
5571,788,880,1404325,15593,7580082,7230400
5572,853,760,1403495,15663,7580842,7240300
5573,839,830,1402660,15668,7581672,7348200
5574,837,823,1401811,15694,7582495,7384500
5575,786,799,1401034,15672,7583294,7724100
5576,793,795,1400212,15699,7584089,7221800
5577,806,854,1399426,15631,7584943,9280800
5578,858,824,1398588,15645,7585767,8903300
5579,788,808,1397786,15639,7586575,7923200
5580,813,771,1396981,15673,7587346,6889600
5581,785,865,1396179,15610,7588211,7038000
5582,803,784,1395381,15624,7588995,6169600
5583,829,816,1394573,15616,7589811,5697700
5584,859,800,1393727,15662,7590611,5698900
5585,833,791,1392877,15721,7591402,5814100
5586,875,762,1392006,15830,7592164,6090000
5587,844,875,1391134,15827,7593039,5893600
5588,817,755,1390331,15875,7593794,5669700
5589,827,849,1389477,15880,7594643,5947200
5590,775,804,1388723,15830,7595447,5823900
5591,859,842,1387884,15827,7596289,5684600
5592,833,804,1387051,15856,7597093,5728600
5593,829,821,1386223,15863,7597914,5853800
5594,797,814,1385424,15848,7598728,5920300
5595,847,781,1384585,15906,7599509,5668600
5596,821,868,1383774,15849,7600377,5644600
5597,766,823,1382962,15838,7601200,5683000
5598,793,834,1382180,15786,7602034,5613500
5599,799,800,1381368,15798,7602834,5687300
5600,875,827,1380522,15817,7603661,5701100
5601,860,787,1379639,15913,7604448,5778000
5602,805,832,1378845,15875,7605280,5502900
5603,852,827,1378013,15880,7606107,5462800
5604,889,780,1377135,15978,7606887,5542200
5605,857,835,1376274,16004,7607722,5566500
5606,791,783,1375471,16024,7608505,5717200
5607,796,812,1374641,16042,7609317,5486400
5608,859,848,1373810,16025,7610165,5505700
5609,767,851,1373018,15966,7611016,5423200
5610,814,842,1372213,15929,7611858,5586700
5611,823,844,1371373,15925,7612702,5905400
5612,810,856,1370595,15847,7613558,5842200
5613,801,800,1369800,15842,7614358,5668300
5614,802,844,1368982,15816,7615202,5590000
5615,788,851,1368194,15753,7616053,5539700
5616,790,857,1367413,15677,7616910,5632100
5617,781,754,1366626,15710,7617664,5444400
5618,763,798,1365857,15681,7618462,5587900
5619,787,808,1365061,15669,7619270,5552300
5620,771,811,1364304,15615,7620081,5449700
5621,796,818,1363502,15599,7620899,5550400
5622,810,784,1362696,15621,7621683,5695600
5623,801,801,1361888,15628,7622484,5645500
5624,817,820,1361078,15618,7623304,5546900
5625,787,807,1360297,15592,7624111,5442400
5626,762,771,1359510,15608,7624882,5458100
5627,793,815,1358718,15585,7625697,5470100
5628,769,818,1357948,15537,7626515,5418400
5629,743,761,1357214,15510,7627276,5453100
5630,794,822,1356422,15480,7628098,5513500
5631,725,774,1355687,15441,7628872,5377200
5632,802,818,1354905,15405,7629690,5469100
5633,724,791,1354168,15351,7630481,5494200
5634,779,819,1353377,15323,7631300,5527700
5635,805,814,1352615,15271,7632114,5769800
5636,809,772,1351775,15339,7632886,5555800
5637,787,749,1350992,15373,7633635,5571900
5638,795,791,1350196,15378,7634426,5490300
5639,791,809,1349399,15366,7635235,5597400
5640,770,757,1348656,15352,7635992,5572600
5641,794,738,1347856,15414,7636730,5726300
5642,789,792,1347056,15422,7637522,5576200
5643,787,795,1346253,15430,7638317,5467100
5644,793,818,1345487,15378,7639135,5453100
5645,804,755,1344673,15437,7639890,5564400
5646,776,832,1343917,15361,7640722,5719300
5647,830,784,1343069,15425,7641506,5579200
5648,812,818,1342258,15418,7642324,5537200
5649,804,806,1341440,15430,7643130,5584400
5650,797,784,1340668,15418,7643914,5766300
5651,800,744,1339853,15489,7644658,5540200
5652,809,779,1339023,15540,7645437,5542200
5653,815,792,1338233,15538,7646229,5690000
5654,829,833,1337419,15519,7647062,5807200
5655,814,804,1336577,15557,7647866,5962500
5656,780,788,1335817,15529,7648654,5883000
5657,768,834,1335018,15494,7649488,6022300
5658,765,829,1334271,15412,7650317,6537500
5659,808,821,1333475,15387,7651138,5773100
5660,803,803,1332668,15391,7651941,5659200
5661,770,845,1331872,15342,7652786,5527900
5662,793,769,1331131,15314,7653555,5583500
5663,782,795,1330309,15341,7654350,5577300
5664,813,764,1329501,15385,7655114,5584500
5665,817,828,1328677,15381,7655942,5538100
5666,795,833,1327891,15334,7656775,5426500
5667,783,764,1327096,15365,7657539,5455900
5668,778,829,1326324,15308,7658368,5784100
5669,778,746,1325567,15319,7659114,6097300
5670,832,812,1324718,15356,7659926,6110400
5671,796,782,1323945,15347,7660708,6440100
5672,797,779,1323140,15373,7661487,5802000
5673,764,833,1322349,15331,7662320,5624300
5674,774,825,1321584,15271,7663145,5583700
5675,769,847,1320816,15192,7663992,5536400
5676,792,759,1320011,15238,7664751,5618500
5677,809,798,1319215,15236,7665549,5666700
5678,775,790,1318447,15214,7666339,5542000
5679,760,784,1317687,15190,7667123,5597200
5680,751,744,1316916,15217,7667867,5598300
5681,785,757,1316132,15244,7668624,5739200
5682,801,811,1315345,15220,7669435,5799800
5683,777,823,1314550,15192,7670258,5699600
5684,711,781,1313837,15124,7671039,5573600
5685,752,762,1313119,15080,7671801,5593800
5686,745,825,1312338,15036,7672626,5642500
5687,763,792,1311589,14993,7673418,5538400
5688,788,795,1310820,14967,7674213,5533500
5689,743,814,1310019,14954,7675027,5442600
5690,734,769,1309336,14868,7675796,5522900
5691,729,797,1308602,14805,7676593,5552100
5692,750,817,1307841,14749,7677410,5601200
5693,747,776,1307100,14714,7678186,5779800
5694,741,747,1306356,14711,7678933,6236000
5695,722,763,1305626,14678,7679696,6132700
5696,751,717,1304898,14689,7680413,5971900
5697,742,777,1304143,14667,7681190,6183300
5698,784,740,1303375,14695,7681930,6069500
5699,801,753,1302572,14745,7682683,5940800
5700,761,751,1301780,14786,7683434,6189500
5701,779,732,1301023,14811,7684166,6218200
5702,768,796,1300250,14788,7684962,5941400
5703,793,750,1299487,14801,7685712,6100800
5704,738,819,1298735,14734,7686531,6635000
5705,772,749,1297948,14772,7687280,6093600
5706,782,774,1297167,14779,7688054,6217700
5707,796,791,1296394,14761,7688845,6322300
5708,830,697,1295558,14900,7689542,6122700
5709,856,796,1294695,14967,7690338,6435100
5710,771,805,1293950,14907,7691143,6035900
5711,770,801,1293148,14908,7691944,6064700
5712,759,771,1292401,14884,7692715,6588300
5713,777,761,1291624,14900,7693476,5980000
5714,774,822,1290841,14861,7694298,6034400
5715,697,730,1290137,14835,7695028,6189100
5716,765,704,1289391,14877,7695732,6307200
5717,786,798,1288579,14891,7696530,6032600
5718,774,765,1287805,14900,7697295,6264000
5719,751,753,1287056,14896,7698048,6279000
5720,776,804,1286289,14859,7698852,5947900
5721,714,763,1285559,14826,7699615,5844200
5722,735,783,1284837,14765,7700398,6050600
5723,772,743,1284064,14795,7701141,6318900
5724,809,790,1283279,14790,7701931,6259300
5725,815,802,1282465,14802,7702733,6389600
5726,758,840,1281693,14734,7703573,6376600
5727,826,798,1280880,14749,7704371,6528700
5728,767,789,1280095,14745,7705160,6446900
5729,800,778,1279309,14753,7705938,6285100
5730,727,754,1278547,14761,7706692,6134200
5731,778,744,1277800,14764,7707436,6474600
5732,730,749,1277054,14761,7708185,6671900
5733,719,830,1276330,14655,7709015,6495500
5734,736,812,1275589,14584,7709827,6520300
5735,746,761,1274852,14560,7710588,6085400
5736,776,793,1274067,14552,7711381,5851300
5737,721,733,1273338,14548,7712114,5867600
5738,697,723,1272656,14507,7712837,5827600
5739,705,739,1271951,14473,7713576,6129700
5740,726,711,1271230,14483,7714287,6587900
5741,756,790,1270470,14453,7715077,7070300
5742,736,763,1269730,14430,7715840,6311800
5743,789,746,1268954,14460,7716586,6510900
5744,692,749,1268274,14391,7717335,5899000
5745,754,720,1267505,14440,7718055,6174200
5746,749,755,1266774,14416,7718810,6366700
5747,782,719,1265964,14507,7719529,7017400
5748,763,716,1265206,14549,7720245,6992900
5749,779,748,1264451,14556,7720993,6668800
5750,778,728,1263664,14615,7721721,6649800
5751,771,757,1262854,14668,7722478,6059200
5752,774,737,1262127,14658,7723215,6141800
5753,748,724,1261345,14716,7723939,6086500
5754,807,763,1260561,14737,7724702,5626400
5755,765,755,1259784,14759,7725457,5631400
5756,768,766,1259031,14746,7726223,6467800
5757,761,741,1258266,14770,7726964,6157800
5758,802,782,1257471,14783,7727746,5937300
5759,792,755,1256674,14825,7728501,5883300
5760,777,768,1255877,14854,7729269,5904000
5761,802,782,1255101,14848,7730051,5698000
5762,767,815,1254305,14829,7730866,5698500
5763,694,795,1253616,14723,7731661,5679000
5764,758,791,1252867,14681,7732452,5626100
5765,764,768,1252113,14667,7733220,5700700
5766,728,748,1251385,14647,7733968,6045200
5767,772,747,1250624,14661,7734715,5681200
5768,769,739,1249837,14709,7735454,5629400
5769,780,764,1249069,14713,7736218,5653000
5770,810,762,1248246,14774,7736980,5810100
5771,783,765,1247479,14776,7737745,5705300
5772,738,745,1246703,14807,7738490,5854300
5773,762,774,1245972,14764,7739264,5575500
5774,771,730,1245199,14807,7739994,5584700
5775,774,795,1244413,14798,7740789,5771700
5776,742,727,1243676,14808,7741516,5666000
5777,791,769,1242873,14842,7742285,5742000
5778,749,708,1242123,14884,7742993,5527800
5779,821,765,1241348,14894,7743758,5603500
5780,744,781,1240573,14888,7744539,5777600
5781,738,779,1239832,14850,7745318,5873900
5782,777,772,1239043,14867,7746090,5649400
5783,717,763,1238317,14830,7746853,5615300
5784,763,796,1237566,14785,7747649,5645400
5785,782,812,1236806,14733,7748461,5704200
5786,725,766,1236063,14710,7749227,5665100
5787,745,756,1235309,14708,7749983,5553300
5788,795,778,1234544,14695,7750761,5638900
5789,753,775,1233786,14678,7751536,5621300
5790,716,768,1233062,14634,7752304,5638500
5791,756,735,1232320,14641,7753039,5730500
5792,757,768,1231531,14662,7753807,5724500
5793,742,810,1230817,14566,7754617,5907800
5794,772,772,1230049,14562,7755389,5642600
5795,801,767,1229235,14609,7756156,5662300
5796,769,735,1228449,14660,7756891,5661900
5797,795,753,1227676,14680,7757644,5566700
5798,726,770,1226951,14635,7758414,5500800
5799,715,788,1226206,14592,7759202,5672800
5800,773,704,1225485,14609,7759906,5557900
5801,739,772,1224690,14632,7760678,5533700
5802,757,768,1223947,14607,7761446,5806200
5803,750,780,1223185,14589,7762226,5742500
5804,686,712,1222497,14565,7762938,5676200
5805,800,760,1221738,14564,7763698,5759600
5806,766,750,1220956,14596,7764448,5679300
5807,750,728,1220176,14648,7765176,5558800
5808,739,776,1219451,14597,7765952,5638900
5809,773,764,1218673,14611,7766716,5628400
5810,742,784,1217930,14570,7767500,5789400
5811,718,704,1217217,14579,7768204,5701100
5812,732,736,1216474,14586,7768940,5492400
5813,731,704,1215764,14592,7769644,5753700
5814,723,742,1215030,14584,7770386,5772800
5815,739,735,1214302,14577,7771121,5730300
5816,762,739,1213546,14594,7771860,5532000
5817,784,746,1212783,14611,7772606,5511900
5818,731,740,1212020,14634,7773346,5515200
5819,764,722,1211261,14671,7774068,5819000
5820,708,747,1210553,14632,7774815,5616800
5821,748,758,1209795,14632,7775573,5560600
5822,753,766,1209038,14623,7776339,5596300
5823,782,764,1208277,14620,7777103,5483700
5824,675,760,1207575,14562,7777863,5550200
5825,727,738,1206832,14567,7778601,5731200
5826,712,706,1206136,14557,7779307,6005800
5827,727,757,1205403,14533,7780064,6080200
5828,708,767,1204702,14467,7780831,6174000
5829,724,728,1203977,14464,7781559,5862000
5830,761,734,1203238,14469,7782293,5722000
5831,757,789,1202483,14435,7783082,6275800
5832,671,724,1201785,14409,7783806,6403600
5833,710,754,1201098,14342,7784560,6104200
5834,673,712,1200409,14319,7785272,5921400
5835,749,779,1199655,14294,7786051,5734900
5836,673,733,1198985,14231,7786784,5701200
5837,716,768,1198284,14164,7787552,5787600
5838,750,709,1197546,14193,7788261,5930800
5839,697,778,1196830,14131,7789039,6104800
5840,697,703,1196133,14125,7789742,5716000
5841,697,746,1195439,14073,7790488,5604700
5842,700,742,1194718,14052,7791230,5576800
5843,704,720,1194028,14022,7791950,5767400
5844,710,703,1193323,14024,7792653,5512800
5845,707,750,1192620,13977,7793403,5648800
5846,753,728,1191875,13994,7794131,5683800
5847,702,687,1191169,14013,7794818,5506600
5848,710,735,1190439,14008,7795553,5437600
5849,710,788,1189726,13933,7796341,5497100
5850,665,713,1189058,13888,7797054,5614500
5851,686,737,1188392,13817,7797791,5504700
5852,687,707,1187674,13828,7798498,5780500
5853,693,705,1187008,13789,7799203,5727700
5854,742,676,1186286,13835,7799879,5800300
5855,756,727,1185498,13896,7800606,5485700
5856,684,700,1184820,13874,7801306,5565200
5857,715,733,1184141,13820,7802039,6307800
5858,753,702,1183387,13872,7802741,5674500
5859,754,745,1182621,13893,7803486,5819400
5860,690,726,1181900,13888,7804212,5684800
5861,696,695,1181234,13859,7804907,5560900
5862,689,748,1180525,13820,7805655,5686700
5863,687,731,1179839,13775,7806386,5698900
5864,675,727,1179155,13732,7807113,5839800
5865,677,722,1178470,13695,7807835,5666300
5866,743,710,1177740,13715,7808545,5758700
5867,674,686,1177065,13704,7809231,5757400
5868,688,670,1176375,13724,7809901,5927400
5869,726,748,1175664,13687,7810649,5860100
5870,687,677,1174966,13708,7811326,6526000
5871,690,715,1174281,13678,7812041,5934500
5872,695,724,1173576,13659,7812765,5901100
5873,717,704,1172869,13662,7813469,6075800
5874,724,747,1172176,13608,7814216,5839800
5875,689,696,1171462,13626,7814912,6001600
5876,705,665,1170751,13672,7815577,5978000
5877,674,657,1170065,13701,7816234,6074300
5878,719,679,1169384,13703,7816913,6549800
5879,769,735,1168611,13741,7817648,6305800
5880,749,760,1167837,13755,7818408,6395500
5881,666,697,1167171,13724,7819105,6736500
5882,705,713,1166483,13699,7819818,6415900
5883,721,700,1165733,13749,7820518,6625600
5884,696,692,1165060,13730,7821210,6851400
5885,703,699,1164339,13752,7821909,6679100
5886,746,700,1163636,13755,7822609,6205800
5887,736,709,1162899,13783,7823318,6528900
5888,721,718,1162169,13795,7824036,6689100
5889,736,698,1161442,13824,7824734,6314000
5890,762,712,1160658,13896,7825446,6568600
5891,716,740,1159945,13869,7826186,6301400
5892,750,684,1159187,13943,7826870,6134100
5893,754,717,1158437,13976,7827587,6764800
5894,675,771,1157747,13895,7828358,6484100
5895,706,688,1157057,13897,7829046,6345100
5896,736,682,1156342,13930,7829728,7090300
5897,721,725,1155595,13952,7830453,6544600
5898,709,712,1154867,13968,7831165,6299200
5899,703,669,1154182,13984,7831834,6918300
5900,777,699,1153432,14035,7832533,6513300
5901,753,729,1152648,14090,7833262,6140700
5902,713,708,1151956,14074,7833970,6581000
5903,727,737,1151211,14082,7834707,6513100
5904,736,682,1150488,14123,7835389,6003400
5905,791,716,1149697,14198,7836105,6417200
5906,696,735,1148972,14188,7836840,5995400
5907,732,728,1148259,14173,7837568,6426000
5908,724,777,1147523,14132,7838345,6198200
5909,698,723,1146829,14103,7839068,6127100
5910,664,756,1146153,14023,7839824,6570900
5911,698,730,1145474,13972,7840554,6494400
5912,747,752,1144720,13974,7841306,6426100
5913,670,718,1144071,13905,7842024,6448800
5914,728,788,1143318,13870,7842812,6573100
5915,729,698,1142586,13904,7843510,6307100
5916,756,760,1141855,13875,7844270,6849700
5917,711,760,1141123,13847,7845030,7069600
5918,750,709,1140395,13866,7845739,6263300
5919,712,719,1139672,13870,7846458,7070000
5920,673,688,1138978,13876,7847146,6739700
5921,733,727,1138268,13859,7847873,6991800
5922,691,707,1137563,13857,7848580,6927300
5923,692,727,1136876,13817,7849307,6157400
5924,737,737,1136162,13794,7850044,6611200
5925,715,674,1135415,13867,7850718,7048000
5926,767,747,1134681,13854,7851465,6365100
5927,697,737,1133989,13809,7852202,6808100
5928,711,686,1133248,13864,7852888,7110500
5929,730,674,1132506,13932,7853562,6343800
5930,750,693,1131795,13950,7854255,6296700
5931,749,680,1131039,14026,7854935,6751500
5932,703,712,1130325,14028,7855647,7033100
5933,688,741,1129633,13979,7856388,6026800
5934,675,743,1128960,13909,7857131,6639600
5935,745,702,1128218,13949,7857833,6431100
5936,719,787,1127504,13876,7858620,6550700
5937,728,688,1126743,13949,7859308,6243900
5938,712,678,1126050,13964,7859986,6196200
5939,688,686,1125351,13977,7860672,6108700
5940,644,716,1124718,13894,7861388,6244700
5941,671,708,1124034,13870,7862096,6038000
5942,694,706,1123347,13851,7862802,6051000
5943,694,729,1122671,13798,7863531,6154300
5944,699,721,1121959,13789,7864252,6382800
5945,655,675,1121291,13782,7864927,6929500
5946,732,704,1120573,13796,7865631,6708000
5947,734,694,1119855,13820,7866325,6024200
5948,727,725,1119122,13828,7867050,6414300
5949,667,779,1118445,13726,7867829,6056100
5950,682,730,1117768,13673,7868559,6001300
5951,713,713,1117050,13678,7869272,6322300
5952,680,698,1116372,13658,7869970,6370600
5953,713,712,1115664,13654,7870682,6157800
5954,678,702,1114955,13661,7871384,6295400
5955,686,743,1114285,13588,7872127,5979800
5956,683,736,1113603,13534,7872863,6370700
5957,697,720,1112913,13504,7873583,6166600
5958,731,671,1112202,13544,7874254,6821400
5959,699,702,1111492,13552,7874956,5999700
5960,709,697,1110792,13555,7875653,6455500
5961,629,715,1110135,13497,7876368,6129700
5962,676,674,1109470,13488,7877042,5963200
5963,703,690,1108771,13497,7877732,6259800
5964,707,685,1108072,13511,7878417,6172800
5965,662,690,1107394,13499,7879107,5980900
5966,678,696,1106732,13465,7879803,6440400
5967,699,678,1106014,13505,7880481,6399000
5968,672,667,1105360,13492,7881148,6056600
5969,714,722,1104639,13491,7881870,6225500
5970,711,691,1103924,13515,7882561,6006000
5971,678,707,1103244,13488,7883268,6158400
5972,695,681,1102551,13500,7883949,6423300
5973,672,674,1101865,13512,7884623,6357600
5974,697,703,1101196,13478,7885326,6276800
5975,679,644,1100509,13521,7885970,6128700
5976,690,680,1099826,13524,7886650,6138700
5977,723,719,1099114,13517,7887369,6205000
5978,681,770,1098417,13444,7888139,5917100
5979,658,713,1097737,13411,7888852,5936200
5980,669,735,1097097,13316,7889587,6252600
5981,647,656,1096419,13338,7890243,6096900
5982,692,670,1095747,13340,7890913,6050500
5983,665,649,1095076,13362,7891562,6125000
5984,678,689,1094377,13372,7892251,6600100
5985,666,712,1093727,13310,7892963,6305700
5986,727,636,1093009,13392,7893599,6158100
5987,690,680,1092330,13391,7894279,6230200
5988,682,683,1091640,13398,7894962,6376400
5989,703,720,1090929,13389,7895682,6373200
5990,720,661,1090220,13437,7896343,6290900
5991,702,725,1089518,13414,7897068,6163900
5992,683,742,1088804,13386,7897810,6357300
5993,700,669,1088133,13388,7898479,6649800
5994,697,691,1087433,13397,7899170,6263200
5995,723,731,1086713,13386,7899901,6234600
5996,708,678,1086025,13396,7900579,6840600
5997,637,715,1085344,13362,7901294,6666700
5998,680,662,1084660,13384,7901956,6476900
5999,693,715,1083992,13337,7902671,6050700
6000,658,702,1083334,13293,7903373,6335700
6001,667,631,1082668,13328,7904004,6045000
6002,663,734,1081997,13265,7904738,6125700
6003,651,666,1081342,13254,7905404,6393400
6004,683,660,1080682,13254,7906064,6043400
6005,678,726,1079986,13224,7906790,6190400
6006,654,673,1079331,13206,7907463,6527700
6007,685,669,1078662,13206,7908132,6363400
6008,691,714,1077965,13189,7908846,6219000
6009,714,684,1077220,13250,7909530,6230000
6010,686,702,1076562,13206,7910232,5930400
6011,692,712,1075856,13200,7910944,6084400
6012,675,700,1075183,13173,7911644,6039700
6013,647,662,1074534,13160,7912306,6118500
6014,643,727,1073890,13077,7913033,6081000
6015,648,726,1073245,12996,7913759,6113000
6016,694,720,1072561,12960,7914479,6006900
6017,636,644,1071910,12967,7915123,5897000
6018,688,671,1071223,12983,7915794,6026900
6019,674,639,1070562,13005,7916433,6044000
6020,673,691,1069892,12984,7917124,6082000
6021,680,654,1069209,13013,7917778,6266600
6022,721,708,1068487,13027,7918486,6068400
6023,686,650,1067800,13064,7919136,6093600
6024,644,709,1067125,13030,7919845,6236900
6025,645,616,1066511,13028,7920461,5991500
6026,651,698,1065843,12998,7921159,5942300
6027,688,698,1065171,12972,7921857,6103100
6028,610,634,1064552,12957,7922491,6252500
6029,648,640,1063911,12958,7923131,6485200
6030,651,696,1063255,12918,7923827,6297500
6031,632,721,1062596,12856,7924548,6748600
6032,671,688,1061948,12816,7925236,6366000
6033,659,655,1061315,12794,7925891,6080900
6034,645,680,1060632,12797,7926571,6287200
6035,614,708,1060021,12700,7927279,6065400
6036,634,670,1059379,12672,7927949,6105800
6037,627,660,1058761,12630,7928609,6174900
6038,611,650,1058156,12585,7929259,6072000
6039,643,662,1057526,12553,7929921,6483100
6040,627,625,1056890,12564,7930546,6035600
6041,619,684,1056276,12494,7931230,6008300
6042,646,666,1055624,12480,7931896,6468800
6043,674,630,1054953,12521,7932526,5896700
6044,609,621,1054330,12523,7933147,6281100
6045,633,631,1053707,12515,7933778,5938400
6046,683,643,1053041,12538,7934421,6167800
6047,616,643,1052393,12543,7935064,6575900
6048,638,655,1051766,12515,7935719,6844000
6049,609,620,1051153,12508,7936339,6217800
6050,619,646,1050541,12474,7936985,6177600
6051,628,643,1049935,12437,7937628,6374400
6052,627,642,1049294,12436,7938270,6254800
6053,630,615,1048662,12453,7938885,6025000
6054,671,651,1047996,12468,7939536,6134300
6055,687,596,1047298,12570,7940132,6014800
6056,657,621,1046627,12620,7940753,5993700
6057,681,645,1045966,12636,7941398,6337100
6058,622,696,1045323,12583,7942094,6030700
6059,624,650,1044724,12532,7942744,6145200
6060,641,671,1044074,12511,7943415,6332200
6061,635,642,1043456,12487,7944057,6125200
6062,641,671,1042809,12463,7944728,6073500
6063,629,639,1042185,12448,7945367,6066700
6064,641,666,1041527,12440,7946033,6103800
6065,619,636,1040911,12420,7946669,6364300
6066,646,621,1040275,12435,7947290,6163000
6067,709,626,1039584,12500,7947916,6368100
6068,652,630,1038899,12555,7948546,6140500
6069,633,655,1038280,12519,7949201,6059500
6070,677,652,1037599,12548,7949853,5939600
6071,617,618,1036965,12564,7950471,6058700
6072,620,590,1036349,12590,7951061,6762100
6073,679,680,1035683,12576,7951741,6310500
6074,646,634,1035033,12592,7952375,5937100
6075,616,641,1034397,12587,7953016,6031400
6076,636,616,1033794,12574,7953632,6092600
6077,606,664,1033163,12541,7954296,6340000
6078,617,677,1032564,12463,7954973,6054600
6079,680,655,1031891,12481,7955628,5954600
6080,583,665,1031290,12417,7956293,5752700
6081,671,682,1030629,12396,7956975,5762300
6082,637,645,1030004,12376,7957620,6108600
6083,643,635,1029339,12406,7958255,6596800
6084,644,612,1028716,12417,7958867,6010100
6085,591,630,1028112,12391,7959497,5700700
6086,621,652,1027483,12368,7960149,5705500
6087,638,622,1026852,12377,7960771,5672500
6088,652,657,1026186,12386,7961428,5730900
6089,641,620,1025557,12395,7962048,5596500
6090,613,650,1024939,12363,7962698,5788000
6091,626,679,1024326,12297,7963377,5713900
6092,649,653,1023653,12317,7964030,5792600
6093,603,612,1023070,12288,7964642,6023700
6094,643,653,1022420,12285,7965295,5676100
6095,618,597,1021793,12315,7965892,6280300
6096,586,610,1021195,12303,7966502,5724300
6097,635,607,1020567,12324,7967109,5564200
6098,661,634,1019933,12324,7967743,5775600
6099,643,646,1019265,12346,7968389,5707800
6100,662,654,1018610,12347,7969043,5669500
6101,643,656,1017980,12321,7969699,5768200
6102,604,657,1017358,12286,7970356,5793900
6103,623,646,1016747,12251,7971002,5722400
6104,631,652,1016113,12233,7971654,5531600
6105,585,638,1015518,12190,7972292,5613600
6106,610,656,1014919,12133,7972948,5958700
6107,627,604,1014301,12147,7973552,5716000
6108,644,626,1013669,12153,7974178,5903400
6109,663,592,1013008,12222,7974770,5724700
6110,631,642,1012349,12239,7975412,5763300
6111,683,640,1011667,12281,7976052,5879100
6112,657,609,1011018,12321,7976661,5851000
6113,647,594,1010376,12369,7977255,5862000
6114,622,638,1009720,12387,7977893,5723600
6115,676,729,1009067,12311,7978622,6039800
6116,626,612,1008454,12312,7979234,5946900
6117,630,636,1007831,12299,7979870,5692600
6118,667,667,1007136,12327,7980537,5666100
6119,629,634,1006529,12300,7981171,5854200
6120,654,588,1005874,12367,7981759,5648900
6121,685,629,1005171,12441,7982388,5781600
6122,635,651,1004546,12415,7983039,5732700
6123,692,600,1003858,12503,7983639,5570400
6124,596,641,1003236,12484,7984280,5556800
6125,661,642,1002582,12496,7984922,5483100
6126,681,688,1001934,12456,7985610,5755700
6127,666,656,1001271,12463,7986266,5906400
6128,644,625,1000605,12504,7986891,5938400
6129,678,599,999946,12564,7987490,5559200
6130,681,641,999255,12614,7988131,5526800
6131,669,679,998579,12611,7988810,5523500
6132,648,590,997930,12670,7989400,5510200
6133,678,692,997253,12655,7990092,5564100
6134,622,639,996622,12647,7990731,5472200
6135,675,680,995962,12627,7991411,5514700
6136,683,681,995280,12628,7992092,5644300
6137,648,666,994626,12616,7992758,6101600
6138,660,631,993988,12623,7993389,5984800
6139,672,661,993314,12636,7994050,5694400
6140,642,693,992642,12615,7994743,5684600
6141,659,642,991995,12620,7995385,5978600
6142,673,672,991333,12610,7996057,5642300
6143,633,667,990691,12585,7996724,5749000
6144,685,678,990005,12593,7997402,5451200
6145,695,664,989326,12608,7998066,5578700
6146,712,628,988603,12703,7998694,6024200
6147,669,646,987919,12741,7999340,6472900
6148,661,624,987255,12781,7999964,6204400
6149,678,689,986622,12725,8000653,5894600
6150,652,669,985947,12731,8001322,5759100
6151,679,673,985262,12743,8001995,5973800
6152,676,627,984591,12787,8002622,5803600
6153,684,692,983890,12796,8003314,5758500
6154,650,618,983234,12834,8003932,6045600
6155,684,684,982564,12820,8004616,5636400
6156,639,650,981919,12815,8005266,5620900
6157,593,610,981304,12820,8005876,5634500
6158,640,667,980686,12771,8006543,5604900
6159,644,693,980021,12743,8007236,6266300
6160,611,667,979445,12652,8007903,6218000
6161,637,627,978815,12655,8008530,5992900
6162,655,641,978141,12688,8009171,6484400
6163,686,666,977466,12697,8009837,6160800
6164,619,639,976814,12710,8010476,5921200
6165,618,671,976216,12637,8011147,5676200
6166,625,630,975592,12631,8011777,5787000
6167,653,668,974948,12607,8012445,5952700
6168,655,640,974284,12631,8013085,5744500
6169,644,658,973651,12606,8013743,5753000
6170,600,645,973041,12571,8014388,5677500
6171,626,681,972387,12544,8015069,5945100
6172,672,678,971747,12506,8015747,6298300
6173,598,639,971141,12473,8016386,6018000
6174,644,641,970495,12478,8017027,5742200
6175,593,652,969889,12432,8017679,5899300
6176,610,663,969300,12358,8018342,5598900
6177,565,623,968713,12322,8018965,5534000
6178,645,591,968092,12352,8019556,5679600
6179,651,625,967446,12373,8020181,5579500
6180,650,619,966763,12437,8020800,5653000
6181,636,654,966153,12393,8021454,5832000
6182,632,584,965510,12452,8022038,5528400
6183,655,682,964876,12404,8022720,5551000
6184,672,620,964189,12471,8023340,5575500
6185,624,659,963541,12460,8023999,5661700
6186,602,580,962954,12467,8024579,5776700
6187,628,669,962321,12431,8025248,5709000
6188,578,677,961745,12330,8025925,5677400
6189,589,632,961144,12299,8026557,5559800
6190,579,605,960562,12276,8027162,5475300
6191,615,647,959961,12230,8027809,5530500
6192,599,597,959369,12225,8028406,5678800
6193,608,591,958746,12257,8028997,5503400
6194,619,633,958138,12232,8029630,5615000
6195,610,640,957513,12217,8030270,5567400
6196,637,596,956891,12243,8030866,5892300
6197,615,621,956302,12211,8031487,6093500
6198,611,597,955694,12222,8032084,5753100
6199,634,620,955051,12245,8032704,5666000
6200,621,624,954421,12251,8033328,5908300
6201,618,630,953805,12237,8033958,5629700
6202,633,647,953179,12216,8034605,5598900
6203,648,639,952534,12222,8035244,5960300
6204,614,626,951909,12221,8035870,5973400
6205,611,635,951282,12213,8036505,5926400
6206,634,622,950667,12206,8037127,5594600
6207,630,649,950025,12199,8037776,5678200
6208,664,632,949362,12230,8038408,5939200
6209,623,604,948736,12252,8039012,5827800
6210,652,633,948096,12259,8039645,5566600
6211,648,681,947458,12216,8040326,5515600
6212,660,626,946777,12271,8040952,5565000
6213,650,642,946135,12271,8041594,5613700
6214,593,646,945520,12240,8042240,5872000
6215,632,653,944901,12206,8042893,5664600
6216,657,604,944260,12243,8043497,5686300
6217,633,618,943631,12254,8044115,5678800
6218,623,627,942991,12267,8044742,6540700
6219,707,631,942311,12316,8045373,7459600
6220,610,607,941682,12338,8045980,6726500
6221,643,687,941031,12302,8046667,6635400
6222,598,680,940434,12219,8047347,6209800
6223,623,628,939811,12214,8047975,6099100
6224,652,609,939172,12244,8048584,6646300
6225,673,653,938497,12266,8049237,7539100
6226,598,646,937878,12239,8049883,6465200
6227,615,601,937272,12244,8050484,5932300
6228,658,676,936606,12234,8051160,5881000
6229,627,659,935998,12183,8051819,5951900
6230,666,624,935328,12229,8052443,6046000
6231,652,620,934702,12235,8053063,5990700
6232,599,664,934049,12224,8053727,5676900
6233,629,630,933442,12201,8054357,5515900
6234,661,611,932795,12237,8054968,5760000
6235,651,636,932137,12259,8055604,5597000
6236,662,675,931467,12254,8056279,5523100
6237,670,620,930817,12284,8056899,5666800
6238,579,622,930207,12272,8057521,5557200
6239,675,612,929539,12328,8058133,5560900
6240,632,655,928921,12291,8058788,5623900
6241,658,648,928266,12298,8059436,5477800
6242,615,588,927622,12354,8060024,6051700
6243,673,607,926982,12387,8060631,6042700
6244,628,615,926346,12408,8061246,6106700
6245,650,646,925686,12422,8061892,6561500
6246,610,629,925086,12393,8062521,6824000
6247,600,605,924456,12418,8063126,6310500
6248,647,688,923854,12332,8063814,6388900
6249,603,621,923215,12350,8064435,6288900
6250,635,616,922584,12365,8065051,5982000
6251,652,663,921955,12331,8065714,6181100
6252,699,664,921262,12360,8066378,6224500
6253,624,632,920621,12369,8067010,5806000
6254,633,698,919997,12295,8067708,5757900
6255,648,650,919336,12306,8068358,6176000
6256,618,615,918741,12286,8068973,5696900
6257,606,634,918104,12289,8069607,5741300
6258,615,604,917515,12274,8070211,5569000
6259,638,643,916851,12295,8070854,5546800
6260,628,649,916233,12264,8071503,5662600
6261,657,600,915572,12325,8072103,5636500
6262,637,650,914936,12311,8072753,5643600
6263,619,633,914317,12297,8073386,5562000
6264,648,606,913679,12329,8073992,6023000
6265,653,657,913033,12318,8074649,5711700
6266,600,625,912389,12337,8075274,5985100
6267,663,576,911779,12371,8075850,5746000
6268,639,603,911125,12422,8076453,5724800
6269,675,623,910446,12478,8077076,6035300
6270,639,671,909823,12430,8077747,5960300
6271,600,653,909191,12409,8078400,5551200
6272,609,669,908583,12348,8079069,5523500
6273,581,651,908004,12276,8079720,5506200
6274,585,662,907397,12221,8080382,5702100
6275,588,591,906853,12174,8080973,5751500
6276,596,682,906244,12101,8081655,5638700
6277,603,557,905637,12151,8082212,5655200
6278,594,622,905046,12120,8082834,5526100
6279,672,643,904408,12115,8083477,5787100
6280,651,658,903730,12135,8084135,5885600
6281,636,646,903079,12140,8084781,5961800
6282,622,615,902476,12128,8085396,5747700
6283,587,603,901865,12136,8085999,5754300
6284,605,642,901259,12100,8086641,5695100
6285,607,668,900665,12026,8087309,5796000
6286,622,609,900061,12021,8087918,5869300
6287,581,606,899453,12023,8088524,5980700
6288,595,581,898865,12030,8089105,5730800
6289,604,658,898276,11961,8089763,5695900
6290,612,621,897651,11965,8090384,5771600
6291,616,572,897026,12018,8090956,5858700
6292,596,635,896445,11964,8091591,5801300
6293,641,607,895806,11996,8092198,5704600
6294,626,634,895160,12008,8092832,5706200
6295,597,618,894585,11965,8093450,6015200
6296,564,678,893985,11887,8094128,6110200
6297,593,606,893406,11860,8094734,5720800
6298,568,635,892851,11780,8095369,5824100
6299,602,584,892240,11807,8095953,5731700
6300,614,653,891625,11769,8096606,5638200
6301,588,605,891042,11747,8097211,5796600
6302,568,614,890465,11710,8097825,5659900
6303,588,554,889888,11733,8098379,5592100
6304,557,594,889322,11705,8098973,5571600
6305,604,602,888712,11713,8099575,5535400
6306,586,599,888126,11700,8100174,5587900
6307,663,621,887487,11718,8100795,5567600
6308,571,567,886907,11731,8101362,5637900
6309,584,577,886310,11751,8101939,5711100
6310,603,627,885695,11739,8102566,5811100
6311,643,601,885087,11746,8103167,5648100
6312,617,591,884459,11783,8103758,5613200
6313,597,632,883874,11736,8104390,5437400
6314,580,601,883255,11754,8104991,5504900
6315,619,615,882654,11740,8105606,5511900
6316,650,616,882035,11743,8106222,5448200
6317,597,615,881428,11735,8106837,5520600
6318,602,637,880804,11722,8107474,5478600
6319,580,594,880242,11690,8108068,5538900
6320,605,637,879627,11668,8108705,5706200
6321,577,584,879051,11660,8109289,5702300
6322,601,585,878435,11691,8109874,5511800
6323,616,603,877837,11686,8110477,5482700
6324,603,607,877234,11682,8111084,5528500
6325,582,615,876644,11657,8111699,5555800
6326,610,572,876039,11690,8112271,5514700
6327,617,625,875409,11695,8112896,5463500
6328,567,686,874844,11574,8113582,5534500
6329,581,620,874269,11529,8114202,5530200
6330,576,605,873710,11483,8114807,5521300
6331,577,565,873105,11523,8115372,5411000
6332,600,594,872512,11522,8115966,5474200
6333,611,605,871910,11519,8116571,5651600
6334,580,593,871330,11506,8117164,5585600
6335,551,575,870767,11494,8117739,5506900
6336,592,614,870172,11475,8118353,5493800
6337,573,604,869599,11444,8118957,5436300
6338,565,581,869060,11402,8119538,5767400
6339,588,551,868466,11445,8120089,5538200
6340,587,594,867871,11446,8120683,5490100
6341,657,622,867215,11480,8121305,5602500
6342,565,598,866657,11440,8121903,5472500
6343,623,618,866050,11429,8122521,5496600
6344,573,576,865441,11462,8123097,5628100
6345,565,619,864896,11388,8123716,5765200
6346,549,607,864333,11344,8124323,5704500
6347,568,585,863773,11319,8124908,5473100
6348,539,539,863242,11311,8125447,5521700
6349,589,601,862674,11278,8126048,5439100
6350,645,589,862009,11354,8126637,5541200
6351,579,592,861447,11324,8127229,5440200
6352,577,630,860829,11312,8127859,5546100
6353,552,612,860282,11247,8128471,5720700
6354,554,585,859739,11205,8129056,5634700
6355,561,593,859174,11177,8129649,5590600
6356,588,598,858587,11166,8130247,5486300
6357,574,570,858019,11164,8130817,5540000
6358,601,593,857431,11159,8131410,5752500
6359,575,553,856854,11183,8131963,5663200
6360,572,605,856260,11172,8132568,5712800
6361,540,592,855715,11125,8133160,5538500
6362,557,563,855156,11121,8133723,5546700
6363,613,603,854560,11114,8134326,5552300
6364,579,583,853971,11120,8134909,5482700
6365,585,578,853395,11118,8135487,5427900
6366,587,584,852827,11102,8136071,5635100
6367,573,618,852236,11075,8136689,5590800
6368,551,553,851667,11091,8137242,5609400
6369,587,610,851086,11062,8137852,5694100
6370,566,525,850526,11097,8138377,6140300
6371,569,600,849959,11064,8138977,6833500
6372,612,595,849353,11075,8139572,7925500
6373,603,596,848752,11080,8140168,6546700
6374,580,543,848168,11121,8140711,6386800
6375,591,620,847570,11099,8141331,6222100
6376,587,586,846966,11117,8141917,6262400
6377,600,531,846397,11155,8142448,5904600
6378,556,546,845814,11192,8142994,5885600
6379,565,591,845259,11156,8143585,6344700
6380,602,615,844655,11145,8144200,6768500
6381,567,590,844094,11116,8144790,6497800
6382,531,554,843545,11111,8145344,8635000
6383,566,574,842991,11091,8145918,9102000
6384,540,600,842439,11043,8146518,7440500
6385,546,581,841910,10991,8147099,8066200
6386,501,567,841415,10919,8147666,13870900
6387,545,569,840862,10903,8148235,8948400
6388,571,573,840281,10911,8148808,7656100
6389,561,562,839725,10905,8149370,6774700
6390,552,521,839164,10945,8149891,7571000
6391,575,556,838599,10954,8150447,6885800
6392,556,588,838060,10905,8151035,6306500
6393,604,593,837475,10897,8151628,7688600
6394,595,567,836854,10951,8152195,6648900
6395,551,577,836305,10923,8152772,7644900
6396,596,563,835716,10949,8153335,7936700
6397,584,567,835133,10965,8153902,26501700
6398,572,603,834550,10945,8154505,8631900
6399,596,541,833943,11011,8155046,7469800
6400,569,571,833396,10987,8155617,12548100
6401,539,583,832825,10975,8156200,7704700
6402,590,590,832236,10974,8156790,9040500
6403,554,545,831710,10955,8157335,6655900
6404,545,594,831166,10905,8157929,9383900
6405,579,580,830591,10900,8158509,6658700
6406,550,582,830018,10891,8159091,6520300
6407,585,574,829431,10904,8159665,6741600
6408,529,589,828908,10838,8160254,6747500
6409,529,520,828381,10845,8160774,7778000
6410,559,561,827804,10861,8161335,6739800
6411,540,575,827263,10827,8161910,7731200
6412,543,565,826722,10803,8162475,7053700
6413,595,568,826144,10813,8163043,6682100
6414,528,539,825594,10824,8163582,6466600
6415,546,523,825081,10814,8164105,6641000
6416,564,568,824507,10820,8164673,6151600
6417,606,578,823907,10842,8165251,6186500
6418,532,583,823366,10800,8165834,6283100
6419,598,564,822783,10819,8166398,6603400
6420,562,590,822216,10796,8166988,6867500
6421,562,556,821639,10817,8167544,6992100
6422,583,548,821073,10835,8168092,6707500
6423,580,557,820491,10860,8168649,6502000
6424,561,531,819913,10907,8169180,6363700
6425,571,588,819342,10890,8169768,7335600
6426,567,526,818791,10915,8170294,6787600
6427,568,598,818216,10892,8170892,8624800
6428,558,533,817670,10905,8171425,6630000
6429,537,553,817136,10886,8171978,6529000
6430,534,558,816565,10899,8172536,8174700
6431,563,562,816019,10883,8173098,6600900
6432,558,584,815459,10859,8173682,8068400
6433,565,585,814896,10837,8174267,6454800
6434,558,586,814345,10802,8174853,6772600
6435,534,557,813802,10788,8175410,6725500
6436,576,580,813236,10774,8175990,6601100
6437,596,591,812638,10781,8176581,6841600
6438,537,574,812092,10753,8177155,6108600
6439,556,546,811535,10764,8177701,6149300
6440,547,485,810984,10830,8178186,7701300
6441,575,581,810408,10825,8178767,7714000
6442,567,509,809846,10878,8179276,6602000
6443,553,555,809300,10869,8179831,6986800
6444,625,548,808683,10938,8180379,6421900
6445,572,563,808107,10951,8180942,6307800
6446,582,535,807535,10988,8181477,6348800
6447,566,595,806953,10975,8182072,6246600
6448,629,545,806349,11034,8182617,6228700
6449,564,601,805778,11004,8183218,6767400
6450,603,577,805167,11038,8183795,6172200
6451,563,548,804595,11062,8184343,6922400
6452,499,550,804082,11025,8184893,6192900
6453,568,569,803528,11010,8185462,6201600
6454,564,549,802975,11014,8186011,6189300
6455,569,572,802408,11009,8186583,6586100
6456,558,581,801838,10998,8187164,6921200
6457,624,583,801223,11030,8187747,8362500
6458,547,552,800683,11018,8188299,6530300
6459,527,590,800147,10964,8188889,6409400
6460,566,522,799580,11009,8189411,6202400
6461,537,555,799032,11002,8189966,6739000
6462,572,553,798468,11013,8190519,6131700
6463,541,564,797922,10995,8191083,6535000
6464,609,591,797312,11014,8191674,6087100
6465,643,560,796694,11072,8192234,6223100
6466,603,580,796098,11088,8192814,6645100
6467,508,594,795540,11052,8193408,6351400
6468,597,563,794974,11055,8193971,7142800
6469,518,606,794430,10993,8194577,6611200
6470,566,555,793898,10970,8195132,6447700
6471,581,554,793324,10990,8195686,6045100
6472,560,566,792720,11028,8196252,6401600
6473,540,586,792196,10966,8196838,6376400
6474,563,572,791611,10979,8197410,6754500
6475,554,604,791081,10905,8198014,6903600
6476,558,600,790522,10864,8198614,6512400
6477,549,539,789983,10864,8199153,6033800
6478,560,581,789407,10859,8199734,5948400
6479,641,577,788789,10900,8200311,5949100
6480,565,554,788215,10920,8200865,6002700
6481,557,583,787652,10900,8201448,6368200
6482,581,574,787078,10900,8202022,6096700
6483,575,549,786512,10917,8202571,5885900
6484,577,596,785924,10909,8203167,6168000
6485,572,580,785350,10903,8203747,6583600
6486,592,577,784782,10894,8204324,6034600
6487,582,541,784170,10965,8204865,6084900
6488,552,574,783638,10923,8205439,6608300
6489,583,572,783031,10958,8206011,6606000
6490,575,558,782483,10948,8206569,6191800
6491,557,601,781899,10931,8207170,6408300
6492,572,576,781337,10917,8207746,6370500
6493,535,564,780803,10887,8208310,6276600
6494,547,526,780250,10914,8208836,5976000
6495,587,564,779664,10936,8209400,6302500
6496,569,535,779110,10955,8209935,7304400
6497,571,553,778522,10990,8210488,6477000
6498,594,622,777960,10930,8211110,6121000
6499,542,568,777397,10925,8211678,6868300
6500,562,608,776840,10874,8212286,6253800
6501,564,547,776277,10890,8212833,6343600
6502,536,617,775722,10828,8213450,6984200
6503,556,562,775169,10819,8214012,6373600
6504,549,572,774623,10793,8214584,6883000
6505,578,605,774040,10771,8215189,6163300
6506,558,559,773485,10767,8215748,6346900
6507,574,589,772911,10752,8216337,6369400
6508,543,575,772364,10724,8216912,6779100
6509,582,526,771805,10757,8217438,6222300
6510,553,553,771242,10767,8217991,6245800
6511,587,542,770652,10815,8218533,6041200
6512,516,569,770120,10778,8219102,6345000
6513,527,554,769591,10753,8219656,6254900
6514,564,560,769025,10759,8220216,6413900
6515,504,552,768548,10684,8220768,6483100
6516,547,562,767989,10681,8221330,6095100
6517,540,565,767433,10672,8221895,6070900
6518,537,566,766923,10616,8222461,5900600
6519,555,543,766356,10640,8223004,6600600
6520,556,536,765778,10682,8223540,6025400
6521,548,572,765266,10622,8224112,6103800
6522,564,526,764691,10671,8224638,6996800
6523,557,565,764125,10672,8225203,6357600
6524,531,550,763587,10660,8225753,6984100
6525,515,588,763074,10585,8226341,6764300
6526,527,556,762545,10558,8226897,6870500
6527,563,574,761990,10539,8227471,7418500
6528,565,522,761440,10567,8227993,6237400
6529,542,587,760881,10539,8228580,6288900
6530,551,520,760346,10554,8229100,6009100
6531,515,545,759808,10547,8229645,6203300
6532,574,568,759255,10532,8230213,5993600
6533,545,533,758690,10564,8230746,6628300
6534,554,581,758144,10529,8231327,5983300
6535,544,598,757613,10462,8231925,6354100
6536,555,544,757056,10475,8232469,6213600
6537,536,577,756509,10445,8233046,6464300
6538,552,510,755962,10482,8233556,6515300
6539,527,597,755424,10423,8234153,6327100
6540,524,520,754899,10428,8234673,6424800
6541,517,548,754378,10401,8235221,6250400
6542,476,569,753905,10305,8235790,6485900
6543,526,513,753399,10298,8236303,6060400
6544,492,476,752874,10347,8236779,6057100
6545,529,563,752376,10282,8237342,6152700
6546,545,517,751842,10299,8237859,6370200
6547,540,469,751285,10387,8238328,7169600
6548,547,527,750743,10402,8238855,6184400
6549,534,540,750219,10386,8239395,6355500
6550,560,577,749643,10385,8239972,6537600
6551,546,544,749107,10377,8240516,6290900
6552,495,533,748606,10345,8241049,6383600
6553,570,527,748059,10365,8241576,7240200
6554,511,535,747531,10358,8242111,7140000
6555,514,523,746997,10369,8242634,6250700
6556,525,545,746489,10332,8243179,6527700
6557,553,550,745940,10331,8243729,6376500
6558,535,543,745400,10328,8244272,7014900
6559,506,550,744871,10307,8244822,6523400
6560,561,510,744339,10329,8245332,6528600
6561,499,566,743819,10283,8245898,6529600
6562,532,538,743305,10259,8246436,6337800
6563,568,519,742746,10299,8246955,8009700
6564,488,500,742202,10343,8247455,6599500
6565,515,570,741707,10268,8248025,7820800
6566,504,511,741216,10248,8248536,8375400
6567,558,581,740666,10217,8249117,7078000
6568,490,519,740158,10206,8249636,6329900
6569,524,469,739654,10241,8250105,6861300
6570,519,500,739115,10280,8250605,6269200
6571,520,504,738593,10298,8251109,6144100
6572,564,520,738061,10310,8251629,6197700
6573,542,543,737504,10324,8252172,6051300
6574,477,529,737014,10285,8252701,6569800
6575,572,548,736463,10288,8253249,6086900
6576,570,489,735896,10366,8253738,6235400
6577,566,585,735318,10359,8254323,6528900
6578,576,525,734748,10404,8254848,6219900
6579,572,565,734170,10417,8255413,6989200
6580,546,547,733630,10410,8255960,6340600
6581,593,560,733033,10447,8256520,6043200
6582,572,542,732465,10473,8257062,6232300
6583,558,519,731901,10518,8257581,6701000
6584,548,557,731356,10506,8258138,8174500
6585,523,542,730842,10478,8258680,6352000
6586,525,522,730307,10491,8259202,7896800
6587,488,543,729804,10451,8259745,6614500
6588,483,501,729339,10415,8260246,6566300
6589,530,559,728801,10394,8260805,6588100
6590,548,546,728262,10387,8261351,6033100
6591,545,553,727701,10395,8261904,6290900
6592,526,511,727195,10390,8262415,6284600
6593,549,565,726658,10362,8262980,6778600
6594,553,508,726074,10438,8263488,6242200
6595,537,516,725538,10458,8264004,6109900
6596,518,535,725015,10446,8264539,6442400
6597,537,523,724510,10428,8265062,6519600
6598,521,540,723976,10422,8265602,6439500
6599,531,497,723440,10461,8266099,6249300
6600,555,512,722865,10524,8266611,5965700
6601,553,507,722344,10538,8267118,6761400
6602,539,547,721799,10536,8267665,5857800
6603,539,557,721258,10520,8268222,6462500
6604,495,571,720740,10467,8268793,6260800
6605,531,517,720218,10472,8269310,7100400
6606,532,526,719706,10458,8269836,6780000
6607,512,546,719173,10445,8270382,6484800
6608,493,588,718680,10350,8270970,5957500
6609,577,558,718105,10367,8271528,6564400
6610,495,541,717612,10319,8272069,6572300
6611,549,554,717081,10296,8272623,7343900
6612,540,559,716520,10298,8273182,6615700
6613,497,524,716029,10265,8273706,6967400
6614,549,563,715479,10252,8274269,6209200
6615,563,536,714925,10270,8274805,6076200
6616,495,506,714419,10270,8275311,6323700
6617,536,526,713874,10289,8275837,6884700
6618,545,492,713339,10332,8276329,6068900
6619,524,534,712813,10324,8276863,5962300
6620,501,551,712307,10279,8277414,6326200
6621,479,505,711832,10249,8277919,6345400
6622,539,541,711296,10244,8278460,7032900
6623,525,529,710772,10239,8278989,7136500
6624,519,516,710236,10259,8279505,6859400
6625,516,506,709739,10250,8280011,6590400
6626,505,565,709223,10201,8280576,6745000
6627,478,539,708762,10123,8281115,8114800
6628,504,504,708237,10144,8281619,7346400
6629,488,482,707735,10164,8282101,6805100
6630,515,502,707236,10161,8282603,6878200
6631,555,547,706704,10146,8283150,6567800
6632,551,549,706148,10153,8283699,7592700
6633,494,524,705656,10121,8284223,6794400
6634,531,560,705112,10105,8284783,7077800
6635,503,557,704598,10062,8285340,6806800
6636,515,489,704094,10077,8285829,7014100
6637,545,539,703570,10062,8286368,7749200
6638,543,525,703006,10101,8286893,6610800
6639,523,523,702477,10107,8287416,7064300
6640,514,535,701956,10093,8287951,6851100
6641,565,538,701422,10089,8288489,8247100
6642,542,515,700865,10131,8289004,6603800
6643,488,526,700363,10107,8289530,6558100
6644,514,523,699859,10088,8290053,7495700
6645,531,508,699332,10107,8290561,6920900
6646,516,481,698842,10116,8291042,6272200
6647,490,554,698309,10095,8291596,6639100
6648,540,503,697800,10101,8292099,6520900
6649,504,523,697268,10110,8292622,7285600
6650,511,565,696767,10046,8293187,6710200
6651,474,498,696297,10018,8293685,7414300
6652,537,534,695752,10029,8294219,6403800
6653,497,498,695248,10035,8294717,7192100
6654,504,517,694733,10033,8295234,6871300
6655,507,479,694255,10032,8295713,6431100
6656,522,555,693727,10005,8296268,7428900
6657,511,562,693221,9949,8296830,7590800
6658,540,537,692700,9933,8297367,6693200
6659,565,538,692115,9980,8297905,6934000
6660,525,491,691589,10015,8298396,6650200
6661,507,521,691079,10004,8298917,7061700
6662,509,476,690568,10039,8299393,6435100
6663,516,550,690051,10006,8299943,6527000
6664,487,540,689546,9971,8300483,6847200
6665,519,502,689060,9955,8300985,6205100
6666,546,540,688504,9971,8301525,6794100
6667,514,480,687988,10007,8302005,6907100
6668,523,534,687453,10008,8302539,7376800
6669,519,514,686946,10001,8303053,7441500
6670,513,524,686428,9995,8303577,7851000
6671,498,510,685908,10005,8304087,7157900
6672,513,493,685428,9992,8304580,6338000
6673,525,565,684909,9946,8305145,6784900
6674,550,493,684360,10002,8305638,6467300
6675,551,503,683817,10042,8306141,6499300
6676,531,563,683273,10023,8306704,6485000
6677,548,532,682709,10055,8307236,6678800
6678,506,507,682226,10031,8307743,6236300
6679,551,526,681675,10056,8308269,7486700
6680,544,530,681122,10079,8308799,6819000
6681,522,520,680593,10088,8309319,6349700
6682,493,565,680083,10033,8309884,6224300
6683,547,508,679560,10048,8310392,6435400
6684,548,544,679009,10055,8310936,6089300
6685,524,505,678488,10071,8311441,6050200
6686,490,516,677988,10055,8311957,6363200
6687,532,541,677467,10035,8312498,6111300
6688,487,527,676970,10005,8313025,6605200
6689,531,527,676438,10010,8313552,6044800
6690,541,501,675926,10021,8314053,7000800
6691,549,512,675350,10085,8314565,6408100
6692,566,465,674806,10164,8315030,6171100
6693,535,535,674256,10179,8315565,6420400
6694,539,528,673721,10186,8316093,6200200
6695,537,535,673178,10194,8316628,6328900
6696,526,545,672659,10168,8317173,6251300
6697,515,486,672140,10201,8317659,7172400
6698,492,536,671656,10149,8318195,6251000
6699,503,540,671149,10116,8318735,6318400
6700,512,520,670626,10119,8319255,6856200
6701,507,528,670119,10098,8319783,6359100
6702,473,492,669643,10082,8320275,6886700
6703,535,515,669113,10097,8320790,6503200
6704,538,523,668587,10100,8321313,6884200
6705,519,512,668038,10137,8321825,6431100
6706,474,507,667574,10094,8322332,5975100
6707,507,493,667076,10099,8322825,7268800
6708,538,556,666546,10073,8323381,6207500
6709,491,517,666047,10055,8323898,6331200
6710,523,527,665536,10039,8324425,6545800
6711,489,548,665018,10009,8324973,6648300
6712,541,509,664492,10026,8325482,6570500
6713,516,516,663988,10014,8325998,6979000
6714,523,490,663456,10056,8326488,6435500
6715,495,515,662958,10039,8327003,6668400
6716,509,517,662446,10034,8327520,6634200
6717,495,512,661952,10016,8328032,7141300
6718,566,562,661391,10015,8328594,6608800
6719,501,497,660887,10022,8329091,6465900
6720,516,507,660367,10035,8329598,6419800
6721,560,528,659817,10057,8330126,6727300
6722,478,536,659319,10019,8330662,7204900
6723,536,536,658822,9980,8331198,7389000
6724,535,476,658272,10054,8331674,6991900
6725,511,543,657746,10037,8332217,6357900
6726,567,563,657195,10025,8332780,6937000
6727,508,572,656664,9984,8333352,6576700
6728,534,514,656144,9990,8333866,6728500
6729,519,464,655640,10030,8334330,6208800
6730,530,510,655082,10078,8334840,7104300
6731,524,522,654569,10069,8335362,6505700
6732,593,529,654003,10106,8335891,7032600
6733,503,557,653475,10077,8336448,6667100
6734,464,527,652992,10033,8336975,6226000
6735,499,524,652510,9991,8337499,5910100
6736,556,546,651985,9970,8338045,6154600
6737,526,532,651432,9991,8338577,6813000
6738,492,507,650929,9987,8339084,6166000
6739,500,506,650440,9970,8339590,6162000
6740,519,544,649917,9949,8340134,6071500
6741,485,500,649434,9932,8340634,5939000
6742,527,527,648909,9930,8341161,6359300
6743,495,531,648411,9897,8341692,6022800
6744,524,523,647891,9894,8342215,5772200
6745,513,502,647372,9911,8342717,6143000
6746,505,521,646858,9904,8343238,6055700
6747,536,518,646348,9896,8343756,6076600
6748,473,521,645849,9874,8344277,6296300
6749,527,452,645335,9936,8344729,6191100
6750,464,546,644869,9856,8345275,6172500
6751,479,553,644382,9790,8345828,5970100
6752,500,503,643885,9784,8346331,6092800
6753,460,517,643428,9724,8346848,6139800
6754,460,477,642951,9724,8347325,6123100
6755,463,535,642488,9652,8347860,6295200
6756,499,486,642009,9645,8348346,6079700
6757,505,468,641510,9676,8348814,6011300
6758,496,487,641003,9696,8349301,6310600
6759,513,571,640481,9647,8349872,6282000
6760,560,466,639949,9713,8350338,6102300
6761,441,515,639480,9667,8350853,6470600
6762,502,489,638970,9688,8351342,6229900
6763,517,508,638470,9680,8351850,6582200
6764,515,555,637943,9652,8352405,6295000
6765,546,509,637418,9668,8352914,6335000
6766,442,521,636941,9624,8353435,5941300
6767,468,481,636492,9592,8353916,6112200
6768,486,481,636008,9595,8354397,6282100
6769,534,458,635471,9674,8354855,6211400
6770,535,486,634959,9700,8355341,6252200
6771,479,538,634462,9659,8355879,6160900
6772,481,511,633987,9623,8356390,6247800
6773,499,479,633472,9659,8356869,6161200
6774,500,497,632995,9639,8357366,6590400
6775,525,495,632477,9662,8357861,6222700
6776,519,543,631962,9634,8358404,6074000
6777,513,518,631426,9652,8358922,6015100
6778,505,483,630923,9672,8359405,6733500
6779,512,516,630417,9662,8359921,6181300
6780,505,489,629899,9691,8360410,6015700
6781,471,505,629429,9656,8360915,6424900
6782,499,524,628924,9637,8361439,6284700
6783,475,512,628470,9579,8361951,6348500
6784,509,467,627951,9631,8362418,5932800
6785,513,519,627442,9621,8362937,6525100
6786,503,513,626947,9603,8363450,7003900
6787,513,500,626441,9609,8363950,6561500
6788,505,500,625909,9641,8364450,7815200
6789,526,501,625399,9650,8364951,9572200
6790,522,468,624866,9715,8365419,7189500
6791,495,498,624367,9716,8365917,7949500
6792,509,506,623862,9715,8366423,6670100
6793,526,488,623344,9745,8366911,6186100
6794,570,541,622788,9760,8367452,5974900
6795,482,519,622282,9747,8367971,6007500
6796,500,469,621786,9774,8368440,6325600
6797,509,490,621283,9787,8368930,6017500
6798,532,485,620777,9808,8369415,6255800
6799,527,487,620248,9850,8369902,6127900
6800,543,510,619697,9891,8370412,5862100
6801,542,517,619148,9923,8370929,6050900
6802,532,503,618605,9963,8371432,6584000
6803,566,505,618058,10005,8371937,6127100
6804,478,509,617559,9995,8372446,5893300
6805,506,502,617062,9990,8372948,5836600
6806,521,494,616520,10038,8373442,5880500
6807,502,510,616038,10010,8373952,5753100
6808,556,531,615502,10015,8374483,5564000
6809,528,496,614961,10060,8374979,6018000
6810,468,480,614471,10070,8375459,5920800
6811,525,491,613965,10085,8375950,5964000
6812,527,551,613429,10070,8376501,6426000
6813,527,486,612914,10099,8376987,6615300
6814,537,507,612370,10136,8377494,6238900
6815,462,501,611890,10115,8377995,5978600
6816,511,539,611393,10073,8378534,5916500
6817,518,520,610873,10073,8379054,5955200
6818,532,531,610359,10056,8379585,5906900
6819,513,482,609830,10103,8380067,5921700
6820,529,509,609317,10107,8380576,5952100
6821,545,515,608773,10136,8381091,6118900
6822,537,481,608237,10191,8381572,6327500
6823,531,518,607690,10220,8382090,6039700
6824,508,514,607182,10214,8382604,5991600
6825,511,567,606675,10154,8383171,5896700
6826,576,500,606128,10201,8383671,6126000
6827,497,507,605592,10230,8384178,6168400
6828,534,513,605065,10244,8384691,5944900
6829,548,504,604546,10259,8385195,6052000
6830,501,513,604022,10270,8385708,6279800
6831,519,518,603509,10265,8386226,7172400
6832,502,512,602999,10263,8386738,5944500
6833,556,527,602461,10274,8387265,6178000
6834,500,544,601930,10261,8387809,6209600
6835,494,497,601452,10242,8388306,5961900
6836,533,510,600913,10271,8388816,6281700
6837,513,541,600402,10241,8389357,6330500
6838,540,546,599870,10227,8389903,6074000
6839,499,548,599353,10196,8390451,6672100
6840,520,466,598838,10245,8390917,6297000
6841,510,549,598296,10238,8391466,6092800
6842,492,496,597833,10205,8391962,5997300
6843,494,498,597350,10190,8392460,6240200
6844,515,543,596836,10161,8393003,6114800
6845,489,519,596329,10149,8393522,6083200
6846,495,516,595842,10120,8394038,5965000
6847,491,541,595360,10061,8394579,6338200
6848,471,553,594885,9983,8395132,6278700
6849,485,517,594386,9965,8395649,6103800
6850,501,548,593890,9913,8396197,6083800
6851,462,524,593417,9862,8396721,6208000
6852,504,522,592924,9833,8397243,5976600
6853,491,502,592430,9825,8397745,6003700
6854,450,505,591963,9787,8398250,6274700
6855,518,516,591462,9772,8398766,6393900
6856,528,511,590966,9757,8399277,6512800
6857,537,516,590419,9788,8399793,6478600
6858,489,513,589917,9777,8400306,5961700
6859,510,497,589408,9789,8400803,5956200
6860,453,529,588935,9733,8401332,6047300
6861,513,517,588431,9720,8401849,5882300
6862,501,478,587950,9723,8402327,6030200
6863,515,474,587410,9789,8402801,5974700
6864,436,475,586979,9745,8403276,5757700
6865,492,497,586493,9734,8403773,6311700
6866,465,496,586020,9711,8404269,6187400
6867,461,532,585565,9634,8404801,6015000
6868,506,476,585070,9653,8405277,6140600
6869,515,499,584536,9688,8405776,6706500
6870,521,512,584032,9680,8406288,6428800
6871,459,498,583583,9631,8406786,6247200
6872,436,463,583120,9631,8407249,7560300
6873,460,482,582680,9589,8407731,7340000
6874,462,501,582199,9569,8408232,6928400
6875,445,497,581764,9507,8408729,6418100
6876,442,501,581293,9477,8409230,6812900
6877,434,491,580865,9414,8409721,6599800
6878,447,491,580414,9374,8410212,7067600
6879,449,486,579975,9327,8410698,6444600
6880,467,475,579537,9290,8411173,6356900
6881,453,476,579071,9280,8411649,6902100
6882,431,506,578622,9223,8412155,6563000
6883,452,474,578182,9189,8412629,6488000
6884,449,505,577723,9143,8413134,6689200
6885,437,452,577279,9135,8413586,6138000
6886,466,457,576823,9134,8414043,6946600
6887,468,472,576371,9114,8414515,6750800
6888,452,466,575913,9106,8414981,6333900
6889,498,466,575393,9160,8415447,6413000
6890,490,459,574935,9159,8415906,6377800
6891,514,472,574412,9210,8416378,7417000
6892,474,442,573937,9243,8416820,6660900
6893,520,485,573401,9294,8417305,6537800
6894,493,505,572919,9271,8417810,6550200
6895,497,456,572405,9329,8418266,6226300
6896,484,469,571958,9307,8418735,6389400
6897,459,527,571476,9262,8419262,6900900
6898,491,510,570978,9250,8419772,7035800
6899,458,529,570526,9173,8420301,6605200
6900,485,455,570035,9209,8420756,6413100
6901,481,491,569555,9198,8421247,6262700
6902,478,470,569084,9199,8421717,6306700
6903,515,493,568572,9218,8422210,6394900
6904,436,467,568136,9187,8422677,6520400
6905,490,446,567656,9221,8423123,7211700
6906,431,476,567224,9177,8423599,6102000
6907,451,478,566748,9175,8424077,6530300
6908,463,470,566299,9154,8424547,6228500
6909,470,489,565834,9130,8425036,6690700
6910,444,461,565377,9126,8425497,6101800
6911,432,476,564933,9094,8425973,6249100
6912,446,478,564506,9043,8426451,6119300
6913,449,441,564052,9056,8426892,6161500
6914,457,463,563596,9049,8427355,6347200
6915,482,466,563126,9053,8427821,6881200
6916,424,459,562684,9036,8428280,6408200
6917,468,514,562221,8985,8428794,6558400
6918,467,479,561755,8972,8429273,6426500
6919,478,476,561288,8963,8429749,6135800
6920,506,486,560788,8977,8430235,6006600
6921,441,473,560341,8951,8430708,6479300
6922,475,478,559862,8952,8431186,6651800
6923,446,456,559408,8950,8431642,6525800
6924,450,454,558967,8937,8432096,6621800
6925,470,480,558490,8934,8432576,6404600
6926,462,468,558034,8922,8433044,6402500
6927,463,428,557557,8971,8433472,6527300
6928,404,451,557146,8931,8433923,6446700
6929,438,420,556723,8934,8434343,5985300
6930,449,465,556270,8922,8434808,6138100
6931,455,460,555821,8911,8435268,6289500
6932,447,451,555354,8927,8435719,6400100
6933,424,464,554928,8889,8436183,6114100
6934,415,494,554522,8801,8436677,6333000
6935,398,482,554118,8723,8437159,6491600
6936,424,474,553691,8676,8437633,6320300
6937,422,423,553271,8673,8438056,6424900
6938,399,434,552870,8640,8438490,6195600
6939,405,423,552457,8630,8438913,6127400
6940,433,472,552029,8586,8439385,5987000
6941,431,429,551597,8589,8439814,6075700
6942,411,414,551197,8575,8440228,6247500
6943,447,442,550757,8573,8440670,6122300
6944,432,424,550305,8601,8441094,6102800
6945,419,442,549914,8550,8441536,6004600
6946,412,438,549506,8520,8441974,5778400
6947,385,440,549104,8482,8442414,6122400
6948,444,430,548671,8485,8442844,5886800
6949,450,446,548196,8514,8443290,6103200
6950,487,437,547741,8532,8443727,6126200
6951,426,473,547282,8518,8444200,6307200
6952,435,470,546855,8475,8444670,6887400
6953,443,418,546421,8491,8445088,6079100
6954,470,411,545958,8543,8445499,6450300
6955,462,394,545489,8618,8445893,7410900
6956,476,452,545018,8637,8446345,6914900
6957,432,428,544582,8645,8446773,6660700
6958,446,420,544138,8669,8447193,5947700
6959,434,456,543708,8643,8447649,6205200
6960,413,456,543282,8613,8448105,5838400
6961,436,460,542848,8587,8448565,6164700
6962,445,455,542408,8572,8449020,6097000
6963,394,442,542003,8535,8449462,5941600
6964,464,473,541571,8494,8449935,5880300
6965,477,435,541079,8551,8450370,5929200
6966,426,421,540641,8568,8450791,6234700
6967,431,407,540204,8598,8451198,6175900
6968,447,469,539775,8558,8451667,6169100
6969,397,455,539361,8517,8452122,6216900
6970,439,445,538940,8493,8452567,6202100
6971,416,444,538507,8482,8453011,6197600
6972,382,427,538117,8445,8453438,5930800
6973,402,414,537716,8432,8453852,5922400
6974,425,448,537292,8408,8454300,6008400
6975,449,442,536875,8383,8454742,6112500
6976,428,398,536445,8415,8455140,6183600
6977,440,452,535997,8411,8455592,5984600
6978,462,454,535534,8420,8456046,6033400
6979,406,448,535128,8378,8456494,6162500
6980,408,414,534719,8373,8456908,6074900
6981,401,438,534311,8343,8457346,6289200
6982,431,460,533878,8316,8457806,6194900
6983,453,449,533451,8294,8458255,6150800
6984,429,444,532995,8306,8458699,5979700
6985,427,447,532575,8279,8459146,6137300
6986,422,445,532149,8260,8459591,5955600
6987,418,465,531724,8220,8460056,6186000
6988,398,438,531332,8174,8460494,6159100
6989,415,421,530920,8165,8460915,6002000
6990,439,435,530471,8179,8461350,6196500
6991,411,432,530063,8155,8461782,6184100
6992,387,439,529673,8106,8462221,5888900
6993,400,417,529294,8068,8462638,6088100
6994,404,428,528887,8047,8463066,6002900
6995,390,438,528477,8019,8463504,6311000
6996,417,417,528056,8023,8463921,6823800
6997,433,429,527633,8017,8464350,6712700
6998,412,411,527219,8020,8464761,6195700
6999,424,432,526813,7994,8465193,6045800
7000,421,464,526381,7962,8465657,6208300
7001,412,392,525956,7995,8466049,6236100
7002,448,379,525528,8044,8466428,6032000
7003,438,400,525093,8079,8466828,6076500
7004,422,423,524659,8090,8467251,6139700
7005,380,437,524282,8030,8467688,6196000
7006,459,427,523829,8056,8468115,6488500
7007,426,418,523389,8078,8468533,6243400
7008,424,404,522969,8094,8468937,6343100
7009,466,426,522524,8113,8469363,6348900
7010,419,405,522084,8148,8469768,6168800
7011,424,422,521661,8149,8470190,6381000
7012,399,397,521257,8156,8470587,6200800
7013,401,386,520867,8160,8470973,6119300
7014,416,438,520463,8126,8471411,6362900
7015,433,414,520023,8152,8471825,6182200
7016,413,476,519587,8112,8472301,6071300
7017,384,404,519199,8096,8472705,5993600
7018,389,419,518819,8057,8473124,6068200
7019,409,423,518419,8034,8473547,6156300
7020,414,435,518002,8016,8473982,6293700
7021,447,419,517546,8053,8474401,6608400
7022,432,392,517114,8093,8474793,7763200
7023,396,442,516713,8052,8475235,9057600
7024,399,415,516319,8031,8475650,7609600
7025,427,448,515874,8028,8476098,7068500
7026,404,432,515502,7968,8476530,7167700
7027,421,392,515070,8008,8476922,6559700
7028,416,424,514660,7994,8477346,7191300
7029,420,397,514236,8021,8477743,8070100
7030,400,425,513825,8007,8478168,10141000
7031,431,405,513410,8017,8478573,11793900
7032,403,417,512996,8014,8478990,9025600
7033,392,393,512601,8016,8479383,8669500
7034,441,428,512179,8010,8479811,8879100
7035,373,456,511795,7938,8480267,6788700
7036,410,427,511395,7911,8480694,6336700
7037,414,394,510982,7930,8481088,6333500
7038,369,413,510579,7920,8481501,6080900
7039,409,408,510189,7902,8481909,6218500
7040,387,405,509821,7865,8482314,6847800
7041,359,394,509445,7847,8482708,6509400
7042,378,400,509051,7841,8483108,5897000
7043,370,409,508675,7808,8483517,6227900
7044,380,397,508310,7776,8483914,5881500
7045,389,404,507918,7764,8484318,6082000
7046,365,405,507554,7723,8484723,6542200
7047,412,418,507155,7704,8485141,5943500
7048,344,364,506782,7713,8485505,6014400
7049,372,414,506431,7650,8485919,6025600
7050,380,397,506040,7644,8486316,5748800
7051,375,381,505658,7645,8486697,5765400
7052,391,405,505283,7615,8487102,5739800
7053,383,380,504915,7603,8487482,5889900
7054,389,360,504504,7654,8487842,5769800
7055,369,376,504149,7633,8488218,5883100
7056,390,408,503755,7619,8488626,5777400
7057,363,367,503387,7620,8488993,5848600
7058,370,389,503011,7607,8489382,5730100
7059,340,429,502667,7522,8489811,5616100
7060,320,404,502335,7450,8490215,5957200
7061,356,351,501996,7438,8490566,6000000
7062,340,363,501664,7407,8490929,5759000
7063,379,379,501268,7424,8491308,5711600
7064,351,406,500921,7365,8491714,5925500
7065,326,404,500595,7287,8492118,5672700
7066,346,347,500255,7280,8492465,5553900
7067,332,361,499918,7256,8492826,5744400
7068,370,383,499552,7239,8493209,5791700
7069,371,359,499189,7243,8493568,5824000
7070,336,405,498844,7183,8493973,5702600
7071,379,333,498462,7232,8494306,5676700
7072,383,389,498087,7218,8494695,5871600
7073,386,408,497698,7199,8495103,5842200
7074,396,354,497313,7230,8495457,5668200
7075,385,376,496918,7249,8495833,5819300
7076,365,358,496555,7254,8496191,5671800
7077,381,373,496184,7252,8496564,5790500
7078,356,387,495823,7226,8496951,6462200
7079,320,357,495470,7222,8497308,6019000
7080,404,397,495089,7206,8497705,6333000
7081,405,364,494695,7236,8498069,6162200
7082,395,370,494276,7285,8498439,6353800
7083,350,397,493937,7227,8498836,6461800
7084,385,339,493553,7272,8499175,5954800
7085,375,379,493185,7261,8499554,6088700
7086,418,369,492781,7296,8499923,5695100
7087,397,377,492377,7323,8500300,5753000
7088,410,452,491950,7298,8500752,5664000
7089,364,381,491583,7284,8501133,5722400
7090,366,399,491232,7236,8501532,5847400
7091,373,352,490855,7261,8501884,5761300
7092,378,345,490487,7284,8502229,5754400
7093,393,403,490073,7295,8502632,5951100
7094,370,384,489708,7276,8503016,5670100
7095,377,381,489338,7265,8503397,5607000
7096,406,368,488943,7292,8503765,6084700
7097,386,354,488544,7337,8504119,5795100
7098,383,377,488160,7344,8504496,5636100
7099,398,381,487760,7363,8504877,5661400
7100,394,401,487372,7350,8505278,5596000
7101,364,384,487022,7316,8505662,5693200
7102,372,383,486623,7332,8506045,5648600
7103,374,394,486260,7301,8506439,5814500
7104,386,414,485872,7275,8506853,5756100
7105,390,398,485491,7258,8507251,5762500
7106,371,404,485117,7228,8507655,5794500
7107,359,337,484734,7274,8507992,5687100
7108,382,388,484385,7235,8508380,5882600
7109,378,347,483996,7277,8508727,5718600
7110,379,385,483623,7265,8509112,5720500
7111,380,400,483225,7263,8509512,5740300
7112,382,336,482850,7302,8509848,5790400
7113,342,376,482501,7275,8510224,5779200
7114,383,378,482123,7275,8510602,5709100
7115,367,421,481757,7220,8511023,6042800
7116,366,374,481386,7217,8511397,6072500
7117,367,381,481046,7176,8511778,5955600
7118,411,378,480626,7218,8512156,5870800
7119,331,404,480279,7161,8512560,6225900
7120,349,384,479943,7113,8512944,6001200
7121,332,370,479580,7106,8513314,6129900
7122,348,368,479244,7074,8513682,5698400
7123,325,349,478912,7057,8514031,5775200
7124,339,356,478572,7041,8514387,5563200
7125,350,355,478224,7034,8514742,5617100
7126,330,370,477895,6993,8515112,5692500
7127,334,362,477574,6952,8515474,5659100
7128,320,373,477255,6898,8515847,5604000
7129,326,355,476919,6879,8516202,5595700
7130,361,368,476562,6868,8516570,5692900
7131,363,374,476187,6869,8516944,5827000
7132,335,361,475857,6838,8517305,6119700
7133,332,315,475523,6857,8517620,6168500
7134,371,365,475163,6852,8517985,5662700
7135,342,332,474813,6870,8518317,5604900
7136,338,357,474484,6842,8518674,5710100
7137,382,360,474106,6860,8519034,5584200
7138,371,343,473743,6880,8519377,5424100
7139,358,348,473381,6894,8519725,5535900
7140,351,337,473025,6913,8520062,5786700
7141,323,321,472710,6907,8520383,5705400
7142,340,365,472353,6899,8520748,5793800
7143,371,332,471976,6944,8521080,5674500
7144,346,352,471625,6943,8521432,5627400
7145,308,353,471326,6889,8521785,6319700
7146,369,373,470963,6879,8522158,5629200
7147,361,379,470601,6862,8522537,5496800
7148,344,362,470251,6850,8522899,5490600
7149,311,326,469932,6843,8523225,5655800
7150,339,335,469607,6833,8523560,5747200
7151,339,357,469274,6809,8523917,5664300
7152,358,357,468921,6805,8524274,5628100
7153,357,328,468546,6852,8524602,5732900
7154,337,350,468219,6829,8524952,5899600
7155,362,373,467856,6819,8525325,5888600
7156,309,339,467535,6801,8525664,5810500
7157,313,339,467220,6777,8526003,5580500
7158,333,357,466894,6746,8526360,5652900
7159,326,344,466557,6739,8526704,5765400
7160,329,304,466246,6746,8527008,5798400
7161,352,347,465890,6755,8527355,5651800
7162,329,339,465556,6750,8527694,5588600
7163,341,354,465233,6719,8528048,5629200
7164,310,368,464902,6682,8528416,5583800
7165,343,333,464567,6684,8528749,5652900
7166,364,348,464219,6684,8529097,5615600
7167,304,329,463889,6685,8529426,5786700
7168,371,340,463533,6701,8529766,5716700
7169,362,325,463177,6732,8530091,5719100
7170,350,315,462821,6773,8530406,5774300
7171,381,373,462434,6787,8530779,5566400
7172,342,346,462102,6773,8531125,5544300
7173,351,354,461745,6776,8531479,5644700
7174,355,324,461392,6805,8531803,5609200
7175,339,327,461046,6824,8532130,5596700
7176,347,382,460712,6776,8532512,5624600
7177,367,319,460358,6811,8532831,5641800
7178,342,367,459994,6808,8533198,5537300
7179,367,362,459630,6810,8533560,5822300
7180,358,374,459299,6767,8533934,6419300
7181,367,344,458909,6813,8534278,5844800
7182,349,353,458541,6828,8534631,5861700
7183,325,358,458212,6799,8534989,5698500
7184,348,358,457882,6771,8535347,5620800
7185,334,352,457545,6756,8535699,5545800
7186,318,327,457225,6749,8536026,5630200
7187,371,365,456861,6748,8536391,5662300
7188,310,359,456532,6718,8536750,5702600
7189,344,371,456203,6676,8537121,6011800
7190,292,351,455910,6618,8537472,5829900
7191,321,356,455579,6593,8537828,5753800
7192,312,344,455271,6557,8538172,5776300
7193,323,316,454958,6554,8538488,5989900
7194,327,322,454625,6565,8538810,6171300
7195,314,346,454303,6541,8539156,5966900
7196,322,298,453979,6567,8539454,6106700
7197,322,342,453676,6528,8539796,5979800
7198,333,351,453342,6511,8540147,5993400
7199,329,329,453019,6505,8540476,6005300
7200,325,321,452675,6528,8540797,6023800
7201,307,324,452361,6518,8541121,5976400
7202,332,357,452049,6473,8541478,6683500
7203,309,305,451729,6488,8541783,6236500
7204,348,335,451400,6482,8542118,6067100
7205,328,291,451068,6523,8542409,5723800
7206,324,343,450732,6516,8542752,5821300
7207,334,367,450408,6473,8543119,5740100
7208,339,342,450056,6483,8543461,5774400
7209,314,315,449738,6486,8543776,5765000
7210,290,331,449454,6439,8544107,5637300
7211,321,354,449142,6397,8544461,5618600
7212,313,335,448811,6393,8544796,5732300
7213,345,341,448493,6370,8545137,5763100
7214,325,330,448148,6385,8545467,5565200
7215,314,324,447833,6376,8545791,5655400
7216,312,318,447523,6368,8546109,5601300
7217,305,325,447216,6350,8546434,5466100
7218,343,338,446885,6343,8546772,5563600
7219,302,342,446571,6315,8547114,5496700
7220,350,316,446231,6339,8547430,5567300
7221,322,316,445901,6353,8547746,5545100
7222,314,337,445575,6342,8548083,5614800
7223,297,326,445292,6299,8548409,5605100
7224,290,308,444992,6291,8548717,5579600
7225,306,352,444685,6246,8549069,5585800
7226,316,360,444366,6205,8549429,5824300
7227,273,300,444109,6162,8549729,5807000
7228,305,341,443787,6143,8550070,5719400
7229,350,329,443466,6135,8550399,5571400
7230,321,292,443138,6171,8550691,5456900
7231,311,306,442808,6195,8550997,5653400
7232,331,340,442483,6180,8551337,5555100
7233,313,316,442176,6171,8551653,5729000
7234,288,332,441869,6146,8551985,5454400
7235,310,358,441582,6075,8552343,5548800
7236,296,304,441279,6074,8552647,5571900
7237,284,310,440979,6064,8552957,5878800
7238,308,271,440684,6088,8553228,5725800
7239,301,305,440381,6086,8553533,5624900
7240,334,324,440056,6087,8553857,5661500
7241,286,343,439762,6038,8554200,5553900
7242,304,313,439454,6033,8554513,5447600
7243,306,296,439158,6033,8554809,5506400
7244,309,267,438827,6097,8555076,5553800
7245,302,330,438540,6054,8555406,5583000
7246,305,334,438235,6025,8555740,5539600
7247,308,322,437933,6005,8556062,5732900
7248,307,296,437620,6022,8556358,5681900
7249,290,316,437325,6001,8556674,5621600
7250,326,302,437000,6024,8556976,5455300
7251,306,332,436696,5996,8557308,5453600
7252,302,291,436408,5993,8557599,5552800
7253,288,316,436099,5986,8557915,5648600
7254,292,319,435818,5948,8558234,5577800
7255,302,312,435518,5936,8558546,5702500
7256,303,321,435233,5900,8558867,5560700
7257,294,290,434912,5931,8559157,5819600
7258,322,283,434587,5973,8559440,5676000
7259,346,323,434265,5972,8559763,5469500
7260,319,334,433931,5972,8560097,5674200
7261,347,315,433587,6001,8560412,5728900
7262,300,343,433289,5956,8560755,5480600
7263,311,300,432994,5951,8561055,5478600
7264,314,311,432657,5977,8561366,5542900
7265,271,275,432382,5977,8561641,5547300
7266,312,285,432076,5998,8561926,5641200
7267,309,289,431769,6016,8562215,5481200
7268,349,314,431424,6047,8562529,6121500
7269,297,325,431126,6020,8562854,5806100
7270,309,304,430809,6033,8563158,5813300
7271,318,303,430500,6039,8563461,5652400
7272,302,312,430192,6035,8563773,5510300
7273,327,336,429881,6010,8564109,5477700
7274,292,305,429560,6026,8564414,5682800
7275,322,323,429267,5996,8564737,5629700
7276,290,285,428952,6026,8565022,5724000
7277,320,287,428638,6053,8565309,5717900
7278,284,292,428349,6050,8565601,5706100
7279,298,309,428051,6039,8565910,5653300
7280,344,280,427732,6078,8566190,5711500
7281,306,312,427407,6091,8566502,5548200
7282,324,319,427087,6092,8566821,5467900
7283,323,304,426770,6105,8567125,5710000
7284,324,311,426447,6117,8567436,5949600
7285,296,317,426143,6104,8567753,5638100
7286,270,293,425873,6081,8568046,5688900
7287,322,316,425543,6095,8568362,5496400
7288,331,320,425206,6112,8568682,5572600
7289,301,286,424921,6111,8568968,5520700
7290,337,332,424603,6097,8569300,5844100
7291,347,324,424233,6143,8569624,5535800
7292,330,336,423892,6148,8569960,5512800
7293,325,303,423562,6175,8570263,5482100
7294,296,327,423266,6144,8570590,5741000
7295,336,294,422953,6163,8570884,5699300
7296,325,297,422624,6195,8571181,5615400
7297,327,306,422304,6209,8571487,5518400
7298,322,329,421976,6208,8571816,5462600
7299,301,325,421667,6192,8572141,5485800
7300,305,313,421367,6179,8572454,5507700
7301,333,327,421039,6180,8572781,5687600
7302,295,305,420717,6197,8573086,5595800
7303,304,340,420438,6136,8573426,5506100
7304,334,316,420115,6143,8573742,5551200
7305,301,312,419797,6149,8574054,5691100
7306,303,316,419499,6131,8574370,5796400
7307,305,303,419202,6125,8574673,5610500
7308,287,318,418907,6102,8574991,5794400
7309,316,341,418576,6092,8575332,5614200
7310,279,303,418298,6067,8575635,5512600
7311,294,316,418016,6033,8575951,5521900
7312,286,288,417723,6038,8576239,5585700
7313,284,302,417437,6022,8576541,5525700
7314,292,298,417163,5998,8576839,5511500
7315,318,311,416832,6018,8577150,5600600
7316,304,310,416523,6017,8577460,5509200
7317,307,282,416224,6034,8577742,5622500
7318,284,296,415931,6031,8578038,5770500
7319,309,287,415624,6051,8578325,5652300
7320,283,330,415337,6008,8578655,5566000
7321,311,331,415029,5985,8578986,5420800
7322,299,287,414726,6001,8579273,5451700
7323,321,331,414409,5987,8579604,5450900
7324,311,341,414097,5958,8579945,5607200
7325,303,312,413800,5943,8580257,5456200
7326,336,312,413475,5956,8580569,5446800
7327,288,286,413174,5971,8580855,6080600
7328,289,309,412885,5951,8581164,5563000
7329,306,314,412582,5940,8581478,5601000
7330,301,294,412278,5950,8581772,5703000
7331,322,307,411963,5958,8582079,5704900
7332,281,322,411681,5918,8582401,5570200
7333,313,304,411359,5936,8582705,5713200
7334,287,315,411070,5910,8583020,5572600
7335,316,324,410772,5884,8583344,5418000
7336,281,300,410463,5893,8583644,5446800
7337,287,285,410190,5881,8583929,5744100
7338,286,316,409898,5857,8584245,5669900
7339,291,310,409615,5830,8584555,5725700
7340,317,311,409294,5840,8584866,6126600
7341,289,286,409006,5842,8585152,6005400
7342,272,342,408732,5774,8585494,5983400
7343,294,288,408446,5772,8585782,5684900
7344,267,317,408156,5745,8586099,5519000
7345,248,255,407927,5719,8586354,5605700
7346,279,296,407649,5701,8586650,5457900
7347,281,317,407355,5678,8586967,5403100
7348,279,295,407080,5658,8587262,5567400
7349,299,293,406775,5670,8587555,5431400
7350,282,303,406516,5626,8587858,5507700
7351,277,274,406222,5646,8588132,5529500
7352,277,307,405955,5606,8588439,5407200
7353,257,319,405697,5545,8588758,6025800
7354,255,290,405429,5523,8589048,6439400
7355,267,275,405152,5525,8589323,5847500
7356,279,292,404902,5483,8589615,5628400
7357,282,291,404611,5483,8589906,5661800
7358,277,302,404326,5466,8590208,5739600
7359,250,309,404079,5404,8590517,5731300
7360,283,280,403801,5402,8590797,5537900
7361,263,274,403534,5395,8591071,5456200
7362,295,271,403239,5419,8591342,5472200
7363,297,259,402954,5445,8591601,5541100
7364,259,271,402670,5458,8591872,5824000
7365,297,292,402400,5436,8592164,6117100
7366,283,265,402114,5457,8592429,5788900
7367,279,275,401841,5455,8592704,5767300
7368,273,274,401551,5471,8592978,5873000
7369,298,271,401253,5498,8593249,5786400
7370,266,316,400974,5461,8593565,6044600
7371,269,258,400712,5465,8593823,6145900
7372,294,280,400428,5469,8594103,6307100
7373,309,273,400138,5486,8594376,6050700
7374,295,289,399822,5513,8594665,6201300
7375,266,292,399555,5488,8594957,5848600
7376,277,287,399272,5484,8595244,5893200
7377,304,289,398983,5484,8595533,6188400
7378,329,260,398651,5556,8595793,6681900
7379,307,297,398350,5560,8596090,6366600
7380,315,288,398043,5579,8596378,6580100
7381,330,279,397703,5640,8596657,6043500
7382,280,283,397423,5637,8596940,5784400
7383,278,294,397124,5642,8597234,5732900
7384,299,293,396839,5634,8597527,5644100
7385,298,304,396538,5631,8597831,5787000
7386,313,308,396246,5615,8598139,5676500
7387,250,310,395978,5573,8598449,5492300
7388,267,285,395710,5556,8598734,5785900
7389,253,294,395455,5517,8599028,5594000
7390,263,284,395176,5512,8599312,5541300
7391,272,318,394932,5438,8599630,5589100
7392,255,276,394667,5427,8599906,5618000
7393,261,274,394410,5410,8600180,5484300
7394,241,276,394155,5389,8600456,5614600
7395,278,278,393890,5376,8600734,5542800
7396,280,291,393609,5366,8601025,5478400
7397,289,274,393322,5379,8601299,5504000
7398,247,280,393057,5364,8601579,5716700
7399,262,291,392791,5339,8601870,5689300
7400,257,285,392544,5301,8602155,5527900
7401,245,265,392301,5279,8602420,5473800
7402,259,256,392043,5281,8602676,5751600
7403,289,252,391773,5299,8602928,5571600
7404,268,252,391490,5330,8603180,5513900
7405,286,296,391203,5321,8603476,5529400
7406,256,262,390941,5321,8603738,5454400
7407,287,301,390649,5312,8604039,5524800
7408,275,285,390380,5296,8604324,5560600
7409,246,284,390123,5269,8604608,5389500
7410,265,260,389867,5265,8604868,5443800
7411,274,286,389597,5249,8605154,5601300
7412,261,296,389337,5213,8605450,5748600
7413,285,259,389052,5239,8605709,5679500
7414,268,255,388780,5256,8605964,5612300
7415,241,275,388535,5226,8606239,5614100
7416,240,251,388298,5212,8606490,5873000
7417,237,283,388067,5160,8606773,5504800
7418,231,270,387829,5128,8607043,5443400
7419,271,280,387571,5106,8607323,5586400
7420,237,250,387325,5102,8607573,5514100
7421,271,284,387047,5096,8607857,5571200
7422,267,288,386794,5061,8608145,5643000
7423,246,281,386533,5041,8608426,5597200
7424,249,266,386292,5016,8608692,5622800
7425,247,264,386037,5007,8608956,5476100
7426,229,255,385823,4966,8609211,5610200
7427,240,248,385571,4970,8609459,5409100
7428,262,264,385316,4961,8609723,5463900
7429,292,239,385021,5017,8609962,5497500
7430,263,243,384761,5034,8610205,5538900
7431,243,230,384508,5057,8610435,5554700
7432,239,286,384271,5008,8610721,5565300
7433,273,255,384015,5009,8610976,5571300
7434,277,273,383732,5019,8611249,5666200
7435,258,268,383457,5026,8611517,5708600
7436,303,253,383167,5063,8611770,5523300
7437,258,280,382915,5035,8612050,5423100
7438,269,255,382639,5056,8612305,5478600
7439,251,253,382383,5059,8612558,5546400
7440,262,266,382120,5056,8612824,5517600
7441,272,228,381857,5091,8613052,5493000
7442,258,257,381585,5106,8613309,5503000
7443,280,270,381318,5103,8613579,5576800
7444,272,258,381039,5124,8613837,5603200
7445,283,275,380765,5123,8614112,5585100
7446,293,266,380486,5136,8614378,5528800
7447,300,300,380179,5143,8614678,5708200
7448,274,267,379902,5153,8614945,5606200
7449,287,270,379608,5177,8615215,5507200
7450,275,268,379342,5175,8615483,5485000
7451,281,263,379057,5197,8615746,5435400
7452,250,283,378812,5159,8616029,5466100
7453,255,262,378546,5163,8616291,5638300
7454,259,277,378279,5153,8616568,5438800
7455,265,272,378018,5142,8616840,5479700
7456,267,261,377771,5128,8617101,5544800
7457,268,289,377486,5124,8617390,5412700
7458,250,257,377236,5117,8617647,5423600
7459,278,263,376961,5129,8617910,6013000
7460,273,255,376686,5149,8618165,5608400
7461,244,258,376435,5142,8618423,5648600
7462,282,240,376164,5173,8618663,5596600
7463,237,240,375924,5173,8618903,5506200
7464,218,286,375703,5108,8619189,5611000
7465,254,282,375449,5080,8619471,5541200
7466,210,275,375230,5024,8619746,5440600
7467,250,251,374989,5014,8619997,5367500
7468,245,266,374739,4998,8620263,6044100
7469,250,266,374509,4962,8620529,5966200
7470,245,255,374236,4980,8620784,6063200
7471,230,294,374016,4906,8621078,5820800
7472,221,257,373792,4873,8621335,5828900
7473,242,267,373555,4843,8621602,6039000
7474,256,276,373304,4818,8621878,5710300
7475,250,270,373052,4800,8622148,5728100
7476,231,232,372810,4810,8622380,5631100
7477,238,257,372585,4778,8622637,5540100
7478,236,239,372349,4775,8622876,5716900
7479,230,257,372121,4746,8623133,5454900
7480,233,255,371874,4738,8623388,5460300
7481,236,249,371642,4721,8623637,5442900
7482,237,241,371392,4730,8623878,5494100
7483,248,250,371156,4716,8624128,5557500
7484,229,249,370918,4705,8624377,5475600
7485,244,246,370685,4692,8624623,5983000
7486,249,249,370442,4686,8624872,5856300
7487,251,247,370196,4685,8625119,6138200
7488,238,277,369959,4645,8625396,5847000
7489,201,240,369749,4615,8625636,5725900
7490,226,241,369522,4601,8625877,6240000
7491,230,231,369283,4609,8626108,6146700
7492,234,259,369046,4587,8626367,6006300
7493,198,263,368851,4519,8626630,6461300
7494,226,261,368623,4486,8626891,6352100
7495,220,209,368411,4489,8627100,6237400
7496,221,216,368180,4504,8627316,5992000
7497,253,228,367935,4521,8627544,5922300
7498,234,215,367701,4540,8627759,5819400
7499,235,240,367468,4533,8627999,5855800
7500,232,217,367236,4548,8628216,5838800
7501,235,231,367006,4547,8628447,5984500
7502,298,234,366704,4615,8628681,6064700
7503,263,217,366442,4660,8628898,6018800
7504,258,243,366177,4682,8629141,5694100
7505,273,251,365921,4687,8629392,5559400
7506,233,257,365673,4678,8629649,5489700
7507,239,268,365438,4645,8629917,5536100
7508,248,233,365184,4666,8630150,5661300
7509,240,244,364952,4654,8630394,5560500
7510,237,239,364706,4661,8630633,5534400
7511,235,247,364480,4640,8630880,5555700
7512,236,216,364236,4668,8631096,5543600
7513,257,215,363982,4707,8631311,5524600
7514,276,223,363716,4750,8631534,5470500
7515,219,222,363479,4765,8631756,5662600
7516,227,249,363257,4738,8632005,5587500
7517,259,246,363014,4735,8632251,5426400
7518,249,235,362752,4762,8632486,5702500
7519,218,266,362535,4713,8632752,5708400
7520,246,206,362297,4745,8632958,5536500
7521,226,220,362056,4766,8633178,5735400
7522,244,225,361825,4772,8633403,5770400
7523,224,257,361604,4736,8633660,5662700
7524,248,246,361347,4747,8633906,5479600
7525,243,235,361098,4761,8634141,5512700
7526,238,237,360860,4762,8634378,5480400
7527,212,239,360651,4732,8634617,5553400
7528,220,244,360431,4708,8634861,5714800
7529,209,272,360219,4648,8635133,5555900
7530,219,245,360002,4620,8635378,5684100
7531,216,231,359774,4617,8635609,5585900
7532,216,234,359569,4588,8635843,5718400
7533,196,245,359371,4541,8636088,5663400
7534,218,253,359160,4499,8636341,5775100
7535,232,219,358927,4513,8636560,5502200
7536,233,233,358692,4515,8636793,5403400
7537,193,212,358492,4503,8637005,5495700
7538,209,232,358286,4477,8637237,5417500
7539,208,242,358081,4440,8637479,5435600
7540,225,232,357854,4435,8637711,5568200
7541,179,215,357667,4407,8637926,5868000
7542,217,226,357458,4390,8638152,5952900
7543,223,223,357243,4382,8638375,5724600
7544,206,219,357025,4381,8638594,5791500
7545,201,215,356825,4366,8638809,5586800
7546,197,199,356642,4350,8639008,6161800
7547,224,241,356408,4343,8639249,5856200
7548,210,228,356203,4320,8639477,6246000
7549,212,201,355981,4341,8639678,6538200
7550,226,241,355775,4306,8639919,11057800
7551,219,198,355541,4342,8640117,10082000
7552,217,230,355322,4331,8640347,10069300
7553,208,216,355112,4325,8640563,7866200
7554,211,227,354903,4307,8640790,7483000
7555,237,206,354668,4336,8640996,7490600
7556,207,216,354458,4330,8641212,6294500
7557,229,229,354229,4330,8641441,5715800
7558,202,216,354020,4323,8641657,6034700
7559,206,207,353828,4308,8641864,5795000
7560,236,212,353599,4325,8642076,5951800
7561,197,230,353387,4307,8642306,7197000
7562,227,236,353162,4296,8642542,6918800
7563,240,229,352930,4299,8642771,6416500
7564,258,213,352678,4338,8642984,6566100
7565,223,228,352450,4338,8643212,6234700
7566,241,192,352209,4387,8643404,6206200
7567,236,231,351979,4386,8643635,5931200
7568,257,249,351722,4394,8643884,5938800
7569,222,247,351492,4377,8644131,6525800
7570,233,230,351254,4385,8644361,6094100
7571,203,209,351048,4382,8644570,6376700
7572,256,217,350804,4409,8644787,6039200
7573,241,221,350563,4429,8645008,5964200
7574,214,216,350341,4435,8645224,5802800
7575,240,242,350107,4427,8645466,5830300
7576,239,258,349873,4403,8645724,5861100
7577,244,240,349616,4420,8645964,5906800
7578,239,218,349374,4444,8646182,5720100
7579,228,229,349162,4427,8646411,6098200
7580,213,226,348941,4422,8646637,5881400
7581,206,222,348732,4409,8646859,5759900
7582,240,219,348489,4433,8647078,5780900
7583,212,242,348274,4406,8647320,5748400
7584,202,208,348070,4402,8647528,6067300
7585,249,223,347833,4416,8647751,6029300
7586,249,243,347580,4426,8647994,5833300
7587,219,229,347362,4415,8648223,5795000
7588,234,250,347139,4388,8648473,5544800
7589,197,218,346919,4390,8648691,5566600
7590,211,240,346728,4341,8648931,5513400
7591,223,207,346497,4365,8649138,5744400
7592,212,227,346293,4342,8649365,5561200
7593,214,223,346081,4331,8649588,5503600
7594,231,234,345841,4337,8649822,5501800
7595,226,259,345618,4301,8650081,5621800
7596,219,209,345396,4314,8650290,5682000
7597,238,219,345166,4325,8650509,5499900
7598,232,227,344930,4334,8650736,5689900
7599,228,215,344694,4355,8650951,5452300
7600,216,193,344474,4382,8651144,5564500
7601,217,210,344253,4393,8651354,5552000
7602,236,217,344030,4399,8651571,5423800
7603,234,265,343787,4377,8651836,5462400
7604,206,218,343589,4357,8652054,5371700
7605,214,207,343389,4350,8652261,5447700
7606,239,232,343143,4364,8652493,5641600
7607,199,236,342932,4339,8652729,5741100
7608,216,213,342714,4344,8652942,5652700
7609,230,230,342487,4341,8653172,5657200
7610,223,222,342271,4335,8653394,5426100
7611,230,190,342048,4368,8653584,5646600
7612,224,236,341819,4361,8653820,5636100
7613,238,221,341574,4385,8654041,5428600
7614,206,224,341364,4371,8654265,5558300
7615,212,213,341160,4362,8654478,5383700
7616,224,236,340931,4355,8654714,5569600
7617,205,213,340724,4349,8654927,5677800
7618,203,238,340508,4327,8655165,5618300
7619,205,226,340315,4294,8655391,5469200
7620,219,210,340090,4309,8655601,5480500
7621,221,203,339877,4319,8655804,5409900
7622,204,239,339671,4286,8656043,5411700
7623,225,223,339454,4280,8656266,5428800
7624,224,232,339226,4276,8656498,5445100
7625,216,205,339013,4284,8656703,5465600
7626,230,236,338785,4276,8656939,5512100
7627,204,231,338570,4260,8657170,5727500
7628,206,209,338366,4255,8657379,5641800
7629,184,223,338181,4217,8657602,5906600
7630,205,236,337977,4185,8657838,5916600
7631,219,182,337772,4208,8658020,5732400
7632,240,200,337524,4256,8658220,5756400
7633,229,225,337301,4254,8658445,5529600
7634,230,223,337053,4279,8658668,5705900
7635,208,213,336848,4271,8658881,5637200
7636,228,226,336625,4268,8659107,5701800
7637,247,220,336391,4282,8659327,5667800
7638,229,199,336150,4324,8659526,5599900
7639,241,225,335907,4342,8659751,5688300
7640,228,225,335668,4356,8659976,5909100
7641,231,192,335450,4382,8660168,6522900
7642,219,217,335218,4397,8660385,6806500
7643,206,234,335019,4362,8660619,6057700
7644,210,233,334814,4334,8660852,5954100
7645,219,220,334596,4332,8661072,6452800
7646,222,227,334368,4333,8661299,6025100
7647,216,224,334156,4321,8661523,5890600
7648,213,233,333944,4300,8661756,5642000
7649,223,213,333718,4313,8661969,5494800
7650,208,207,333508,4316,8662176,5612400
7651,200,222,333307,4295,8662398,5583300
7652,199,230,333115,4257,8662628,5767100
7653,238,224,332871,4277,8662852,5573600
7654,226,248,332634,4266,8663100,5624000
7655,244,179,332419,4302,8663279,5621300
7656,226,213,332182,4326,8663492,5712900
7657,215,229,331961,4318,8663721,5779400
7658,236,219,331726,4334,8663940,5519100
7659,188,228,331531,4301,8664168,5553200
7660,210,223,331330,4279,8664391,5545700
7661,226,249,331109,4251,8664640,5579000
7662,233,202,330870,4288,8664842,5682500
7663,215,240,330653,4265,8665082,5589300
7664,209,229,330444,4245,8665311,5877700
7665,213,235,330233,4221,8665546,5794300
7666,222,220,330009,4225,8665766,5840200
7667,215,227,329789,4218,8665993,5669400
7668,230,231,329570,4206,8666224,6141100
7669,225,217,329338,4221,8666441,5990600
7670,190,215,329143,4201,8666656,6063100
7671,211,202,328948,4194,8666858,6097600
7672,198,188,328743,4211,8667046,6134800
7673,206,222,328531,4201,8667268,6103700
7674,184,242,328348,4142,8667510,6117400
7675,220,196,328141,4153,8667706,6137600
7676,180,197,327945,4152,8667903,5853800
7677,194,226,327758,4113,8668129,6124900
7678,183,215,327578,4078,8668344,6173600
7679,193,221,327378,4057,8668565,6176100
7680,208,198,327164,4073,8668763,5794300
7681,190,219,326982,4036,8668982,6220300
7682,197,197,326784,4037,8669179,6168100
7683,207,213,326574,4034,8669392,6127000
7684,201,231,326381,3996,8669623,6521900
7685,237,222,326146,4009,8669845,6091900
7686,206,172,325937,4046,8670017,6243600
7687,194,244,325735,4004,8670261,6561000
7688,208,207,325534,3998,8670468,6271900
7689,180,231,325346,3955,8670699,6388100
7690,180,188,325153,3960,8670887,6192000
7691,210,210,324972,3931,8671097,5743000
7692,198,209,324774,3920,8671306,6075700
7693,200,213,324564,3917,8671519,6564200
7694,213,201,324352,3928,8671720,5901800
7695,214,223,324144,3913,8671943,6158100
7696,221,181,323912,3964,8672124,6137100
7697,204,202,323701,3973,8672326,6080000
7698,205,211,323513,3950,8672537,6359000
7699,208,205,323311,3947,8672742,6373800
7700,183,225,323108,3925,8672967,6132500
7701,199,202,322905,3926,8673169,6079600
7702,177,180,322732,3919,8673349,6370400
7703,216,229,322529,3893,8673578,6336100
7704,203,190,322325,3907,8673768,6102000
7705,214,200,322110,3922,8673968,5868700
7706,204,211,321900,3921,8674179,6663800
7707,195,210,321709,3902,8674389,6194500
7708,196,199,321508,3904,8674588,6228900
7709,204,225,321310,3877,8674813,6523700
7710,212,202,321092,3893,8675015,6526900
7711,191,216,320918,3851,8675231,6255900
7712,200,211,320698,3860,8675442,6250500
7713,184,210,320521,3827,8675652,6728400
7714,196,207,320329,3812,8675859,6519900
7715,183,194,320136,3811,8676053,6752500
7716,197,188,319939,3820,8676241,7432000
7717,178,190,319759,3810,8676431,6868800
7718,186,191,319579,3799,8676622,6271500
7719,187,221,319388,3769,8676843,6443100
7720,188,191,319208,3758,8677034,6283000
7721,190,221,319011,3734,8677255,6741700
7722,181,205,318836,3704,8677460,6609200
7723,200,166,318640,3734,8677626,6840200
7724,212,219,318421,3734,8677845,6350500
7725,184,179,318233,3743,8678024,6186800
7726,189,191,318052,3733,8678215,6468800
7727,194,177,317840,3768,8678392,5937600
7728,201,187,317642,3779,8678579,6383900
7729,177,195,317468,3758,8678774,6456500
7730,192,155,317291,3780,8678929,6645000
7731,190,196,317101,3774,8679125,6091700
7732,187,212,316915,3748,8679337,6123600
7733,191,191,316705,3767,8679528,7222000
7734,175,187,316524,3761,8679715,6138000
7735,181,202,316358,3725,8679917,5948200
7736,191,183,316163,3737,8680100,6192500
7737,177,222,315990,3688,8680322,6350300
7738,152,182,315837,3659,8680504,6164300
7739,175,169,315660,3667,8680673,6119000
7740,170,213,315489,3625,8680886,5888400
7741,175,182,315313,3619,8681068,6484100
7742,155,198,315156,3578,8681266,6274500
7743,163,210,314983,3541,8681476,6362600
7744,175,189,314831,3504,8681665,6357200
7745,171,181,314644,3510,8681846,5970700
7746,188,188,314465,3501,8682034,6320400
7747,172,192,314288,3486,8682226,6092800
7748,202,200,314093,3481,8682426,6055400
7749,195,162,313895,3517,8682588,6061700
7750,161,167,313733,3512,8682755,6119400
7751,170,166,313570,3509,8682921,6592500
7752,183,186,313389,3504,8683107,6360200
7753,160,190,313216,3487,8683297,6475700
7754,174,172,313043,3488,8683469,6030500
7755,173,177,312874,3480,8683646,6058200
7756,178,200,312695,3459,8683846,6421200
7757,171,173,312529,3452,8684019,6089400
7758,179,190,312353,3438,8684209,6090600
7759,178,185,312164,3442,8684394,6320400
7760,163,185,311999,3422,8684579,5999900
7761,167,172,311830,3419,8684751,5761900
7762,177,171,311655,3423,8684922,5937100
7763,182,183,311479,3416,8685105,6302600
7764,163,199,311311,3385,8685304,6064400
7765,162,165,311141,3390,8685469,6273800
7766,160,160,310991,3380,8685629,5880400
7767,151,179,310840,3352,8685808,6171100
7768,158,174,310686,3332,8685982,6136400
7769,171,165,310502,3351,8686147,6068400
7770,183,165,310329,3359,8686312,5800600
7771,159,158,310166,3364,8686470,6206200
7772,169,197,309998,3335,8686667,6099800
7773,181,168,309822,3343,8686835,6074600
7774,167,157,309645,3363,8686992,6241400
7775,160,179,309488,3341,8687171,6166700
7776,150,172,309335,3322,8687343,6040900
7777,173,192,309165,3300,8687535,5987500
7778,172,144,309002,3319,8687679,6190500
7779,163,178,308825,3318,8687857,6138600
7780,179,182,308650,3311,8688039,6095000
7781,174,191,308479,3291,8688230,6667500
7782,187,164,308290,3316,8688394,6118900
7783,179,159,308118,3329,8688553,6040700
7784,173,161,307940,3346,8688714,6197400
7785,166,156,307775,3355,8688870,6137200
7786,180,173,307602,3355,8689043,6797600
7787,172,157,307423,3377,8689200,5949100
7788,168,161,307254,3385,8689361,6206700
7789,165,172,307090,3377,8689533,6001300
7790,160,186,306932,3349,8689719,6236900
7791,161,192,306758,3331,8689911,6383000
7792,163,166,306597,3326,8690077,6339300
7793,194,165,306406,3352,8690242,6597800
7794,186,164,306222,3372,8690406,6580500
7795,183,166,306045,3383,8690572,6440100
7796,186,158,305864,3406,8690730,6424500
7797,156,197,305700,3373,8690927,6482900
7798,185,201,305524,3348,8691128,6123800
7799,174,181,305345,3346,8691309,6043300
7800,186,157,305154,3380,8691466,6353500
7801,177,181,304982,3371,8691647,6036100
7802,171,181,304810,3362,8691828,6001500
7803,183,189,304625,3358,8692017,6583900
7804,165,173,304452,3358,8692190,6988000
7805,173,172,304295,3343,8692362,6557500
7806,200,168,304094,3376,8692530,6307400
7807,191,170,303897,3403,8692700,5928500
7808,176,156,303724,3420,8692856,6129100
7809,167,180,303545,3419,8693036,6405100
7810,156,187,303387,3390,8693223,5904000
7811,185,192,303223,3362,8693415,5939100
7812,167,161,303046,3378,8693576,5946600
7813,196,161,302853,3410,8693737,6033600
7814,173,156,302683,3424,8693893,6601000
7815,184,164,302500,3443,8694057,6050300
7816,199,179,302306,3458,8694236,6361300
7817,181,184,302125,3455,8694420,6181800
7818,164,186,301948,3446,8694606,6229700
7819,175,172,301773,3449,8694778,6061000
7820,154,176,301620,3426,8694954,6351800
7821,156,171,301461,3414,8695125,6208600
7822,173,184,301291,3400,8695309,5814800
7823,171,193,301120,3378,8695502,6089400
7824,154,153,300965,3380,8695655,6188800
7825,173,158,300790,3397,8695813,6141400
7826,201,142,300591,3454,8695955,5727000
7827,180,193,300407,3445,8696148,6180300
7828,177,174,300236,3442,8696322,6515300
7829,169,186,300064,3428,8696508,6104500
7830,181,208,299878,3406,8696716,5924900
7831,187,194,299706,3384,8696910,6478700
7832,182,177,299510,3403,8697087,6270100
7833,182,178,299338,3397,8697265,6394000
7834,168,167,299163,3405,8697432,6022200
7835,165,176,298993,3399,8697608,6110200
7836,193,183,298804,3405,8697791,6270400
7837,171,156,298635,3418,8697947,6143800
7838,171,150,298466,3437,8698097,6052600
7839,171,168,298303,3432,8698265,6375700
7840,185,171,298114,3450,8698436,6243200
7841,183,192,297927,3445,8698628,6261200
7842,177,185,297748,3439,8698813,6698900
7843,167,163,297572,3452,8698976,6186800
7844,157,170,297421,3433,8699146,6186600
7845,172,176,297253,3425,8699322,6292700
7846,158,184,297093,3401,8699506,6002000
7847,172,167,296928,3399,8699673,5870100
7848,178,198,296750,3379,8699871,5915500
7849,143,186,296594,3349,8700057,6257900
7850,163,166,296444,3333,8700223,5925800
7851,172,169,296272,3336,8700392,6294700
7852,173,168,296099,3341,8700560,6340600
7853,158,185,295935,3320,8700745,6054200
7854,169,179,295768,3308,8700924,6068600
7855,152,178,295614,3284,8701102,5768800
7856,160,166,295462,3270,8701268,6026000
7857,152,182,295301,3249,8701450,5981600
7858,154,172,295137,3241,8701622,5818200
7859,159,157,294992,3229,8701779,6027800
7860,165,164,294821,3236,8701943,5847500
7861,132,149,294689,3219,8702092,5939200
7862,161,155,294530,3223,8702247,6209000
7863,181,164,294359,3230,8702411,6170900
7864,161,167,294189,3233,8702578,6422300
7865,154,155,294038,3229,8702733,6143100
7866,154,183,293884,3200,8702916,6031500
7867,153,158,293720,3206,8703074,6001300
7868,160,172,293572,3182,8703246,5787300
7869,176,155,293389,3210,8703401,5696800
7870,144,162,293235,3202,8703563,6210300
7871,143,158,293104,3175,8703721,6318300
7872,149,172,292956,3151,8703893,6470200
7873,166,163,292797,3147,8704056,6328000
7874,167,153,292626,3165,8704209,6300500
7875,135,158,292476,3157,8704367,6395900
7876,164,176,292329,3128,8704543,6487000
7877,162,171,292162,3124,8704714,6699500
7878,160,143,292004,3139,8704857,6483200
7879,168,168,291835,3140,8705025,6417500
7880,184,157,291655,3163,8705182,6316400
7881,157,139,291503,3176,8705321,6611900
7882,153,151,291338,3190,8705472,6795700
7883,164,154,291178,3196,8705626,6551500
7884,173,169,290999,3206,8705795,6340400
7885,162,168,290837,3200,8705963,6597000
7886,164,160,290677,3200,8706123,6441800
7887,156,163,290518,3196,8706286,6240100
7888,158,171,290364,3179,8706457,6552300
7889,149,177,290216,3150,8706634,6203200
7890,159,173,290052,3141,8706807,6118700
7891,144,195,289922,3076,8707002,6654700
7892,169,160,289734,3104,8707162,6365400
7893,133,155,289599,3084,8707317,6138200
7894,157,162,289446,3075,8707479,6399400
7895,153,177,289296,3048,8707656,6361500
7896,142,170,289154,3020,8707826,6276900
7897,144,171,289006,2997,8707997,6000300
7898,140,180,288866,2957,8708177,6592900
7899,150,143,288715,2965,8708320,6251700
7900,167,151,288557,2972,8708471,5853500
7901,130,159,288416,2954,8708630,5790100
7902,169,157,288258,2955,8708787,5831400
7903,152,148,288104,2961,8708935,6680400
7904,145,158,287960,2947,8709093,6258000
7905,159,162,287806,2939,8709255,6108000
7906,169,149,287619,2977,8709404,6066300
7907,153,152,287478,2966,8709556,6088700
7908,142,185,287328,2931,8709741,6241900
7909,142,156,287201,2902,8709897,6226300
7910,176,145,287020,2938,8710042,6082400
7911,171,182,286844,2932,8710224,6054000
7912,143,152,286704,2920,8710376,6127500
7913,143,139,286565,2920,8710515,6546200
7914,159,145,286400,2940,8710660,6347500
7915,162,157,286234,2949,8710817,6628500
7916,147,143,286089,2951,8710960,6150400
7917,132,146,285956,2938,8711106,6110500
7918,156,165,285806,2923,8711271,6442200
7919,151,166,285656,2907,8711437,6099400
7920,151,167,285503,2893,8711604,6233400
7921,154,147,285348,2901,8711751,7119600
7922,158,139,285198,2912,8711890,6908600
7923,150,142,285050,2918,8712032,6190500
7924,164,156,284877,2935,8712188,6045400
7925,168,138,284710,2964,8712326,5984900
7926,128,146,284573,2955,8712472,6027300
7927,164,165,284412,2951,8712637,6236500
7928,124,149,284298,2916,8712786,6403500
7929,156,148,284139,2927,8712934,6084100
7930,151,138,283988,2940,8713072,6195200
7931,139,135,283846,2947,8713207,5994500
7932,150,146,283698,2949,8713353,6063100
7933,138,150,283550,2947,8713503,6013000
7934,158,149,283409,2939,8713652,6509100
7935,159,137,283237,2974,8713789,6203800
7936,125,147,283114,2950,8713936,6064600
7937,162,151,282961,2952,8714087,5864800
7938,159,164,282796,2953,8714251,5789600
7939,161,154,282640,2955,8714405,6024100
7940,160,169,282479,2947,8714574,6021800
7941,174,140,282304,2982,8714714,6246600
7942,141,139,282162,2985,8714853,6021400
7943,138,157,282011,2979,8715010,5827900
7944,147,159,281869,2962,8715169,5924300
7945,149,172,281726,2933,8715341,5866500
7946,176,152,281543,2964,8715493,5827700
7947,147,135,281402,2970,8715628,6149500
7948,151,148,281249,2975,8715776,6455500
7949,162,139,281088,2997,8715915,6365400
7950,148,162,280940,2983,8716077,6139300
7951,159,160,280795,2968,8716237,5957500
7952,163,157,280621,2985,8716394,6139000
7953,158,153,280458,2995,8716547,6193200
7954,175,138,280286,3029,8716685,6086800
7955,162,153,280130,3032,8716838,6317500
7956,158,178,279964,3020,8717016,5987400
7957,160,169,279804,3011,8717185,6304200
7958,153,153,279653,3009,8717338,5873800
7959,134,147,279520,2995,8717485,6279300
7960,144,137,279369,3009,8717622,6256600
7961,159,150,279214,3014,8717772,6106900
7962,148,151,279066,3011,8717923,6093500
7963,160,158,278907,3012,8718081,6055000
7964,165,166,278751,3002,8718247,5827300
7965,158,165,278585,3003,8718412,6042600
7966,167,152,278420,3016,8718564,6308100
7967,159,162,278267,3007,8718726,6317300
7968,144,170,278110,2994,8718896,6239400
7969,147,146,277965,2993,8719042,6018000
7970,181,177,277791,2990,8719219,5987400
7971,194,169,277604,3008,8719388,6002800
7972,192,177,277412,3023,8719565,5887800
7973,165,157,277232,3046,8719722,6005500
7974,165,159,277078,3041,8719881,6086700
7975,147,172,276926,3021,8720053,6005500
7976,144,164,276779,3004,8720217,5944500
7977,142,155,276648,2980,8720372,5883200
7978,157,141,276486,3001,8720513,6175100
7979,157,141,276328,3018,8720654,6075600
7980,144,153,276179,3014,8720807,5782000
7981,145,159,276038,2996,8720966,6058900
7982,147,139,275894,3001,8721105,5962800
7983,167,162,275725,3008,8721267,6229100
7984,165,164,275551,3018,8721431,6343500
7985,163,159,275400,3010,8721590,6048100
7986,165,134,275229,3047,8721724,5985500
7987,158,151,275074,3051,8721875,6134300
7988,173,166,274902,3057,8722041,6093200
7989,142,140,274747,3072,8722181,5847000
7990,141,173,274619,3027,8722354,5660800
7991,185,144,274438,3064,8722498,5656000
7992,176,163,274257,3082,8722661,5619000
7993,178,161,274085,3093,8722822,5522000
7994,154,169,273917,3092,8722991,5459600
7995,140,175,273774,3060,8723166,5431900
7996,161,160,273619,3055,8723326,5472900
7997,136,174,273479,3021,8723500,5685900
7998,173,139,273310,3051,8723639,5474900
7999,145,148,273156,3057,8723787,5475000
8000,139,159,273025,3029,8723946,5556100
8001,157,161,272874,3019,8724107,5484300
8002,137,138,272727,3028,8724245,5759400
8003,145,159,272594,3002,8724404,5719400
8004,142,163,272443,2990,8724567,5446300
8005,151,160,272292,2981,8724727,5565600
8006,148,159,272144,2970,8724886,5890500
8007,155,166,271997,2951,8725052,5608600
8008,165,157,271827,2964,8725209,5629700
8009,131,149,271686,2956,8725358,5522000
8010,152,162,271549,2931,8725520,5534500
8011,162,169,271389,2922,8725689,5489600
8012,144,138,271243,2930,8725827,5390500
8013,155,135,271087,2951,8725962,5506200
8014,153,178,270936,2924,8726140,5637800
8015,169,139,270754,2967,8726279,5662500
8016,137,150,270617,2954,8726429,5549100
8017,181,146,270455,2970,8726575,5493700
8018,156,146,270290,2989,8726721,5388100
8019,142,156,270139,2984,8726877,5476600
8020,151,153,269990,2980,8727030,5487800
8021,160,158,269832,2980,8727188,5822800
8022,162,153,269678,2981,8727341,6632000
8023,165,169,269512,2978,8727510,7313900
8024,155,166,269349,2975,8727676,6258700
8025,166,145,269188,2991,8727821,6053400
8026,170,145,269023,3011,8727966,6239800
8027,169,175,268852,3007,8728141,5812900
8028,171,156,268671,3032,8728297,6226200
8029,174,149,268514,3040,8728446,6043700
8030,146,149,268355,3050,8728595,5960500
8031,166,191,268190,3024,8728786,6140300
8032,178,157,268010,3047,8728943,6990800
8033,167,169,267848,3040,8729112,6579900
8034,161,167,267686,3035,8729279,7207700
8035,164,154,267520,3047,8729433,6204400
8036,165,163,267356,3048,8729596,6641100
8037,143,148,267205,3051,8729744,9033200
8038,162,160,267058,3038,8729904,9851200
8039,152,182,266897,3017,8730086,12699200
8040,124,155,266776,2983,8730241,19608300
8041,151,154,266625,2980,8730395,13232000
8042,144,145,266475,2985,8730540,8845900
8043,154,151,266327,2982,8730691,7626000
8044,185,156,266160,2993,8730847,7314900
8045,158,166,265978,3009,8731013,7782600
8046,128,173,265849,2965,8731186,10658300
8047,173,157,265679,2978,8731343,7691900
8048,143,127,265543,2987,8731470,11004400
8049,138,163,265398,2969,8731633,33181400
8050,142,130,265253,2984,8731763,8768100
8051,126,149,265127,2961,8731912,7724900
8052,135,147,264988,2953,8732059,13629500
8053,146,167,264841,2933,8732226,8822600
8054,142,145,264707,2922,8732371,7477200
8055,170,149,264546,2934,8732520,8159400
8056,162,141,264376,2963,8732661,7052300
8057,151,165,264227,2947,8732826,7601000
8058,148,165,264070,2939,8732991,8559300
8059,173,162,263897,2950,8733153,7512800
8060,139,152,263759,2936,8733305,8446000
8061,155,125,263617,2953,8733430,7582400
8062,166,155,263444,2971,8733585,7210100
8063,128,147,263309,2959,8733732,6104100
8064,143,152,263168,2948,8733884,6252900
8065,124,165,263044,2907,8734049,7146400
8066,130,136,262916,2899,8734185,7116000
8067,149,151,262766,2898,8734336,6536000
8068,132,158,262648,2858,8734494,6429800
8069,145,137,262492,2877,8734631,7284200
8070,165,127,262326,2916,8734758,7448200
8071,141,148,262191,2903,8734906,8146400
8072,129,146,262059,2889,8735052,6920900
8073,145,167,261909,2872,8735219,7158400
8074,161,142,261759,2880,8735361,9201900
8075,146,154,261609,2876,8735515,9690000
8076,157,173,261452,2860,8735688,7816300
8077,156,152,261298,2862,8735840,7310400
8078,136,128,261156,2876,8735968,8671800
8079,170,143,261000,2889,8736111,9132000
8080,164,132,260825,2932,8736243,9656500
8081,175,156,260654,2947,8736399,7615500
8082,177,163,260476,2962,8736562,8685100
8083,125,150,260343,2945,8736712,8280600
8084,136,132,260209,2947,8736844,7714000
8085,124,136,260080,2940,8736980,9116800
8086,129,155,259954,2911,8737135,7439700
8087,116,159,259839,2867,8737294,9196200
8088,149,130,259694,2882,8737424,8245000
8089,163,152,259530,2894,8737576,6804500
8090,135,154,259390,2880,8737730,6489500
8091,145,170,259254,2846,8737900,6341500
8092,130,156,259117,2827,8738056,6071500
8093,132,164,258977,2803,8738220,6925400
8094,182,151,258811,2818,8738371,9451900
8095,138,145,258665,2819,8738516,9705000
8096,135,152,258532,2800,8738668,8257900
8097,135,146,258394,2792,8738814,8774600
8098,148,130,258250,2806,8738944,13918900
8099,158,127,258086,2843,8739071,10855400
8100,136,146,257955,2828,8739217,14413600
8101,164,132,257791,2860,8739349,14799300
8102,146,144,257642,2865,8739493,7416100
8103,132,153,257515,2839,8739646,7300400
8104,125,146,257382,2826,8739792,8841800
8105,131,137,257250,2821,8739929,7959300
8106,157,149,257095,2827,8740078,8023400
8107,141,163,256956,2803,8740241,6970600
8108,149,131,256813,2815,8740372,7576300
8109,144,133,256671,2824,8740505,7614300
8110,134,138,256527,2830,8740643,9772500
8111,121,143,256399,2815,8740786,9348800
8112,136,139,256266,2809,8740925,7414500
8113,124,133,256153,2789,8741058,7628200
8114,180,159,255973,2810,8741217,7409800
8115,137,163,255827,2793,8741380,7218300
8116,139,128,255700,2792,8741508,10082800
8117,128,149,255568,2775,8741657,7498700
8118,130,126,255431,2786,8741783,7369500
8119,131,135,255303,2779,8741918,7368500
8120,139,145,255164,2773,8742063,6858300
8121,145,144,255028,2765,8742207,6892500
8122,159,139,254867,2787,8742346,7963100
8123,142,160,254715,2779,8742506,7256400
8124,132,152,254583,2759,8742658,6733600
8125,127,137,254458,2747,8742795,7191400
8126,126,132,254329,2744,8742927,6011000
8127,136,148,254199,2726,8743075,6530200
8128,140,137,254063,2725,8743212,7860200
8129,143,127,253915,2746,8743339,6176200
8130,161,141,253762,2758,8743480,6037200
8131,167,131,253587,2802,8743611,6233700
8132,139,135,253448,2806,8743746,6499200
8133,118,159,253325,2770,8743905,6184300
8134,146,139,253183,2773,8744044,6213900
8135,121,131,253059,2766,8744175,6166800
8136,159,150,252906,2769,8744325,6059000
8137,154,141,252750,2784,8744466,5927400
8138,163,139,252591,2804,8744605,5979600
8139,147,132,252443,2820,8744737,5968900
8140,136,155,252300,2808,8744892,6505800
8141,142,150,252157,2801,8745042,6013100
8142,159,151,252015,2792,8745193,6133100
8143,159,160,251850,2797,8745353,6108500
8144,142,169,251699,2779,8745522,6118000
8145,124,156,251579,2743,8745678,6079100
8146,138,137,251444,2741,8745815,6232100
8147,156,140,251286,2759,8745955,6650500
8148,156,123,251133,2789,8746078,6192300
8149,147,150,250982,2790,8746228,6314400
8150,135,132,250845,2795,8746360,6020200
8151,137,135,250707,2798,8746495,6084200
8152,123,136,250581,2788,8746631,5920800
8153,150,157,250439,2773,8746788,5979200
8154,137,147,250295,2770,8746935,6178800
8155,134,133,250163,2769,8747068,6375100
8156,131,147,250037,2748,8747215,6307000
8157,135,136,249897,2752,8747351,6098300
8158,123,142,249782,2725,8747493,6499300
8159,122,144,249644,2719,8747637,6563000
8160,130,121,249524,2718,8747758,6070700
8161,97,134,249423,2685,8747892,7318400
8162,121,121,249300,2687,8748013,7377100
8163,137,165,249167,2655,8748178,6416500
8164,101,130,249064,2628,8748308,6755900
8165,119,145,248939,2608,8748453,6182500
8166,139,115,248805,2627,8748568,6885900
8167,118,138,248693,2601,8748706,7390200
8168,122,117,248568,2609,8748823,6391000
8169,127,108,248437,2632,8748931,6240000
8170,152,136,248296,2637,8749067,6617300
8171,121,150,248174,2609,8749217,6357000
8172,118,143,248052,2588,8749360,6362200
8173,128,142,247915,2583,8749502,7201400
8174,134,130,247791,2577,8749632,6085400
8175,129,146,247660,2562,8749778,5990800
8176,133,139,247523,2560,8749917,6131900
8177,141,130,247384,2569,8750047,5900300
8178,121,140,247258,2555,8750187,5867300
8179,101,132,247160,2521,8750319,5871900
8180,115,116,247055,2510,8750435,6234700
8181,133,136,246917,2512,8750571,6655500
8182,128,127,246791,2511,8750698,7197500
8183,119,125,246664,2513,8750823,6740800
8184,112,131,246553,2493,8750954,7150900
8185,123,129,246433,2484,8751083,7092300
8186,110,138,246322,2457,8751221,6383500
8187,135,128,246193,2458,8751349,6703400
8188,125,135,246072,2444,8751484,6382000
8189,116,123,245944,2449,8751607,6318200
8190,132,135,245820,2438,8751742,6157600
8191,123,135,245686,2437,8751877,6670300
8192,133,114,245560,2449,8751991,6322000
8193,138,136,245425,2448,8752127,7270100
8194,153,117,245269,2487,8752244,7323200
8195,136,132,245139,2485,8752376,7135500
8196,126,119,245004,2501,8752495,6847800
8197,121,120,244885,2500,8752615,6305500
8198,138,128,244754,2503,8752743,6287400
8199,118,109,244626,2522,8752852,6556300
8200,139,143,244486,2519,8752995,7035600
8201,131,127,244353,2525,8753122,6454300
8202,136,135,244220,2523,8753257,6329700
8203,151,153,244075,2515,8753410,6567500
8204,124,117,243944,2529,8753527,6179700
8205,145,152,243806,2515,8753679,6524700
8206,143,114,243668,2539,8753793,6904900
8207,141,123,243521,2563,8753916,7004400
8208,137,154,243380,2550,8754070,6498100
8209,112,138,243278,2514,8754208,6739100
8210,126,142,243139,2511,8754350,6459400
8211,116,117,243024,2509,8754467,6764100
8212,139,136,242894,2503,8754603,6288900
8213,125,128,242764,2505,8754731,6459900
8214,140,112,242624,2533,8754843,6710400
8215,128,140,242495,2522,8754983,6405900
8216,116,114,242373,2530,8755097,6369100
8217,125,151,242259,2493,8755248,6803400
8218,131,128,242125,2499,8755376,6121100
8219,136,132,241990,2502,8755508,6357300
8220,106,138,241879,2475,8755646,6203400
8221,115,127,241762,2465,8755773,5865800
8222,121,129,241641,2457,8755902,6194000
8223,109,117,241533,2448,8756019,6530600
8224,114,127,241420,2434,8756146,6406600
8225,133,130,241287,2437,8756276,6333300
8226,153,133,241147,2444,8756409,6531900
8227,135,119,241017,2455,8756528,6145200
8228,134,122,240872,2478,8756650,6144000
8229,127,128,240746,2476,8756778,5815200
8230,132,120,240606,2496,8756898,6013700
8231,136,128,240479,2495,8757026,5930800
8232,132,138,240348,2488,8757164,5870500
8233,149,120,240196,2520,8757284,5970600
8234,117,138,240070,2508,8757422,6373700
8235,133,138,239947,2493,8757560,6198500
8236,163,124,239790,2526,8757684,6051300
8237,124,143,239659,2514,8757827,6226000
8238,154,136,239514,2523,8757963,6105500
8239,156,118,239354,2565,8758081,6473100
8240,143,154,239200,2565,8758235,8526100
8241,145,124,239060,2581,8758359,6335000
8242,125,137,238944,2560,8758496,6650700
8243,150,154,238798,2552,8758650,6149200
8244,150,133,238633,2584,8758783,6379300
8245,140,129,238504,2584,8758912,6455100
8246,124,135,238371,2582,8759047,5987600
8247,142,118,238234,2601,8759165,6119600
8248,130,145,238089,2601,8759310,5877500
8249,145,143,237959,2588,8759453,6472000
8250,133,130,237820,2597,8759583,6134800
8251,143,124,237674,2619,8759707,6255600
8252,156,130,237520,2643,8759837,6262200
8253,119,144,237395,2624,8759981,6048200
8254,130,123,237279,2617,8760104,5942700
8255,134,126,237139,2631,8760230,6349600
8256,154,140,236990,2640,8760370,6583900
8257,153,141,236834,2655,8760511,6263300
8258,100,144,236724,2621,8760655,6230600
8259,142,128,236589,2628,8760783,6201900
8260,140,147,236450,2620,8760930,6171800
8261,124,136,236323,2611,8761066,6135100
8262,154,139,236175,2620,8761205,6657000
8263,137,133,236031,2631,8761338,6336600
8264,130,130,235904,2628,8761468,6502400
8265,114,145,235787,2600,8761613,6457700
8266,135,140,235659,2588,8761753,6560500
8267,130,127,235529,2591,8761880,6242600
8268,142,138,235384,2598,8762018,6233200
8269,136,123,235252,2607,8762141,6467500
8270,126,130,235121,2608,8762271,6378600
8271,141,160,234968,2601,8762431,6128800
8272,150,125,234831,2613,8762556,6707700
8273,122,143,234715,2586,8762699,7096100
8274,120,125,234582,2594,8762824,7534900
8275,127,135,234453,2588,8762959,6073100
8276,127,123,234337,2581,8763082,6501800
8277,123,137,234206,2575,8763219,6527300
8278,120,140,234084,2557,8763359,6214300
8279,152,141,233943,2557,8763500,5763900
8280,99,125,233833,2542,8763625,5705200
8281,114,135,233725,2515,8763760,5730200
8282,136,124,233592,2524,8763884,5861800
8283,136,149,233456,2511,8764033,5560300
8284,114,135,233333,2499,8764168,5693000
8285,109,121,233231,2480,8764289,5694100
8286,111,96,233118,2497,8764385,5844700
8287,114,131,232999,2485,8764516,6241000
8288,105,130,232893,2461,8764646,5945000
8289,122,118,232774,2462,8764764,5886200
8290,104,113,232672,2451,8764877,6149600
8291,111,127,232558,2438,8765004,6332800
8292,134,131,232432,2433,8765135,6271500
8293,118,127,232305,2433,8765262,6198500
8294,126,142,232191,2405,8765404,6881400
8295,125,120,232057,2419,8765524,6881400
8296,115,136,231947,2393,8765660,7310700
8297,114,130,231823,2387,8765790,6933700
8298,119,121,231701,2388,8765911,6282300
8299,121,135,231593,2361,8766046,6072400
8300,127,115,231472,2367,8766161,6131000
8301,128,119,231340,2380,8766280,6168000
8302,133,120,231204,2396,8766400,6274900
8303,145,142,231060,2398,8766542,7464900
8304,120,127,230941,2390,8766669,6853100
8305,102,102,230827,2402,8766771,7409800
8306,111,138,230720,2371,8766909,6781600
8307,116,122,230612,2357,8767031,7037700
8308,110,113,230491,2365,8767144,6299500
8309,123,120,230367,2369,8767264,7132900
8310,132,135,230244,2357,8767399,6553400
8311,117,111,230128,2362,8767510,7077900
8312,115,121,230017,2352,8767631,6037900
8313,126,134,229886,2349,8767765,6295200
8314,128,128,229750,2357,8767893,6029300
8315,95,123,229659,2325,8768016,6120700
8316,110,113,229561,2310,8768129,6630800
8317,126,118,229439,2314,8768247,6519500
8318,120,120,229307,2326,8768367,6090200
8319,105,131,229191,2311,8768498,6084000
8320,110,120,229092,2290,8768618,10473600
8321,122,136,228974,2272,8768754,7235500
8322,103,121,228862,2263,8768875,6926800
8323,117,114,228749,2262,8768989,6179600
8324,116,112,228637,2262,8769101,7035800
8325,120,107,228522,2270,8769208,7399800
8326,113,111,228395,2286,8769319,6659900
8327,132,132,228269,2280,8769451,6736400
8328,120,114,228143,2292,8769565,6485600
8329,128,124,228026,2285,8769689,6630100
8330,133,113,227888,2310,8769802,6238200
8331,135,104,227754,2340,8769906,6096400
8332,117,127,227643,2324,8770033,6719000
8333,127,106,227509,2352,8770139,6351000
8334,141,127,227367,2367,8770266,5945900
8335,136,131,227226,2377,8770397,6096800
8336,128,121,227102,2380,8770518,6033300
8337,131,107,226975,2400,8770625,6215300
8338,142,129,226832,2414,8770754,6136200
8339,103,132,226722,2392,8770886,6085300
8340,121,125,226612,2377,8771011,7307100
8341,137,128,226477,2384,8771139,7959900
8342,108,112,226352,2397,8771251,7732300
8343,106,108,226252,2389,8771359,6992700
8344,136,128,226114,2399,8771487,6967500
8345,136,128,225992,2393,8771615,6746000
8346,108,125,225870,2390,8771740,6753500
8347,114,125,225767,2368,8771865,6194800
8348,147,128,225610,2397,8771993,6225300
8349,114,129,225500,2378,8772122,6229000
8350,117,128,225382,2368,8772250,7279900
8351,117,119,225269,2362,8772369,7512400
8352,124,142,225147,2342,8772511,7812300
8353,109,115,225033,2341,8772626,8300700
8354,115,121,224920,2333,8772747,7088800
8355,115,104,224804,2345,8772851,7674900
8356,104,121,224697,2331,8772972,7180600
8357,111,123,224584,2321,8773095,6603300
8358,136,130,224453,2322,8773225,6266400
8359,116,107,224343,2325,8773332,6048800
8360,120,109,224210,2349,8773441,5787300
8361,122,143,224094,2322,8773584,5792900
8362,127,113,223958,2345,8773697,6196900
8363,117,108,223844,2351,8773805,6502600
8364,132,128,223715,2352,8773933,6077300
8365,149,114,223577,2376,8774047,5846400
8366,123,95,223455,2403,8774142,5745600
8367,147,123,223311,2424,8774265,5625500
8368,117,117,223178,2440,8774382,6300600
8369,118,121,223065,2432,8774503,6307700
8370,137,124,222927,2446,8774627,6182400
8371,141,140,222787,2446,8774767,6150100
8372,139,142,222657,2434,8774909,5870800
8373,136,136,222516,2439,8775045,5917000
8374,126,121,222381,2453,8775166,5908900
8375,141,131,222243,2460,8775297,5916500
8376,151,133,222093,2477,8775430,6419100
8377,150,126,221946,2498,8775556,6291500
8378,146,134,221799,2511,8775690,5887700
8379,141,148,221661,2501,8775838,6062600
8380,134,145,221524,2493,8775983,6139300
8381,117,139,221407,2471,8776122,5982800
8382,127,127,221280,2471,8776249,6196600
8383,125,121,221157,2473,8776370,6392900
8384,117,131,221035,2464,8776501,6153100
8385,121,115,220917,2467,8776616,5780900
8386,120,125,220794,2465,8776741,6021800
8387,123,126,220674,2459,8776867,5985200
8388,102,116,220563,2454,8776983,5786800
8389,119,138,220454,2425,8777121,5987600
8390,114,128,220330,2421,8777249,6227700
8391,124,135,220212,2404,8777384,5807900
8392,110,125,220106,2385,8777509,6070000
8393,118,130,219983,2378,8777639,5661600
8394,122,126,219863,2372,8777765,5639800
8395,113,93,219748,2394,8777858,5908900
8396,132,129,219610,2403,8777987,5782600
8397,129,115,219489,2409,8778102,5554600
8398,136,138,219357,2403,8778240,6077300
8399,113,135,219244,2381,8778375,6146200
8400,116,132,219123,2370,8778507,6045400
8401,106,111,219015,2367,8778618,6247800
8402,127,138,218895,2349,8778756,6014000
8403,139,106,218757,2381,8778862,6046300
8404,114,120,218641,2377,8778982,6177800
8405,121,112,218517,2389,8779094,6325500
8406,130,125,218385,2396,8779219,6284700
8407,130,121,218255,2405,8779340,6056800
8408,112,133,218143,2384,8779473,5889800
8409,113,117,218032,2378,8779590,6041500
8410,117,115,217916,2379,8779705,5871700
8411,141,124,217784,2387,8779829,6010200
8412,119,115,217659,2397,8779944,6299200
8413,122,113,217534,2409,8780057,6411200
8414,107,130,217433,2380,8780187,6157400
8415,106,126,217316,2371,8780313,5966900
8416,120,125,217197,2365,8780438,6493800
8417,117,106,217087,2369,8780544,5953200
8418,103,129,216971,2356,8780673,6414200
8419,108,99,216864,2364,8780772,6322100
8420,106,122,216758,2348,8780894,6195600
8421,106,121,216661,2324,8781015,6072400
8422,125,126,216532,2327,8781141,6585200
8423,115,133,216416,2310,8781274,6297400
8424,120,120,216299,2307,8781394,6440600
8425,108,119,216184,2303,8781513,6203900
8426,95,106,216092,2289,8781619,6073800
8427,111,116,215983,2282,8781735,5933700
8428,108,136,215872,2257,8781871,5845800
8429,105,111,215772,2246,8781982,6290100
8430,121,131,215653,2234,8782113,5967400
8431,121,128,215528,2231,8782241,6009800
8432,119,114,215414,2231,8782355,6020400
8433,124,115,215294,2236,8782470,6165100
8434,86,94,215197,2239,8782564,6186400
8435,102,116,215101,2219,8782680,6253700
8436,110,114,214991,2215,8782794,6422000
8437,116,117,214877,2212,8782911,6265400
8438,110,115,214762,2212,8783026,5876700
8439,127,96,214637,2241,8783122,6311800
8440,102,120,214528,2230,8783242,6161800
8441,105,113,214423,2222,8783355,6041400
8442,101,115,214320,2210,8783470,6076700
8443,106,106,214216,2208,8783576,6069700
8444,117,118,214104,2202,8783694,6672200
8445,118,125,213987,2194,8783819,5948000
8446,119,129,213872,2180,8783948,6200900
8447,121,114,213748,2190,8784062,6007500
8448,123,117,213621,2200,8784179,5791900
8449,111,114,213511,2196,8784293,5715100
8450,128,101,213387,2219,8784394,5703200
8451,134,93,213254,2259,8784487,5712500
8452,110,107,213147,2259,8784594,5498200
8453,127,126,213016,2264,8784720,5489900
8454,107,118,212898,2264,8784838,5569400
8455,109,119,212803,2240,8784957,5558000
8456,119,114,212674,2255,8785071,5519100
8457,117,114,212554,2261,8785185,5842800
8458,100,116,212458,2241,8785301,6131500
8459,109,114,212354,2231,8785415,5845600
8460,99,129,212257,2199,8785544,6072300
8461,94,102,212149,2205,8785646,5901900
8462,115,123,212039,2192,8785769,6086000
8463,103,108,211940,2183,8785877,6197900
8464,114,102,211828,2193,8785979,6002700
8465,118,111,211705,2205,8786090,6290700
8466,117,121,211591,2198,8786211,6055700
8467,132,111,211452,2226,8786322,5811100
8468,107,105,211346,2227,8786427,6349000
8469,108,95,211251,2227,8786522,6054900
8470,134,106,211111,2261,8786628,5992100
8471,114,134,210993,2245,8786762,6103200
8472,133,96,210868,2274,8786858,6115900
8473,105,129,210755,2258,8786987,6094700
8474,126,132,210640,2241,8787119,6105500
8475,115,117,210516,2248,8787236,6308300
8476,111,109,210412,2243,8787345,6005800
8477,117,115,210289,2251,8787460,6428300
8478,100,115,210182,2243,8787575,6418400
8479,112,110,210073,2242,8787685,5971200
8480,114,119,209968,2228,8787804,6401700
8481,102,99,209858,2239,8787903,6589400
8482,89,119,209766,2212,8788022,6456900
8483,108,137,209664,2177,8788159,6539200
8484,123,112,209546,2183,8788271,7331400
8485,119,112,209422,2195,8788383,6516900
8486,122,136,209298,2183,8788519,6356100
8487,88,113,209208,2160,8788632,6945200
8488,126,102,209092,2174,8788734,6644500
8489,95,124,208989,2153,8788858,7189900
8490,127,112,208863,2167,8788970,6706200
8491,111,119,208751,2160,8789089,6142500
8492,101,108,208647,2156,8789197,6096400
8493,100,121,208555,2127,8789318,6102700
8494,106,111,208450,2121,8789429,6113200
8495,113,97,208336,2138,8789526,6060200
8496,127,102,208210,2162,8789628,5753200
8497,109,122,208101,2149,8789750,6272800
8498,122,107,207982,2161,8789857,5992900
8499,111,117,207862,2164,8789974,5679200
8500,118,90,207745,2191,8790064,5728600
8501,127,104,207623,2209,8790168,5519700
8502,112,120,207511,2201,8790288,5513000
8503,124,100,207383,2229,8790388,5923700
8504,100,122,207287,2203,8790510,5557700
8505,107,112,207171,2207,8790622,5682600
8506,130,120,207039,2219,8790742,5882500
8507,128,121,206912,2225,8790863,5967200
8508,107,125,206812,2200,8790988,5976900
8509,130,119,206684,2209,8791107,6016900
8510,107,102,206568,2223,8791209,6072700
8511,91,116,206479,2196,8791325,6150900
8512,119,93,206365,2217,8791418,6046800
8513,98,98,206266,2218,8791516,6029700
8514,116,149,206147,2188,8791665,5926900
8515,92,110,206055,2170,8791775,5828200
8516,106,106,205948,2171,8791881,6045600
8517,91,120,205859,2140,8792001,6055600
8518,125,102,205735,2162,8792103,5799500
8519,118,94,205625,2178,8792197,6287600
8520,130,121,205493,2189,8792318,5903300
8521,120,107,205369,2206,8792425,6144100
8522,131,129,205242,2204,8792554,6321600
8523,114,105,205121,2220,8792659,5770300
8524,115,120,205008,2213,8792779,6258000
8525,104,119,204904,2198,8792898,6154500
8526,94,129,204810,2163,8793027,6213100
8527,102,102,204710,2161,8793129,6369600
8528,113,108,204597,2166,8793237,5905800
8529,114,103,204480,2180,8793340,6106300
8530,121,124,204361,2175,8793464,5760300
8531,112,111,204246,2179,8793575,5954100
8532,107,105,204139,2181,8793680,6367400
8533,129,113,204013,2194,8793793,6048800
8534,124,129,203889,2189,8793922,5986100
8535,126,117,203768,2193,8794039,5962300
8536,119,106,203649,2206,8794145,5881500
8537,97,110,203545,2200,8794255,5857000
8538,117,125,203434,2186,8794380,5916500
8539,102,119,203328,2173,8794499,6324000
8540,133,131,203202,2168,8794630,6249200
8541,133,119,203061,2190,8794749,5886600
8542,106,119,202955,2177,8794868,6055700
8543,121,106,202839,2187,8794974,5867500
8544,141,108,202702,2216,8795082,6217500
8545,123,129,202573,2216,8795211,5898300
8546,120,114,202446,2229,8795325,5689500
8547,101,110,202355,2210,8795435,5484200
8548,90,128,202248,2189,8795563,5691000
8549,97,111,202164,2162,8795674,5577500
8550,120,103,202046,2177,8795777,5560000
8551,104,96,201940,2187,8795873,5499700
8552,154,113,201793,2221,8795986,5698500
8553,133,107,201658,2249,8796093,6389700
8554,115,100,201534,2273,8796193,6001100
8555,106,131,201427,2249,8796324,6101100
8556,107,122,201323,2231,8796446,5836800
8557,94,126,201232,2196,8796572,5981200
8558,136,116,201097,2215,8796688,6366800
8559,118,99,200983,2230,8796787,6076300
8560,109,112,200871,2230,8796899,6176200
8561,116,125,200753,2223,8797024,6056000
8562,121,109,200627,2240,8797133,5898400
8563,107,121,200525,2221,8797254,5960600
8564,119,120,200406,2220,8797374,6067500
8565,99,121,200308,2197,8797495,6601800
8566,113,139,200184,2182,8797634,7003700
8567,87,122,200100,2144,8797756,6277200
8568,102,108,199999,2137,8797864,6301900
8569,110,101,199890,2145,8797965,5905900
8570,107,105,199785,2145,8798070,6020000
8571,91,108,199693,2129,8798178,5671600
8572,99,117,199600,2105,8798295,5759300
8573,93,112,199506,2087,8798407,5748200
8574,123,93,199375,2125,8798500,5592400
8575,111,108,199272,2120,8798608,5627500
8576,90,113,199178,2101,8798721,5817600
8577,103,91,199076,2112,8798812,5674400
8578,109,90,198967,2131,8798902,5618000
8579,124,106,198843,2149,8799008,5842400
8580,114,117,198725,2150,8799125,5484200
8581,95,101,198640,2134,8799226,5568300
8582,113,108,198517,2149,8799334,5628700
8583,114,116,198413,2137,8799450,5735000
8584,110,112,198297,2141,8799562,5783500
8585,100,121,198195,2122,8799683,5748700
8586,98,101,198100,2116,8799784,6159000
8587,94,107,198001,2108,8799891,5797100
8588,104,114,197896,2099,8800005,5610500
8589,95,116,197807,2072,8800121,5702900
8590,97,114,197701,2064,8800235,5713000
8591,100,99,197609,2057,8800334,5720300
8592,101,97,197504,2065,8800431,5676700
8593,104,105,197409,2055,8800536,5692500
8594,88,103,197317,2044,8800639,5669200
8595,107,111,197209,2041,8800750,5645900
8596,141,105,197073,2072,8800855,5534500
8597,98,107,196975,2063,8800962,5587800
8598,112,88,196856,2094,8801050,5782500
8599,114,109,196739,2102,8801159,5546000
8600,92,85,196649,2107,8801244,5499900
8601,101,106,196545,2105,8801350,5450600
8602,115,107,196434,2109,8801457,5447000
8603,111,117,196331,2095,8801574,5552200
8604,87,110,196239,2077,8801684,5569800
8605,109,114,196130,2072,8801798,5597100
8606,97,98,196026,2078,8801896,5906600
8607,96,119,195933,2052,8802015,5978000
8608,116,112,195817,2056,8802127,5841500
8609,107,117,195710,2046,8802244,5823000
8610,97,122,195619,2015,8802366,5749400
8611,105,110,195507,2017,8802476,6139900
8612,117,102,195400,2022,8802578,5651100
8613,106,93,195295,2034,8802671,5535000
8614,93,102,195190,2037,8802773,5528900
8615,93,94,195098,2035,8802867,5565600
8616,107,96,195000,2037,8802963,5493300
8617,81,101,194912,2024,8803064,5492500
8618,114,113,194796,2027,8803177,5449500
8619,94,107,194701,2015,8803284,5484200
8620,88,102,194620,1994,8803386,5641300
8621,89,123,194524,1967,8803509,5549900
8622,84,90,194450,1951,8803599,5497700
8623,82,99,194358,1944,8803698,5844000
8624,104,99,194258,1945,8803797,5708500
8625,94,109,194161,1933,8803906,5590000
8626,105,112,194061,1921,8804018,5605900
8627,83,97,193972,1913,8804115,5546900
8628,89,94,193885,1906,8804209,5476900
8629,95,109,193788,1894,8804318,5554400
8630,97,105,193694,1883,8804423,5556500
8631,103,100,193590,1887,8804523,5524300
8632,96,104,193494,1879,8804627,5510500
8633,90,92,193402,1879,8804719,5522600
8634,108,99,193296,1886,8804818,5727100
8635,89,99,193204,1879,8804917,5786800
8636,105,115,193105,1863,8805032,5584700
8637,102,92,193002,1874,8805124,5464200
8638,106,104,192899,1873,8805228,5528800
8639,101,97,192808,1867,8805325,5383500
8640,121,84,192679,1912,8805409,5688300
8641,96,101,192583,1907,8805510,5475500
8642,104,116,192469,1905,8805626,5657900
8643,108,77,192364,1933,8805703,5739700
8644,101,107,192260,1930,8805810,5704600
8645,97,97,192161,1932,8805907,5824700
8646,115,103,192055,1935,8806010,5749700
8647,95,108,191955,1927,8806118,5697100
8648,93,98,191860,1924,8806216,5890200
8649,98,94,191766,1924,8806310,5580300
8650,104,90,191657,1943,8806400,5807200
8651,115,91,191544,1965,8806491,5694500
8652,110,97,191440,1972,8806588,5828500
8653,99,94,191336,1982,8806682,5757400
8654,127,113,191223,1982,8806795,5930100
8655,121,104,191093,2008,8806899,5924800
8656,100,114,190989,1998,8807013,5760000
8657,79,107,190907,1973,8807120,5840000
8658,88,112,190823,1945,8807232,6145700
8659,95,111,190729,1928,8807343,6229200
8660,95,118,190632,1907,8807461,5999500
8661,115,110,190522,1907,8807571,6337100
8662,99,106,190420,1903,8807677,5861200
8663,97,105,190324,1894,8807782,6136900
8664,89,106,190234,1878,8807888,5668500
8665,86,120,190150,1842,8808008,5674400
8666,103,94,190044,1854,8808102,5605400
8667,83,92,189955,1851,8808194,5563100
8668,83,113,189876,1817,8808307,5612300
8669,79,81,189799,1813,8808388,5808800
8670,79,93,189714,1805,8808481,5770600
8671,91,96,189629,1794,8808577,5499900
8672,98,80,189529,1814,8808657,5667800
8673,92,90,189441,1812,8808747,5535800
8674,83,97,189347,1809,8808844,5657000
8675,101,100,189257,1799,8808944,5664100
8676,90,89,189165,1802,8809033,5641600
8677,99,86,189069,1812,8809119,5591800
8678,91,81,188975,1825,8809200,5434500
8679,88,109,188895,1796,8809309,5677000
8680,82,101,188804,1786,8809410,5814200
8681,100,89,188705,1796,8809499,5642000
8682,91,86,188608,1807,8809585,5558700
8683,85,91,188523,1801,8809676,5771400
8684,85,94,188436,1794,8809770,5758800
8685,91,79,188353,1798,8809849,5602900
8686,84,89,188269,1793,8809938,5533000
8687,87,86,188181,1795,8810024,5657000
8688,85,86,188095,1795,8810110,5656300
8689,86,81,188006,1803,8810191,5567400
8690,77,108,187926,1775,8810299,5619900
8691,81,90,187849,1762,8810389,5544600
8692,82,87,187764,1760,8810476,5611700
8693,93,98,187680,1746,8810574,5780000
8694,80,81,187597,1748,8810655,6192200
8695,111,121,187482,1742,8810776,6228600
8696,95,82,187389,1753,8810858,6062200
8697,101,83,187286,1773,8810941,5792200
8698,84,105,187204,1750,8811046,5658200
8699,80,72,187120,1762,8811118,6041000
8700,95,105,187031,1746,8811223,5954300
8701,80,87,186948,1742,8811310,5599600
8702,90,73,186858,1759,8811383,5651700
8703,87,90,186770,1757,8811473,5756900
8704,93,90,186681,1756,8811563,5711300
8705,102,90,186576,1771,8811653,5660700
8706,90,119,186484,1744,8811772,5501800
8707,86,91,186405,1732,8811863,5519500
8708,96,87,186303,1747,8811950,5561500
8709,94,80,186208,1762,8812030,5671700
8710,89,96,186118,1756,8812126,5610300
8711,83,100,186038,1736,8812226,5544600
8712,97,84,185941,1749,8812310,5532300
8713,78,71,185860,1759,8812381,5561600
8714,84,100,185781,1738,8812481,5584200
8715,89,82,185689,1748,8812563,6086500
8716,77,104,185608,1725,8812667,5731300
8717,89,86,185527,1720,8812753,5664000
8718,87,88,185444,1715,8812841,5524600
8719,79,87,185359,1713,8812928,5567700
8720,91,91,185270,1711,8813019,5459900
8721,82,89,185186,1706,8813108,5737100
8722,91,90,185097,1705,8813198,5638600
8723,107,95,184996,1711,8813293,6134800
8724,71,102,184914,1691,8813395,5973700
8725,89,78,184826,1701,8813473,5740800
8726,84,95,184745,1687,8813568,5648100
8727,85,90,184659,1683,8813658,5491600
8728,98,86,184564,1692,8813744,5713600
8729,96,102,184471,1683,8813846,5872100
8730,86,91,184378,1685,8813937,5764100
8731,74,79,184303,1681,8814016,5710700
8732,97,90,184211,1683,8814106,5709200
8733,63,79,184141,1674,8814185,5569900
8734,73,79,184064,1672,8814264,5619500
8735,84,92,183981,1663,8814356,5863300
8736,106,70,183886,1688,8814426,5876700
8737,78,84,183810,1680,8814510,5883600
8738,95,100,183706,1684,8814610,5539900
8739,87,105,183624,1661,8814715,5471000
8740,86,106,183540,1639,8814821,5962800
8741,86,99,183456,1624,8814920,5769600
8742,91,79,183360,1641,8814999,5686300
8743,77,98,183281,1622,8815097,5667100
8744,75,78,183203,1622,8815175,5570800
8745,96,88,183117,1620,8815263,5785100
8746,78,91,183035,1611,8815354,5632600
8747,81,89,182952,1605,8815443,5831100
8748,90,85,182865,1607,8815528,5848800
8749,89,89,182781,1602,8815617,5744800
8750,71,75,182697,1611,8815692,5858300
8751,81,95,182626,1587,8815787,5695600
8752,78,63,182537,1613,8815850,5781500
8753,80,81,182467,1602,8815931,5844600
8754,67,88,182396,1585,8816019,5920900
8755,82,94,182312,1575,8816113,5712700
8756,83,94,182225,1568,8816207,5870400
8757,105,76,182130,1587,8816283,5633700
8758,96,74,182030,1613,8816357,5705500
8759,95,90,181937,1616,8816447,5470600
8760,90,83,181843,1627,8816530,5689500
8761,76,73,181769,1628,8816603,5540500
8762,82,69,181687,1641,8816672,5450800
8763,100,71,181587,1670,8816743,5751300
8764,96,90,181487,1680,8816833,5699000
8765,92,86,181403,1678,8816919,5571600
8766,84,80,181313,1688,8816999,5531400
8767,88,95,181228,1678,8817094,5680700
8768,91,88,181142,1676,8817182,5909900
8769,107,119,181038,1661,8817301,5500300
8770,93,85,180940,1674,8817386,5567600
8771,92,89,180842,1683,8817475,5414900
8772,75,72,180773,1680,8817547,5637400
8773,77,95,180691,1667,8817642,5630800
8774,110,85,180589,1684,8817727,5488400
8775,93,94,180491,1688,8817821,5694500
8776,77,80,180416,1683,8817901,5936700
8777,92,91,180324,1684,8817992,5858800
8778,79,78,180241,1689,8818070,5746900
8779,75,77,180160,1693,8818147,5463600
8780,76,88,180092,1673,8818235,5582300
8781,83,96,180009,1660,8818331,5651100
8782,94,97,179916,1656,8818428,5772500
8783,58,72,179848,1652,8818500,6036300
8784,86,88,179766,1646,8818588,6200000
8785,69,88,179703,1621,8818676,5789800
8786,92,76,179609,1639,8818752,5909300
8787,88,107,179519,1622,8818859,5933500
8788,86,78,179431,1632,8818937,5683000
8789,97,72,179341,1650,8819009,5813200
8790,105,88,179236,1667,8819097,5610100
8791,95,82,179140,1681,8819179,5530600
8792,95,83,179048,1690,8819262,5440000
8793,80,82,178957,1699,8819344,5625500
8794,80,96,178881,1679,8819440,5579000
8795,78,90,178801,1669,8819530,5473000
8796,99,85,178708,1677,8819615,5489400
8797,104,85,178605,1695,8819700,5441400
8798,92,94,178508,1698,8819794,5757700
8799,101,74,178415,1717,8819868,5817400
8800,102,73,178305,1754,8819941,5798900
8801,86,99,178218,1742,8820040,5594600
8802,93,88,178132,1740,8820128,5566600
8803,80,99,178048,1725,8820227,5554700
8804,74,90,177970,1713,8820317,5537100
8805,79,74,177892,1717,8820391,5515800
8806,96,91,177800,1718,8820482,5537900
8807,121,94,177680,1744,8820576,5684300
8808,92,100,177586,1738,8820676,5555600
8809,89,94,177496,1734,8820770,5589400
8810,99,90,177400,1740,8820860,5476100
8811,98,83,177300,1757,8820943,6048200
8812,82,96,177215,1746,8821039,5899700
8813,83,79,177141,1741,8821118,6054400
8814,88,111,177047,1724,8821229,6022300
8815,91,103,176957,1711,8821332,5638200
8816,76,78,176876,1714,8821410,5610100
8817,84,94,176796,1700,8821504,5817800
8818,74,85,176718,1693,8821589,5627200
8819,71,98,176640,1673,8821687,5903300
8820,77,91,176574,1648,8821778,5542900
8821,90,92,176477,1653,8821870,5792300
8822,68,84,176419,1627,8821954,5776400
8823,67,87,176342,1617,8822041,5629400
8824,66,92,176281,1586,8822133,5762300
8825,74,91,176200,1576,8822224,5850600
8826,70,83,176136,1557,8822307,6015100
8827,63,74,176073,1546,8822381,6036100
8828,74,78,176005,1536,8822459,5938400
8829,64,86,175933,1522,8822545,5724200
8830,59,70,175872,1513,8822615,6092100
8831,67,77,175808,1500,8822692,6768300
8832,74,80,175734,1494,8822772,6198500
8833,75,73,175660,1495,8822845,7107500
8834,65,68,175595,1492,8822913,6609500
8835,84,67,175512,1508,8822980,6163700
8836,87,71,175427,1522,8823051,5995200
8837,58,91,175364,1494,8823142,5799400
8838,85,86,175281,1491,8823228,5681200
8839,88,82,175193,1497,8823310,5812800
8840,77,73,175118,1499,8823383,5604000
8841,60,75,175055,1487,8823458,5500900
8842,54,82,174999,1461,8823540,5729200
8843,81,81,174927,1452,8823621,5662400
8844,81,75,174841,1463,8823696,5598800
8845,54,74,174780,1450,8823770,5708900
8846,81,67,174704,1459,8823837,5720900
8847,81,67,174625,1471,8823904,5669400
8848,82,77,174540,1479,8823981,5647500
8849,71,68,174479,1472,8824049,5659200
8850,68,71,174401,1479,8824120,5493500
8851,64,87,174339,1454,8824207,5599800
8852,71,82,174270,1441,8824289,5537200
8853,58,68,174204,1439,8824357,5608400
8854,80,62,174129,1452,8824419,5664600
8855,72,67,174060,1454,8824486,5669500
8856,87,80,173977,1457,8824566,5657300
8857,80,77,173887,1470,8824643,5691300
8858,67,74,173820,1463,8824717,5642600
8859,68,66,173753,1464,8824783,5658200
8860,86,85,173675,1457,8824868,5566600
8861,76,72,173597,1463,8824940,5479800
8862,59,69,173532,1459,8825009,5411300
8863,79,79,173462,1450,8825088,5497700
8864,57,82,173400,1430,8825170,5477300
8865,63,56,173337,1437,8825226,5483300
8866,87,85,173252,1437,8825311,5551600
8867,85,67,173163,1459,8825378,5575900
8868,77,70,173087,1465,8825448,5554100
8869,80,79,173008,1465,8825527,5742300
8870,73,69,172935,1469,8825596,5678800
8871,68,84,172865,1455,8825680,6226200
8872,79,73,172790,1457,8825753,6144800
8873,83,81,172702,1464,8825834,5855700
8874,82,78,172623,1465,8825912,5806700
8875,61,69,172561,1458,8825981,5727400
8876,53,91,172504,1424,8826072,5741000
8877,54,86,172453,1389,8826158,5755900
8878,91,63,172371,1408,8826221,6347600
8879,90,71,172271,1437,8826292,6428300
8880,70,79,172201,1428,8826371,6245200
8881,80,65,172126,1438,8826436,6060700
8882,74,57,172053,1454,8826493,5948400
8883,67,69,171977,1461,8826562,5946900
8884,80,67,171907,1464,8826629,6086900
8885,82,95,171820,1456,8826724,6023500
8886,76,81,171744,1451,8826805,6182900
8887,79,76,171664,1455,8826881,6075700
8888,64,90,171600,1429,8826971,5920300
8889,76,74,171524,1431,8827045,6025300
8890,76,79,171443,1433,8827124,6221100
8891,79,81,171369,1426,8827205,6183400
8892,86,66,171287,1442,8827271,6174200
8893,86,88,171196,1445,8827359,6071100
8894,66,76,171132,1433,8827435,5955700
8895,66,78,171059,1428,8827513,6019100
8896,80,68,170986,1433,8827581,6167000
8897,67,71,170916,1432,8827652,6013400
8898,72,73,170852,1423,8827725,5964100
8899,57,67,170792,1416,8827792,5650200
8900,89,84,170704,1420,8827876,5585600
8901,82,71,170617,1436,8827947,5667300
8902,77,80,170545,1428,8828027,5789400
8903,78,83,170466,1424,8828110,5711800
8904,79,79,170386,1425,8828189,5818600
8905,81,86,170305,1420,8828275,5858300
8906,74,79,170232,1414,8828354,5641900
8907,88,81,170145,1420,8828435,5843400
8908,81,84,170057,1424,8828519,5627100
8909,83,83,169974,1424,8828602,5589000
8910,76,72,169897,1429,8828674,5493700
8911,79,79,169824,1423,8828753,5844000
8912,96,71,169730,1446,8828824,5636500
8913,87,94,169645,1437,8828918,5609200
8914,76,71,169559,1452,8828989,6032200
8915,65,74,169495,1442,8829063,6467600
8916,75,89,169428,1420,8829152,6017700
8917,66,73,169356,1419,8829225,5961800
8918,81,80,169283,1412,8829305,6630400
8919,76,71,169205,1419,8829376,6326000
8920,76,68,169119,1437,8829444,6401200
8921,67,67,169051,1438,8829511,6688800
8922,74,73,168981,1435,8829584,6826000
8923,81,68,168903,1445,8829652,7473900
8924,69,78,168829,1441,8829730,7874800
8925,63,72,168773,1425,8829802,7605800
8926,71,73,168699,1426,8829875,8354100
8927,69,72,168625,1428,8829947,8479000
8928,70,75,168562,1416,8830022,10675100
8929,68,71,168490,1417,8830093,8677200
8930,70,87,168416,1404,8830180,7728000
8931,63,78,168363,1379,8830258,7005200
8932,72,74,168285,1383,8830332,6710500
8933,80,67,168207,1394,8830399,7138800
8934,55,64,168153,1384,8830463,9863900
8935,56,76,168092,1369,8830539,6546100
8936,67,76,168029,1356,8830615,5973300
8937,71,63,167959,1363,8830678,5625400
8938,58,66,167901,1355,8830744,5780000
8939,77,74,167819,1363,8830818,5971900
8940,63,87,167757,1338,8830905,5990900
8941,81,61,167677,1357,8830966,5721300
8942,81,69,167605,1360,8831035,5583500
8943,50,80,167544,1341,8831115,5530900
8944,64,77,167487,1321,8831192,5801100
8945,83,66,167401,1341,8831258,5629100
8946,64,65,167335,1342,8831323,5634500
8947,81,64,167256,1357,8831387,5503300
8948,77,93,167182,1338,8831480,5431600
8949,67,56,167110,1354,8831536,5562100
8950,79,77,167032,1355,8831613,5634900
8951,83,60,166957,1370,8831673,5749400
8952,66,82,166885,1360,8831755,6454600
8953,71,75,166814,1356,8831830,5902000
8954,76,62,166747,1361,8831892,5921100
8955,89,72,166648,1388,8831964,6062900
8956,84,76,166567,1393,8832040,5750700
8957,69,58,166497,1405,8832098,5750700
8958,70,72,166424,1406,8832170,5562300
8959,74,64,166351,1415,8832234,5545100
8960,81,77,166272,1417,8832311,5500200
8961,72,71,166198,1420,8832382,5721500
8962,68,77,166138,1403,8832459,5767600
8963,68,82,166066,1393,8832541,5869800
8964,69,65,165992,1402,8832606,5864500
8965,83,74,165916,1404,8832680,6293200
8966,74,70,165837,1413,8832750,9735600
8967,69,101,165774,1375,8832851,7593800
8968,75,67,165692,1390,8832918,6883500
8969,59,61,165632,1389,8832979,9440400
8970,75,69,165560,1392,8833048,6669900
8971,59,79,165502,1371,8833127,7057700
8972,59,63,165437,1373,8833190,6646800
8973,59,67,165379,1364,8833257,6546200
8974,64,63,165319,1361,8833320,7785100
8975,59,80,165258,1342,8833400,7379400
8976,66,79,165191,1330,8833479,7061400
8977,69,72,165123,1326,8833551,6841000
8978,73,77,165048,1324,8833628,6628500
8979,76,74,164973,1325,8833702,5922400
8980,78,70,164905,1323,8833772,5795000
8981,64,60,164839,1329,8833832,5933300
8982,78,71,164754,1343,8833903,5633400
8983,66,68,164694,1335,8833971,5762500
8984,63,79,164624,1326,8834050,5974600
8985,66,51,164561,1338,8834101,5930200
8986,50,76,164506,1317,8834177,5977900
8987,68,59,164443,1321,8834236,5657700
8988,58,71,164381,1312,8834307,5856400
8989,69,76,164314,1303,8834383,6007300
8990,70,72,164243,1302,8834455,5729100
8991,57,62,164187,1296,8834517,5807900
8992,71,78,164114,1291,8834595,6050200
8993,66,63,164052,1290,8834658,6040100
8994,72,65,163976,1301,8834723,6046200
8995,62,69,163911,1297,8834792,6840300
8996,65,58,163851,1299,8834850,5843500
8997,66,64,163792,1294,8834914,5836500
8998,72,72,163717,1297,8834986,5769500
8999,51,67,163661,1286,8835053,6113200
9000,60,72,163599,1276,8835125,5767400
9001,67,67,163532,1276,8835192,5844100
9002,70,79,163466,1263,8835271,5936600
9003,76,64,163395,1270,8835335,5919200
9004,52,56,163332,1277,8835391,5773400
9005,55,57,163283,1269,8835448,5640900
9006,64,86,163214,1252,8835534,5845400
9007,66,77,163155,1234,8835611,5895000
9008,63,62,163089,1238,8835673,5746300
9009,56,64,163034,1229,8835737,5810300
9010,70,51,162968,1244,8835788,5900100
9011,70,71,162890,1251,8835859,5811900
9012,69,67,162821,1253,8835926,6079900
9013,63,56,162760,1258,8835982,5710400
9014,50,67,162710,1241,8836049,5486500
9015,70,71,162641,1239,8836120,5602800
9016,74,54,162567,1259,8836174,5890400
9017,66,65,162501,1260,8836239,5666300
9018,57,63,162443,1255,8836302,5719500
9019,60,50,162391,1257,8836352,5599600
9020,65,63,162316,1269,8836415,5687800
9021,74,60,162251,1274,8836475,5937400
9022,65,58,162175,1292,8836533,5772300
9023,52,61,162128,1278,8836594,5854900
9024,62,66,162065,1275,8836660,5717000
9025,67,71,161995,1274,8836731,5592400
9026,61,68,161943,1258,8836799,5460600
9027,55,73,161881,1247,8836872,5483000
9028,64,66,161815,1247,8836938,5519000
9029,64,57,161760,1245,8836995,5998900
9030,65,74,161690,1241,8837069,5936200
9031,50,65,161637,1229,8837134,5656800
9032,75,58,161565,1243,8837192,5583000
9033,49,73,161514,1221,8837265,5581700
9034,53,66,161460,1209,8837331,6144400
9035,53,47,161407,1215,8837378,5862700
9036,62,71,161346,1205,8837449,6049800
9037,44,55,161298,1198,8837504,6077300
9038,58,64,161244,1188,8837568,5894000
9039,56,57,161183,1192,8837625,5597000
9040,42,50,161143,1182,8837675,5943600
9041,43,64,161101,1160,8837739,5734700
9042,54,57,161048,1156,8837796,5603200
9043,49,55,161004,1145,8837851,5531500
9044,43,52,160952,1145,8837903,5638700
9045,59,63,160897,1137,8837966,5906800
9046,52,59,160847,1128,8838025,5720700
9047,50,69,160794,1112,8838094,5595400
9048,57,55,160739,1112,8838149,6046800
9049,63,63,160679,1109,8838212,6321600
9050,49,50,160627,1111,8838262,6216200
9051,62,65,160561,1112,8838327,6180700
9052,65,59,160500,1114,8838386,6196400
9053,64,62,160441,1111,8838448,6155200
9054,59,60,160375,1117,8838508,6232600
9055,69,40,160312,1140,8838548,6250300
9056,41,48,160267,1137,8838596,6070200
9057,65,57,160204,1143,8838653,6309600
9058,37,72,160167,1108,8838725,6382500
9059,46,51,160116,1108,8838776,6297500
9060,59,61,160053,1110,8838837,6177000
9061,56,59,160002,1102,8838896,6198900
9062,49,49,159959,1096,8838945,6119300
9063,58,61,159899,1095,8839006,6291500
9064,62,56,159833,1105,8839062,6201200
9065,55,66,159780,1092,8839128,6131100
9066,56,59,159720,1093,8839187,6100600
9067,44,63,159677,1073,8839250,6000900
9068,57,60,159625,1065,8839310,6052300
9069,62,55,159560,1075,8839365,6056600
9070,46,52,159515,1068,8839417,6110700
9071,57,49,159457,1077,8839466,6485100
9072,48,51,159407,1076,8839517,6366500
9073,54,56,159356,1071,8839573,6857400
9074,48,60,159309,1058,8839633,6305500
9075,40,65,159260,1042,8839698,6231000
9076,37,57,159226,1019,8839755,6166800
9077,40,65,159187,993,8839820,6038300
9078,43,46,159144,990,8839866,6332700
9079,37,43,159108,983,8839909,5951300
9080,43,54,159064,973,8839963,6286800
9081,39,41,159023,973,8840004,6300300
9082,62,54,158967,975,8840058,6080100
9083,53,41,158913,988,8840099,6376600
9084,33,45,158878,978,8840144,6037600
9085,48,65,158832,959,8840209,6384900
9086,48,46,158783,962,8840255,6450400
9087,60,57,158723,965,8840312,6293300
9088,53,41,158670,977,8840353,6215000
9089,52,58,158619,970,8840411,5921700
9090,62,60,158556,973,8840471,5682300
9091,49,52,158505,972,8840523,5630300
9092,44,51,158461,965,8840574,5673800
9093,45,56,158418,952,8840630,5629500
9094,48,41,158368,961,8840671,5530300
9095,41,57,158326,946,8840728,5625100
9096,56,44,158272,956,8840772,5598100
9097,55,41,158214,973,8840813,5726700
9098,47,41,158171,975,8840854,5908200
9099,52,51,158118,977,8840905,5627100
9100,55,45,158069,981,8840950,5443100
9101,55,51,158008,991,8841001,5500400
9102,42,52,157965,982,8841053,5696100
9103,49,54,157923,970,8841107,5560700
9104,55,46,157861,986,8841153,5575100
9105,60,62,157807,978,8841215,5603200
9106,52,55,157754,976,8841270,5511700
9107,55,39,157694,997,8841309,5579200
9108,52,49,157647,995,8841358,5509100
9109,53,48,157594,1000,8841406,5508800
9110,46,39,157543,1012,8841445,5876500
9111,52,50,157493,1012,8841495,5578900
9112,44,47,157446,1012,8841542,5907700
9113,59,59,157394,1005,8841601,5815700
9114,41,50,157348,1001,8841651,5625700
9115,43,42,157309,998,8841693,5496800
9116,52,63,157258,986,8841756,5640000
9117,55,41,157204,999,8841797,5581900
9118,53,52,157145,1006,8841849,5772600
9119,52,58,157101,992,8841907,5970400
9120,54,47,157039,1007,8841954,6176300
9121,54,55,156986,1005,8842009,5954000
9122,59,62,156924,1005,8842071,5751500
9123,50,46,156874,1009,8842117,5983100
9124,52,56,156830,997,8842173,5957500
9125,52,53,156774,1000,8842226,5741800
9126,53,55,156719,1000,8842281,5855400
9127,58,54,156664,1001,8842335,5496800
9128,56,57,156607,1001,8842392,5605700
9129,44,48,156563,997,8842440,5870400
9130,38,42,156524,994,8842482,6655400
9131,63,58,156469,991,8842540,6303800
9132,41,47,156420,993,8842587,6414200
9133,32,53,156392,968,8842640,6222200
9134,54,44,156333,983,8842684,6005300
9135,54,53,156283,980,8842737,5821200
9136,44,59,156235,969,8842796,6015100
9137,53,56,156192,956,8842852,5907300
9138,41,52,156141,955,8842904,6850800
9139,48,55,156091,950,8842959,6419000
9140,44,40,156048,953,8842999,6269100
9141,45,48,156004,949,8843047,6181600
9142,63,48,155948,957,8843095,6857300
9143,63,54,155880,971,8843149,6193700
9144,44,41,155838,972,8843190,6547600
9145,64,51,155772,987,8843241,6413000
9146,52,49,155723,987,8843290,6303300
9147,51,49,155666,995,8843339,6437900
9148,51,56,155618,987,8843395,6400500
9149,62,56,155557,992,8843451,6473800
9150,50,53,155508,988,8843504,6384500
9151,52,55,155452,989,8843559,6105700
9152,55,43,155397,1001,8843602,6300500
9153,39,48,155355,995,8843650,6112300
9154,34,38,155326,986,8843688,6673500
9155,63,53,155267,992,8843741,6344600
9156,52,51,155213,995,8843792,6306900
9157,57,46,155159,1003,8843838,6196000
9158,54,56,155100,1006,8843894,6272600
9159,57,63,155042,1001,8843957,6430600
9160,53,46,154993,1004,8844003,6624500
9161,64,63,154929,1005,8844066,6501800
9162,52,47,154872,1015,8844113,6565800
9163,67,61,154811,1015,8844174,6353900
9164,54,50,154755,1021,8844224,6425900
9165,55,48,154703,1025,8844272,6285900
9166,63,57,154637,1034,8844329,6304100
9167,43,64,154596,1011,8844393,6461100
9168,52,54,154538,1015,8844447,6252200
9169,45,59,154496,998,8844506,6577700
9170,56,50,154443,1001,8844556,6470300
9171,53,51,154386,1007,8844607,5919700
9172,49,53,154336,1004,8844660,6068100
9173,54,55,154286,999,8844715,6220900
9174,61,49,154227,1009,8844764,6357500
9175,55,47,154163,1026,8844811,6098500
9176,43,54,154124,1011,8844865,6378000
9177,59,43,154065,1027,8844908,6332500
9178,56,55,154009,1028,8844963,6070600
9179,68,39,153942,1056,8845002,6105600
9180,57,52,153888,1058,8845054,5934500
9181,59,58,153823,1065,8845112,5954000
9182,67,57,153761,1070,8845169,5993000
9183,65,63,153704,1064,8845232,6111300
9184,33,54,153657,1057,8845286,5975800
9185,56,58,153605,1051,8845344,6095200
9186,58,50,153543,1063,8845394,6181100
9187,64,62,153479,1065,8845456,6270300
9188,67,68,153422,1054,8845524,6364700
9189,54,53,153363,1060,8845577,6315100
9190,53,41,153314,1068,8845618,6033800
9191,63,49,153246,1087,8845667,6068700
9192,54,52,153189,1092,8845719,6119900
9193,49,47,153141,1093,8845766,6010600
9194,51,52,153094,1088,8845818,6062400
9195,66,45,153022,1115,8845863,6083600
9196,55,51,152976,1110,8845914,6248700
9197,53,53,152916,1117,8845967,6008900
9198,60,50,152861,1122,8846017,6226000
9199,47,49,152810,1124,8846066,6132400
9200,67,56,152745,1133,8846122,6135500
9201,56,64,152690,1124,8846186,6246100
9202,53,58,152632,1124,8846244,6585800
9203,48,51,152587,1118,8846295,6196100
9204,62,57,152531,1117,8846352,6407500
9205,49,61,152477,1110,8846413,6413700
9206,47,56,152430,1101,8846469,6699700
9207,54,53,152375,1103,8846522,6643100
9208,38,55,152332,1091,8846577,6545000
9209,58,59,152277,1087,8846636,6209200
9210,55,45,152228,1091,8846681,6050600
9211,41,65,152176,1078,8846746,5981200
9212,47,55,152136,1063,8846801,6559900
9213,48,56,152088,1055,8846857,5940700
9214,57,48,152036,1059,8846905,5802200
9215,57,51,151972,1072,8846956,5824300
9216,58,53,151917,1074,8847009,5751600
9217,43,57,151873,1061,8847066,5814400
9218,54,60,151814,1060,8847126,5649100
9219,55,55,151764,1055,8847181,5594000
9220,60,58,151706,1055,8847239,5672100
9221,52,48,151654,1059,8847287,5714700
9222,60,66,151594,1053,8847353,5641100
9223,58,59,151533,1055,8847412,5553000
9224,54,59,151481,1048,8847471,5946200
9225,51,51,151431,1047,8847522,5931000
9226,52,47,151377,1054,8847569,5847000
9227,40,47,151334,1050,8847616,5627900
9228,58,41,151278,1065,8847657,5940800
9229,50,53,151228,1062,8847710,5689300
9230,36,36,151187,1067,8847746,5651000
9231,69,56,151129,1069,8847802,5922400
9232,48,63,151071,1064,8847865,5651800
9233,52,55,151029,1051,8847920,5804600
9234,40,47,150981,1052,8847967,5677300
9235,74,57,150910,1066,8848024,5532400
9236,38,46,150871,1059,8848070,5737000
9237,48,54,150823,1053,8848124,5732700
9238,50,62,150772,1042,8848186,5762900
9239,65,52,150711,1051,8848238,5670600
9240,50,54,150658,1050,8848292,5691800
9241,48,65,150606,1037,8848357,5819100
9242,53,59,150557,1027,8848416,5793300
9243,50,58,150508,1018,8848474,5558200
9244,70,46,150444,1036,8848520,5580500
9245,52,70,150386,1024,8848590,5657100
9246,38,48,150348,1014,8848638,5502600
9247,54,58,150294,1010,8848696,5681100
9248,53,48,150241,1015,8848744,5575600
9249,53,54,150183,1019,8848798,5537900
9250,45,65,150140,997,8848863,5690800
9251,46,43,150093,1001,8848906,5739700
9252,38,70,150057,967,8848976,5700400
9253,43,51,150017,956,8849027,5783900
9254,41,51,149969,953,8849078,5603300
9255,52,51,149927,944,8849129,5468000
9256,45,50,149878,943,8849179,5598000
9257,53,56,149823,942,8849235,5457900
9258,61,51,149768,946,8849286,5589400
9259,58,59,149711,944,8849345,5751100
9260,48,47,149664,944,8849392,5547500
9261,52,44,149605,959,8849436,5660000
9262,54,49,149554,961,8849485,5677200
9263,46,42,149506,967,8849527,5521700
9264,39,36,149467,970,8849563,5710800
9265,54,51,149417,969,8849614,5909000
9266,41,50,149369,967,8849664,5710100
9267,49,56,149322,958,8849720,5624300
9268,39,75,149284,921,8849795,5757600
9269,44,48,149238,919,8849843,5583200
9270,46,53,149193,911,8849896,5636500
9271,39,39,149153,912,8849935,5448900
9272,26,51,149126,888,8849986,5552200
9273,38,44,149091,879,8850030,5644600
9274,42,50,149047,873,8850080,5496000
9275,33,37,149013,870,8850117,5466300
9276,40,44,148974,865,8850161,5552400
9277,44,53,148928,858,8850214,5778400
9278,38,52,148897,837,8850266,5687800
9279,45,47,148844,843,8850313,5802500
9280,39,42,148804,841,8850355,5656800
9281,35,53,148767,825,8850408,5604800
9282,55,48,148720,824,8850456,5767700
9283,55,45,148664,835,8850501,5479600
9284,40,37,148623,839,8850538,5611000
9285,40,43,148582,837,8850581,5574700
9286,47,48,148538,833,8850629,5622400
9287,30,41,148502,828,8850670,5642700
9288,47,36,148456,838,8850706,5798000
9289,45,36,148416,842,8850742,6093700
9290,47,57,148372,829,8850799,5917300
9291,49,41,148321,839,8850840,5734400
9292,43,39,148274,847,8850879,5722600
9293,46,40,148229,852,8850919,5688500
9294,32,40,148192,849,8850959,5529900
9295,51,51,148152,838,8851010,5891800
9296,32,35,148110,845,8851045,5627600
9297,45,39,148067,849,8851084,5903300
9298,43,45,148023,848,8851129,5780700
9299,42,45,147983,843,8851174,5785000
9300,32,42,147949,835,8851216,5760500
9301,50,53,147899,832,8851269,6066100
9302,41,41,147861,829,8851310,5580600
9303,40,44,147821,825,8851354,5782000
9304,35,36,147785,825,8851390,6429200
9305,37,41,147748,821,8851431,5624200
9306,46,41,147703,825,8851472,5552200
9307,39,37,147664,827,8851509,5485200
9308,44,49,147625,817,8851558,5577600
9309,40,32,147576,834,8851590,5585200
9310,53,49,147534,827,8851639,5700600
9311,49,37,147476,848,8851676,6126800
9312,49,49,147430,845,8851725,5759500
9313,45,42,147385,848,8851767,5547200
9314,42,49,147344,840,8851816,5574500
9315,45,40,147296,848,8851856,5549700
9316,33,48,147263,833,8851904,5808600
9317,45,46,147215,835,8851950,5747000
9318,34,49,147183,818,8851999,5624000
9319,42,39,147148,814,8852038,5707200
9320,31,37,147108,817,8852075,5786000
9321,36,28,147072,825,8852103,5693800
9322,27,47,147045,805,8852150,5618500
9323,50,38,146998,814,8852188,5648000
9324,38,52,146959,801,8852240,5815300
9325,23,42,146935,783,8852282,5849700
9326,52,32,146886,800,8852314,5629400
9327,36,51,146848,787,8852365,5568400
9328,37,34,146810,791,8852399,5552100
9329,34,34,146778,789,8852433,5704400
9330,39,41,146739,787,8852474,5911000
9331,42,33,146699,794,8852507,5890100
9332,39,47,146660,786,8852554,5691000
9333,39,44,146618,784,8852598,6051200
9334,47,47,146573,782,8852645,5847800
9335,39,49,146533,773,8852694,6022000
9336,42,35,146490,781,8852729,6178000
9337,42,55,146447,769,8852784,5834800
9338,41,25,146408,783,8852809,5950700
9339,43,41,146365,785,8852850,5693600
9340,42,49,146325,776,8852899,5624000
9341,43,44,146280,777,8852943,5598000
9342,51,38,146229,790,8852981,5928700
9343,39,37,146188,794,8853018,5919000
9344,50,43,146148,791,8853061,5588200
9345,57,41,146084,814,8853102,5636200
9346,51,53,146040,805,8853155,5692200
9347,49,48,145986,811,8853203,6004100
9348,46,53,145939,805,8853256,5536000
9349,45,38,145898,808,8853294,5572100
9350,55,56,145841,809,8853350,5704800
9351,51,41,145787,822,8853391,5609800
9352,45,39,145741,829,8853430,5614200
9353,47,60,145700,810,8853490,5556800
9354,56,41,145641,828,8853531,5572400
9355,45,36,145594,839,8853567,5739900
9356,53,50,145545,838,8853617,5710500
9357,41,41,145502,840,8853658,5654400
9358,50,50,145454,838,8853708,5744100
9359,32,29,145420,843,8853737,5471600
9360,32,45,145383,835,8853782,5924000
9361,40,58,145345,815,8853840,5712900
9362,52,41,145299,820,8853881,5778500
9363,44,30,145252,837,8853911,5540800
9364,42,41,145210,838,8853952,5680300
9365,38,37,145169,842,8853989,5610000
9366,46,46,145123,842,8854035,5619000
9367,38,56,145081,828,8854091,5620500
9368,39,51,145041,817,8854142,5570500
9369,43,49,145006,803,8854191,5799200
9370,50,46,144956,807,8854237,5561300
9371,44,48,144908,807,8854285,5558300
9372,32,51,144878,786,8854336,6657200
9373,43,38,144833,793,8854374,7559400
9374,29,35,144807,784,8854409,6725200
9375,37,42,144766,783,8854451,6351800
9376,37,46,144732,771,8854497,6526800
9377,26,39,144705,759,8854536,5893700
9378,28,30,144677,757,8854566,5704400
9379,39,39,144636,759,8854605,5782400
9380,32,44,144606,745,8854649,6112500
9381,32,40,144575,736,8854689,5955000
9382,32,46,144542,723,8854735,6036900
9383,34,43,144505,717,8854778,6529100
9384,33,32,144476,714,8854810,7291600
9385,21,39,144453,698,8854849,6230800
9386,33,43,144421,687,8854892,6909700
9387,41,29,144378,701,8854921,8319500
9388,23,42,144353,684,8854963,7186900
9389,28,39,144330,668,8855002,9742000
9390,29,35,144299,664,8855037,9252400
9391,35,33,144266,664,8855070,8539800
9392,37,32,144231,667,8855102,7839400
9393,35,47,144194,657,8855149,10188700
9394,37,39,144153,659,8855188,8348800
9395,43,32,144113,667,8855220,7876700
9396,35,34,144078,668,8855254,10209000
9397,26,40,144048,658,8855294,10016500
9398,32,48,144024,634,8855342,7193500
9399,41,22,143981,655,8855364,6870600
9400,48,29,143930,677,8855393,6009300
9401,32,32,143896,679,8855425,6249900
9402,30,31,143868,676,8855456,6583700
9403,35,30,143833,681,8855486,6551700
9404,47,29,143787,698,8855515,6565700
9405,44,31,143743,711,8855546,7435800
9406,51,33,143693,728,8855579,6778200
9407,38,43,143653,725,8855622,6634600
9408,42,41,143612,725,8855663,6658900
9409,44,44,143569,724,8855707,6470700
9410,28,40,143538,715,8855747,6256100
9411,43,35,143498,720,8855782,6151000
9412,40,37,143462,719,8855819,6803400
9413,38,38,143417,726,8855857,6555000
9414,37,36,143383,724,8855893,6265500
9415,40,41,143341,725,8855934,6252500
9416,38,41,143300,725,8855975,6720700
9417,34,40,143268,717,8856015,6198400
9418,34,35,143238,712,8856050,6787500
9419,47,41,143187,722,8856091,6328300
9420,36,40,143152,717,8856131,6264600
9421,40,30,143112,727,8856161,6258000
9422,42,43,143074,722,8856204,6092100
9423,51,30,143019,747,8856234,6225500
9424,49,41,142976,749,8856275,6364000
9425,46,33,142927,765,8856308,6078200
9426,53,33,142874,785,8856341,6796100
9427,44,41,142836,782,8856382,6533100
9428,41,41,142789,788,8856423,6213100
9429,39,49,142750,778,8856472,6451800
9430,45,45,142707,776,8856517,6596600
9431,51,39,142659,785,8856556,7551000
9432,34,35,142629,780,8856591,6761700
9433,32,34,142591,784,8856625,6847600
9434,35,40,142551,784,8856665,6696300
9435,42,38,142513,784,8856703,6699500
9436,50,32,142459,806,8856735,7044200
9437,42,48,142416,801,8856783,6811500
9438,55,53,142364,800,8856836,6564800
9439,37,29,142329,806,8856865,6326500
9440,34,47,142291,797,8856912,7231300
9441,39,44,142255,789,8856956,6293000
9442,42,41,142213,790,8856997,6318100
9443,39,36,142170,797,8857033,6647200
9444,32,39,142138,790,8857072,6405900
9445,43,48,142097,783,8857120,6380000
9446,30,43,142066,771,8857163,7348200
9447,45,32,142022,783,8857195,6667400
9448,55,35,141971,799,8857230,7067900
9449,46,44,141918,808,8857274,6156700
9450,28,32,141895,799,8857306,6857300
9451,28,52,141866,776,8857358,6699100
9452,34,47,141830,765,8857405,7500900
9453,38,38,141793,764,8857443,6267500
9454,36,34,141755,768,8857477,6456100
9455,34,43,141723,757,8857520,6899600
9456,38,41,141683,756,8857561,6730800
9457,37,37,141651,751,8857598,6529800
9458,34,43,141610,749,8857641,6742500
9459,33,46,141582,731,8857687,6814300
9460,31,33,141548,732,8857720,6522800
9461,35,36,141511,733,8857756,6469500
9462,23,34,141490,720,8857790,6158700
9463,38,33,141451,726,8857823,6191100
9464,38,38,141413,726,8857861,6130300
9465,36,45,141375,719,8857906,6687100
9466,35,34,141346,714,8857940,6376300
9467,29,41,141310,709,8857981,5701500
9468,25,32,141287,700,8858013,7497400
9469,24,38,141262,687,8858051,7228700
9470,27,43,141239,667,8858094,8719300
9471,21,36,141219,651,8858130,7646900
9472,29,45,141187,638,8858175,8006000
9473,29,31,141159,635,8858206,6450700
9474,30,36,141128,630,8858242,6242400
9475,25,28,141102,628,8858270,6268800
9476,32,39,141074,617,8858309,6351700
9477,27,38,141042,611,8858347,6267600
9478,27,29,141017,607,8858376,7035600
9479,21,27,140995,602,8858403,6387100
9480,29,34,140966,597,8858437,6516400
9481,26,34,140939,590,8858471,6335000
9482,32,30,140910,589,8858501,6445500
9483,30,17,140876,606,8858518,6739100
9484,29,23,140852,607,8858541,6547800
9485,20,30,140830,599,8858571,7101600
9486,31,31,140800,598,8858602,7639800
9487,33,23,140766,609,8858625,7316400
9488,46,30,140724,621,8858655,6963600
9489,40,32,140684,629,8858687,6833300
9490,33,44,140644,625,8858731,6774200
9491,27,25,140620,624,8858756,7150600
9492,33,28,140589,627,8858784,6305600
9493,25,33,140561,622,8858817,6832100
9494,36,38,140528,617,8858855,6356000
9495,27,27,140498,620,8858882,6413400
9496,19,36,140477,605,8858918,6919900
9497,25,33,140454,595,8858951,6514200
9498,25,32,140426,591,8858983,6506000
9499,29,35,140399,583,8859018,6428600
9500,37,18,140367,597,8859036,6549300
9501,33,34,140333,597,8859070,6483500
9502,30,35,140303,592,8859105,6147300
9503,25,27,140276,592,8859132,6259700
9504,31,30,140244,594,8859162,6177500
9505,30,27,140218,593,8859189,6065000
9506,32,25,140182,604,8859214,6408600
9507,28,26,140153,607,8859240,6132500
9508,41,34,140118,608,8859274,11716500
9509,41,25,140077,624,8859299,14146000
9510,27,30,140047,624,8859329,6705500
9511,24,36,140024,611,8859365,6474800
9512,40,31,139984,620,8859396,6219200
9513,27,32,139952,620,8859428,9718900
9514,21,35,139933,604,8859463,6633800
9515,30,24,139903,610,8859487,7053700
9516,28,38,139880,595,8859525,6756200
9517,34,36,139844,595,8859561,6497800
9518,35,35,139812,592,8859596,6255400
9519,30,48,139777,579,8859644,6098700
9520,27,33,139747,576,8859677,6407900
9521,24,28,139731,564,8859705,6736500
9522,29,31,139699,565,8859736,6312000
9523,26,27,139670,567,8859763,6300700
9524,36,24,139640,573,8859787,5990900
9525,32,29,139600,584,8859816,6234300
9526,26,29,139576,579,8859845,6372600
9527,17,33,139557,565,8859878,6094500
9528,24,23,139539,560,8859901,6193600
9529,23,31,139514,554,8859932,6455200
9530,34,34,139477,557,8859966,6508200
9531,22,30,139454,550,8859996,6069200
9532,22,40,139437,527,8860036,6577200
9533,19,27,139417,520,8860063,6236800
9534,28,31,139387,519,8860094,6119800
9535,24,31,139362,513,8860125,6161500
9536,32,28,139332,515,8860153,6322900
9537,32,29,139301,517,8860182,6659300
9538,30,18,139269,531,8860200,6229100
9539,19,17,139249,534,8860217,5884400
9540,22,26,139231,526,8860243,6333100
9541,24,32,139205,520,8860275,6027900
9542,20,22,139181,522,8860297,6013100
9543,19,22,139164,517,8860319,6026700
9544,18,35,139149,497,8860354,6599800
9545,14,30,139132,484,8860384,6491200
9546,17,14,139117,485,8860398,6420200
9547,24,21,139090,491,8860419,6287500
9548,20,23,139070,488,8860442,5981400
9549,26,19,139045,494,8860461,6215800
9550,30,28,139019,492,8860489,6342500
9551,26,21,138994,496,8860510,6223700
9552,27,30,138967,493,8860540,6785200
9553,24,23,138939,498,8860563,6375000
9554,37,27,138902,508,8860590,6139400
9555,26,19,138873,518,8860609,6022700
9556,29,21,138850,520,8860630,5932500
9557,35,33,138813,524,8860663,5950800
9558,37,22,138776,539,8860685,6179700
9559,24,26,138752,537,8860711,6495400
9560,26,26,138724,539,8860737,6845900
9561,31,22,138693,548,8860759,6565000
9562,33,34,138664,543,8860793,6618200
9563,39,31,138627,549,8860824,6251700
9564,29,28,138596,552,8860852,6247900
9565,31,40,138561,547,8860892,6635600
9566,28,26,138536,546,8860918,6958300
9567,35,27,138504,551,8860945,6789400
9568,19,22,138484,549,8860967,6805000
9569,26,22,138456,555,8860989,6797700
9570,21,20,138432,559,8861009,6702500
9571,26,42,138408,541,8861051,6682200
9572,27,29,138384,536,8861080,7276500
9573,26,31,138354,535,8861111,7236200
9574,21,21,138334,534,8861132,6815700
9575,18,24,138313,531,8861156,6671100
9576,36,24,138282,538,8861180,6481100
9577,23,37,138255,528,8861217,6990400
9578,24,33,138232,518,8861250,8857000
9579,18,33,138214,503,8861283,6845700
9580,30,23,138186,508,8861306,6706200
9581,17,20,138166,508,8861326,7399200
9582,28,31,138139,504,8861357,6586200
9583,25,23,138115,505,8861380,7149000
9584,22,24,138091,505,8861404,7338700
9585,27,17,138067,512,8861421,7209100
9586,21,28,138048,503,8861449,7366800
9587,19,28,138022,501,8861477,6589800
9588,24,29,138000,494,8861506,7223100
9589,26,29,137976,489,8861535,7272300
9590,25,14,137949,502,8861549,6922100
9591,23,33,137929,489,8861582,7335800
9592,28,24,137896,498,8861606,6945400
9593,24,30,137878,486,8861636,6487400
9594,26,39,137848,477,8861675,6484400
9595,20,24,137827,474,8861699,6725700
9596,32,19,137799,483,8861718,6578000
9597,23,25,137775,482,8861743,6261100
9598,31,23,137744,490,8861766,6290800
9599,29,27,137717,490,8861793,6449000
9600,26,31,137691,485,8861824,6460300
9601,27,28,137663,485,8861852,6268700
9602,23,14,137635,499,8861866,6039300
9603,17,16,137621,497,8861882,6333000
9604,24,32,137600,486,8861914,6165900
9605,25,25,137571,490,8861939,6179600
9606,27,22,137545,494,8861961,6326900
9607,15,18,137529,492,8861979,6172900
9608,20,29,137509,483,8862008,6108800
9609,18,22,137491,479,8862030,6185500
9610,15,33,137477,460,8862063,6338000
9611,21,19,137454,464,8862082,6587700
9612,28,20,137429,469,8862102,6325200
9613,17,21,137409,468,8862123,6064700
9614,24,29,137390,458,8862152,6035200
9615,14,28,137374,446,8862180,6072400
9616,18,22,137354,444,8862202,6324300
9617,19,24,137337,437,8862226,6207700
9618,20,27,137314,433,8862253,6744700
9619,23,30,137297,420,8862283,6480000
9620,29,25,137267,425,8862308,6786700
9621,20,24,137242,426,8862332,6400100
9622,23,31,137219,418,8862363,6369900
9623,18,21,137201,415,8862384,6375700
9624,21,27,137184,405,8862411,6715300
9625,13,18,137168,403,8862429,6922100
9626,19,22,137152,397,8862451,6475400
9627,28,38,137123,388,8862489,6225300
9628,13,20,137107,384,8862509,6284300
9629,24,19,137085,387,8862528,6453700
9630,24,23,137061,388,8862551,6319400
9631,19,22,137042,385,8862573,6525500
9632,17,11,137024,392,8862584,6379400
9633,23,25,137001,390,8862609,6120300
9634,16,20,136986,385,8862629,6127700
9635,22,12,136964,395,8862641,6092900
9636,16,22,136946,391,8862663,6225900
9637,21,15,136925,397,8862678,6397100
9638,21,16,136906,400,8862694,6913100
9639,21,22,136884,400,8862716,6328600
9640,13,18,136873,393,8862734,6133000
9641,19,22,136854,390,8862756,6135000
9642,19,22,136832,390,8862778,6281700
9643,22,26,136810,386,8862804,6128200
9644,17,20,136795,381,8862824,6292100
9645,12,17,136781,378,8862841,6646100
9646,25,18,136758,383,8862859,7047500
9647,10,23,136746,372,8862882,6537400
9648,14,14,136731,373,8862896,5944400
9649,17,25,136715,364,8862921,6003100
9650,16,17,136702,360,8862938,6089600
9651,15,23,136683,356,8862961,6222900
9652,21,14,136665,360,8862975,6763300
9653,14,18,136649,358,8862993,6380400
9654,13,16,136638,353,8863009,6182200
9655,15,9,136621,361,8863018,6168500
9656,15,19,136610,353,8863037,6441800
9657,25,21,136583,359,8863058,6188000
9658,21,20,136563,359,8863078,6814800
9659,13,22,136551,349,8863100,6084900
9660,11,20,136536,344,8863120,6480000
9661,16,18,136521,341,8863138,6213100
9662,9,16,136511,335,8863154,6845700
9663,13,17,136500,329,8863171,7140100
9664,10,18,136488,323,8863189,6924400
9665,8,12,136479,320,8863201,6277500
9666,7,16,136472,311,8863217,6920800
9667,21,23,136456,304,8863240,6513800
9668,14,11,136439,310,8863251,7289100
9669,9,17,136430,302,8863268,6909700
9670,12,11,136421,300,8863279,6465800
9671,15,21,136403,297,8863300,6428700
9672,11,19,136392,289,8863319,6630000
9673,14,11,136380,290,8863330,6882400
9674,13,18,136364,288,8863348,6430900
9675,9,17,136355,280,8863365,6388900
9676,17,14,136339,282,8863379,6626500
9677,10,11,136327,283,8863390,6629700
9678,11,10,136317,283,8863400,6997900
9679,12,8,136306,286,8863408,6838800
9680,9,18,136297,277,8863426,6548100
9681,10,9,136290,275,8863435,6258600
9682,13,20,136273,272,8863455,6367900
9683,10,15,136264,266,8863470,6794000
9684,5,13,136258,259,8863483,6319000
9685,11,10,136248,259,8863493,6826700
9686,7,17,136242,248,8863510,6968300
9687,6,11,136234,245,8863521,7361600
9688,10,17,136226,236,8863538,6329100
9689,7,9,136216,237,8863547,6239800
9690,6,13,136211,229,8863560,6292800
9691,8,17,136202,221,8863577,6476900
9692,14,11,136191,221,8863588,6224200
9693,9,12,136180,220,8863600,6542600
9694,10,11,136171,218,8863611,6873200
9695,6,11,136163,215,8863622,7058800
9696,15,10,136152,216,8863632,6157600
9697,4,16,136144,208,8863648,6545900
9698,8,9,136137,206,8863657,6074200
9699,9,8,136127,208,8863665,7284700
9700,13,9,136115,211,8863674,6312500
9701,9,8,136105,213,8863682,6068100
9702,5,11,136101,206,8863693,6412400
9703,6,15,136095,197,8863708,7042100
9704,6,11,136090,191,8863719,7189200
9705,9,8,136080,193,8863727,7155800
9706,10,7,136069,197,8863734,6973900
9707,9,6,136061,199,8863740,6283000
9708,4,6,136058,196,8863746,7186500
9709,4,9,136054,191,8863755,6724700
9710,7,8,136047,190,8863763,6214700
9711,13,6,136035,196,8863769,6822800
9712,4,8,136028,195,8863777,6633800
9713,2,9,136027,187,8863786,7346400
9714,8,6,136018,190,8863792,6692700
9715,7,12,136012,184,8863804,7219900
9716,4,4,136007,185,8863808,8782300
9717,4,10,136003,179,8863818,6911900
9718,5,9,136000,173,8863827,7353400
9719,1,11,135997,165,8863838,7017800
9720,7,5,135991,166,8863843,6341400
9721,6,10,135985,162,8863853,7202300
9722,3,13,135981,153,8863866,7254700
9723,5,16,135978,140,8863882,6541300
9724,1,8,135976,134,8863890,8082200
9725,6,7,135971,132,8863897,6472000
9726,5,5,135967,131,8863902,6429700
9727,5,7,135959,132,8863909,7246600
9728,0,10,135959,122,8863919,6919400
9729,6,4,135953,124,8863923,6716200
9730,2,0,135951,126,8863923,6355600
9731,1,3,135950,124,8863926,6231400
9732,9,9,135942,123,8863935,6334800
9733,5,6,135936,123,8863941,6704700
9734,6,5,135931,123,8863946,5960900
9735,5,7,135925,122,8863953,6160100
9736,4,4,135922,121,8863957,6201900
9737,3,3,135919,121,8863960,6002100
9738,6,10,135913,117,8863970,5992300
9739,3,7,135909,114,8863977,6812400
9740,3,5,135906,112,8863982,6549700
9741,6,6,135900,112,8863988,6124400
9742,6,3,135894,115,8863991,6052500
9743,7,5,135890,114,8863996,6157300
9744,5,9,135883,112,8864005,6045900
9745,1,8,135881,106,8864013,5967700
9746,6,5,135875,107,8864018,5989300
9747,4,6,135871,105,8864024,5892800
9748,4,6,135867,103,8864030,5992600
9749,1,5,135866,99,8864035,6643100
9750,1,8,135865,92,8864043,6159100
9751,3,2,135863,92,8864045,6052600
9752,4,4,135859,92,8864049,6269500
9753,2,3,135856,92,8864052,5946600
9754,0,5,135856,87,8864057,5966500
9755,3,7,135853,83,8864064,5795700
9756,5,2,135848,86,8864066,5612100
9757,7,5,135841,88,8864071,6000100
9758,5,5,135837,87,8864076,5692100
9759,3,4,135833,87,8864080,6004000
9760,5,5,135831,84,8864085,6466900
9761,5,6,135823,86,8864091,6343000
9762,6,3,135817,89,8864094,6641300
9763,2,8,135816,82,8864102,6197600
9764,5,3,135810,85,8864105,6294400
9765,5,5,135806,84,8864110,6613000
9766,3,5,135802,83,8864115,6307600
9767,0,2,135802,81,8864117,6502400
9768,0,4,135802,77,8864121,6302300
9769,2,2,135800,77,8864123,6106400
9770,2,3,135798,76,8864126,6280300
9771,2,7,135797,70,8864133,6523200
9772,4,1,135792,74,8864134,6788400
9773,2,2,135790,74,8864136,6361000
9774,1,4,135789,71,8864140,6785200
9775,2,3,135788,69,8864143,6563300
9776,1,3,135786,68,8864146,6139900
9777,0,5,135786,63,8864151,6339900
9778,0,2,135786,61,8864153,6173900
9779,0,3,135786,58,8864156,6427300
9780,0,1,135786,57,8864157,6770800
9781,1,2,135785,56,8864159,6376100
9782,0,4,135785,52,8864163,6210800
9783,0,2,135785,50,8864165,6029100
9784,0,2,135785,48,8864167,7342300
9785,1,3,135784,46,8864170,8638200
9786,0,1,135784,45,8864171,8839700
9787,0,2,135784,43,8864173,8074800
9788,0,3,135784,40,8864176,7902700
9789,0,2,135784,38,8864178,8512300
9790,0,1,135784,37,8864179,7361600
9791,0,3,135784,34,8864182,10579800
9792,0,0,135784,34,8864182,10629000
9793,0,1,135784,33,8864183,7096700
9794,0,1,135784,32,8864184,7827400
9795,0,2,135784,30,8864186,6549400
9796,0,0,135784,30,8864186,7358800
9797,0,3,135784,27,8864189,7495300
9798,0,2,135784,25,8864191,6451900
9799,0,0,135784,25,8864191,6396000
9800,0,2,135784,23,8864193,6523200
9801,0,4,135784,19,8864197,6653300
9802,0,0,135784,19,8864197,7209600
9803,0,0,135784,19,8864197,6622500
9804,0,0,135784,19,8864197,7217100
9805,0,0,135784,19,8864197,6416100
9806,0,0,135784,19,8864197,6413000
9807,0,1,135784,18,8864198,6285800
9808,0,1,135784,17,8864199,6108700
9809,0,0,135784,17,8864199,6698400
9810,0,1,135784,16,8864200,7278900
9811,0,0,135784,16,8864200,6260700
9812,0,1,135784,15,8864201,6170400
9813,0,2,135784,13,8864203,6336200
9814,0,0,135784,13,8864203,5906600
9815,0,0,135784,13,8864203,6173500
9816,0,0,135784,13,8864203,6342900
9817,0,0,135784,13,8864203,9186300
9818,0,0,135784,13,8864203,6404000
9819,0,1,135784,12,8864204,5909200
9820,0,0,135784,12,8864204,5894500
9821,0,2,135784,10,8864206,5923300
9822,0,0,135784,10,8864206,5763900
9823,0,0,135784,10,8864206,6019800
9824,0,1,135784,9,8864207,6022000
9825,0,1,135784,8,8864208,5709600
9826,0,0,135784,8,8864208,5971500
9827,0,0,135784,8,8864208,5834800
9828,0,0,135784,8,8864208,5852500
9829,0,0,135784,8,8864208,5993000
9830,0,1,135784,7,8864209,5882300
9831,0,1,135784,6,8864210,5816600
9832,0,0,135784,6,8864210,5889800
9833,0,0,135784,6,8864210,5969200
9834,0,0,135784,6,8864210,5935900
9835,0,0,135784,6,8864210,5791500
9836,0,0,135784,6,8864210,6014900
9837,0,0,135784,6,8864210,6172400
9838,0,0,135784,6,8864210,5954300
9839,0,0,135784,6,8864210,6296900
9840,0,0,135784,6,8864210,6027100
9841,0,0,135784,6,8864210,6215200
9842,0,2,135784,4,8864212,6105400
9843,0,0,135784,4,8864212,5679700
9844,0,0,135784,4,8864212,5711400
9845,0,1,135784,3,8864213,5604900
9846,0,0,135784,3,8864213,5606300
9847,0,0,135784,3,8864213,5577400
9848,0,0,135784,3,8864213,6183400
9849,0,0,135784,3,8864213,5971000
9850,0,0,135784,3,8864213,5907500
9851,0,0,135784,3,8864213,5758400
9852,0,1,135784,2,8864214,5651900
9853,0,0,135784,2,8864214,5672100
9854,0,0,135784,2,8864214,6420700
9855,0,0,135784,2,8864214,6635400
9856,0,0,135784,2,8864214,6282400
9857,0,0,135784,2,8864214,5627500
9858,0,0,135784,2,8864214,5839100
9859,0,0,135784,2,8864214,5528200
9860,0,1,135784,1,8864215,5904500
9861,0,0,135784,1,8864215,5496900
9862,0,0,135784,1,8864215,5754300
9863,0,1,135784,0,8864216,6004500
