Tick,NewlyInfected,NewlyRecovered,TotalSusceptible,TotalInfected,TotalRecovered,StepTimeNanos
0,2,0,562494,6,0,1268100
1,3,0,562490,10,0,380700
2,3,0,562487,13,0,331000
3,4,1,562484,15,1,275400
4,6,1,562478,20,2,242300
5,5,0,562473,25,2,209400
6,2,2,562470,26,4,166300
7,13,3,562458,35,7,182600
8,8,2,562449,42,9,164300
9,11,0,562439,52,9,210200
10,8,2,562430,59,11,182400
11,8,4,562423,62,15,201700
12,7,2,562417,66,17,188900
13,15,6,562400,77,23,176200
14,12,3,562391,83,26,190100
15,15,8,562375,91,34,196000
16,20,7,562354,105,41,184200
17,20,4,562334,121,45,203300
18,14,4,562322,129,49,178100
19,19,2,562303,146,51,175700
20,8,10,562295,144,61,188200
21,23,8,562271,160,69,195900
22,22,9,562249,173,78,294400
23,15,13,562233,176,91,209500
24,14,12,562222,175,103,201000
25,15,10,562204,183,113,206100
26,18,10,562189,188,123,223600
27,17,13,562168,196,136,250900
28,23,10,562148,206,146,250700
29,22,11,562125,218,157,200300
30,23,13,562106,224,170,211200
31,27,11,562076,243,181,196200
32,22,17,562057,245,198,192600
33,30,14,562024,264,212,178300
34,29,13,561999,276,225,188500
35,33,14,561965,296,239,212100
36,34,14,561930,317,253,208900
37,23,15,561906,326,268,202700
38,36,17,561871,344,285,204800
39,30,18,561841,356,303,191400
40,34,18,561810,369,321,209000
41,30,25,561778,376,346,201000
42,23,17,561754,383,363,202000
43,30,14,561724,399,377,176800
44,22,28,561701,394,405,204500
45,37,21,561661,413,426,299400
46,38,23,561628,423,449,219300
47,35,24,561590,437,473,191100
48,26,26,561567,434,499,190600
49,39,27,561527,447,526,214200
50,39,27,561488,459,553,195300
51,40,17,561451,479,570,176400
52,32,26,561418,486,596,185400
53,39,26,561377,501,622,201600
54,57,34,561323,521,656,208600
55,46,22,561276,546,678,218600
56,48,30,561229,563,708,192300
57,42,34,561187,571,742,198000
58,32,43,561152,563,785,205300
59,44,21,561109,585,806,263800
60,61,26,561047,621,832,228400
61,49,30,561004,634,862,197200
62,61,24,560947,667,886,221800
63,53,43,560887,684,929,197500
64,57,42,560830,699,971,161300
65,55,35,560769,725,1006,190000
66,58,40,560717,737,1046,185300
67,77,36,560646,772,1082,185800
68,56,40,560588,790,1122,181800
69,54,42,560532,804,1164,256500
70,57,48,560477,811,1212,193300
71,62,43,560411,834,1255,188900
72,73,40,560337,868,1295,188500
73,66,50,560276,879,1345,223300
74,78,42,560195,918,1387,192300
75,79,56,560119,938,1443,194800
76,87,52,560044,961,1495,190000
77,88,62,559947,996,1557,211200
78,78,56,559864,1023,1613,229600
79,86,61,559778,1048,1674,188300
80,66,46,559708,1072,1720,182700
81,94,58,559632,1090,1778,206300
82,102,51,559523,1148,1829,222200
83,84,50,559438,1183,1879,183000
84,87,65,559351,1205,1944,200800
85,69,52,559287,1217,1996,184400
86,93,53,559184,1267,2049,187900
87,97,67,559090,1294,2116,202600
88,74,72,559016,1296,2188,197800
89,85,43,558935,1334,2231,186100
90,90,61,558834,1374,2292,205100
91,79,56,558761,1391,2348,205400
92,84,80,558679,1393,2428,196600
93,86,77,558595,1400,2505,204200
94,90,89,558510,1396,2594,211800
95,71,69,558429,1408,2663,196400
96,100,72,558333,1432,2735,177700
97,83,80,558251,1434,2815,195400
98,106,71,558142,1472,2886,190600
99,88,81,558059,1474,2967,203600
100,83,69,557975,1489,3036,223400
101,93,76,557877,1511,3112,196300
102,95,91,557785,1512,3203,191100
103,107,95,557683,1519,3298,202100
104,89,85,557586,1531,3383,239100
105,82,78,557511,1528,3461,190500
106,95,71,557410,1558,3532,211200
107,90,69,557318,1581,3601,176100
108,96,86,557225,1588,3687,190100
109,115,78,557117,1618,3765,189500
110,109,81,557004,1650,3846,181100
111,83,106,556921,1627,3952,178300
112,109,83,556807,1658,4035,188300
113,99,78,556711,1676,4113,191300
114,90,97,556621,1669,4210,219900
115,88,86,556533,1671,4296,201400
116,102,83,556429,1692,4379,186500
117,108,93,556322,1706,4472,217800
118,108,84,556216,1728,4556,323900
119,124,103,556092,1749,4659,186100
120,115,92,555975,1774,4751,175600
121,120,88,555867,1794,4839,209000
122,101,109,555755,1797,4948,195900
123,121,104,555644,1804,5052,202000
124,100,82,555534,1832,5134,197300
125,100,92,555437,1837,5226,189300
126,118,89,555319,1866,5315,201800
127,133,106,555186,1893,5421,187900
128,115,104,555072,1903,5525,300900
129,140,101,554936,1938,5626,210700
130,117,97,554817,1960,5723,195800
131,132,117,554681,1979,5840,188300
132,150,81,554535,2044,5921,173100
133,154,120,554398,2061,6041,205800
134,138,103,554236,2120,6144,178500
135,142,135,554105,2116,6279,210600
136,147,93,553954,2174,6372,178400
137,131,103,553821,2204,6475,191100
138,139,118,553689,2218,6593,205900
139,131,135,553553,2219,6728,220000
140,148,109,553404,2259,6837,189600
141,131,100,553272,2291,6937,246700
142,132,126,553140,2297,7063,273000
143,140,119,552998,2320,7182,199100
144,126,129,552874,2315,7311,205400
145,134,138,552739,2312,7449,194400
146,174,115,552580,2356,7564,202900
147,161,129,552405,2402,7693,197300
148,145,117,552263,2427,7810,209100
149,156,129,552103,2458,7939,184600
150,159,120,551951,2490,8059,182800
151,155,146,551793,2502,8205,205100
152,167,120,551625,2550,8325,206400
153,139,151,551484,2540,8476,197200
154,155,115,551330,2579,8591,223400
155,158,129,551172,2608,8720,205700
156,165,149,551012,2619,8869,198500
157,200,121,550812,2698,8990,195900
158,178,149,550640,2721,9139,205600
159,175,131,550454,2776,9270,206600
160,158,145,550302,2783,9415,209000
161,169,136,550131,2818,9551,201400
162,164,144,549977,2828,9695,217300
163,156,159,549815,2831,9854,185400
164,161,142,549649,2855,9996,185500
165,195,155,549467,2882,10151,202600
166,168,154,549288,2907,10305,350600
167,204,149,549090,2956,10454,188400
168,186,156,548907,2983,10610,225200
169,195,179,548714,2997,10789,221500
170,192,165,548523,3023,10954,189600
171,196,155,548322,3069,11109,214000
172,182,155,548134,3102,11264,198200
173,191,140,547947,3149,11404,202300
174,200,148,547748,3200,11552,235600
175,205,182,547546,3220,11734,206000
176,203,182,547337,3247,11916,192100
177,195,168,547143,3273,12084,213100
178,207,148,546947,3321,12232,195600
179,220,180,546714,3374,12412,206600
180,219,167,546507,3414,12579,206100
181,200,171,546297,3453,12750,205500
182,229,189,546068,3493,12939,222700
183,209,188,545858,3515,13127,205000
184,216,160,545644,3569,13287,196800
185,222,170,545422,3621,13457,210500
186,193,185,545229,3629,13642,213100
187,199,201,545034,3623,13843,223400
188,179,191,544841,3625,14034,202400
189,221,200,544636,3630,14234,205900
190,194,177,544440,3649,14411,258500
191,187,183,544250,3656,14594,209900
192,223,195,544041,3670,14789,196100
193,216,182,543813,3716,14971,199700
194,247,193,543571,3765,15164,211500
195,216,191,543362,3783,15355,194000
196,220,201,543129,3815,15556,206600
197,230,190,542900,3854,15746,191600
198,224,178,542674,3902,15924,198400
199,222,224,542455,3897,16148,199900
200,242,193,542222,3937,16341,214700
201,242,188,541980,3991,16529,199200
202,247,196,541726,4049,16725,241300
203,252,179,541481,4115,16904,224500
204,246,199,541232,4165,17103,222700
205,251,200,540984,4213,17303,190800
206,241,217,540745,4235,17520,201200
207,266,227,540471,4282,17747,200700
208,247,211,540223,4319,17958,209700
209,238,198,539989,4355,18156,225600
210,238,238,539753,4353,18394,223100
211,243,227,539509,4370,18621,211400
212,230,245,539272,4362,18866,200200
213,266,200,539014,4420,19066,182200
214,226,218,538776,4440,19284,274600
215,241,202,538548,4466,19486,219500
216,247,241,538295,4478,19727,218100
217,272,248,538038,4487,19975,201200
218,245,210,537781,4534,20185,196900
219,265,254,537509,4552,20439,199900
220,236,250,537275,4536,20689,207900
221,266,229,537013,4569,20918,207700
222,256,211,536762,4609,21129,218000
223,251,236,536517,4618,21365,262500
224,289,246,536217,4672,21611,228200
225,260,219,535962,4708,21830,185000
226,277,243,535673,4754,22073,209700
227,271,245,535406,4776,22318,206400
228,292,246,535125,4811,22564,200800
229,282,254,534852,4830,22818,215300
230,299,269,534540,4873,23087,200900
231,272,266,534258,4889,23353,217400
232,309,257,533958,4932,23610,217900
233,292,242,533670,4978,23852,204200
234,273,271,533388,4989,24123,187700
235,253,250,533142,4985,24373,225300
236,303,254,532846,5027,24627,210800
237,277,255,532560,5058,24882,193300
238,291,269,532281,5068,25151,221600
239,262,264,532001,5084,25415,254000
240,259,257,531740,5088,25672,220400
241,273,260,531485,5083,25932,196200
242,286,259,531193,5116,26191,205300
243,273,282,530921,5106,26473,206200
244,295,286,530635,5106,26759,215200
245,276,248,530340,5153,27007,219800
246,267,242,530093,5158,27249,198400
247,275,272,529799,5180,27521,199500
248,275,277,529529,5173,27798,210800
249,291,283,529246,5173,28081,211100
250,260,268,528980,5171,28349,208400
251,292,242,528688,5221,28591,203900
252,258,265,528419,5225,28856,196100
253,305,300,528124,5220,29156,186100
254,283,264,527841,5239,29420,203200
255,292,288,527547,5245,29708,199100
256,279,260,527269,5263,29968,315500
257,305,257,526978,5297,30225,214100
258,304,263,526657,5355,30488,194800
259,304,288,526363,5361,30776,216400
260,327,274,526042,5408,31050,191300
261,283,264,525753,5433,31314,202900
262,270,287,525471,5428,31601,209000
263,282,302,525188,5409,31903,251700
264,297,305,524903,5389,32208,207600
265,325,331,524584,5377,32539,191100
266,300,273,524282,5406,32812,208800
267,286,258,523987,5443,33070,230100
268,285,277,523705,5448,33347,213600
269,305,335,523405,5413,33682,205600
270,292,294,523104,5420,33976,182500
271,306,269,522803,5452,34245,222600
272,300,288,522498,5469,34533,211900
273,340,284,522169,5514,34817,220600
274,326,272,521843,5568,35089,212900
275,330,269,521515,5627,35358,225000
276,268,289,521234,5619,35647,224000
277,315,282,520926,5645,35929,311700
278,314,270,520616,5685,36199,579200
279,338,317,520279,5705,36516,611900
280,302,287,519988,5709,36803,756400
281,338,311,519632,5754,37114,674200
282,366,285,519296,5805,37399,634700
283,293,316,518979,5806,37715,541300
284,339,283,518647,5855,37998,578000
285,360,321,518291,5890,38319,489100
286,369,300,517919,5962,38619,257700
287,380,333,517553,5995,38952,221100
288,329,311,517207,6030,39263,225100
289,392,316,516813,6108,39579,182100
290,390,330,516426,6165,39909,209200
291,359,319,516066,6206,40228,218500
292,380,311,515679,6282,40539,249700
293,353,329,515342,6290,40868,256700
294,368,314,514985,6333,41182,244500
295,392,294,514575,6449,41476,241300
296,349,309,514224,6491,41785,281800
297,392,319,513837,6559,42104,261700
298,388,311,513437,6648,42415,226900
299,384,373,513061,6651,42788,229500
300,363,300,512710,6702,43088,224200
301,389,331,512317,6764,43419,225000
302,365,340,511943,6798,43759,208900
303,379,331,511557,6853,44090,214600
304,326,346,511232,6832,44436,216400
305,418,357,510828,6879,44793,207100
306,379,367,510451,6889,45160,224100
307,436,378,510025,6937,45538,211700
308,420,338,509595,7029,45876,202200
309,401,379,509184,7061,46255,216100
310,424,365,508776,7104,46620,225100
311,380,346,508382,7152,46966,213200
312,418,352,507974,7208,47318,204600
313,372,382,507588,7212,47700,254900
314,380,370,507216,7214,48070,226200
315,352,390,506867,7173,48460,210700
316,391,370,506474,7196,48830,213600
317,373,378,506087,7205,49208,210000
318,382,368,505706,7218,49576,216300
319,396,372,505321,7231,49948,227600
320,350,377,504972,7203,50325,203000
321,387,381,504590,7204,50706,218100
322,341,360,504246,7188,51066,224500
323,361,372,503874,7188,51438,238200
324,388,355,503499,7208,51793,242600
325,366,382,503121,7204,52175,214100
326,378,394,502750,7181,52569,229500
327,404,380,502363,7188,52949,223100
328,426,354,501931,7266,53303,209500
329,384,390,501534,7273,53693,215800
330,357,351,501171,7285,54044,221100
331,414,369,500767,7320,54413,216300
332,363,391,500406,7290,54804,201000
333,388,384,500009,7303,55188,213000
334,431,381,499575,7356,55569,219700
335,486,367,499107,7457,55936,220300
336,418,404,498696,7464,56340,222400
337,409,399,498256,7505,56739,228200
338,405,413,497871,7477,57152,216200
339,391,366,497474,7508,57518,217000
340,375,367,497099,7516,57885,251400
341,376,401,496732,7482,58286,273100
342,375,376,496341,7497,58662,213000
343,410,390,495939,7509,59052,219100
344,396,368,495547,7533,59420,220300
345,401,385,495130,7565,59805,239300
346,405,417,494729,7549,60222,224800
347,404,390,494324,7564,60612,216400
348,408,381,493924,7583,60993,256100
349,433,418,493484,7605,61411,220500
350,429,395,493068,7626,61806,212900
351,408,400,492659,7635,62206,250100
352,377,400,492256,7638,62606,244300
353,404,378,491875,7641,62984,215400
354,391,390,491475,7651,63374,204100
355,356,405,491119,7602,63779,230000
356,475,412,490660,7649,64191,209700
357,435,394,490238,7677,64585,326500
358,476,426,489760,7729,65011,305400
359,432,399,489320,7770,65410,268900
360,441,405,488873,7812,65815,271700
361,459,395,488425,7865,66210,244500
362,460,394,487969,7927,66604,231300
363,439,438,487521,7937,67042,247400
364,427,391,487083,7984,67433,268200
365,417,415,486676,7976,67848,251400
366,468,386,486217,8049,68234,242500
367,377,420,485807,8039,68654,240100
368,411,422,485411,8013,69076,254600
369,459,422,484966,8036,69498,313700
370,400,431,484550,8021,69929,304300
371,438,451,484130,7990,70380,324100
372,460,426,483662,8032,70806,346300
373,444,405,483209,8080,71211,335200
374,459,425,482749,8115,71636,313300
375,431,394,482320,8150,72030,243900
376,426,439,481905,8126,72469,243800
377,490,407,481430,8194,72876,256600
378,459,433,480958,8233,73309,268000
379,431,412,480505,8274,73721,308700
380,486,391,480042,8346,74112,290400
381,432,398,479599,8391,74510,258800
382,454,448,479139,8403,74958,324000
383,482,425,478687,8430,75383,326400
384,462,451,478220,8446,75834,276300
385,458,415,477749,8502,76249,282600
386,473,439,477286,8526,76688,293000
387,437,462,476834,8516,77150,273500
388,467,428,476379,8543,77578,281800
389,463,442,475915,8565,78020,256600
390,436,446,475469,8565,78466,266200
391,442,410,475033,8591,78876,252800
392,481,403,474550,8671,79279,249900
393,539,437,474031,8753,79716,233800
394,488,460,473529,8795,80176,253300
395,490,418,473036,8870,80594,239600
396,465,465,472594,8847,81059,249300
397,473,431,472088,8922,81490,257200
398,476,447,471617,8946,81937,247200
399,500,467,471128,8968,82404,241900
400,456,486,470664,8946,82890,278800
401,467,480,470193,8937,83370,255700
402,503,415,469709,9006,83785,260100
403,477,496,469222,8997,84281,253500
404,481,472,468741,9006,84753,268500
405,488,479,468256,9012,85232,253800
406,475,467,467772,9029,85699,255100
407,510,516,467264,9021,86215,238500
408,499,467,466771,9047,86682,261100
409,501,419,466274,9125,87101,265700
410,524,468,465756,9175,87569,299200
411,478,485,465265,9181,88054,312400
412,500,473,464763,9210,88527,347800
413,475,494,464299,9180,89021,287000
414,467,452,463810,9217,89473,291200
415,476,506,463354,9167,89979,301100
416,503,518,462860,9143,90497,295300
417,491,432,462354,9217,90929,376300
418,502,493,461835,9243,91422,291400
419,509,427,461353,9298,91849,252700
420,533,501,460813,9337,92350,290700
421,511,526,460306,9318,92876,362500
422,540,474,459756,9394,93350,296800
423,526,478,459239,9433,93828,307300
424,488,473,458744,9455,94301,470600
425,485,462,458259,9478,94763,291200
426,529,481,457748,9508,95244,296100
427,489,491,457239,9526,95735,297000
428,498,486,456749,9530,96221,325400
429,503,490,456238,9551,96711,296900
430,477,500,455759,9530,97211,291600
431,465,497,455303,9489,97708,243800
432,495,507,454815,9470,98215,268500
433,536,459,454263,9563,98674,276600
434,506,536,453776,9514,99210,259200
435,541,475,453229,9586,99685,265900
436,517,503,452710,9602,100188,293500
437,552,486,452168,9658,100674,308000
438,484,542,451665,9619,101216,308800
439,542,491,451132,9661,101707,361100
440,551,522,450576,9695,102229,353500
441,520,532,450057,9682,102761,350400
442,525,515,449532,9692,103276,302000
443,505,442,449037,9745,103718,288800
444,567,495,448470,9817,104213,297900
445,546,498,447906,9883,104711,282100
446,568,488,447357,9944,105199,292100
447,592,553,446778,9970,105752,284800
448,577,485,446177,10086,106237,285100
449,521,518,445664,10081,106755,267800
450,550,516,445116,10113,107271,249000
451,529,538,444574,10117,107809,257300
452,562,527,444025,10139,108336,265000
453,555,550,443466,10148,108886,267900
454,528,502,442932,10180,109388,270600
455,540,544,442396,10172,109932,280900
456,540,506,441868,10194,110438,328100
457,580,538,441305,10219,110976,258000
458,526,544,440738,10242,111520,260500
459,524,559,440234,10187,112079,261500
460,558,574,439677,10170,112653,284600
461,550,536,439117,10194,113189,334600
462,606,524,438509,10278,113713,342400
463,559,556,437958,10273,114269,318500
464,581,508,437385,10338,114777,324500
465,518,541,436847,10335,115318,328100
466,535,509,436318,10355,115827,271500
467,546,503,435784,10386,116330,265200
468,565,511,435223,10436,116841,279200
469,582,562,434622,10475,117403,470300
470,577,543,434053,10501,117946,274900
471,574,544,433476,10534,118490,286400
472,555,511,432921,10578,119001,298500
473,568,507,432357,10635,119508,243600
474,543,575,431810,10607,120083,328600
475,559,577,431226,10614,120660,365000
476,561,512,430684,10644,121172,335600
477,553,560,430132,10636,121732,332200
478,540,559,429602,10607,122291,285500
479,552,564,429037,10608,122855,283800
480,571,543,428464,10638,123398,262300
481,585,555,427893,10654,123953,314300
482,590,533,427295,10719,124486,267900
483,550,552,426751,10711,125038,263200
484,568,595,426189,10678,125633,259600
485,639,554,425556,10757,126187,286900
486,613,577,424940,10796,126764,254700
487,546,521,424383,10832,127285,268900
488,545,553,423838,10824,127838,265400
489,545,570,423288,10804,128408,275400
490,517,586,422805,10701,128994,238700
491,527,557,422248,10701,129551,246100
492,557,557,421695,10697,130108,438800
493,525,552,421162,10678,130660,327700
494,581,570,420591,10679,131230,373900
495,541,587,420044,10639,131817,346900
496,585,520,419476,10687,132337,399800
497,554,560,418904,10699,132897,253600
498,574,544,418311,10748,133441,284300
499,536,555,417803,10701,133996,272800
500,517,549,417281,10674,134545,285600
501,589,575,416702,10678,135120,239600
502,561,547,416130,10703,135667,257500
503,593,572,415545,10716,136239,267200
504,610,503,414922,10836,136742,258800
505,601,580,414321,10857,137322,247500
506,564,542,413771,10865,137864,230400
507,602,599,413158,10879,138463,264800
508,535,573,412614,10850,139036,242200
509,585,564,412041,10859,139600,239100
510,559,545,411491,10864,140145,253000
511,595,523,410900,10932,140668,377300
512,550,542,410336,10954,141210,331100
513,608,605,409717,10968,141815,373000
514,586,569,409140,10976,142384,274400
515,640,561,408503,11052,142945,271900
516,635,556,407881,11118,143501,276100
517,598,595,407279,11125,144096,293300
518,604,566,406680,11158,144662,302400
519,586,598,406093,11147,145260,251600
520,593,564,405491,11185,145824,237100
521,576,575,404918,11183,146399,251200
522,595,585,404322,11194,146984,273800
523,566,571,403742,11203,147555,256600
524,524,584,403224,11137,148139,258800
525,589,529,402647,11185,148668,252400
526,619,571,402015,11246,149239,245700
527,620,574,401388,11299,149813,240500
528,562,574,400819,11294,150387,256200
529,585,569,400254,11290,150956,256600
530,551,597,399699,11248,151553,483600
531,568,551,399141,11255,152104,280200
532,626,591,398513,11292,152695,233400
533,594,585,397922,11298,153280,250200
534,551,564,397351,11305,153844,256400
535,568,623,396799,11234,154467,422400
536,591,529,396197,11307,154996,263300
537,619,597,395596,11311,155593,250500
538,597,586,394998,11323,156179,270200
539,577,585,394413,11323,156764,236100
540,577,566,393834,11336,157330,250600
541,534,572,393309,11289,157902,285600
542,544,565,392762,11271,158467,290000
543,577,579,392179,11275,159046,304000
544,575,581,391606,11267,159627,292500
545,581,555,391033,11285,160182,301000
546,590,611,390436,11271,160793,327100
547,570,586,389867,11254,161379,309900
548,531,625,389315,11181,162004,244600
549,590,581,388751,11164,162585,360900
550,617,527,388125,11263,163112,290100
551,548,598,387573,11217,163710,306300
552,576,623,387000,11167,164333,305500
553,523,564,386465,11138,164897,260700
554,490,562,385968,11073,165459,248500
555,517,610,385454,10977,166069,246200
556,551,575,384915,10941,166644,219200
557,543,549,384374,10933,167193,233400
558,514,572,383853,10882,167765,236300
559,499,565,383353,10817,168330,225800
560,558,552,382797,10821,168882,243000
561,502,584,382293,10741,169466,249700
562,527,541,381777,10716,170007,230000
563,527,557,381240,10696,170564,245600
564,563,551,380683,10702,171115,261600
565,557,567,380130,10688,171682,229100
566,541,574,379583,10661,172256,282200
567,465,561,379111,10572,172817,266700
568,484,510,378614,10559,173327,261900
569,485,539,378148,10486,173866,257800
570,512,553,377633,10448,174419,319900
571,504,534,377133,10414,174953,294500
572,498,528,376613,10406,175481,319100
573,525,540,376102,10377,176021,278600
574,537,571,375560,10348,176592,281700
575,491,472,375082,10354,177064,292200
576,557,569,374535,10332,177633,240500
577,520,519,374005,10343,178152,264200
578,508,527,373487,10334,178679,260400
579,531,523,372975,10323,179202,240200
580,594,540,372381,10377,179742,431100
581,533,529,371857,10372,180271,228100
582,498,534,371327,10368,180805,244500
583,515,455,370822,10418,181260,251000
584,593,554,370232,10454,181814,238600
585,513,565,369737,10384,182379,239800
586,510,539,369208,10374,182918,251100
587,541,547,368685,10350,183465,240100
588,584,523,368087,10425,183988,235800
589,544,571,367535,10406,184559,240900
590,553,580,366980,10381,185139,240100
591,548,532,366425,10404,185671,310900
592,504,572,365942,10315,186243,440800
593,546,532,365403,10322,186775,326700
594,531,516,364855,10354,187291,342400
595,529,538,364329,10342,187829,288600
596,584,528,363765,10378,188357,244200
597,565,512,363191,10440,188869,325400
598,540,519,362641,10471,189388,301600
599,569,511,362079,10522,189899,241500
600,547,495,361530,10576,190394,230500
601,509,518,360999,10589,190912,243000
602,507,533,360517,10538,191445,227700
603,524,586,359973,10496,192031,240900
604,512,580,359469,10420,192611,218500
605,523,580,358948,10361,193191,256900
606,540,503,358414,10392,193694,251000
607,484,558,357916,10332,194252,265400
608,481,528,357429,10291,194780,268500
609,545,546,356907,10267,195326,478300
610,523,483,356369,10322,195809,378600
611,531,536,355858,10297,196345,364900
612,532,541,355312,10302,196886,305800
613,559,544,354774,10296,197430,296700
614,521,549,354240,10281,197979,281500
615,536,540,353715,10266,198519,308900
616,545,533,353140,10308,199052,256600
617,534,532,352599,10317,199584,292200
618,539,491,352091,10334,200075,243000
619,531,560,351544,10321,200635,255500
620,522,526,351017,10322,201161,253900
621,502,564,350541,10234,201725,269900
622,514,531,350006,10238,202256,271900
623,533,548,349473,10223,202804,264100
624,484,551,348978,10167,203355,255500
625,557,501,348448,10196,203856,240300
626,557,532,347888,10224,204388,231600
627,524,515,347366,10231,204903,319100
628,514,525,346850,10222,205428,376300
629,523,536,346326,10210,205964,490800
630,513,534,345818,10184,206498,356400
631,550,544,345258,10200,207042,344800
632,527,526,344745,10187,207568,362300
633,515,496,344212,10224,208064,268900
634,521,526,343681,10229,208590,270000
635,476,503,343200,10207,209093,255600
636,560,532,342650,10225,209625,230600
637,526,508,342128,10239,210133,257200
638,562,552,341572,10243,210685,248600
639,548,535,341023,10257,211220,242100
640,541,543,340488,10249,211763,246500
641,580,546,339922,10269,212309,240400
642,519,567,339365,10259,212876,239200
643,554,509,338833,10282,213385,273000
644,576,550,338250,10315,213935,248500
645,519,525,337732,10308,214460,255500
646,570,560,337169,10311,215020,237800
647,560,549,336607,10324,215569,395300
648,545,511,336055,10365,216080,293000
649,528,545,335531,10344,216625,323000
650,567,534,334974,10367,217159,265400
651,561,560,334411,10370,217719,284300
652,554,517,333840,10424,218236,252900
653,539,563,333314,10387,218799,259500
654,527,520,332777,10404,219319,265200
655,504,565,332263,10353,219884,258500
656,524,523,331765,10328,220407,228100
657,524,500,331226,10367,220907,220400
658,537,582,330710,10301,221489,215200
659,540,504,330143,10364,221993,240400
660,520,571,329629,10307,222564,234600
661,536,511,329100,10325,223075,243500
662,574,536,328535,10354,223611,249200
663,553,516,327989,10384,224127,220100
664,597,555,327389,10429,224682,236000
665,612,535,326776,10507,225217,225600
666,546,533,326227,10523,225750,221800
667,540,578,325683,10489,226328,208300
668,556,511,325125,10536,226839,231600
669,618,573,324530,10558,227412,262400
670,555,524,323960,10604,227936,280900
671,533,524,323414,10626,228460,291100
672,525,566,322890,10584,229026,276200
673,522,538,322354,10582,229564,283200
674,553,564,321819,10553,230128,278300
675,506,534,321306,10532,230662,239300
676,540,579,320749,10510,231241,247400
677,544,503,320210,10546,231744,213300
678,561,546,319673,10537,232290,230300
679,499,516,319163,10531,232806,255900
680,519,555,318646,10493,233361,286300
681,551,534,318105,10500,233895,271200
682,501,521,317582,10502,234416,265000
683,530,511,317061,10512,234927,256700
684,537,568,316533,10472,235495,245600
685,519,513,316010,10482,236008,288700
686,554,522,315454,10516,236530,270900
687,523,557,314935,10478,237087,229400
688,545,560,314400,10453,237647,225400
689,500,532,313880,10441,238179,454500
690,567,535,313326,10460,238714,319900
691,557,540,312768,10478,239254,322100
692,558,527,312228,10491,239781,302200
693,532,528,311670,10521,240309,374600
694,528,544,311147,10500,240853,330700
695,563,537,310581,10529,241390,263200
696,532,541,310057,10512,241931,255600
697,534,539,309531,10499,242470,253500
698,561,552,308958,10520,243022,241000
699,529,544,308431,10503,243566,237900
700,583,521,307820,10593,244087,247200
701,566,557,307266,10590,244644,243600
702,546,535,306733,10588,245179,252800
703,554,581,306177,10563,245760,257500
704,559,552,305632,10556,246312,238200
705,563,527,305052,10609,246839,233200
706,497,568,304541,10552,247407,238000
707,530,556,304025,10512,247963,238900
708,576,541,303456,10540,248504,244900
709,564,552,302888,10556,249056,345300
710,565,551,302318,10575,249607,276300
711,548,549,301771,10573,250156,315100
712,549,539,301227,10578,250695,289900
713,556,537,300681,10587,251232,284200
714,527,555,300167,10546,251787,226200
715,541,543,299601,10569,252330,257100
716,519,507,299075,10588,252837,250000
717,550,547,298513,10603,253384,253500
718,521,554,298007,10555,253938,230900
719,545,583,297475,10504,254521,246800
720,551,575,296909,10495,255096,248200
721,573,550,296355,10499,255646,232300
722,544,563,295792,10499,256209,240100
723,562,531,295231,10529,256740,246300
724,568,542,294669,10549,257282,436700
725,537,521,294122,10575,257803,265700
726,505,569,293608,10520,258372,276200
727,530,556,293100,10472,258928,263800
728,532,541,292579,10452,259469,233200
729,559,545,292010,10476,260014,326400
730,583,524,291440,10522,260538,269300
731,505,545,290923,10494,261083,257400
732,537,554,290379,10484,261637,225300
733,547,499,289826,10538,262136,320500
734,513,525,289298,10541,262661,303000
735,537,527,288796,10516,263188,286500
736,516,545,288258,10509,263733,269800
737,545,541,287709,10517,264274,284500
738,535,552,287169,10505,264826,407900
739,515,519,286678,10477,265345,255300
740,573,557,286110,10488,265902,231700
741,567,535,285544,10519,266437,235700
742,545,559,284977,10527,266996,233200
743,561,553,284430,10521,267549,250400
744,560,526,283871,10554,268075,269800
745,542,517,283339,10569,268592,248000
746,561,580,282787,10541,269172,230200
747,528,518,282237,10573,269690,213800
748,582,575,281654,10581,270265,246500
749,579,574,281088,10573,270839,319200
750,566,581,280514,10566,271420,298100
751,561,519,279943,10618,271939,288700
752,541,574,279418,10569,272513,305900
753,511,524,278905,10558,273037,235900
754,597,542,278314,10607,273579,297600
755,562,555,277754,10612,274134,257000
756,539,561,277193,10612,274695,253800
757,532,579,276670,10556,275274,226500
758,562,510,276092,10624,275784,224100
759,570,534,275526,10656,276318,241600
760,558,554,274983,10645,276872,274300
761,602,583,274395,10650,277455,244600
762,578,598,273788,10659,278053,228300
763,585,544,273220,10683,278597,243900
764,535,548,272679,10676,279145,254600
765,546,533,272124,10698,279678,244500
766,569,551,271551,10720,280229,221900
767,579,556,270982,10733,280785,240300
768,594,531,270394,10790,281316,221200
769,542,526,269835,10823,281842,236800
770,536,564,269325,10769,282406,238700
771,549,601,268758,10735,283007,260600
772,535,524,268240,10729,283531,233000
773,587,542,267656,10771,284073,256100
774,544,594,267102,10731,284667,402000
775,558,522,266541,10770,285189,269600
776,557,580,265975,10756,285769,268900
777,523,523,265452,10756,286292,265800
778,533,531,264924,10753,286823,230300
779,605,553,264330,10794,287376,243700
780,556,577,263752,10795,287953,249800
781,596,519,263182,10846,288472,235300
782,563,569,262587,10872,289041,245700
783,547,537,262056,10866,289578,235400
784,526,554,261539,10829,290132,262500
785,573,551,260945,10872,290683,232100
786,545,560,260418,10839,291243,258000
787,513,544,259886,10827,291787,235400
788,570,558,259328,10827,292345,269500
789,518,576,258822,10757,292921,280900
790,519,573,258283,10723,293494,236900
791,545,530,257761,10715,294024,279800
792,522,566,257223,10687,294590,270700
793,589,569,256637,10704,295159,270400
794,592,534,256057,10750,295693,241500
795,549,523,255495,10789,296216,342500
796,541,586,254957,10741,296802,277700
797,540,534,254417,10747,297336,260500
798,581,572,253832,10760,297908,257600
799,510,536,253327,10729,298444,282600
800,590,535,252730,10791,298979,275200
801,536,563,252205,10753,299542,258500
802,536,531,251671,10756,300073,298300
803,527,575,251125,10727,300648,287500
804,552,562,250568,10722,301210,268500
805,552,568,250040,10682,301778,253100
806,499,536,249541,10645,302314,245100
807,478,576,249053,10557,302890,237300
808,585,522,248475,10613,303412,236900
809,569,577,247908,10603,303989,295000
810,563,545,247335,10631,304534,258800
811,534,533,246808,10625,305067,232600
812,568,527,246252,10654,305594,359600
813,552,573,245690,10643,306167,279200
814,523,512,245155,10666,306679,293100
815,554,565,244610,10646,307244,272000
816,537,542,244058,10656,307786,252300
817,532,507,243539,10668,308293,262900
818,530,549,243010,10648,308842,240800
819,555,576,242455,10627,309418,246200
820,510,559,241943,10580,309977,233600
821,549,528,241382,10613,310505,237400
822,606,554,240808,10633,311059,209700
823,530,537,240245,10659,311596,248400
824,546,529,239706,10669,312125,256200
825,520,572,239221,10582,312697,233800
826,554,529,238640,10634,313226,235300
827,525,551,238105,10618,313777,247600
828,552,591,237555,10577,314368,232200
829,536,525,237021,10586,314893,241700
830,477,545,236542,10520,315438,232300
831,487,546,236045,10471,315984,253600
832,481,536,235577,10403,316520,244800
833,493,548,235090,10342,317068,267100
834,503,567,234578,10287,317635,313400
835,467,526,234109,10230,318161,273800
836,481,559,233624,10156,318720,275400
837,521,524,233112,10144,319244,271800
838,509,491,232611,10154,319735,237900
839,503,559,232099,10107,320294,220500
840,524,511,231581,10114,320805,222500
841,495,535,231067,10093,321340,224700
842,455,491,230637,10032,321831,240400
843,518,571,230097,10001,322402,243200
844,523,522,229590,9986,322924,239100
845,523,514,229056,10006,323438,252100
846,533,490,228521,10051,323928,261600
847,571,513,227961,10098,324441,240900
848,499,525,227466,10068,324966,247600
849,518,532,226936,10066,325498,248400
850,479,529,226451,10022,326027,243600
851,538,507,225920,10046,326534,249900
852,484,526,225417,10023,327060,314000
853,512,561,224925,9954,327621,223800
854,505,508,224417,9954,328129,281600
855,541,516,223888,9967,328645,387800
856,513,507,223375,9973,329152,333000
857,495,496,222853,9999,329648,271000
858,471,533,222388,9931,330181,285100
859,502,499,221891,9929,330680,278400
860,511,528,221402,9890,331208,275100
861,490,465,220884,9943,331673,275800
862,490,503,220401,9923,332176,250400
863,494,501,219901,9922,332677,271000
864,520,502,219405,9916,333179,238900
865,503,494,218891,9936,333673,249700
866,500,528,218395,9904,334201,245400
867,496,583,217890,9826,334784,258000
868,511,533,217384,9799,335317,246600
869,491,517,216898,9768,335834,225800
870,511,495,216370,9801,336329,254400
871,506,563,215877,9731,336892,252100
872,532,486,215356,9766,337378,252700
873,483,532,214861,9729,337910,256600
874,519,506,214345,9739,338416,229400
875,510,506,213828,9750,338922,243600
876,501,479,213317,9782,339401,329200
877,497,535,212840,9724,339936,312300
878,491,528,212341,9695,340464,315700
879,510,512,211843,9681,340976,253200
880,481,522,211356,9646,341498,719200
881,489,488,210856,9658,341986,270100
882,496,542,210366,9606,342528,260600
883,497,505,209873,9594,343033,243100
884,508,496,209345,9626,343529,252400
885,493,499,208849,9623,344028,229700
886,436,523,208427,9522,344551,250400
887,500,465,207921,9563,345016,266800
888,474,495,207437,9552,345511,279200
889,472,494,206977,9518,346005,253000
890,479,493,206504,9498,346498,247200
891,517,500,205980,9522,346998,269200
892,491,495,205514,9493,347493,208600
893,486,515,205005,9487,348008,241400
894,465,486,204531,9475,348494,238000
895,486,475,204066,9465,348969,283500
896,486,517,203569,9445,349486,259800
897,465,490,203094,9430,349976,247300
898,477,459,202623,9442,350435,236200
899,466,497,202163,9405,350932,275900
900,524,483,201646,9439,351415,234500
901,471,483,201181,9421,351898,243700
902,470,476,200686,9440,352374,228400
903,506,491,200205,9430,352865,223400
904,465,526,199723,9386,353391,218200
905,485,492,199242,9375,353883,249600
906,513,465,198736,9416,354348,234600
907,536,476,198210,9466,354824,228300
908,507,508,197680,9488,355332,244500
909,527,462,197179,9527,355794,288900
910,509,521,196655,9530,356315,248500
911,529,481,196126,9578,356796,269100
912,521,531,195604,9569,357327,267700
913,535,483,195074,9616,357810,248500
914,497,529,194558,9603,358339,229500
915,515,483,194059,9619,358822,255400
916,524,498,193537,9643,359320,231600
917,541,485,193002,9693,359805,268000
918,528,492,192468,9735,360297,243000
919,499,522,191959,9722,360819,252300
920,505,516,191465,9700,361335,270200
921,538,460,190933,9772,361795,229200
922,503,507,190410,9788,362302,257200
923,497,535,189928,9735,362837,256800
924,472,490,189452,9721,363327,271800
925,475,507,188970,9696,363834,267300
926,489,511,188480,9675,364345,249300
927,501,465,187978,9712,364810,243800
928,473,479,187501,9710,365289,252300
929,505,505,186994,9712,365794,261500
930,515,492,186499,9715,366286,232100
931,490,475,186004,9735,366761,260800
932,505,507,185486,9746,367268,240500
933,530,523,184981,9728,367791,247000
934,530,491,184447,9771,368282,239300
935,509,489,183920,9809,368771,251400
936,550,554,183386,9789,369325,283800
937,549,471,182849,9855,369796,260900
938,514,515,182325,9864,370311,455700
939,511,512,181814,9863,370823,284800
940,470,542,181328,9807,371365,271100
941,525,540,180812,9783,371905,246900
942,491,510,180313,9772,372415,255800
943,482,514,179842,9729,372929,244600
944,479,540,179346,9685,373469,250700
945,469,504,178877,9650,373973,253800
946,536,484,178353,9690,374457,254000
947,492,517,177870,9656,374974,234000
948,492,505,177374,9647,375479,212800
949,503,478,176876,9667,375957,246500
950,520,464,176346,9733,376421,239400
951,486,505,175858,9716,376926,253800
952,499,460,175359,9755,377386,268700
953,517,519,174850,9745,377905,252700
954,513,481,174344,9770,378386,270800
955,509,516,173825,9773,378902,215500
956,523,487,173299,9812,379389,233600
957,532,572,172791,9748,379961,231900
958,517,476,172247,9816,380437,231000
959,497,524,171736,9803,380961,221100
960,495,454,171265,9820,381415,287500
961,488,496,170753,9836,381911,240900
962,505,556,170259,9774,382467,241500
963,517,523,169758,9752,382990,232700
964,517,513,169258,9739,383503,264600
965,512,533,168727,9737,384036,264200
966,473,479,168219,9766,384515,245100
967,481,532,167770,9683,385047,280300
968,503,456,167275,9722,385503,295700
969,488,485,166768,9744,385988,282700
970,547,468,166236,9808,386456,284000
971,523,500,165705,9839,386956,301400
972,545,483,165170,9891,387439,248500
973,535,547,164632,9882,387986,236700
974,509,496,164120,9898,388482,218700
975,553,477,163559,9982,388959,220300
976,523,534,163042,9965,389493,236100
977,523,545,162525,9937,390038,205300
978,470,503,162038,9921,390541,241400
979,499,496,161563,9900,391037,222300
980,489,525,161056,9882,391562,233600
981,505,548,160553,9837,392110,227300
982,514,528,160024,9838,392638,284500
983,509,468,159547,9847,393106,259200
984,499,525,159035,9834,393631,267700
985,511,500,158515,9854,394131,267200
986,512,549,158011,9809,394680,255700
987,499,484,157507,9829,395164,277500
988,476,523,157017,9796,395687,218400
989,469,521,156575,9717,396208,219200
990,475,535,156079,9678,396743,222700
991,453,503,155622,9632,397246,235500
992,480,487,155157,9610,397733,235300
993,486,527,154667,9573,398260,226100
994,505,480,154159,9601,398740,241000
995,436,473,153721,9566,399213,223300
996,497,501,153220,9566,399714,222700
997,484,517,152735,9534,400231,248000
998,461,493,152266,9510,400724,234100
999,511,497,151786,9493,401221,237300
1000,538,450,151225,9604,401671,249800
1001,503,476,150731,9622,402147,234600
1002,491,501,150239,9613,402648,238300
1003,522,504,149726,9622,403152,266700
1004,499,511,149219,9618,403663,294400
1005,492,492,148723,9622,404155,230700
1006,461,491,148269,9585,404646,284900
1007,433,498,147815,9541,405144,241300
1008,466,456,147366,9534,405600,231400
1009,489,479,146881,9540,406079,229600
1010,477,527,146411,9483,406606,212400
1011,432,495,145971,9428,407101,228100
1012,476,474,145471,9454,407575,264400
1013,422,478,145050,9397,408053,241900
1014,477,469,144589,9389,408522,238900
1015,463,493,144112,9373,409015,238900
1016,445,468,143666,9351,409483,246200
1017,455,462,143238,9317,409945,232300
1018,426,461,142784,9310,410406,231900
1019,458,484,142347,9263,410890,217200
1020,452,475,141874,9261,411365,242300
1021,461,459,141409,9267,411824,246200
1022,443,477,140966,9233,412301,247900
1023,466,451,140509,9239,412752,250900
1024,438,480,140069,9199,413232,246200
1025,445,479,139637,9152,413711,211500
1026,441,479,139180,9130,414190,331200
1027,469,489,138734,9087,414679,235700
1028,460,447,138263,9111,415126,247600
1029,435,444,137832,9098,415570,348100
1030,432,486,137384,9060,416056,224000
1031,426,474,136971,8999,416530,249500
1032,448,457,136506,9007,416987,280200
1033,433,493,136102,8918,417480,260100
1034,402,423,135687,8910,417903,238200
1035,466,451,135221,8925,418354,248500
1036,500,466,134743,8937,418820,246900
1037,475,435,134251,8994,419255,213600
1038,403,434,133822,8989,419689,212200
1039,403,444,133439,8928,420133,224700
1040,456,467,132992,8908,420600,222000
1041,394,472,132568,8860,421072,228800
1042,442,445,132152,8831,421517,255800
1043,380,449,131765,8769,421966,219300
1044,404,445,131357,8732,422411,233300
1045,441,441,130926,8722,422852,236600
1046,447,467,130465,8716,423319,234200
1047,406,468,130079,8634,423787,230700
1048,422,436,129655,8622,424223,363300
1049,405,454,129244,8579,424677,242400
1050,416,423,128829,8571,425100,215900
1051,382,429,128434,8537,425529,260300
1052,410,471,128025,8475,426000,251100
1053,385,428,127649,8423,426428,246500
1054,396,398,127246,8428,426826,326700
1055,416,439,126823,8412,427265,853000
1056,458,409,126385,8441,427674,837800
1057,409,424,125972,8430,428098,715000
1058,443,460,125529,8413,428558,634100
1059,399,448,125134,8360,429006,1242900
1060,380,445,124741,8308,429451,1018600
1061,412,457,124329,8263,429908,318200
1062,378,426,123947,8219,430334,250900
1063,400,407,123546,8213,430741,267100
1064,435,399,123128,8232,431140,217700
1065,383,444,122740,8176,431584,222200
1066,424,399,122308,8209,431983,229600
1067,410,427,121903,8187,432410,226300
1068,420,465,121486,8139,432875,241500
1069,415,431,121060,8134,433306,265400
1070,380,431,120681,8082,433737,231700
1071,415,407,120259,8097,434144,263600
1072,402,437,119865,8054,434581,236200
1073,412,416,119459,8044,434997,232600
1074,399,421,119062,8020,435418,217500
1075,355,433,118703,7946,435851,226700
1076,408,388,118291,7970,436239,215900
1077,403,411,117897,7953,436650,251800
1078,367,404,117517,7929,437054,251000
1079,395,394,117122,7930,437448,238800
1080,378,369,116762,7921,437817,320800
1081,379,388,116370,7925,438205,372900
1082,390,378,115980,7937,438583,252900
1083,391,397,115584,7936,438980,238700
1084,413,415,115182,7923,439395,224900
1085,382,391,114789,7925,439786,221000
1086,381,405,114401,7908,440191,206300
1087,362,387,114042,7880,440578,216200
1088,406,420,113648,7854,440998,236800
1089,411,367,113235,7900,441365,219400
1090,376,371,112853,7911,441736,237400
1091,387,410,112482,7872,442146,226600
1092,362,386,112113,7855,442532,226200
1093,330,403,111776,7789,442935,225200
1094,400,405,111384,7776,443340,219000
1095,405,440,110980,7740,443780,252300
1096,395,407,110589,7724,444187,244300
1097,378,389,110198,7726,444576,213600
1098,372,381,109830,7713,444957,222500
1099,392,391,109432,7720,445348,423200
1100,344,390,109083,7679,445738,249600
1101,343,427,108733,7602,446165,245200
1102,365,381,108389,7565,446546,228500
1103,374,441,108014,7499,446987,218000
1104,348,403,107650,7460,447390,223000
1105,343,381,107317,7412,447771,224200
1106,333,379,106976,7374,448150,224800
1107,357,355,106622,7373,448505,217000
1108,364,397,106260,7338,448902,227400
1109,357,369,105901,7328,449271,229800
1110,367,363,105529,7337,449634,221900
1111,386,390,105160,7316,450024,208400
1112,344,377,104801,7298,450401,224200
1113,368,389,104441,7269,450790,220500
1114,332,426,104099,7185,451216,236900
1115,351,398,103756,7130,451614,238200
1116,388,359,103368,7159,451973,203600
1117,371,398,103021,7108,452371,247000
1118,383,357,102616,7156,452728,241100
1119,356,374,102264,7134,453102,236000
1120,385,353,101870,7175,453455,238800
1121,394,386,101482,7177,453841,267100
1122,328,347,101138,7174,454188,253300
1123,384,378,100767,7167,454566,244500
1124,360,359,100404,7171,454925,233800
1125,350,406,100055,7114,455331,232800
1126,394,368,99674,7127,455699,235600
1127,376,354,99288,7159,456053,217500
1128,355,403,98928,7116,456456,222700
1129,346,374,98585,7085,456830,227200
1130,355,353,98241,7076,457183,223300
1131,356,366,97862,7089,457549,231900
1132,358,372,97526,7053,457921,225800
1133,352,389,97161,7029,458310,238700
1134,368,363,96802,7025,458673,211700
1135,327,316,96468,7043,458989,215700
1136,335,355,96137,7019,459344,209500
1137,358,349,95780,7027,459693,215800
1138,330,364,95442,7001,460057,206700
1139,366,389,95083,6971,460446,205000
1140,344,358,94726,6970,460804,242000
1141,342,350,94379,6967,461154,273800
1142,353,342,94046,6958,461496,271500
1143,338,392,93708,6904,461888,337300
1144,337,356,93372,6884,462244,269300
1145,343,333,93025,6898,462577,309400
1146,338,328,92689,6906,462905,282800
1147,360,394,92326,6875,463299,240000
1148,333,345,91986,6870,463644,274900
1149,339,323,91643,6890,463967,268700
1150,345,326,91305,6902,464293,222300
1151,348,352,90966,6889,464645,218600
1152,341,353,90618,6884,464998,249900
1153,320,395,90294,6813,465393,274800
1154,346,341,89933,6833,465734,293100
1155,368,352,89593,6821,466086,263100
1156,380,336,89214,6864,466422,252600
1157,348,348,88851,6879,466770,217400
1158,335,344,88532,6854,467114,238800
1159,328,368,88190,6828,467482,216000
1160,352,336,87844,6838,467818,236100
1161,358,351,87488,6843,468169,235600
1162,332,368,87142,6821,468537,228400
1163,352,331,86804,6828,468868,214100
1164,334,357,86469,6806,469225,232300
1165,346,382,86117,6776,469607,227900
1166,341,355,85773,6765,469962,211900
1167,352,310,85421,6807,470272,242300
1168,336,316,85094,6818,470588,237600
1169,354,358,84738,6816,470946,234000
1170,364,342,84371,6841,471288,218700
1171,315,376,84047,6789,471664,216200
1172,387,350,83668,6818,472014,234900
1173,338,353,83336,6797,472367,221200
1174,358,372,82979,6782,472739,211000
1175,296,352,82653,6756,473091,217400
1176,327,352,82343,6714,473443,260900
1177,312,299,82027,6731,473742,297000
1178,324,345,81716,6697,474087,308500
1179,303,370,81412,6631,474457,325600
1180,307,339,81097,6607,474796,242200
1181,334,361,80756,6587,475157,259500
1182,324,345,80446,6552,475502,247200
1183,311,305,80124,6569,475807,204700
1184,326,357,79799,6537,476164,228700
1185,384,331,79427,6578,476495,209100
1186,341,354,79075,6576,476849,198100
1187,308,356,78776,6519,477205,210100
1188,348,319,78420,6556,477524,242700
1189,331,335,78096,6545,477859,224700
1190,329,344,77773,6524,478203,245600
1191,350,336,77423,6538,478539,327000
1192,326,352,77095,6514,478891,262500
1193,350,316,76743,6550,479207,246700
1194,314,356,76437,6500,479563,227400
1195,328,316,76092,6529,479879,219100
1196,333,349,75777,6495,480228,227600
1197,303,320,75459,6493,480548,230200
1198,346,334,75126,6492,480882,234200
1199,338,341,74769,6508,481223,219800
1200,304,326,74469,6482,481549,227500
1201,309,354,74160,6437,481903,236200
1202,364,310,73801,6486,482213,209400
1203,326,314,73473,6500,482527,213300
1204,332,351,73149,6473,482878,249200
1205,307,347,72847,6428,483225,222300
1206,284,362,72549,6364,483587,194200
1207,298,350,72248,6315,483937,202500
1208,316,308,71937,6318,484245,213600
1209,322,329,71610,6316,484574,219200
1210,340,346,71281,6299,484920,228900
1211,300,346,70971,6263,485266,220600
1212,318,314,70660,6260,485580,328400
1213,312,350,70342,6228,485930,222500
1214,304,277,70035,6258,486207,252100
1215,270,329,69758,6206,486536,298400
1216,305,305,69464,6195,486841,298100
1217,314,317,69147,6195,487158,245100
1218,293,331,68852,6159,487489,235600
1219,266,329,68582,6100,487818,399800
1220,302,305,68287,6090,488123,248600
1221,286,326,67998,6053,488449,235300
1222,287,313,67708,6030,488762,197500
1223,311,295,67410,6033,489057,219000
1224,281,307,67119,6017,489364,217600
1225,256,285,66868,5983,489649,241100
1226,313,299,66560,5992,489948,213700
1227,265,332,66283,5937,490280,250800
1228,284,290,66002,5928,490570,270600
1229,254,297,65748,5885,490867,257600
1230,297,286,65458,5889,491153,262300
1231,238,316,65203,5828,491469,287800
1232,259,282,64950,5799,491751,209600
1233,251,295,64701,5753,492046,207900
1234,261,301,64436,5717,492347,213600
1235,247,295,64188,5670,492642,231700
1236,258,302,63929,5627,492944,273200
1237,249,307,63686,5563,493251,257200
1238,228,298,63448,5503,493549,232900
1239,225,294,63223,5434,493843,267300
1240,252,280,62979,5398,494123,199400
1241,209,268,62762,5347,494391,211100
1242,230,297,62537,5275,494688,248300
1243,216,289,62328,5195,494977,207300
1244,210,253,62105,5165,495230,412800
1245,236,258,61878,5134,495488,217600
1246,241,243,61641,5128,495731,251600
1247,228,234,61406,5129,495965,233700
1248,259,290,61146,5099,496255,228600
1249,258,266,60888,5091,496521,247800
1250,250,277,60647,5055,496798,234700
1251,271,258,60375,5069,497056,269400
1252,264,281,60114,5049,497337,204800
1253,255,276,59856,5031,497613,195800
1254,260,238,59587,5062,497851,213000
1255,226,235,59358,5056,498086,223200
1256,252,251,59113,5050,498337,190800
1257,287,250,58831,5082,498587,203200
1258,245,266,58580,5067,498853,295700
1259,219,261,58358,5028,499114,226800
1260,220,229,58137,5020,499343,227800
1261,242,255,57894,5008,499598,312700
1262,245,251,57660,4991,499849,325200
1263,238,263,57417,4971,500112,261400
1264,226,264,57179,4945,500376,215500
1265,214,254,56972,4898,500630,223700
1266,230,253,56744,4873,500883,223500
1267,223,250,56532,4835,501133,243000
1268,224,241,56295,4831,501374,222700
1269,255,220,56040,4866,501594,195600
1270,238,266,55806,4834,501860,206700
1271,247,266,55554,4820,502126,205900
1272,225,240,55319,4815,502366,238300
1273,237,220,55096,4818,502586,196900
1274,223,250,54859,4805,502836,222600
1275,254,232,54621,4811,503068,212100
1276,215,245,54402,4785,503313,197800
1277,256,268,54148,4771,503581,221300
1278,262,231,53897,4791,503812,193900
1279,223,238,53658,4792,504050,203300
1280,220,275,53447,4728,504325,184800
1281,223,224,53224,4727,504549,181600
1282,230,220,52986,4745,504769,198000
1283,282,254,52710,4767,505023,217000
1284,253,223,52455,4799,505246,263800
1285,241,228,52229,4797,505474,246700
1286,228,240,51976,4810,505714,266600
1287,234,252,51758,4776,505966,212800
1288,248,242,51510,4782,506208,223600
1289,249,256,51266,4770,506464,246600
1290,226,245,51028,4763,506709,249200
1291,267,228,50755,4808,506937,225300
1292,246,224,50514,4825,507161,213200
1293,260,254,50255,4830,507415,184400
1294,237,236,50020,4829,507651,197300
1295,262,276,49766,4807,507927,214200
1296,272,247,49489,4837,508174,189600
1297,270,253,49222,4851,508427,215400
1298,260,266,48956,4851,508693,219000
1299,272,230,48681,4896,508923,216100
1300,241,253,48448,4876,509176,183600
1301,221,262,48216,4846,509438,196400
1302,222,250,47989,4823,509688,196500
1303,262,242,47727,4843,509930,238500
1304,244,238,47503,4829,510168,212100
1305,229,251,47260,4821,510419,199700
1306,242,256,47023,4802,510675,196900
1307,220,247,46797,4781,510922,267600
1308,234,267,46562,4749,511189,262900
1309,218,232,46347,4732,511421,241600
1310,206,238,46136,4705,511659,233300
1311,214,200,45925,4716,511859,272200
1312,224,259,45696,4686,512118,256200
1313,209,213,45493,4676,512331,220100
1314,224,234,45268,4667,512565,213000
1315,209,239,45064,4632,512804,228300
1316,245,213,44817,4666,513017,250900
1317,235,241,44580,4662,513258,198200
1318,246,231,44333,4678,513489,221200
1319,212,238,44117,4656,513727,203900
1320,239,217,43890,4666,513944,220800
1321,255,220,43638,4698,514164,224500
1322,219,252,43413,4671,514416,175800
1323,214,250,43182,4652,514666,199000
1324,243,231,42952,4651,514897,215200
1325,224,252,42739,4612,515149,207800
1326,245,270,42490,4591,515419,193700
1327,267,230,42213,4638,515649,206300
1328,243,267,41973,4611,515916,185100
1329,191,226,41771,4587,516142,196200
1330,239,233,41546,4579,516375,183000
1331,263,246,41282,4597,516621,403400
1332,240,265,41035,4579,516886,261100
1333,234,228,40799,4587,517114,462800
1334,255,249,40556,4581,517363,303200
1335,219,214,40337,4586,517577,285000
1336,240,224,40100,4599,517801,217200
1337,220,241,39876,4582,518042,214000
1338,199,242,39665,4551,518284,203700
1339,243,246,39438,4532,518530,182700
1340,204,242,39227,4501,518772,213000
1341,205,235,39017,4476,519007,216600
1342,210,217,38810,4466,519224,234800
1343,224,208,38591,4477,519432,226800
1344,225,213,38362,4493,519645,258500
1345,200,230,38159,4466,519875,207600
1346,226,228,37936,4461,520103,193100
1347,172,238,37755,4404,520341,202200
1348,201,234,37550,4375,520575,175700
1349,188,211,37367,4347,520786,204800
1350,197,233,37181,4300,521019,211900
1351,184,230,36987,4264,521249,209800
1352,211,231,36784,4236,521480,171700
1353,226,213,36553,4254,521693,214000
1354,208,201,36344,4262,521894,377600
1355,202,218,36156,4232,522112,324500
1356,222,243,35931,4214,522355,239800
1357,222,219,35709,4217,522574,250500
1358,219,204,35491,4231,522778,328400
1359,201,219,35284,4219,522997,256200
1360,208,203,35075,4225,523200,280800
1361,202,233,34866,4201,523433,217000
1362,187,220,34674,4173,523653,211900
1363,197,207,34489,4151,523860,270000
1364,219,206,34264,4170,524066,221000
1365,204,226,34060,4148,524292,203000
1366,195,220,33870,4118,524512,237500
1367,183,228,33673,4087,524740,203400
1368,179,215,33503,4042,524955,214300
1369,191,203,33313,4029,525158,243700
1370,186,228,33120,3994,525386,251400
1371,191,209,32937,3968,525595,247600
1372,181,189,32760,3956,525784,200200
1373,213,203,32541,3972,525987,202000
1374,190,204,32353,3956,526191,216400
1375,206,203,32136,3970,526394,204800
1376,187,219,31954,3933,526613,409900
1377,202,204,31762,3921,526817,257900
1378,178,194,31588,3901,527011,252000
1379,196,200,31375,3914,527211,235300
1380,194,195,31185,3909,527406,233400
1381,174,187,31022,3885,527593,237600
1382,163,211,30842,3854,527804,255000
1383,205,192,30642,3862,527996,219600
1384,212,186,30442,3876,528182,204500
1385,178,221,30259,3838,528403,224700
1386,181,219,30065,3813,528622,219400
1387,189,167,29897,3814,528789,203300
1388,194,220,29694,3797,529009,203400
1389,174,222,29511,3758,529231,229700
1390,168,183,29347,3739,529414,211800
1391,183,175,29161,3750,529589,233100
1392,198,194,28965,3752,529783,203500
1393,188,189,28779,3749,529972,221200
1394,176,185,28605,3738,530157,197000
1395,205,192,28401,3750,530349,230600
1396,170,220,28217,3714,530569,219400
1397,175,200,28049,3682,530769,203200
1398,175,184,27876,3671,530953,198300
1399,163,179,27713,3655,531132,208200
1400,169,193,27542,3633,531325,290600
1401,163,214,27376,3585,531539,274400
1402,144,164,27232,3565,531703,262700
1403,164,168,27067,3562,531871,289600
1404,170,195,26908,3526,532066,295400
1405,184,201,26721,3512,532267,243200
1406,172,187,26545,3501,532454,252800
1407,184,177,26372,3497,532631,262800
1408,171,167,26190,3512,532798,274000
1409,156,203,26033,3466,533001,226300
1410,167,187,25876,3436,533188,229500
1411,168,193,25705,3414,533381,229300
1412,147,181,25551,3387,533562,232000
1413,150,139,25397,3402,533701,261900
1414,155,157,25248,3394,533858,236200
1415,171,173,25080,3389,534031,213000
1416,163,174,24917,3378,534205,237200
1417,154,184,24758,3353,534389,213300
1418,146,179,24608,3324,534568,242500
1419,140,177,24464,3291,534745,208000
1420,155,178,24318,3259,534923,213800
1421,149,152,24165,3260,535075,190800
1422,139,202,24025,3198,535277,362100
1423,157,180,23873,3170,535457,261300
1424,160,173,23720,3150,535630,267500
1425,155,157,23556,3157,535787,286600
1426,127,179,23421,3113,535966,276100
1427,139,177,23296,3061,536143,262800
1428,129,162,23154,3041,536305,231200
1429,144,177,23012,3006,536482,201300
1430,129,139,22880,2999,536621,202400
1431,138,162,22749,2968,536783,234800
1432,139,159,22612,2946,536942,246000
1433,128,151,22482,2925,537093,195900
1434,123,156,22355,2896,537249,213500
1435,113,153,22240,2858,537402,194500
1436,126,157,22116,2825,537559,214000
1437,114,144,22003,2794,537703,239200
1438,140,123,21865,2809,537826,194300
1439,135,155,21727,2792,537981,192600
1440,129,134,21609,2776,538115,223700
1441,126,161,21472,2752,538276,222800
1442,141,152,21337,2735,538428,244300
1443,115,170,21214,2688,538598,211100
1444,113,155,21104,2643,538753,243700
1445,102,141,21001,2605,538894,212600
1446,129,147,20878,2581,539041,259900
1447,107,124,20764,2571,539165,327600
1448,107,120,20658,2557,539285,298600
1449,115,126,20548,2541,539411,303800
1450,139,139,20409,2541,539550,228700
1451,116,130,20282,2538,539680,240400
1452,127,131,20162,2527,539811,218000
1453,105,131,20058,2500,539942,222000
1454,124,121,19931,2506,540063,243800
1455,115,129,19815,2493,540192,220300
1456,109,119,19708,2481,540311,195100
1457,102,140,19604,2445,540451,225000
1458,88,129,19512,2408,540580,224400
1459,92,147,19421,2352,540727,207100
1460,105,109,19313,2351,540836,201000
1461,94,122,19225,2317,540958,212400
1462,100,127,19125,2290,541085,234300
1463,94,108,19025,2282,541193,242300
1464,118,103,18910,2294,541296,192800
1465,104,131,18806,2267,541427,218500
1466,107,134,18700,2239,541561,219000
1467,87,111,18610,2218,541672,205600
1468,109,106,18509,2213,541778,194300
1469,97,121,18401,2200,541899,216200
1470,102,125,18309,2167,542024,301700
1471,79,124,18222,2130,542148,325100
1472,68,111,18165,2076,542259,266600
1473,101,103,18060,2078,542362,298100
1474,84,89,17976,2073,542451,268500
1475,108,112,17869,2068,542563,274900
1476,93,95,17771,2071,542658,217900
1477,106,98,17668,2076,542756,232000
1478,93,107,17579,2058,542863,247700
1479,90,99,17482,2056,542962,222800
1480,95,97,17392,2049,543059,191400
1481,89,104,17298,2039,543163,216800
1482,102,94,17199,2044,543257,247500
1483,73,105,17116,2022,543362,212400
1484,104,109,17020,2009,543471,187300
1485,62,100,16957,1972,543571,193400
1486,84,100,16865,1964,543671,191000
1487,93,97,16777,1955,543768,205000
1488,84,114,16692,1926,543882,207600
1489,74,97,16617,1904,543979,217700
1490,75,97,16542,1882,544076,199900
1491,94,106,16455,1863,544182,226400
1492,90,92,16364,1862,544274,208500
1493,87,88,16271,1867,544362,261100
1494,85,82,16189,1867,544444,288200
1495,68,97,16120,1839,544541,291500
1496,75,95,16045,1819,544636,282200
1497,98,94,15955,1815,544730,268100
1498,94,92,15859,1819,544822,248900
1499,80,85,15773,1820,544907,257500
1500,89,116,15690,1787,545023,232000
1501,72,90,15615,1772,545113,211200
1502,79,79,15531,1777,545192,247400
1503,72,89,15459,1760,545281,235000
1504,89,75,15375,1769,545356,235800
1505,82,85,15291,1768,545441,223100
1506,68,70,15226,1763,545511,219500
1507,61,113,15161,1715,545624,197400
1508,60,92,15107,1677,545716,230700
1509,76,90,15029,1665,545806,218700
1510,68,85,14961,1648,545891,235900
1511,63,80,14898,1631,545971,252700
1512,59,92,14834,1603,546063,232200
1513,60,66,14776,1595,546129,212100
1514,73,98,14702,1571,546227,440200
1515,74,81,14629,1563,546308,293600
1516,43,89,14580,1523,546397,290400
1517,71,82,14515,1506,546479,277200
1518,47,87,14468,1466,546566,273100
1519,55,86,14414,1434,546652,383100
1520,56,80,14355,1413,546732,227700
1521,68,56,14289,1423,546788,261500
1522,58,68,14229,1415,546856,241900
1523,49,61,14177,1406,546917,234600
1524,57,90,14125,1368,547007,269100
1525,47,70,14072,1351,547077,258000
1526,57,57,14022,1344,547134,240800
1527,53,71,13969,1326,547205,208300
1528,61,71,13906,1318,547276,219300
1529,57,67,13848,1309,547343,228100
1530,53,71,13793,1293,547414,231400
1531,58,89,13738,1259,547503,218500
1532,58,68,13677,1252,547571,372600
1533,58,61,13622,1246,547632,236700
1534,47,67,13577,1224,547699,224900
1535,49,62,13519,1220,547761,237100
1536,47,61,13477,1201,547822,220300
1537,49,63,13428,1187,547885,239500
1538,59,65,13372,1178,547950,272900
1539,40,55,13326,1169,548005,255700
1540,45,47,13282,1166,548052,223900
1541,40,59,13243,1146,548111,263200
1542,40,51,13202,1136,548162,291900
1543,54,63,13151,1124,548225,214200
1544,39,77,13106,1092,548302,203100
1545,39,62,13074,1062,548364,241000
1546,38,56,13032,1048,548420,235500
1547,38,53,12997,1030,548473,216500
1548,36,67,12957,1003,548540,195300
1549,46,43,12914,1003,548583,217200
1550,34,49,12879,989,548632,222500
1551,44,54,12835,979,548686,199800
1552,47,51,12793,970,548737,201500
1553,58,49,12728,986,548786,188000
1554,40,50,12691,973,548836,202800
1555,55,55,12638,971,548891,208700
1556,41,49,12590,970,548940,189800
1557,46,45,12552,963,548985,260700
1558,43,51,12507,957,549036,194500
1559,42,48,12458,958,549084,191300
1560,49,53,12411,952,549137,276800
1561,52,40,12360,963,549177,280600
1562,47,42,12314,967,549219,287600
1563,49,34,12265,982,549253,358600
1564,44,56,12222,969,549309,262500
1565,41,40,12182,969,549349,234700
1566,51,44,12132,975,549393,253800
1567,48,44,12083,980,549437,243500
1568,42,52,12040,971,549489,219800
1569,50,48,11993,970,549537,200800
1570,46,46,11948,969,549583,237800
1571,46,62,11900,955,549645,219000
1572,58,45,11845,965,549690,228600
1573,42,60,11797,953,549750,176300
1574,57,55,11742,953,549805,193900
1575,40,65,11703,927,549870,207400
1576,55,55,11643,932,549925,217400
1577,43,59,11605,911,549984,207700
1578,30,49,11571,896,550033,198400
1579,52,49,11527,891,550082,215800
1580,39,41,11478,899,550123,233800
1581,29,49,11453,875,550172,211400
1582,33,54,11416,858,550226,317900
1583,28,41,11389,844,550267,262400
1584,31,47,11356,830,550314,243400
1585,32,37,11326,823,550351,284400
1586,33,36,11294,819,550387,238000
1587,31,49,11262,802,550436,311000
1588,33,54,11229,781,550490,222900
1589,34,25,11196,789,550515,193500
1590,34,35,11165,785,550550,184600
1591,40,36,11124,790,550586,216400
1592,37,49,11086,779,550635,220300
1593,28,34,11056,775,550669,196200
1594,23,43,11032,756,550712,176500
1595,27,41,11007,740,550753,178300
1596,30,38,10978,731,550791,182500
1597,37,42,10941,726,550833,207900
1598,26,40,10914,713,550873,207200
1599,33,37,10884,706,550910,168600
1600,39,24,10844,722,550934,172200
1601,32,33,10811,722,550967,178900
1602,23,42,10787,704,551009,211800
1603,26,40,10759,692,551049,202400
1604,24,33,10736,682,551082,175600
1605,28,29,10711,678,551111,178700
1606,32,30,10677,682,551141,174100
1607,31,44,10645,670,551185,167700
1608,29,34,10617,664,551219,221000
1609,30,32,10586,663,551251,215900
1610,24,33,10561,655,551284,236300
1611,30,31,10534,651,551315,206500
1612,26,40,10505,640,551355,246300
1613,34,24,10474,647,551379,195500
1614,35,35,10439,647,551414,183600
1615,38,29,10399,658,551443,249300
1616,39,25,10361,671,551468,234600
1617,19,28,10341,663,551496,201600
1618,32,31,10310,663,551527,228900
1619,34,43,10276,654,551570,191500
1620,27,32,10250,648,551602,195100
1621,36,34,10211,653,551636,269700
1622,23,23,10187,654,551659,218500
1623,35,36,10156,649,551695,189600
1624,34,39,10128,638,551734,198100
1625,31,38,10091,637,551772,201400
1626,38,37,10053,638,551809,204200
1627,31,28,10021,642,551837,187000
1628,40,33,9980,650,551870,196500
1629,33,22,9949,659,551892,167300
1630,23,25,9922,661,551917,191100
1631,34,42,9892,649,551959,191700
1632,26,39,9866,636,551998,192900
1633,30,34,9833,635,552032,185500
1634,29,27,9806,635,552059,297700
1635,32,33,9772,636,552092,232700
1636,28,38,9745,625,552130,215500
1637,29,29,9716,625,552159,206700
1638,41,38,9676,627,552197,224100
1639,20,26,9654,623,552223,239200
1640,25,35,9628,614,552258,304100
1641,27,32,9603,607,552290,206300
1642,24,39,9577,594,552329,196300
1643,26,35,9552,584,552364,208500
1644,19,20,9535,581,552384,220900
1645,37,24,9494,598,552408,209700
1646,26,35,9472,585,552443,188800
1647,25,19,9444,594,552462,175800
1648,25,24,9423,591,552486,209700
1649,28,22,9396,596,552508,199800
1650,24,33,9368,591,552541,210500
1651,23,26,9343,590,552567,200500
1652,17,32,9328,573,552599,182400
1653,32,33,9298,570,552632,190900
1654,25,27,9273,568,552659,228100
1655,21,28,9250,563,552687,208000
1656,18,24,9234,555,552711,183500
1657,17,36,9214,539,552747,186100
1658,23,35,9192,526,552782,184300
1659,19,27,9173,518,552809,280200
1660,22,28,9152,511,552837,259300
1661,25,29,9126,508,552866,254600
1662,24,21,9103,510,552887,262800
1663,18,25,9082,506,552912,268300
1664,17,31,9066,491,552943,239400
1665,31,29,9036,492,552972,224500
1666,22,38,9014,476,553010,251600
1667,14,23,8998,469,553033,256600
1668,19,26,8982,459,553059,251500
1669,26,20,8961,460,553079,221700
1670,20,29,8939,453,553108,198700
1671,17,20,8919,453,553128,210900
1672,24,22,8897,453,553150,220700
1673,12,26,8880,444,553176,174300
1674,6,25,8875,424,553201,177400
1675,9,25,8867,407,553226,193600
1676,9,22,8856,396,553248,202600
1677,7,18,8850,384,553266,193400
1678,10,23,8840,371,553289,190100
1679,9,19,8831,361,553308,188500
1680,11,21,8821,350,553329,217800
1681,13,16,8807,348,553345,202500
1682,10,23,8797,335,553368,216200
1683,14,16,8782,334,553384,185400
1684,14,14,8773,329,553398,284400
1685,11,14,8759,329,553412,277600
1686,14,19,8746,323,553431,248000
1687,8,13,8735,321,553444,213700
1688,3,16,8733,307,553460,252900
1689,9,13,8724,303,553473,234700
1690,10,20,8716,291,553493,189800
1691,7,18,8706,283,553511,196400
1692,7,11,8700,278,553522,202700
1693,12,9,8688,281,553531,201600
1694,12,20,8675,274,553551,222500
1695,5,12,8673,264,553563,205200
1696,6,13,8664,260,553576,178000
1697,7,11,8657,256,553587,185300
1698,10,16,8648,249,553603,212900
1699,8,14,8640,243,553617,237200
1700,4,18,8636,229,553635,173900
1701,5,11,8630,224,553646,165600
1702,9,13,8623,218,553659,178000
1703,7,8,8615,218,553667,181300
1704,4,15,8610,208,553682,205400
1705,6,9,8604,205,553691,201400
1706,7,6,8597,206,553697,166200
1707,6,16,8591,196,553713,169500
1708,8,10,8584,193,553723,191300
1709,3,6,8581,190,553729,197000
1710,6,10,8575,186,553739,339400
1711,8,9,8568,184,553748,245300
1712,7,10,8560,182,553758,255000
1713,4,7,8556,179,553765,242100
1714,3,6,8552,177,553771,239700
1715,4,4,8550,175,553775,257500
1716,4,8,8545,172,553783,203200
1717,6,10,8539,168,553793,209500
1718,4,13,8534,160,553806,233900
1719,4,7,8530,157,553813,166100
1720,4,7,8526,154,553820,192900
1721,5,8,8522,150,553828,188800
1722,1,3,8520,149,553831,244900
1723,1,4,8519,146,553835,189300
1724,2,9,8517,139,553844,170100
1725,2,2,8516,138,553846,168600
1726,5,4,8511,139,553850,208900
1727,7,8,8505,137,553858,213400
1728,5,10,8498,134,553868,201600
1729,5,8,8494,130,553876,173500
1730,5,5,8489,130,553881,183000
1731,3,6,8485,128,553887,185800
1732,2,9,8483,121,553896,225000
1733,3,3,8481,120,553899,183500
1734,4,5,8476,120,553904,187300
1735,1,6,8475,115,553910,412300
1736,3,5,8472,113,553915,285000
1737,1,7,8471,107,553922,208000
1738,4,6,8467,105,553928,207400
1739,0,6,8467,99,553934,245800
1740,2,6,8465,95,553940,208100
1741,0,3,8465,92,553943,195800
1742,1,6,8464,87,553949,176600
1743,1,5,8463,83,553954,180500
1744,4,3,8460,83,553957,242900
1745,2,3,8457,83,553960,250200
1746,1,4,8457,79,553964,189600
1747,1,6,8455,75,553970,246200
1748,2,4,8453,73,553974,194600
1749,5,6,8448,72,553980,211200
1750,0,3,8448,69,553983,189500
1751,5,3,8444,70,553986,188000
1752,2,4,8442,68,553990,187600
1753,0,3,8441,66,553993,196800
1754,2,3,8440,64,553996,225100
1755,0,3,8439,62,553999,194400
1756,2,3,8439,59,554002,180700
1757,1,6,8437,55,554008,203500
1758,0,2,8436,54,554010,214200
1759,0,3,8436,51,554013,206900
1760,0,2,8436,49,554015,189000
1761,0,1,8436,48,554016,191300
1762,0,1,8436,47,554017,195700
1763,0,4,8436,43,554021,215200
1764,0,1,8436,42,554022,221400
1765,0,2,8436,40,554024,230700
1766,0,2,8436,38,554026,205800
1767,0,4,8436,34,554030,204500
1768,0,0,8436,34,554030,197700
1769,1,0,8435,35,554030,235200
1770,0,2,8435,33,554032,188300
1771,0,2,8435,31,554034,182100
1772,0,1,8435,30,554035,191100
1773,0,0,8435,30,554035,223100
1774,0,0,8435,30,554035,203400
1775,0,3,8435,27,554038,204800
1776,1,0,8434,28,554038,168100
1777,0,0,8434,28,554038,191000
1778,1,2,8433,27,554040,248300
1779,0,2,8433,25,554042,365100
1780,0,1,8433,24,554043,181400
1781,0,1,8433,23,554044,182000
1782,0,2,8433,21,554046,211100
1783,0,2,8433,19,554048,199600
1784,0,6,8433,13,554054,196000
1785,0,2,8433,11,554056,256100
1786,0,0,8433,11,554056,394500
1787,0,0,8433,11,554056,238100
1788,0,1,8433,10,554057,319500
1789,0,1,8433,9,554058,211800
1790,0,1,8433,8,554059,317500
1791,0,1,8433,7,554060,208500
1792,0,0,8433,7,554060,183300
1793,0,0,8433,7,554060,203100
1794,0,0,8433,7,554060,196400
1795,0,1,8433,6,554061,209800
1796,0,0,8433,6,554061,184200
1797,0,0,8433,6,554061,190900
1798,0,0,8433,6,554061,201500
1799,0,0,8433,6,554061,195700
1800,0,0,8433,6,554061,210400
1801,0,0,8433,6,554061,197900
1802,0,1,8433,5,554062,188000
1803,0,0,8433,5,554062,189900
1804,0,0,8433,5,554062,198000
1805,0,0,8433,5,554062,196300
1806,0,0,8433,5,554062,184300
1807,0,0,8433,5,554062,172200
1808,0,0,8433,5,554062,178300
1809,0,0,8433,5,554062,205800
1810,0,0,8433,5,554062,195500
1811,0,1,8433,4,554063,336200
1812,0,0,8433,4,554063,190000
1813,0,1,8433,3,554064,201700
1814,0,0,8433,3,554064,240600
1815,0,0,8433,3,554064,226400
1816,0,0,8433,3,554064,196300
1817,0,0,8433,3,554064,198700
1818,0,1,8433,2,554065,218200
1819,0,0,8433,2,554065,204500
1820,0,0,8433,2,554065,203600
1821,0,0,8433,2,554065,214100
1822,0,0,8433,2,554065,188700
1823,0,0,8433,2,554065,219800
1824,0,0,8433,2,554065,187900
1825,0,0,8433,2,554065,205700
1826,0,0,8433,2,554065,245600
1827,0,0,8433,2,554065,186900
1828,0,0,8433,2,554065,258200
1829,0,0,8433,2,554065,290200
1830,0,0,8433,2,554065,288500
1831,0,0,8433,2,554065,181200
1832,0,0,8433,2,554065,195800
1833,0,0,8433,2,554065,186600
1834,0,0,8433,2,554065,234600
1835,0,0,8433,2,554065,240500
1836,0,0,8433,2,554065,189200
1837,0,0,8433,2,554065,237800
1838,0,0,8433,2,554065,197700
1839,0,0,8433,2,554065,227700
1840,0,0,8433,2,554065,242400
1841,0,0,8433,2,554065,300700
1842,0,0,8433,2,554065,234300
1843,0,0,8433,2,554065,206700
1844,0,1,8433,1,554066,232400
1845,0,0,8433,1,554066,209200
1846,0,0,8433,1,554066,228700
1847,0,0,8433,1,554066,198000
1848,0,0,8433,1,554066,213000
1849,0,0,8433,1,554066,226400
1850,0,1,8433,0,554067,172700
