Tick,NewlyInfected,NewlyRecovered,TotalSusceptible,TotalInfected,TotalRecovered,StepTimeNanos
0,2,0,562494,6,0,22096500
1,3,0,562490,10,0,492600
2,3,0,562487,13,0,403900
3,4,1,562485,14,1,339000
4,6,1,562478,20,2,328700
5,5,0,562473,25,2,266500
6,2,2,562470,26,4,268400
7,13,3,562458,35,7,254200
8,8,2,562449,42,9,213900
9,11,0,562439,52,9,216200
10,8,2,562430,59,11,255800
11,8,4,562423,62,15,221500
12,7,2,562417,66,17,206600
13,15,6,562400,77,23,211400
14,12,3,562391,83,26,243600
15,15,8,562375,91,34,228400
16,20,7,562354,105,41,237200
17,20,3,562333,123,44,274200
18,14,4,562323,129,48,214500
19,19,1,562305,146,49,252500
20,8,10,562295,146,59,239400
21,25,7,562270,164,66,264800
22,24,8,562247,179,74,236100
23,14,15,562230,181,89,212900
24,12,13,562220,178,102,236700
25,15,10,562204,184,112,194400
26,22,13,562181,194,125,187400
27,19,11,562162,202,136,223500
28,24,9,562140,215,145,227300
29,26,11,562113,231,156,215000
30,27,12,562088,244,168,208300
31,30,11,562058,263,179,237700
32,25,19,562034,268,198,245800
33,37,14,561997,291,212,205200
34,30,15,561969,304,227,244400
35,43,15,561925,333,242,240200
36,37,14,561890,354,256,237300
37,21,13,561863,368,269,220000
38,38,18,561828,385,287,262300
39,32,18,561796,399,305,271900
40,36,23,561763,409,328,250800
41,35,29,561728,415,357,217100
42,34,23,561693,427,380,264400
43,32,16,561662,442,396,217800
44,26,30,561631,443,426,227900
45,39,24,561593,457,450,243900
46,43,24,561553,473,474,254400
47,40,29,561511,486,503,216200
48,45,23,561472,502,526,219300
49,45,35,561422,517,561,249700
50,49,26,561375,538,587,237200
51,35,28,561337,548,615,220600
52,37,33,561302,550,648,220300
53,48,28,561252,572,676,230400
54,46,30,561208,586,706,201900
55,43,33,561164,597,739,211800
56,47,36,561119,606,775,255100
57,46,36,561071,618,811,262000
58,38,45,561034,610,856,227300
59,44,26,560995,623,882,240200
60,47,25,560942,651,907,258800
61,54,35,560891,667,942,218000
62,44,31,560844,683,973,213700
63,65,50,560784,693,1023,215700
64,51,41,560729,707,1064,236100
65,59,31,560672,733,1095,206500
66,56,44,560612,749,1139,191600
67,76,36,560537,788,1175,218400
68,71,41,560470,814,1216,240600
69,59,37,560408,839,1253,230500
70,76,49,560342,856,1302,218300
71,60,39,560274,885,1341,233000
72,79,43,560197,919,1384,270600
73,79,41,560123,952,1425,210500
74,78,51,560041,983,1476,219200
75,95,51,559947,1026,1527,234000
76,89,62,559856,1055,1589,252100
77,92,61,559763,1087,1650,181100
78,68,68,559691,1091,1718,217000
79,96,59,559608,1115,1777,235800
80,81,50,559520,1153,1827,228700
81,98,61,559432,1180,1888,212100
82,91,57,559332,1223,1945,212200
83,87,58,559247,1250,2003,246500
84,86,73,559155,1269,2076,245600
85,72,50,559088,1286,2126,206000
86,100,62,558996,1316,2188,241000
87,112,70,558876,1366,2258,254400
88,94,66,558787,1389,2324,218500
89,82,50,558696,1430,2374,293600
90,79,81,558618,1427,2455,257900
91,58,70,558560,1415,2525,241200
92,80,76,558483,1416,2601,220000
93,89,79,558400,1420,2680,213100
94,85,90,558314,1416,2770,241400
95,76,64,558233,1433,2834,227600
96,96,66,558141,1459,2900,234000
97,88,75,558054,1471,2975,216700
98,102,81,557949,1495,3056,259300
99,84,82,557861,1501,3138,215400
100,99,60,557769,1533,3198,230500
101,92,81,557670,1551,3279,298300
102,113,92,557560,1569,3371,392100
103,109,89,557454,1586,3460,1152900
104,86,87,557362,1591,3547,899600
105,103,82,557259,1612,3629,859500
106,92,87,557171,1613,3716,1071000
107,100,74,557069,1641,3790,1000900
108,82,73,556989,1648,3863,350500
109,115,83,556877,1677,3946,245900
110,110,85,556763,1706,4031,262300
111,96,96,556664,1709,4127,251300
112,105,84,556565,1724,4211,220400
113,108,90,556455,1744,4301,194600
114,105,107,556343,1749,4408,242900
115,100,91,556259,1742,4499,250700
116,127,74,556129,1798,4573,224700
117,126,98,556003,1826,4671,263800
118,121,80,555882,1867,4751,248700
119,107,125,555765,1859,4876,263300
120,130,110,555648,1866,4986,232600
121,126,102,555516,1896,5088,252100
122,125,118,555391,1903,5206,252600
123,139,114,555252,1928,5320,224300
124,130,94,555124,1962,5414,231300
125,117,104,555009,1973,5518,283600
126,133,97,554876,2009,5615,231200
127,138,117,554737,2031,5732,245100
128,143,96,554603,2069,5828,246900
129,167,103,554435,2134,5931,290300
130,152,118,554270,2181,6049,215300
131,147,128,554128,2195,6177,205600
132,117,98,554009,2216,6275,214300
133,151,120,553864,2241,6395,232000
134,126,110,553740,2255,6505,204400
135,191,121,553557,2317,6626,217100
136,163,99,553387,2388,6725,227900
137,164,119,553219,2437,6844,275700
138,151,123,553071,2462,6967,224000
139,160,144,552913,2476,7111,219000
140,160,120,552747,2522,7231,258300
141,151,123,552596,2550,7354,212900
142,171,135,552431,2580,7489,208400
143,159,143,552269,2599,7632,249100
144,145,131,552119,2618,7763,218500
145,162,141,551959,2637,7904,343800
146,184,126,551781,2689,8030,211300
147,162,146,551614,2710,8176,237200
148,140,160,551475,2689,8336,240200
149,182,160,551291,2713,8496,212400
150,169,148,551121,2735,8644,224200
151,166,154,550967,2735,8798,224500
152,163,141,550800,2761,8939,241600
153,168,142,550623,2796,9081,240800
154,174,136,550457,2826,9217,248500
155,190,141,550272,2870,9358,262800
156,194,130,550073,2939,9488,242200
157,209,152,549868,2992,9640,250500
158,192,145,549675,3040,9785,225300
159,164,152,549515,3048,9937,254100
160,207,139,549305,3119,10076,233900
161,200,147,549105,3172,10223,222900
162,194,177,548920,3180,10400,197100
163,171,179,548734,3187,10579,220700
164,197,161,548536,3224,10740,224800
165,171,194,548374,3192,10934,216800
166,177,162,548182,3222,11096,233100
167,188,171,548009,3224,11267,261900
168,177,183,547825,3225,11450,275800
169,189,178,547635,3237,11628,231200
170,202,175,547438,3259,11803,249000
171,191,172,547247,3278,11975,217400
172,192,159,547045,3321,12134,223500
173,186,155,546860,3351,12289,223300
174,199,164,546667,3380,12453,234800
175,200,185,546478,3384,12638,243600
176,205,180,546261,3421,12818,257000
177,183,163,546079,3440,12981,231500
178,191,161,545899,3459,13142,232300
179,210,191,545686,3481,13333,212000
180,223,174,545456,3537,13507,227400
181,187,185,545270,3538,13692,236800
182,197,187,545077,3544,13879,299400
183,234,205,544848,3568,14084,224400
184,202,190,544644,3582,14274,237400
185,227,188,544415,3623,14462,346200
186,219,173,544198,3667,14635,398200
187,233,189,543962,3714,14824,210400
188,186,199,543765,3712,15023,205300
189,240,181,543541,3755,15204,210400
190,180,211,543353,3732,15415,237900
191,180,201,543178,3706,15616,218100
192,226,191,542958,3735,15807,204700
193,213,190,542737,3766,15997,225400
194,234,203,542501,3799,16200,214100
195,214,199,542290,3811,16399,235800
196,222,206,542078,3817,16605,258200
197,211,213,541848,3834,16818,236400
198,222,207,541625,3850,17025,220100
199,241,197,541397,3881,17222,217500
200,237,168,541160,3950,17390,210400
201,239,199,540911,4000,17589,220600
202,235,197,540677,4037,17786,210300
203,231,179,540452,4083,17965,242000
204,227,197,540222,4116,18162,273500
205,232,211,540010,4117,18373,214200
206,215,219,539781,4127,18592,214600
207,256,244,539512,4152,18836,218000
208,226,212,539293,4159,19048,244900
209,244,192,539057,4203,19240,249900
210,247,230,538813,4217,19470,259700
211,271,216,538540,4274,19686,267000
212,242,236,538299,4279,19922,229000
213,268,219,538037,4322,20141,225500
214,235,224,537803,4332,20365,252500
215,244,211,537541,4383,20576,241200
216,253,218,537303,4403,20794,195100
217,251,234,537053,4419,21028,209000
218,252,200,536795,4477,21228,205100
219,263,225,536518,4529,21453,207100
220,230,235,536296,4516,21688,188400
221,269,244,536033,4535,21932,204900
222,278,231,535762,4575,22163,208800
223,249,240,535517,4580,22403,213100
224,287,225,535231,4641,22628,209300
225,267,216,534948,4708,22844,229700
226,280,231,534675,4750,23075,212900
227,273,248,534399,4778,23323,243900
228,290,229,534118,4830,23552,225000
229,274,263,533828,4857,23815,223800
230,273,275,533551,4859,24090,219400
231,287,282,533278,4850,24372,257800
232,304,263,532974,4891,24635,235500
233,277,255,532697,4913,24890,286600
234,281,276,532413,4921,25166,249700
235,278,238,532138,4958,25404,218000
236,276,289,531862,4945,25693,223000
237,291,239,531575,4993,25932,211200
238,277,258,531296,5014,26190,211800
239,283,239,531004,5067,26429,226300
240,243,268,530766,5037,26697,186600
241,274,238,530483,5082,26935,180100
242,263,282,530220,5063,27217,215100
243,268,263,529967,5053,27480,204400
244,326,273,529634,5113,27753,221000
245,317,248,529315,5184,28001,230000
246,293,249,529036,5214,28250,212700
247,274,276,528744,5230,28526,217000
248,307,259,528446,5269,28785,238500
249,309,279,528146,5290,29064,222100
250,295,283,527848,5305,29347,237800
251,288,265,527556,5332,29612,214600
252,264,290,527288,5310,29902,307700
253,327,307,526963,5328,30209,242000
254,308,280,526660,5351,30489,235500
255,330,287,526341,5383,30776,266400
256,275,264,526048,5412,31040,241700
257,284,287,525774,5399,31327,200500
258,328,274,525432,5467,31601,262400
259,356,284,525092,5523,31885,257100
260,297,309,524782,5524,32194,250500
261,299,286,524489,5531,32480,239700
262,310,279,524174,5567,32759,234400
263,309,299,523881,5561,33058,224600
264,310,313,523571,5558,33371,235500
265,342,309,523227,5593,33680,236500
266,327,292,522890,5638,33972,222000
267,290,285,522604,5639,34257,263100
268,331,300,522264,5679,34557,256100
269,354,335,521931,5677,34892,222500
270,339,290,521581,5737,35182,232700
271,319,295,521251,5772,35477,197900
272,364,301,520887,5835,35778,236100
273,354,294,520552,5876,36072,375300
274,329,303,520221,5904,36375,278500
275,332,298,519873,5954,36673,269800
276,333,323,519549,5955,36996,256700
277,385,287,519165,6052,37283,255300
278,350,315,518816,6086,37598,281700
279,370,333,518443,6126,37931,216700
280,333,292,518115,6162,38223,225000
281,372,320,517744,6213,38543,235800
282,345,370,517399,6188,38913,207300
283,354,336,517045,6206,39249,227600
284,364,312,516692,6247,39561,265100
285,332,342,516348,6249,39903,236900
286,350,347,516004,6246,40250,221100
287,341,327,515662,6261,40577,261100
288,348,319,515305,6299,40896,254200
289,355,349,514965,6290,41245,249300
290,349,371,514614,6270,41616,277300
291,335,315,514276,6293,41931,270100
292,360,318,513910,6341,42249,265300
293,335,331,513572,6348,42580,322600
294,352,299,513236,6385,42879,292700
295,331,316,512885,6420,43195,279200
296,331,315,512558,6432,43510,251600
297,372,335,512181,6474,43845,265000
298,386,309,511816,6530,44154,282200
299,368,359,511434,6553,44513,258700
300,335,331,511102,6554,44844,256100
301,354,315,510742,6599,45159,222200
302,336,327,510416,6598,45486,213800
303,339,358,510078,6578,45844,235100
304,324,341,509756,6559,46185,231400
305,366,365,509395,6555,46550,216500
306,383,348,509003,6599,46898,221800
307,389,365,508615,6622,47263,209500
308,383,344,508232,6661,47607,230000
309,369,347,507865,6681,47954,251500
310,352,350,507506,6690,48304,213700
311,368,325,507148,6723,48629,215400
312,364,329,506771,6771,48958,191300
313,340,369,506435,6738,49327,217300
314,399,342,506051,6780,49669,337400
315,382,360,505668,6803,50029,273600
316,367,357,505303,6811,50386,257000
317,398,381,504888,6845,50767,244500
318,365,336,504518,6879,51103,267000
319,392,372,504130,6895,51475,238100
320,395,381,503748,6896,51856,227700
321,386,386,503360,6898,52242,207500
322,417,345,502941,6972,52587,233400
323,385,326,502544,7043,52913,203500
324,413,356,502137,7094,53269,261300
325,424,358,501715,7158,53627,223800
326,395,406,501326,7141,54033,232800
327,414,390,500910,7167,54423,230100
328,448,352,500471,7254,54775,215600
329,413,389,500060,7276,55164,230700
330,411,348,499634,7354,55512,199100
331,421,375,499213,7400,55887,217400
332,441,379,498768,7466,56266,223200
333,475,398,498313,7523,56664,216300
334,455,396,497862,7578,57060,218500
335,448,428,497414,7598,57488,221600
336,437,402,496976,7634,57890,237300
337,452,394,496520,7696,58284,287900
338,430,410,496096,7710,58694,270600
339,426,406,495663,7737,59100,289300
340,442,406,495222,7772,59506,258000
341,392,424,494811,7759,59930,241000
342,441,377,494386,7807,60307,219800
343,418,414,493963,7816,60721,216300
344,425,348,493534,7897,61069,207100
345,439,394,493105,7932,61463,227600
346,454,429,492659,7949,61892,214200
347,436,396,492203,8009,62288,224300
348,417,417,491793,8002,62705,216200
349,493,422,491302,8071,63127,243900
350,446,447,490856,8070,63574,276800
351,452,418,490417,8091,63992,249100
352,446,413,489956,8139,64405,319900
353,451,441,489517,8137,64846,240400
354,434,388,489065,8201,65234,238100
355,409,420,488656,8190,65654,218800
356,481,449,488182,8215,66103,245600
357,488,427,487707,8263,66530,255200
358,466,437,487241,8292,66967,306800
359,454,428,486801,8304,67395,285600
360,450,439,486325,8341,67834,267800
361,457,400,485873,8393,68234,239500
362,465,433,485408,8425,68667,244400
363,466,466,484950,8417,69133,305300
364,492,441,484452,8474,69574,254300
365,453,430,483986,8510,70004,245400
366,452,441,483548,8507,70445,232000
367,439,447,483088,8520,70892,292800
368,452,458,482667,8483,71350,330700
369,480,447,482181,8522,71797,291200
370,485,446,481709,8548,72243,291000
371,480,459,481217,8581,72702,252600
372,446,449,480760,8589,73151,336100
373,457,430,480284,8635,73581,245100
374,487,462,479838,8619,74043,248200
375,463,412,479347,8698,74455,231200
376,433,448,478916,8681,74903,347700
377,509,423,478415,8759,75326,304600
378,480,453,477927,8794,75779,293700
379,428,450,477492,8779,76229,324100
380,469,457,477043,8771,76686,389500
381,455,424,476576,8814,77110,278000
382,446,500,476123,8767,77610,269500
383,492,428,475660,8802,78038,234200
384,461,466,475175,8821,78504,231400
385,469,453,474713,8830,78957,263100
386,459,488,474238,8817,79445,243300
387,463,476,473794,8785,79921,243300
388,472,445,473329,8805,80366,262800
389,503,479,472819,8836,80845,241300
390,445,446,472369,8840,81291,234500
391,461,441,471907,8861,81732,256900
392,520,427,471409,8932,82159,255400
393,527,417,470855,9069,82576,235400
394,494,483,470372,9069,83059,241500
395,558,443,469810,9188,83502,454900
396,557,459,469281,9258,83961,262100
397,489,460,468773,9306,84421,255500
398,516,503,468239,9337,84924,277600
399,480,500,467774,9302,85424,306700
400,523,471,467261,9344,85895,286000
401,525,520,466731,9354,86415,268400
402,498,439,466228,9418,86854,271700
403,522,533,465716,9397,87387,319000
404,522,497,465197,9419,87884,266800
405,520,538,464664,9414,88422,274100
406,513,476,464156,9446,88898,276300
407,500,518,463653,9431,89416,247600
408,511,477,463157,9450,89893,218600
409,510,465,462636,9506,90358,252100
410,530,494,462115,9533,90852,247700
411,500,499,461594,9555,91351,247600
412,521,494,461085,9570,91845,235300
413,561,483,460535,9637,92328,245500
414,512,475,459996,9701,92803,222600
415,546,488,459474,9735,93291,335500
416,570,527,458906,9776,93818,316900
417,509,475,458403,9804,94293,310900
418,516,520,457869,9818,94813,291900
419,496,467,457381,9839,95280,274100
420,571,531,456801,9888,95811,261300
421,558,545,456259,9885,96356,239500
422,548,503,455704,9937,96859,230100
423,533,493,455171,9977,97352,210300
424,517,485,454643,10020,97837,237200
425,511,483,454137,10043,98320,232800
426,498,488,453622,10070,98808,236800
427,510,518,453127,10047,99326,239100
428,512,518,452614,10042,99844,226300
429,486,555,452108,9993,100399,247300
430,557,514,451559,10028,100913,218700
431,518,533,451043,10011,101446,237300
432,510,548,450534,9972,101994,247900
433,534,489,450009,10008,102483,239200
434,534,550,449479,9988,103033,247800
435,531,527,448946,9994,103560,239900
436,489,537,448456,9947,104097,315200
437,538,507,447925,9971,104604,320300
438,505,522,447411,9963,105126,294600
439,532,531,446890,9953,105657,294000
440,568,522,446328,9993,106179,295500
441,528,536,445790,9995,106715,240300
442,518,539,445260,9986,107254,229000
443,557,472,444718,10056,107726,228800
444,565,520,444155,10099,108246,256100
445,558,506,443602,10146,108752,245900
446,578,509,443026,10213,109261,225600
447,605,521,442428,10290,109782,235200
448,571,497,441855,10366,110279,229400
449,531,525,441309,10387,110804,216900
450,527,540,440775,10381,111344,230300
451,520,549,440261,10346,111893,233600
452,578,538,439681,10388,112431,228500
453,556,537,439130,10402,112968,242600
454,550,501,438587,10444,113469,244000
455,541,602,438036,10393,114071,234400
456,554,500,437488,10441,114571,218600
457,557,601,436951,10377,115172,415700
458,592,490,436352,10486,115662,315000
459,546,589,435783,10466,116251,384200
460,583,607,435208,10434,116858,303800
461,586,525,434623,10494,117383,286300
462,579,554,434037,10526,117937,258300
463,563,561,433480,10522,118498,247200
464,583,559,432902,10541,119057,272900
465,580,540,432316,10587,119597,315000
466,563,521,431750,10632,120118,256400
467,542,548,431203,10631,120666,257600
468,586,548,430623,10663,121214,238300
469,553,575,430063,10648,121789,281900
470,577,561,429499,10651,122350,286900
471,567,580,428927,10643,122930,277900
472,543,537,428388,10645,123467,274700
473,548,540,427827,10666,124007,263700
474,547,604,427279,10610,124611,266000
475,565,586,426721,10582,125197,248300
476,596,520,426130,10653,125717,276000
477,572,562,425548,10673,126279,343000
478,590,569,424977,10675,126848,351400
479,610,557,424368,10727,127405,298900
480,578,568,423777,10750,127973,286300
481,549,583,423216,10728,128556,292300
482,563,545,422657,10742,129101,281700
483,605,551,422056,10792,129652,262800
484,551,560,421499,10789,130212,268900
485,596,591,420926,10771,130803,257600
486,529,584,420395,10718,131387,365500
487,533,540,419847,10726,131927,323100
488,514,555,419332,10686,132482,325600
489,591,544,418751,10723,133026,309600
490,529,557,418201,10716,133583,295900
491,508,569,417725,10623,134152,273300
492,513,557,417189,10602,134709,285100
493,549,541,416632,10618,135250,258400
494,568,552,416090,10608,135802,275400
495,570,558,415518,10622,136360,357900
496,526,563,414983,10594,136923,383300
497,526,540,414442,10595,137463,346800
498,523,526,413929,10582,137989,315900
499,566,507,413391,10613,138496,323100
500,502,523,412861,10620,139019,321500
501,554,573,412310,10598,139592,299300
502,565,536,411741,10631,140128,274400
503,540,580,411223,10569,140708,270700
504,506,492,410683,10617,141200,256900
505,536,556,410149,10595,141756,279100
506,534,536,409631,10577,142292,295700
507,554,548,409070,10590,142840,244400
508,569,546,408512,10602,143386,273600
509,550,556,407960,10598,143942,260400
510,564,527,407398,10633,144469,270900
511,544,517,406835,10679,144986,255100
512,508,525,406333,10656,145511,274900
513,608,540,405730,10719,146051,312400
514,553,553,405172,10724,146604,282600
515,584,574,404601,10721,147178,307500
516,562,536,404033,10753,147714,254500
517,556,579,403459,10748,148293,293700
518,592,542,402886,10779,148835,303000
519,600,570,402300,10795,149405,345900
520,590,562,401700,10833,149967,323600
521,547,586,401149,10798,150553,264700
522,580,586,400561,10800,151139,286400
523,594,547,399978,10836,151686,272900
524,523,596,399457,10761,152282,292800
525,522,533,398927,10758,152815,256900
526,565,580,398359,10746,153395,258700
527,591,571,397786,10748,153966,262600
528,535,567,397244,10723,154533,260000
529,606,544,396644,10779,155077,251500
530,594,565,396038,10820,155642,280000
531,579,524,395461,10873,156166,484300
532,559,572,394911,10851,156738,265900
533,563,580,394336,10846,157318,284300
534,600,534,393746,10902,157852,255900
535,593,568,393148,10932,158420,294700
536,544,547,392608,10925,158967,343800
537,553,600,392040,10893,159567,281400
538,570,549,391475,10909,160116,259200
539,590,559,390906,10919,160675,268400
540,558,521,390343,10961,161196,249800
541,573,512,389763,11029,161708,249200
542,583,545,389176,11071,162253,261400
543,574,580,388596,11071,162833,280800
544,564,567,388035,11065,163400,269100
545,545,572,387481,11047,163972,288300
546,561,613,386941,10974,164585,265300
547,557,573,386367,10975,165158,278200
548,529,587,385847,10908,165745,324700
549,564,577,385300,10878,166322,311200
550,487,567,384788,10823,166889,348400
551,642,542,384172,10897,167431,260700
552,589,619,383575,10875,168050,255400
553,560,578,383003,10869,168628,454900
554,541,581,382462,10829,169209,258700
555,580,595,381885,10811,169804,248000
556,575,573,381314,10809,170377,244200
557,562,543,380743,10837,170920,238700
558,595,528,380159,10893,171448,256600
559,580,565,379557,10930,172013,254000
560,600,559,378986,10942,172572,280100
561,575,549,378415,10964,173121,259100
562,539,546,377846,10987,173667,257500
563,571,573,377301,10959,174240,255600
564,601,573,376697,10990,174813,255500
565,601,592,376091,11004,175405,247000
566,568,554,375514,11027,175959,312700
567,554,585,374960,10996,176544,302100
568,512,553,374446,10957,177097,300700
569,568,581,373882,10940,177678,266500
570,542,585,373326,10911,178263,276700
571,517,566,372826,10845,178829,256900
572,562,562,372275,10834,179391,279800
573,563,576,371709,10824,179967,310300
574,574,575,371125,10833,180542,243900
575,522,509,370604,10845,181051,295800
576,567,587,370031,10831,181638,315200
577,589,512,369449,10901,182150,249800
578,490,599,368945,10806,182749,268900
579,581,539,368389,10823,183288,261600
580,602,588,367761,10863,183876,253600
581,579,551,367193,10880,184427,250000
582,538,568,366645,10860,184995,254200
583,527,525,366116,10864,185520,229300
584,543,592,365567,10821,186112,254500
585,506,600,365057,10731,186712,248400
586,529,549,364561,10678,187261,252900
587,550,560,363992,10687,187821,263900
588,533,525,363455,10699,188346,240900
589,521,577,362942,10635,188923,272500
590,533,595,362423,10559,189518,403200
591,494,523,361906,10553,190041,285200
592,538,554,361380,10525,190595,250600
593,481,586,360888,10431,191181,258100
594,510,528,360378,10413,191709,318000
595,530,530,359856,10405,192239,318200
596,499,551,359350,10360,192790,267500
597,523,528,358829,10353,193318,260400
598,522,542,358305,10335,193860,256900
599,512,523,357799,10318,194383,256200
600,498,514,357302,10301,194897,271000
601,527,467,356761,10375,195364,388000
602,492,514,356285,10337,195878,316700
603,543,530,355734,10358,196408,325700
604,506,545,355239,10308,196953,270700
605,560,551,354679,10317,197504,274900
606,518,528,354167,10301,198032,302400
607,535,535,353627,10306,198567,248700
608,482,534,353135,10264,199101,238500
609,546,549,352590,10260,199650,346100
610,520,508,352074,10268,200158,265200
611,521,503,351546,10293,200661,276800
612,506,550,351038,10251,201211,247800
613,515,535,350520,10234,201746,292000
614,509,561,350037,10156,202307,269600
615,515,550,349503,10140,202857,264400
616,497,551,348988,10104,203408,287300
617,533,550,348472,10070,203958,278900
618,516,500,347962,10080,204458,276200
619,520,558,347435,10049,205016,283800
620,477,499,346951,10034,205515,325300
621,537,509,346441,10035,206024,270700
622,524,517,345896,10063,206541,259100
623,549,520,345355,10084,207061,250500
624,552,515,344793,10131,207576,247600
625,548,513,344244,10167,208089,244500
626,551,529,343698,10184,208618,249800
627,533,501,343165,10216,209119,282300
628,558,517,342606,10258,209636,257900
629,535,536,342082,10246,210172,347800
630,605,532,341488,10308,210704,246400
631,532,551,340922,10323,211255,259900
632,523,522,340416,10307,211777,283900
633,475,518,339939,10266,212295,255000
634,597,513,339347,10345,212808,292100
635,501,503,338830,10359,213311,260400
636,553,533,338274,10382,213844,272600
637,523,547,337758,10351,214391,285000
638,567,543,337191,10375,214934,303300
639,558,553,336638,10375,215487,241000
640,524,537,336125,10351,216024,243900
641,551,567,335563,10346,216591,241100
642,521,550,335035,10324,217141,256600
643,551,516,334506,10337,217657,267600
644,550,550,333948,10345,218207,275300
645,513,508,333435,10350,218715,241100
646,552,538,332884,10363,219253,253800
647,586,543,332297,10407,219796,244000
648,537,502,331761,10441,220298,245900
649,531,533,331225,10444,220831,236500
650,502,542,330728,10399,221373,293000
651,560,518,330162,10447,221891,277900
652,560,535,329618,10456,222426,267100
653,533,555,329067,10452,222981,323800
654,508,531,328577,10411,223512,280200
655,551,528,328032,10428,224040,303700
656,566,539,327465,10456,224579,261100
657,512,506,326927,10488,225085,289000
658,562,567,326371,10477,225652,252000
659,495,542,325863,10443,226194,247800
660,578,575,325302,10429,226769,221600
661,529,496,324760,10475,227265,230200
662,527,578,324233,10424,227843,270100
663,538,518,323697,10442,228361,276400
664,541,540,323169,10430,228901,265800
665,531,540,322634,10425,229441,296200
666,504,511,322133,10415,229952,246100
667,516,575,321606,10367,230527,237600
668,525,538,321102,10333,231065,237800
669,545,568,320544,10323,231633,267400
670,577,517,319973,10377,232150,251100
671,540,545,319423,10382,232695,273200
672,566,563,318864,10378,233258,268300
673,511,526,318349,10367,233784,247800
674,514,540,317835,10341,234324,255700
675,564,534,317267,10375,234858,295100
676,558,546,316731,10365,235404,497500
677,499,514,316206,10376,235918,396300
678,555,498,315662,10422,236416,316600
679,545,501,315115,10468,236917,281900
680,541,534,314566,10483,237451,255900
681,554,538,314015,10496,237989,243900
682,521,524,313514,10473,238513,263200
683,489,516,312996,10475,239029,244700
684,512,561,312498,10412,239590,234800
685,518,499,311985,10426,240089,258900
686,522,551,311464,10396,240640,251600
687,472,573,310974,10313,241213,253200
688,525,542,310460,10285,241755,240800
689,519,522,309947,10276,242277,257600
690,501,542,309438,10243,242819,244800
691,503,548,308933,10200,243367,253700
692,489,502,308447,10184,243869,228400
693,528,519,307944,10168,244388,237600
694,505,527,307415,10170,244915,269900
695,542,561,306877,10147,245476,303900
696,519,546,306352,10126,246022,286600
697,497,524,305860,10094,246546,291900
698,514,519,305350,10085,247065,259200
699,530,520,304821,10094,247585,244800
700,534,510,304282,10123,248095,244300
701,552,489,303742,10174,248584,247700
702,504,523,303218,10175,249107,225400
703,494,573,302723,10097,249680,250500
704,514,513,302227,10080,250193,257200
705,509,508,301698,10101,250701,249500
706,497,503,301223,10073,251204,262500
707,546,534,300664,10098,251738,248000
708,539,532,300127,10103,252270,279200
709,551,513,299590,10127,252783,317400
710,518,514,299055,10148,253297,325100
711,501,534,298561,10108,253831,265500
712,510,502,298062,10105,254333,256400
713,518,527,297532,10108,254860,244000
714,535,546,296995,10099,255406,249100
715,563,501,296439,10154,255907,254100
716,529,495,295903,10195,256402,218500
717,518,523,295382,10193,256925,257800
718,536,541,294867,10167,257466,257800
719,543,549,294310,10175,258015,277000
720,501,574,293789,10122,258589,282000
721,524,542,293270,10099,259131,291100
722,528,575,292763,10031,259706,275800
723,480,533,292258,10003,260239,276600
724,533,516,291741,10004,260755,288900
725,508,510,291225,10010,261265,262500
726,546,519,290701,10015,261784,277700
727,573,507,290119,10090,262291,266700
728,483,537,289621,10051,262828,247200
729,543,537,289088,10047,263365,254500
730,517,515,288570,10050,263880,250400
731,527,494,288051,10075,264374,245400
732,555,515,287481,10130,264889,277100
733,502,520,286982,10109,265409,263000
734,519,521,286459,10111,265930,286000
735,532,517,285932,10121,266447,274400
736,497,549,285427,10077,266996,312300
737,542,505,284903,10096,267501,288100
738,513,526,284376,10097,268027,284400
739,510,536,283881,10056,268563,288700
740,587,526,283294,10117,269089,283400
741,548,532,282737,10142,269621,265000
742,527,572,282211,10096,270193,283800
743,573,525,281649,10133,270718,250800
744,530,522,281116,10144,271240,254700
745,520,505,280584,10171,271745,267600
746,539,562,280042,10151,272307,279100
747,547,498,279493,10202,272805,256400
748,557,551,278939,10205,273356,294500
749,529,561,278423,10160,273917,267700
750,535,517,277886,10180,274434,278800
751,484,526,277391,10149,274960,239700
752,539,535,276848,10157,275495,306400
753,466,487,276377,10141,275982,288800
754,551,507,275830,10181,276489,279600
755,550,533,275284,10194,277022,288400
756,557,526,274719,10233,277548,320500
757,541,536,274194,10222,278084,298800
758,548,491,273639,10286,278575,317300
759,532,494,273111,10320,279069,284800
760,548,552,272560,10319,279621,270100
761,571,530,272006,10343,280151,251800
762,573,545,271432,10372,280696,238000
763,526,538,270898,10368,281234,245200
764,544,505,270370,10391,281739,235400
765,509,512,269832,10417,282251,240700
766,523,574,269315,10360,282825,264800
767,529,536,268791,10348,283361,283200
768,546,512,268242,10385,283873,274700
769,528,482,267720,10425,284355,294100
770,516,524,267216,10405,284879,243000
771,546,539,266651,10431,285418,237200
772,520,502,266121,10459,285920,277000
773,509,537,265617,10426,286457,271600
774,523,580,265105,10358,287037,255100
775,543,504,264580,10379,287541,256600
776,513,542,264044,10373,288083,250500
777,482,508,263550,10359,288591,260000
778,497,561,263053,10295,289152,233300
779,550,558,262517,10273,289710,233000
780,557,506,261980,10304,290216,249500
781,516,532,261448,10304,290748,252700
782,530,537,260933,10282,291285,246200
783,523,530,260398,10287,291815,252100
784,542,534,259845,10306,292349,238500
785,567,533,259284,10334,292882,304800
786,566,539,258717,10362,293421,270800
787,536,532,258171,10376,293953,268800
788,511,523,257663,10361,294476,318900
789,554,548,257120,10356,295024,256900
790,570,543,256562,10371,295567,271000
791,544,549,256002,10382,296116,268900
792,525,545,255467,10372,296661,403400
793,555,541,254914,10384,297202,279500
794,562,539,254362,10397,297741,258500
795,518,558,253842,10359,298299,495400
796,551,567,253299,10335,298866,265500
797,517,518,252759,10357,299384,312700
798,595,537,252183,10396,299921,241400
799,532,523,251652,10404,300444,252700
800,593,524,251063,10469,300968,243900
801,572,549,250481,10502,301517,243700
802,558,517,249925,10541,302034,252300
803,514,556,249411,10499,302590,244800
804,572,536,248841,10533,303126,225400
805,570,539,248276,10559,303665,253900
806,567,534,247695,10606,304199,240700
807,563,552,247149,10600,304751,257200
808,572,530,246587,10632,305281,246700
809,610,579,245968,10672,305860,308900
810,607,573,245351,10716,306433,319800
811,549,571,244803,10693,307004,290500
812,587,531,244225,10740,307535,300700
813,566,575,243648,10742,308110,299500
814,572,504,243084,10802,308614,277300
815,561,563,242507,10816,309177,287300
816,553,577,241974,10772,309754,255800
817,570,532,241369,10845,310286,235900
818,513,513,240863,10838,310799,257500
819,556,607,240320,10774,311406,257800
820,538,562,239785,10747,311968,264600
821,526,542,239241,10749,312510,258000
822,592,565,238663,10762,313075,251600
823,519,558,238149,10718,313633,241400
824,514,556,237628,10683,314189,260200
825,519,578,237099,10634,314767,279800
826,511,535,236598,10600,315302,259300
827,505,562,236106,10530,315864,253500
828,573,579,235531,10526,316443,265600
829,513,527,235003,10527,316970,269800
830,554,521,234468,10541,317491,257200
831,544,505,233921,10583,317996,245100
832,540,543,233389,10572,318539,258700
833,531,548,232851,10562,319087,282000
834,587,524,232249,10640,319611,269700
835,539,519,231713,10657,320130,262500
836,505,572,231214,10584,320702,248100
837,508,565,230697,10536,321267,262700
838,526,538,230172,10523,321805,244200
839,558,554,229615,10526,322359,239300
840,535,549,229089,10503,322908,245900
841,540,523,228541,10528,323431,242800
842,518,549,228041,10479,323980,284100
843,518,572,227492,10456,324552,258700
844,540,593,226957,10398,325145,296500
845,562,525,226412,10418,325670,344800
846,525,509,225875,10446,326179,275400
847,542,541,225339,10441,326720,246100
848,530,537,224822,10421,327257,254400
849,518,542,224292,10409,327799,254500
850,496,534,223792,10375,328333,257500
851,549,500,223252,10415,328833,256900
852,514,522,222730,10415,329355,273400
853,546,584,222180,10381,329939,333300
854,563,556,221628,10377,330495,262500
855,515,544,221109,10352,331039,314800
856,505,523,220591,10347,331562,265000
857,533,504,220074,10360,332066,262800
858,524,541,219536,10357,332607,274000
859,503,527,219031,10335,333134,277600
860,558,539,218496,10331,333673,254800
861,532,510,217956,10361,334183,280000
862,558,533,217407,10377,334716,242500
863,520,515,216871,10398,335231,254000
864,497,546,216381,10342,335777,238300
865,512,545,215856,10322,336322,266600
866,573,518,215299,10361,336840,245000
867,559,547,214742,10371,337387,260700
868,506,551,214221,10341,337938,233300
869,539,530,213688,10344,338468,272800
870,505,520,213167,10345,338988,256800
871,517,603,212653,10256,339591,244700
872,511,517,212143,10249,340108,261300
873,473,575,211682,10135,340683,250600
874,496,529,211180,10108,341212,250500
875,519,551,210662,10075,341763,281600
876,500,499,210168,10070,342262,308500
877,521,517,209650,10071,342779,292400
878,530,527,209103,10091,343306,274800
879,534,567,208595,10032,343873,295500
880,510,511,208075,10041,344384,299400
881,531,507,207545,10064,344891,250900
882,499,529,207033,10047,345420,246900
883,519,511,206520,10049,345931,239600
884,531,516,205997,10056,346447,245100
885,495,563,205482,10008,347010,250300
886,505,545,204999,9946,347555,254200
887,503,508,204474,9963,348063,242000
888,475,523,204002,9912,348586,266200
889,485,517,203507,9890,349103,276200
890,492,515,203050,9832,349618,287500
891,526,502,202517,9863,350120,271300
892,523,519,201991,9870,350639,274400
893,521,521,201477,9863,351160,286300
894,499,496,200976,9868,351656,295300
895,476,482,200494,9868,352138,336500
896,556,534,199940,9888,352672,293700
897,493,513,199441,9874,353185,264000
898,514,487,198934,9894,353672,281300
899,517,499,198404,9925,354171,264600
900,517,516,197886,9927,354687,259800
901,505,472,197383,9958,355159,285600
902,483,557,196907,9877,355716,362400
903,508,501,196389,9894,356217,306700
904,481,525,195896,9862,356742,299200
905,495,528,195427,9803,357270,278100
906,528,502,194897,9831,357772,298400
907,541,520,194350,9858,358292,267400
908,485,522,193856,9830,358814,273600
909,518,500,193344,9842,359314,268400
910,529,551,192823,9812,359865,262200
911,506,503,192313,9819,360368,254800
912,486,534,191838,9760,360902,238100
913,470,483,191330,9785,361385,373300
914,496,484,190861,9770,361869,239000
915,533,492,190349,9790,362361,253300
916,522,504,189806,9829,362865,324200
917,477,545,189324,9766,363410,275900
918,526,460,188817,9813,363870,290900
919,502,529,188295,9806,364399,283900
920,488,515,187811,9775,364914,265200
921,515,485,187300,9801,365399,273300
922,448,511,186839,9751,365910,301300
923,471,476,186372,9742,366386,269200
924,466,483,185905,9726,366869,287800
925,472,508,185438,9685,367377,263100
926,486,507,184957,9659,367884,268500
927,475,479,184479,9658,368363,332000
928,490,482,183989,9666,368845,941600
929,523,502,183489,9664,369347,1354600
930,464,466,183006,9681,369813,1034200
931,506,476,182500,9711,370289,697200
932,498,511,181999,9701,370800,888400
933,512,505,181492,9703,371305,412800
934,511,507,180980,9708,371812,282800
935,502,491,180480,9717,372303,283700
936,532,526,179950,9721,372829,268200
937,512,488,179451,9732,373317,304000
938,531,524,178909,9750,373841,255900
939,508,492,178407,9760,374333,313000
940,523,533,177887,9747,374866,308500
941,507,533,177365,9736,375399,350500
942,441,532,176919,9650,375931,270700
943,482,496,176437,9636,376427,276400
944,513,489,175918,9666,376916,251400
945,499,509,175440,9635,377425,258900
946,491,515,174937,9623,377940,255200
947,485,500,174449,9611,378440,242800
948,525,478,173943,9639,378918,247800
949,501,484,173422,9676,379402,252100
950,490,456,172923,9719,379858,249300
951,518,473,172432,9737,380331,278900
952,463,507,171965,9697,380838,285600
953,520,524,171443,9695,381362,264100
954,523,445,170909,9784,381807,297400
955,497,518,170402,9773,382325,312100
956,497,519,169915,9741,382844,282100
957,516,566,169407,9683,383410,258100
958,454,491,168937,9662,383901,253600
959,474,484,168458,9657,384385,324400
960,476,435,167980,9700,384820,375200
961,460,498,167535,9647,385318,286700
962,507,564,167043,9575,385882,289800
963,511,533,166517,9568,386415,267900
964,526,507,166004,9574,386922,254500
965,480,512,165511,9555,387434,265500
966,479,455,165041,9570,387889,257300
967,538,504,164496,9611,388393,257000
968,455,491,164019,9597,388884,227900
969,515,485,163529,9602,389369,267100
970,532,484,162993,9654,389853,234300
971,500,486,162490,9671,390339,228600
972,542,465,161972,9724,390804,245100
973,551,563,161403,9730,391367,246700
974,503,489,160902,9742,391856,237000
975,503,505,160382,9757,392361,254100
976,541,494,159854,9791,392855,243900
977,499,528,159346,9771,393383,260300
978,495,488,158860,9769,393871,246200
979,520,495,158347,9787,394366,384000
980,486,498,157842,9794,394864,368300
981,516,524,157350,9762,395388,275800
982,485,533,156850,9729,395921,253200
983,513,497,156349,9733,396418,263600
984,497,518,155859,9705,396936,272800
985,538,501,155321,9742,397437,256000
986,522,516,154794,9753,397953,294400
987,535,480,154263,9804,398433,267300
988,530,491,153718,9858,398924,282000
989,507,514,153211,9851,399438,240600
990,506,517,152698,9847,399955,248700
991,513,519,152197,9829,400474,233400
992,481,507,151704,9815,400981,221300
993,528,504,151194,9821,401485,240400
994,515,492,150672,9851,401977,297300
995,520,487,150145,9891,402464,274200
996,531,495,149614,9927,402959,334600
997,491,510,149117,9914,403469,308000
998,505,501,148631,9899,403970,366300
999,491,503,148108,9919,404473,284600
1000,476,504,147668,9855,404977,235700
1001,476,471,147170,9882,405448,254500
1002,457,512,146712,9828,405960,268600
1003,505,500,146209,9831,406460,242700
1004,523,526,145699,9815,406986,228100
1005,500,495,145199,9820,407481,245400
1006,454,480,144736,9803,407961,272100
1007,455,517,144270,9752,408478,233900
1008,492,467,143791,9764,408945,233600
1009,490,499,143303,9753,409444,242300
1010,485,541,142812,9703,409985,277900
1011,475,474,142324,9717,410459,413100
1012,464,507,141873,9661,410966,292900
1013,464,474,141405,9655,411440,259200
1014,450,482,140954,9624,411922,272800
1015,468,500,140510,9568,412422,248200
1016,475,478,140007,9593,412900,264000
1017,456,492,139542,9566,413392,271300
1018,452,479,139083,9546,413871,274600
1019,431,523,138661,9445,414394,324200
1020,491,498,138183,9425,414892,251900
1021,481,469,137692,9447,415361,265400
1022,444,506,137254,9379,415867,258000
1023,492,470,136763,9400,416337,333000
1024,437,483,136323,9357,416820,296200
1025,457,435,135867,9378,417255,245300
1026,389,487,135476,9282,417742,296400
1027,418,541,135059,9158,418283,327300
1028,466,446,134596,9175,418729,300500
1029,439,463,134151,9157,419192,290100
1030,417,445,133735,9128,419637,237400
1031,494,468,133260,9135,420105,272400
1032,417,511,132818,9066,420616,281900
1033,437,481,132409,8994,421097,293900
1034,404,428,131977,8998,421525,280000
1035,418,488,131565,8922,422013,251800
1036,433,499,131139,8849,422512,240500
1037,397,437,130725,8826,422949,246300
1038,388,442,130328,8781,423391,252100
1039,432,469,129928,8712,423860,288800
1040,404,455,129500,8685,424315,256500
1041,423,461,129094,8630,424776,253000
1042,429,435,128663,8626,425211,250600
1043,418,435,128228,8626,425646,257700
1044,354,437,127875,8542,426083,248100
1045,397,418,127486,8513,426501,250000
1046,443,420,127045,8534,426921,255200
1047,415,429,126635,8515,427350,254200
1048,386,434,126248,8468,427784,251000
1049,440,433,125811,8472,428217,262500
1050,389,421,125421,8441,428638,229200
1051,404,402,125011,8449,429040,258800
1052,445,452,124569,8439,429492,328400
1053,426,421,124135,8452,429913,297700
1054,395,399,123740,8448,430312,260800
1055,429,426,123328,8434,430738,262800
1056,418,418,122909,8435,431156,245500
1057,393,440,122505,8399,431596,267700
1058,404,438,122108,8358,432034,265700
1059,394,444,121710,8312,432478,287000
1060,389,445,121314,8263,432923,321900
1061,426,461,120905,8211,433384,263500
1062,396,445,120489,8182,433829,264400
1063,406,398,120089,8184,434227,223300
1064,423,403,119677,8193,434630,239000
1065,399,420,119276,8174,435050,256700
1066,412,407,118860,8183,435457,238600
1067,390,427,118459,8157,435884,278600
1068,398,458,118061,8097,436342,247700
1069,391,410,117681,8067,436752,255500
1070,368,428,117286,8034,437180,243200
1071,405,416,116899,8005,437596,213500
1072,393,412,116510,7982,438008,263600
1073,378,413,116138,7941,438421,255600
1074,384,428,115749,7902,438849,282800
1075,365,413,115377,7861,439262,262000
1076,394,363,114989,7886,439625,251300
1077,376,427,114620,7828,440052,281900
1078,364,409,114260,7779,440461,256200
1079,370,383,113875,7781,440844,283700
1080,377,378,113484,7794,441222,268300
1081,419,391,113085,7802,441613,271500
1082,344,386,112730,7771,441999,262700
1083,350,413,112373,7715,442412,281700
1084,371,398,112003,7687,442810,272200
1085,384,352,111626,7712,443162,270400
1086,375,369,111254,7715,443531,260600
1087,382,407,110881,7681,443938,267600
1088,351,402,110522,7638,444340,246400
1089,362,400,110158,7602,444740,251700
1090,344,390,109808,7562,445130,267700
1091,328,400,109478,7492,445530,266000
1092,350,363,109139,7468,445893,240900
1093,301,375,108828,7404,446268,264100
1094,361,382,108471,7379,446650,264200
1095,329,415,108139,7296,447065,255900
1096,359,383,107780,7272,447448,234200
1097,342,354,107450,7248,447802,261100
1098,322,372,107111,7215,448174,272000
1099,345,373,106785,7168,448547,239100
1100,306,389,106455,7109,448936,251100
1101,322,370,106130,7064,449306,244900
1102,314,381,105830,6983,449687,295400
1103,339,405,105492,6916,450092,233600
1104,298,367,105191,6850,450459,256300
1105,328,331,104878,6832,450790,259700
1106,337,352,104526,6832,451142,218300
1107,311,373,104209,6776,451515,249700
1108,340,378,103869,6738,451893,250400
1109,347,338,103543,6726,452231,286400
1110,324,346,103195,6728,452577,280200
1111,334,347,102866,6710,452924,322100
1112,316,365,102554,6657,453289,273700
1113,312,359,102241,6611,453648,350800
1114,375,315,101863,6674,453963,284300
1115,300,387,101553,6597,454350,254100
1116,324,336,101241,6573,454686,231000
1117,339,353,100896,6565,455039,212300
1118,323,343,100571,6547,455382,262900
1119,357,337,100224,6557,455719,262000
1120,319,333,99907,6541,456052,251600
1121,331,336,99581,6531,456388,218500
1122,343,330,99237,6545,456718,438700
1123,395,358,98845,6579,457076,249600
1124,369,348,98472,6604,457424,263300
1125,323,379,98140,6557,457803,231100
1126,322,360,97822,6515,458163,243800
1127,329,320,97495,6522,458483,234300
1128,350,349,97153,6515,458832,214200
1129,309,342,96824,6502,459174,222100
1130,345,309,96485,6532,459483,217100
1131,332,334,96158,6525,459817,253700
1132,334,352,95835,6496,460169,273500
1133,345,354,95481,6496,460523,261900
1134,361,323,95131,6523,460846,243000
1135,362,300,94758,6596,461146,262500
1136,309,317,94452,6585,461463,275400
1137,340,336,94113,6588,461799,259500
1138,345,346,93766,6589,462145,268900
1139,335,383,93443,6529,462528,252500
1140,360,314,93064,6594,462842,254000
1141,340,353,92724,6581,463195,240000
1142,314,322,92411,6572,463517,250900
1143,346,355,92073,6555,463872,235500
1144,340,333,91734,6561,464205,267700
1145,329,347,91397,6551,464552,253900
1146,292,330,91103,6515,464882,239700
1147,347,358,90757,6503,465240,226800
1148,318,327,90429,6504,465567,239600
1149,309,330,90137,6466,465897,254600
1150,335,301,89786,6516,466198,240200
1151,350,328,89454,6520,466526,219900
1152,357,336,89083,6555,466862,226000
1153,328,357,88751,6530,467219,234200
1154,327,336,88421,6524,467555,263300
1155,362,369,88082,6494,467924,211200
1156,325,333,87763,6480,468257,256300
1157,321,336,87414,6493,468593,247500
1158,317,334,87110,6463,468927,263900
1159,308,356,86796,6421,469283,246900
1160,314,330,86485,6402,469613,238900
1161,321,320,86158,6409,469933,243500
1162,301,323,85853,6391,470256,255800
1163,311,309,85549,6386,470565,263400
1164,315,335,85249,6351,470900,244300
1165,316,351,84925,6324,471251,262700
1166,336,329,84586,6334,471580,325000
1167,328,293,84259,6368,471873,247900
1168,277,338,83970,6319,472211,222200
1169,312,335,83667,6287,472546,217500
1170,334,333,83349,6272,472879,219000
1171,304,310,83036,6275,473189,231800
1172,326,348,82697,6266,473537,215900
1173,319,342,82393,6228,473879,225900
1174,333,324,82060,6237,474203,231900
1175,305,318,81747,6232,474521,257400
1176,331,338,81425,6216,474859,306800
1177,303,303,81120,6218,475162,266200
1178,299,318,80823,6197,475480,245200
1179,286,323,80522,6175,475803,273000
1180,273,331,80249,6117,476134,262300
1181,336,334,79923,6109,476468,263700
1182,284,306,79636,6090,476774,269400
1183,274,279,79352,6095,477053,246400
1184,298,335,79057,6055,477388,263800
1185,294,311,78765,6036,477699,218200
1186,298,323,78463,6015,478022,235500
1187,262,327,78198,5953,478349,244000
1188,309,313,77910,5928,478662,303600
1189,276,330,77628,5880,478992,239400
1190,283,303,77335,5870,479295,192200
1191,286,322,77055,5828,479617,224300
1192,294,301,76762,5820,479918,208900
1193,290,305,76466,5811,480223,209500
1194,290,308,76191,5778,480531,218500
1195,296,285,75883,5801,480816,213300
1196,338,268,75541,5875,481084,250300
1197,275,298,75270,5848,481382,215500
1198,288,302,74981,5835,481684,214200
1199,290,304,74693,5819,481988,210100
1200,277,279,74418,5815,482267,210000
1201,278,309,74133,5791,482576,206900
1202,306,287,73831,5806,482863,218900
1203,276,286,73557,5794,483149,304400
1204,289,321,73253,5777,483470,280200
1205,276,296,72993,5741,483766,264700
1206,291,287,72698,5749,484053,267600
1207,283,308,72408,5731,484361,249200
1208,277,255,72133,5751,484616,250100
1209,319,291,71818,5775,484907,231000
1210,278,314,71539,5740,485221,229700
1211,277,304,71260,5715,485525,264800
1212,292,293,70982,5700,485818,245200
1213,283,314,70697,5671,486132,264000
1214,272,281,70407,5680,486413,265300
1215,273,292,70135,5660,486705,268400
1216,253,287,69882,5626,486992,254500
1217,301,289,69595,5624,487281,218600
1218,268,296,69316,5607,487577,214600
1219,287,261,69032,5630,487838,213900
1220,296,288,68741,5633,488126,229300
1221,310,282,68425,5667,488408,277700
1222,267,281,68154,5657,488689,270100
1223,274,299,67887,5625,488988,285000
1224,247,303,67629,5580,489291,231200
1225,281,278,67351,5580,489569,235000
1226,286,292,67078,5561,489861,229300
1227,282,307,66801,5531,490168,219100
1228,271,280,66507,5545,490448,411300
1229,253,282,66259,5511,490730,239500
1230,286,279,65976,5515,491009,221300
1231,266,298,65712,5481,491307,228900
1232,284,266,65427,5500,491573,235900
1233,244,294,65177,5456,491867,269400
1234,278,300,64904,5429,492167,251200
1235,277,291,64625,5417,492458,238000
1236,256,273,64370,5399,492731,228300
1237,248,304,64123,5342,493035,245000
1238,250,288,63858,5319,493323,227800
1239,255,279,63614,5284,493602,225500
1240,252,252,63369,5277,493854,282600
1241,243,270,63116,5260,494124,237800
1242,260,270,62872,5234,494394,244500
1243,260,293,62602,5211,494687,233000
1244,233,268,62359,5186,494955,217600
1245,273,264,62094,5187,495219,217100
1246,256,284,61832,5165,495503,221100
1247,250,220,61587,5190,495723,229800
1248,289,292,61307,5178,496015,227000
1249,268,287,61032,5166,496302,260300
1250,228,291,60790,5117,496593,254000
1251,254,257,60553,5097,496850,256200
1252,274,275,60277,5098,497125,258700
1253,264,264,60011,5100,497389,271300
1254,253,256,59767,5088,497645,226100
1255,230,273,59531,5051,497918,411700
1256,233,269,59299,5014,498187,242200
1257,243,286,59049,4978,498473,211500
1258,234,256,58806,4965,498729,219900
1259,227,259,58583,4929,498988,192200
1260,248,250,58336,4926,499238,221600
1261,227,268,58116,4878,499506,296300
1262,230,229,57882,4883,499735,221100
1263,234,240,57650,4875,499975,212500
1264,243,263,57411,4851,500238,227800
1265,230,244,57175,4843,500482,271400
1266,247,258,56938,4822,500740,267600
1267,236,246,56696,4818,500986,256400
1268,204,252,56491,4771,501238,249900
1269,220,239,56281,4742,501477,245100
1270,268,263,55992,4768,501740,224200
1271,251,266,55761,4733,502006,226600
1272,251,229,55509,4756,502235,235000
1273,245,243,55265,4757,502478,232300
1274,264,246,54994,4782,502724,201100
1275,246,230,54747,4799,502954,209900
1276,257,274,54486,4786,503228,226800
1277,275,256,54225,4791,503484,204000
1278,264,245,53951,4820,503729,329700
1279,244,247,53699,4825,503976,219800
1280,233,253,53471,4800,504229,243400
1281,258,226,53217,4828,504455,248900
1282,215,239,52994,4812,504694,245200
1283,245,275,52762,4769,504969,210900
1284,270,232,52477,4822,505201,227900
1285,253,221,52240,4838,505422,239200
1286,240,231,51988,4859,505653,233200
1287,234,273,51754,4820,505926,204000
1288,226,267,51528,4779,506193,211700
1289,273,240,51253,4814,506433,237500
1290,236,221,51019,4827,506654,275400
1291,213,234,50808,4804,506888,237800
1292,235,241,50578,4793,507129,242100
1293,229,241,50344,4786,507370,262200
1294,239,215,50099,4816,507585,245100
1295,256,270,49839,4806,507855,197100
1296,240,256,49616,4773,508111,231300
1297,261,253,49350,4786,508364,237200
1298,272,247,49083,4806,508611,230900
1299,252,234,48840,4815,508845,224900
1300,249,260,48584,4811,509105,561200
1301,231,262,48350,4783,509367,257800
1302,249,229,48093,4811,509596,229200
1303,240,235,47867,4802,509831,260000
1304,251,226,47605,4838,510057,241800
1305,248,283,47372,4788,510340,254200
1306,266,250,47090,4820,510590,239600
1307,221,254,46860,4796,510844,223000
1308,266,245,46605,4806,511089,215500
1309,257,248,46350,4813,511337,239900
1310,225,239,46126,4798,511576,244400
1311,225,226,45901,4797,511802,243800
1312,251,248,45645,4805,512050,235300
1313,210,238,45431,4781,512288,224900
1314,228,239,45215,4758,512527,214600
1315,199,256,45000,4717,512783,216000
1316,213,239,44795,4683,513022,242900
1317,233,249,44574,4655,513271,233400
1318,244,249,44308,4672,513520,231900
1319,221,239,44092,4649,513759,216000
1320,234,219,43857,4665,513978,235100
1321,220,237,43647,4638,514215,216200
1322,238,207,43417,4661,514422,248600
1323,209,248,43182,4648,514670,318800
1324,219,219,42972,4639,514889,236900
1325,211,229,42763,4619,515118,228400
1326,271,250,42505,4627,515368,246500
1327,216,246,42277,4609,515614,226900
1328,221,269,42059,4558,515883,216400
1329,221,227,41826,4564,516110,198700
1330,223,238,41604,4548,516348,191400
1331,219,243,41384,4525,516591,197600
1332,233,261,41169,4479,516852,207100
1333,189,231,40957,4460,517083,198000
1334,239,248,40742,4427,517331,220300
1335,225,227,40505,4437,517558,250500
1336,204,225,40306,4411,517783,268100
1337,206,226,40090,4401,518009,260800
1338,219,220,39873,4398,518229,295100
1339,210,251,39654,4366,518480,244000
1340,196,240,39468,4312,518720,227300
1341,187,214,39269,4297,518934,206100
1342,210,209,39072,4285,519143,211700
1343,211,192,38868,4297,519335,229600
1344,220,223,38641,4301,519558,206700
1345,199,207,38436,4299,519765,238100
1346,230,223,38215,4297,519988,415800
1347,182,216,38016,4280,520204,247500
1348,184,221,37838,4237,520425,238600
1349,180,211,37665,4199,520636,223400
1350,179,227,37477,4160,520863,279900
1351,198,210,37299,4128,521073,246200
1352,190,215,37092,4120,521288,230300
1353,187,214,36905,4093,521502,196000
1354,192,214,36712,4072,521716,211200
1355,189,211,36530,4043,521927,235300
1356,217,201,36326,4046,522128,209600
1357,201,211,36116,4045,522339,230600
1358,196,208,35912,4041,522547,247000
1359,181,208,35728,4017,522755,257500
1360,201,201,35542,4002,522956,277700
1361,204,219,35333,3992,523175,259600
1362,202,208,35120,3997,523383,234300
1363,170,201,34942,3974,523584,231400
1364,202,218,34759,3939,523802,229400
1365,179,228,34566,3904,524030,255600
1366,194,197,34384,3889,524227,201500
1367,188,208,34190,3875,524435,248900
1368,230,188,33963,3914,524623,212100
1369,187,203,33782,3892,524826,246000
1370,183,218,33590,3866,525044,241200
1371,198,194,33394,3868,525238,253400
1372,184,193,33206,3863,525431,230700
1373,195,219,33010,3840,525650,238800
1374,201,187,32823,3840,525837,211400
1375,184,194,32639,3830,526031,222500
1376,163,218,32464,3787,526249,209400
1377,185,197,32290,3764,526446,215500
1378,170,176,32102,3776,526622,240200
1379,178,203,31931,3744,526825,219000
1380,191,181,31742,3752,527006,218800
1381,171,180,31562,3752,527186,227900
1382,165,188,31404,3722,527374,215700
1383,195,170,31212,3744,527544,216900
1384,183,197,31028,3731,527741,229400
1385,179,192,30843,3724,527933,215700
1386,182,205,30667,3695,528138,238300
1387,172,174,30497,3691,528312,229400
1388,175,203,30315,3670,528515,210400
1389,169,202,30146,3637,528717,214800
1390,181,164,29965,3654,528881,223400
1391,192,172,29776,3671,529053,214100
1392,167,177,29609,3661,529230,214000
1393,158,186,29440,3644,529416,292100
1394,169,170,29281,3633,529586,253200
1395,167,210,29120,3584,529796,233500
1396,182,187,28931,3586,529983,218700
1397,167,182,28766,3569,530165,213500
1398,161,190,28609,3536,530355,207600
1399,171,161,28429,3555,530516,217500
1400,169,180,28271,3533,530696,224400
1401,169,190,28089,3525,530886,203900
1402,141,157,27956,3501,531043,196900
1403,158,163,27790,3504,531206,219800
1404,143,176,27654,3464,531382,229000
1405,147,184,27500,3434,531566,219600
1406,137,194,27365,3375,531760,214400
1407,136,172,27224,3344,531932,215000
1408,140,159,27086,3323,532091,227600
1409,139,193,26945,3271,532284,227600
1410,149,184,26798,3234,532468,199700
1411,139,172,26662,3198,532640,227500
1412,146,180,26509,3171,532820,229800
1413,143,132,26376,3172,532952,227800
1414,115,171,26249,3128,533123,229500
1415,139,153,26109,3115,533276,205100
1416,150,162,25970,3092,533438,235100
1417,132,168,25833,3061,533606,298600
1418,131,144,25704,3046,533750,248400
1419,117,175,25585,2990,533925,239100
1420,138,186,25444,2945,534111,213900
1421,132,145,25315,2929,534256,205800
1422,141,163,25179,2902,534419,221600
1423,131,151,25044,2886,534570,214100
1424,128,160,24913,2857,534730,243200
1425,116,145,24790,2835,534875,219700
1426,146,136,24665,2824,535011,197400
1427,126,155,24527,2807,535166,212900
1428,139,131,24387,2816,535297,201200
1429,125,164,24263,2776,535461,201000
1430,127,147,24131,2761,535608,251800
1431,143,140,23990,2762,535748,230200
1432,132,150,23859,2743,535898,217800
1433,100,139,23754,2709,536037,244800
1434,114,142,23645,2676,536179,269000
1435,113,135,23532,2654,536314,247400
1436,120,138,23413,2635,536452,242400
1437,95,137,23308,2603,536589,241300
1438,103,134,23220,2557,536723,210000
1439,122,137,23090,2550,536860,223100
1440,122,113,22968,2559,536973,223800
1441,144,155,22828,2544,537128,256900
1442,124,148,22701,2523,537276,233600
1443,124,136,22584,2504,537412,210800
1444,122,146,22459,2483,537558,213100
1445,109,131,22343,2468,537689,211400
1446,124,134,22225,2452,537823,201600
1447,109,122,22118,2437,537945,201100
1448,103,124,22011,2420,538069,207500
1449,92,120,21913,2398,538189,221000
1450,130,121,21785,2405,538310,202500
1451,118,106,21672,2412,538416,220300
1452,107,142,21561,2381,538558,208900
1453,96,133,21473,2336,538691,221500
1454,105,132,21362,2315,538823,207300
1455,101,116,21258,2303,538939,211100
1456,99,107,21162,2292,539046,192400
1457,98,125,21062,2267,539171,191200
1458,97,99,20967,2263,539270,225700
1459,111,137,20854,2239,539407,211900
1460,78,132,20773,2188,539539,233700
1461,91,98,20691,2172,539637,216500
1462,91,124,20597,2142,539761,223100
1463,92,102,20501,2136,539863,211700
1464,96,104,20408,2125,539967,237700
1465,111,118,20298,2117,540085,242000
1466,111,108,20185,2122,540193,271700
1467,94,110,20090,2107,540303,233400
1468,108,104,19982,2111,540407,211400
1469,106,109,19873,2111,540516,223300
1470,103,110,19773,2101,540626,254300
1471,100,119,19674,2081,540745,197700
1472,104,99,19571,2085,540844,229600
1473,97,101,19473,2082,540945,212500
1474,87,101,19386,2068,541046,214400
1475,90,123,19296,2035,541169,222500
1476,77,106,19213,2012,541275,247900
1477,99,105,19121,1999,541380,233800
1478,97,105,19024,1991,541485,215000
1479,82,94,18941,1980,541579,215500
1480,96,98,18845,1978,541677,208700
1481,90,99,18753,1971,541776,199400
1482,85,90,18680,1954,541866,198900
1483,107,80,18566,1988,541946,211000
1484,83,114,18485,1955,542060,262900
1485,77,82,18405,1953,542142,235000
1486,98,106,18307,1945,542248,241800
1487,106,91,18196,1965,542339,222900
1488,98,111,18100,1950,542450,205900
1489,108,106,17990,1954,542556,208500
1490,98,110,17896,1938,542666,201000
1491,93,115,17798,1921,542781,230300
1492,90,104,17707,1908,542885,209300
1493,91,95,17616,1904,542980,206300
1494,78,95,17541,1884,543075,219000
1495,99,93,17442,1890,543168,210600
1496,81,100,17361,1871,543268,188600
1497,89,106,17271,1855,543374,200600
1498,82,100,17195,1831,543474,197000
1499,94,96,17098,1832,543570,197400
1500,91,104,17006,1820,543674,213900
1501,79,92,16923,1811,543766,206600
1502,79,95,16853,1786,543861,232400
1503,76,98,16772,1769,543959,219300
1504,83,76,16689,1776,544035,204700
1505,86,81,16604,1780,544116,219200
1506,83,77,16523,1784,544193,198700
1507,71,121,16442,1744,544314,220500
1508,72,94,16376,1716,544408,202600
1509,79,78,16299,1715,544486,194600
1510,66,95,16229,1690,544581,195300
1511,76,88,16152,1679,544669,389000
1512,77,72,16071,1688,544741,227700
1513,61,74,16015,1670,544815,196500
1514,86,89,15926,1670,544904,216700
1515,91,87,15842,1667,544991,203800
1516,58,85,15779,1645,545076,232800
1517,77,83,15702,1639,545159,220900
1518,76,82,15624,1635,545241,215000
1519,68,91,15564,1604,545332,202900
1520,59,85,15501,1582,545417,214600
1521,65,67,15438,1578,545484,195800
1522,57,78,15374,1564,545562,216200
1523,57,66,15318,1554,545628,200100
1524,71,105,15250,1517,545733,222500
1525,62,68,15189,1510,545801,212100
1526,60,82,15125,1492,545883,219000
1527,56,63,15066,1488,545946,198200
1528,55,80,15019,1455,546026,235100
1529,54,84,14957,1433,546110,194900
1530,58,73,14902,1415,546183,201900
1531,55,81,14852,1384,546264,204200
1532,61,68,14792,1376,546332,198800
1533,51,73,14736,1359,546405,192600
1534,68,63,14672,1360,546468,192200
1535,65,72,14605,1355,546540,188800
1536,58,71,14547,1342,546611,191800
1537,53,76,14491,1322,546687,202000
1538,61,83,14436,1294,546770,199800
1539,48,70,14382,1278,546840,210200
1540,49,48,14331,1281,546888,211500
1541,58,64,14279,1269,546952,206800
1542,48,64,14227,1257,547016,310800
1543,57,72,14172,1240,547088,214300
1544,63,75,14115,1222,547163,221800
1545,50,68,14057,1212,547231,207100
1546,50,58,14011,1200,547289,207900
1547,53,64,13959,1188,547353,186200
1548,51,80,13903,1164,547433,220700
1549,52,55,13850,1162,547488,209300
1550,49,61,13802,1149,547549,207100
1551,62,50,13742,1159,547599,198700
1552,62,58,13681,1162,547657,195900
1553,68,70,13617,1156,547727,204400
1554,60,71,13549,1153,547798,226000
1555,62,74,13499,1129,547872,238600
1556,44,57,13450,1121,547929,218700
1557,64,43,13382,1146,547972,198600
1558,61,59,13325,1144,548031,238500
1559,66,54,13264,1151,548085,217600
1560,64,67,13197,1151,548152,202900
1561,61,53,13127,1168,548205,219900
1562,57,61,13072,1162,548266,212100
1563,46,52,13025,1157,548318,196300
1564,63,67,12968,1147,548385,214700
1565,43,38,12920,1157,548423,212000
1566,58,62,12865,1150,548485,207300
1567,55,52,12808,1155,548537,210900
1568,64,48,12745,1170,548585,213900
1569,59,61,12683,1171,548646,203000
1570,41,59,12646,1149,548705,200800
1571,58,72,12588,1135,548777,199300
1572,56,64,12530,1129,548841,205700
1573,43,59,12482,1118,548900,227500
1574,45,67,12437,1096,548967,205000
1575,44,63,12399,1071,549030,229400
1576,42,62,12351,1057,549092,213000
1577,52,64,12310,1034,549156,214100
1578,40,55,12266,1023,549211,200200
1579,63,56,12199,1034,549267,191400
1580,41,59,12155,1019,549326,205500
1581,50,48,12111,1015,549374,194100
1582,41,52,12064,1010,549426,212700
1583,40,49,12025,1000,549475,212100
1584,56,46,11974,1005,549521,207900
1585,34,47,11934,998,549568,208100
1586,51,53,11882,997,549621,197700
1587,66,57,11819,1003,549678,212900
1588,58,63,11772,987,549741,202300
1589,31,41,11727,991,549782,216000
1590,40,48,11693,977,549830,208500
1591,40,52,11655,963,549882,192800
1592,41,57,11611,950,549939,200200
1593,31,43,11576,942,549982,217700
1594,29,40,11548,930,550022,256300
1595,42,52,11510,916,550074,210400
1596,38,53,11471,902,550127,211300
1597,37,52,11430,891,550179,205800
1598,54,44,11385,892,550223,207100
1599,29,53,11348,876,550276,195300
1600,44,33,11312,879,550309,199300
1601,33,48,11270,873,550357,193900
1602,44,47,11227,869,550404,218000
1603,40,49,11188,859,550453,194900
1604,50,40,11146,861,550493,196500
1605,49,41,11091,875,550534,216500
1606,48,50,11041,875,550584,215200
1607,32,54,11009,853,550638,205300
1608,42,47,10969,846,550685,189200
1609,56,43,10910,862,550728,206100
1610,47,52,10868,852,550780,194700
1611,49,36,10819,865,550816,225500
1612,57,52,10759,873,550868,203700
1613,28,48,10728,856,550916,218800
1614,46,44,10685,855,550960,181200
1615,40,46,10646,848,551006,203900
1616,42,42,10603,849,551048,202100
1617,43,37,10559,856,551085,218400
1618,46,40,10517,858,551125,207500
1619,39,59,10475,841,551184,230000
1620,31,44,10444,828,551228,204100
1621,33,45,10414,813,551273,216600
1622,27,35,10381,811,551308,209500
1623,31,42,10352,798,551350,196100
1624,32,47,10322,781,551397,212800
1625,33,47,10286,770,551444,194400
1626,26,40,10258,758,551484,189000
1627,27,33,10233,750,551517,248300
1628,40,41,10192,750,551558,254000
1629,27,36,10166,740,551594,226700
1630,28,34,10138,734,551628,219200
1631,39,44,10100,728,551672,220700
1632,29,49,10068,711,551721,210500
1633,24,40,10043,696,551761,213700
1634,30,35,10015,689,551796,203800
1635,33,40,9985,679,551836,206300
1636,23,35,9958,671,551871,204400
1637,22,37,9936,656,551908,206300
1638,25,41,9915,636,551949,220000
1639,15,25,9899,627,551974,208200
1640,26,32,9869,625,552006,204600
1641,17,33,9851,610,552039,196900
1642,24,37,9830,594,552076,193800
1643,27,33,9803,588,552109,205100
1644,19,20,9786,585,552129,194700
1645,30,31,9754,586,552160,203600
1646,16,28,9738,574,552188,183700
1647,19,26,9719,567,552214,218100
1648,21,34,9698,554,552248,203400
1649,20,21,9678,553,552269,209900
1650,28,30,9654,547,552299,184000
1651,21,21,9627,553,552320,207300
1652,26,27,9603,550,552347,182000
1653,22,30,9581,542,552377,198800
1654,20,33,9561,529,552410,213900
1655,27,29,9536,525,552439,212200
1656,26,26,9508,527,552465,210300
1657,20,32,9488,515,552497,194300
1658,14,30,9473,500,552527,197600
1659,21,23,9455,495,552550,225300
1660,17,32,9435,483,552582,194400
1661,25,24,9409,485,552606,198600
1662,19,18,9394,482,552624,213100
1663,18,23,9379,474,552647,203100
1664,24,23,9353,477,552670,209500
1665,31,29,9320,481,552699,192400
1666,16,33,9305,463,552732,231800
1667,20,19,9284,465,552751,189000
1668,28,28,9258,463,552779,201600
1669,21,20,9236,465,552799,206100
1670,34,30,9202,469,552829,192400
1671,24,18,9180,473,552847,202400
1672,28,21,9149,483,552868,209400
1673,25,28,9122,482,552896,202200
1674,35,23,9088,493,552919,230900
1675,22,30,9065,486,552949,189300
1676,16,18,9049,484,552967,201900
1677,20,21,9031,481,552988,202500
1678,18,32,9010,470,553020,192000
1679,16,29,8995,456,553049,214000
1680,18,24,8978,449,553073,201200
1681,27,30,8951,446,553103,196100
1682,18,31,8932,434,553134,209100
1683,18,22,8920,424,553156,223400
1684,13,24,8900,420,553180,227000
1685,8,19,8892,409,553199,205600
1686,11,22,8883,396,553221,207400
1687,13,17,8867,395,553238,218300
1688,7,17,8861,384,553255,183900
1689,10,20,8851,374,553275,191400
1690,15,17,8839,369,553292,202200
1691,15,11,8823,374,553303,185600
1692,8,16,8814,367,553319,187600
1693,8,14,8807,360,553333,221000
1694,14,24,8792,351,553357,192200
1695,10,10,8782,351,553367,222200
1696,6,23,8775,335,553390,214100
1697,9,15,8766,329,553405,215600
1698,13,19,8754,322,553424,208900
1699,13,19,8740,317,553443,207600
1700,14,30,8726,301,553473,282800
1701,1,16,8724,287,553489,204800
1702,14,16,8713,282,553505,234800
1703,11,14,8699,282,553519,211000
1704,8,17,8695,269,553536,219200
1705,9,15,8684,265,553551,202900
1706,3,11,8679,259,553562,225000
1707,9,24,8672,242,553586,178400
1708,11,11,8661,242,553597,9023100
1709,10,4,8652,247,553601,334800
1710,6,13,8644,242,553614,306600
1711,7,8,8638,240,553622,245000
1712,10,11,8626,241,553633,238200
1713,9,15,8618,234,553648,225600
1714,6,6,8611,235,553654,227800
1715,7,6,8606,234,553660,207300
1716,4,14,8600,226,553674,182200
1717,7,12,8595,219,553686,190700
1718,7,19,8586,209,553705,187900
1719,4,16,8583,196,553721,188400
1720,3,8,8580,191,553729,178700
1721,1,9,8578,184,553738,167200
1722,5,7,8575,180,553745,193800
1723,4,10,8570,175,553755,187700
1724,1,14,8568,163,553769,198300
1725,3,1,8565,165,553770,188000
1726,1,6,8564,160,553776,216300
1727,3,7,8561,156,553783,189300
1728,0,8,8561,148,553791,180900
1729,3,8,8558,143,553799,187000
1730,3,7,8556,138,553806,193400
1731,2,4,8553,137,553810,209600
1732,4,4,8549,137,553814,230600
1733,0,5,8549,132,553819,228000
1734,4,5,8545,131,553824,197000
1735,8,5,8538,133,553829,195000
1736,2,8,8535,128,553837,257200
1737,0,5,8535,123,553842,216000
1738,3,7,8532,119,553849,234000
1739,1,8,8531,112,553857,199600
1740,3,10,8528,105,553867,215400
1741,5,4,8524,105,553871,227600
1742,2,8,8521,100,553879,327800
1743,1,2,8520,99,553881,203500
1744,2,6,8518,95,553887,210500
1745,6,6,8514,93,553893,194400
1746,2,3,8511,93,553896,184600
1747,4,5,8506,93,553901,186100
1748,0,3,8506,90,553904,196800
1749,5,4,8502,90,553908,214000
1750,3,3,8500,89,553911,183000
1751,3,4,8495,90,553915,251900
1752,1,5,8495,85,553920,204900
1753,2,4,8493,83,553924,193300
1754,0,5,8492,79,553929,178600
1755,0,3,8492,76,553932,178900
1756,3,6,8490,72,553938,176800
1757,1,4,8488,70,553942,191500
1758,0,4,8488,66,553946,180300
1759,0,4,8488,62,553950,184300
1760,0,5,8488,57,553955,191300
1761,0,2,8488,55,553957,181300
1762,0,2,8488,53,553959,196400
1763,0,3,8488,50,553962,222200
1764,1,2,8487,49,553964,181100
1765,0,1,8487,48,553965,211100
1766,2,1,8485,49,553966,189800
1767,0,4,8485,45,553970,196300
1768,0,1,8485,44,553971,173800
1769,0,0,8485,44,553971,170300
1770,0,4,8485,40,553975,194400
1771,0,2,8485,38,553977,204200
1772,0,0,8485,38,553977,213800
1773,0,1,8485,37,553978,231300
1774,0,4,8485,33,553982,185200
1775,0,1,8485,32,553983,225300
1776,1,1,8484,32,553984,197000
1777,0,0,8484,32,553984,175000
1778,0,2,8484,30,553986,183900
1779,0,1,8484,29,553987,182000
1780,0,2,8484,27,553989,203900
1781,0,1,8484,26,553990,182300
1782,0,1,8484,25,553991,197600
1783,0,2,8484,23,553993,182800
1784,0,4,8484,19,553997,198100
1785,0,0,8484,19,553997,191800
1786,0,0,8484,19,553997,191900
1787,0,0,8484,19,553997,192300
1788,0,1,8484,18,553998,187300
1789,0,2,8484,16,554000,226700
1790,0,2,8484,14,554002,249900
1791,0,0,8484,14,554002,197300
1792,0,0,8484,14,554002,182700
1793,0,1,8484,13,554003,185600
1794,0,1,8484,12,554004,194100
1795,0,0,8484,12,554004,189900
1796,0,0,8484,12,554004,200000
1797,0,0,8484,12,554004,241700
1798,0,0,8484,12,554004,208900
1799,0,0,8484,12,554004,198700
1800,0,0,8484,12,554004,193300
1801,0,1,8484,11,554005,205100
1802,0,1,8484,10,554006,225200
1803,0,0,8484,10,554006,244000
1804,0,0,8484,10,554006,244000
1805,0,0,8484,10,554006,224900
1806,0,0,8484,10,554006,213100
1807,0,0,8484,10,554006,263500
1808,0,0,8484,10,554006,254400
1809,0,1,8484,9,554007,317500
1810,0,0,8484,9,554007,243500
1811,0,1,8484,8,554008,239700
1812,0,0,8484,8,554008,234900
1813,0,1,8484,7,554009,270800
1814,0,0,8484,7,554009,771300
1815,0,0,8484,7,554009,1543200
1816,0,0,8484,7,554009,1035600
1817,0,1,8484,6,554010,668400
1818,0,1,8484,5,554011,818600
1819,0,0,8484,5,554011,249600
1820,0,0,8484,5,554011,213000
1821,0,1,8484,4,554012,217300
1822,0,0,8484,4,554012,359900
1823,0,0,8484,4,554012,230300
1824,0,0,8484,4,554012,214600
1825,0,0,8484,4,554012,214300
1826,0,0,8484,4,554012,262500
1827,0,0,8484,4,554012,200700
1828,0,0,8484,4,554012,237600
1829,0,0,8484,4,554012,263100
1830,0,0,8484,4,554012,206800
1831,0,0,8484,4,554012,219600
1832,0,0,8484,4,554012,233700
1833,0,0,8484,4,554012,203500
1834,0,0,8484,4,554012,194900
1835,0,0,8484,4,554012,223300
1836,0,0,8484,4,554012,203700
1837,0,0,8484,4,554012,212400
1838,0,0,8484,4,554012,207800
1839,0,0,8484,4,554012,203000
1840,0,0,8484,4,554012,202700
1841,0,1,8484,3,554013,225500
1842,0,0,8484,3,554013,228400
1843,0,0,8484,3,554013,205800
1844,0,1,8484,2,554014,216500
1845,0,0,8484,2,554014,263500
1846,0,0,8484,2,554014,236100
1847,0,0,8484,2,554014,277800
1848,0,0,8484,2,554014,210000
1849,0,0,8484,2,554014,213600
1850,0,1,8484,1,554015,220800
1851,0,0,8484,1,554015,209600
1852,0,0,8484,1,554015,222500
1853,0,0,8484,1,554015,207400
1854,0,0,8484,1,554015,200300
1855,0,0,8484,1,554015,244700
1856,0,0,8484,1,554015,196300
1857,0,0,8484,1,554015,240200
1858,0,0,8484,1,554015,212200
1859,0,0,8484,1,554015,217900
1860,0,0,8484,1,554015,205500
1861,0,0,8484,1,554015,231700
1862,0,0,8484,1,554015,229100
1863,0,0,8484,1,554015,216600
1864,0,0,8484,1,554015,230100
1865,0,0,8484,1,554015,254600
1866,0,0,8484,1,554015,373100
1867,0,0,8484,1,554015,256800
1868,0,0,8484,1,554015,248700
1869,0,0,8484,1,554015,218200
1870,0,0,8484,1,554015,221300
1871,0,0,8484,1,554015,205500
1872,0,0,8484,1,554015,198700
1873,0,0,8484,1,554015,219900
1874,0,0,8484,1,554015,234700
1875,0,0,8484,1,554015,216100
1876,0,0,8484,1,554015,203300
1877,0,0,8484,1,554015,201300
1878,0,0,8484,1,554015,263400
1879,0,0,8484,1,554015,237800
1880,0,0,8484,1,554015,372900
1881,0,0,8484,1,554015,221500
1882,0,1,8484,0,554016,259500
