Tick,NewlyInfected,NewlyRecovered,TotalSusceptible,TotalInfected,TotalRecovered,StepTimeNanos
0,2,0,562494,6,0,26233400
1,3,0,562490,10,0,556200
2,3,0,562487,13,0,445400
3,4,1,562485,14,1,2544100
4,6,1,562478,20,2,25669000
5,5,0,562473,25,2,3416500
6,2,2,562470,26,4,376000
7,13,3,562458,35,7,352100
8,8,2,562449,42,9,301000
9,11,0,562438,53,9,470900
10,8,2,562430,59,11,435700
11,8,4,562423,62,15,354300
12,7,2,562417,66,17,300200
13,15,6,562400,77,23,267300
14,12,3,562391,83,26,288800
15,15,8,562375,91,34,277400
16,20,7,562354,105,41,312500
17,19,4,562334,121,45,281500
18,14,4,562324,127,49,249200
19,19,1,562304,146,50,247300
20,8,10,562296,144,60,264800
21,24,8,562272,160,68,301200
22,22,9,562250,173,77,449000
23,14,14,562235,174,91,473300
24,12,12,562225,172,103,461000
25,14,11,562209,177,114,365200
26,22,13,562187,186,127,309700
27,18,11,562169,193,138,316900
28,20,7,562148,207,145,363900
29,23,10,562126,219,155,369200
30,22,11,562107,227,166,320300
31,34,9,562074,251,175,259500
32,25,19,562047,259,194,328800
33,36,13,562011,282,207,527900
34,29,16,561987,290,223,429800
35,38,12,561948,317,235,441800
36,34,15,561911,339,250,355100
37,25,13,561887,350,263,341000
38,36,23,561852,362,286,302000
39,29,22,561820,372,308,248500
40,40,21,561784,387,329,291100
41,35,26,561749,396,355,314700
42,31,21,561718,406,376,300600
43,37,12,561680,432,388,348800
44,27,32,561649,431,420,443100
45,42,21,561607,452,441,368800
46,44,25,561570,464,466,501500
47,33,33,561534,467,499,343300
48,41,26,561499,476,525,401600
49,53,33,561443,499,558,297200
50,45,32,561400,510,590,282800
51,44,21,561351,538,611,278000
52,39,28,561310,551,639,272500
53,44,27,561266,568,666,403600
54,58,29,561213,592,695,312800
55,49,30,561159,616,725,308900
56,50,33,561115,627,758,290000
57,43,35,561068,639,793,377300
58,41,47,561023,637,840,380300
59,45,34,560981,645,874,311900
60,55,28,560926,672,902,366200
61,37,36,560892,670,938,335000
62,40,29,560849,684,967,298700
63,60,44,560794,695,1011,349500
64,48,40,560745,704,1051,331800
65,48,38,560693,718,1089,359700
66,60,44,560634,733,1133,326500
67,65,38,560575,754,1171,274200
68,66,37,560510,782,1208,268500
69,53,47,560449,796,1255,231400
70,56,47,560396,802,1302,273800
71,63,31,560334,833,1333,282400
72,72,37,560263,867,1370,309800
73,77,48,560189,893,1418,331300
74,74,51,560115,916,1469,330600
75,78,51,560034,946,1520,306800
76,81,50,559954,976,1570,331400
77,91,52,559871,1007,1622,310600
78,74,53,559791,1034,1675,291500
79,84,57,559712,1056,1732,303000
80,64,47,559641,1080,1779,284700
81,88,62,559556,1103,1841,270500
82,84,47,559466,1146,1888,279800
83,82,46,559390,1176,1934,333600
84,86,69,559306,1191,2003,279100
85,66,49,559233,1215,2052,631200
86,92,64,559147,1237,2116,421200
87,91,73,559059,1252,2189,403400
88,93,63,558963,1285,2252,347300
89,83,53,558878,1317,2305,347700
90,90,72,558790,1333,2377,391700
91,69,63,558712,1348,2440,333900
92,89,68,558632,1360,2508,271300
93,114,74,558517,1401,2582,262300
94,87,87,558429,1402,2669,259800
95,78,66,558349,1416,2735,358500
96,103,77,558242,1446,2812,341800
97,92,74,558162,1452,2886,314400
98,107,77,558054,1483,2963,305000
99,91,92,557961,1484,3055,445300
100,99,66,557863,1516,3121,432000
101,97,69,557760,1550,3190,417400
102,115,100,557649,1561,3290,346800
103,130,93,557526,1591,3383,373200
104,99,88,557423,1606,3471,332300
105,96,81,557323,1625,3552,296800
106,99,84,557226,1638,3636,322200
107,84,86,557138,1640,3722,289000
108,108,77,557037,1664,3799,304900
109,132,70,556905,1726,3869,344400
110,115,91,556791,1749,3960,327600
111,122,102,556672,1766,4062,523500
112,115,96,556550,1792,4158,474400
113,112,84,556442,1816,4242,380100
114,113,103,556326,1829,4345,404800
115,111,105,556219,1831,4450,262900
116,130,84,556083,1883,4534,256300
117,129,92,555960,1914,4626,330000
118,120,103,555839,1932,4729,286500
119,127,100,555712,1959,4829,250400
120,124,122,555583,1966,4951,256700
121,144,98,555441,2010,5049,272500
122,132,117,555316,2018,5166,260600
123,126,114,555187,2033,5280,232700
124,138,90,555047,2083,5370,250400
125,130,111,554920,2099,5481,248300
126,132,101,554788,2130,5582,279400
127,133,135,554646,2137,5717,364800
128,163,107,554494,2182,5824,367900
129,164,103,554333,2240,5927,420100
130,143,107,554183,2283,6034,274600
131,150,124,554043,2299,6158,311700
132,145,104,553895,2343,6262,280400
133,157,133,553734,2371,6395,329900
134,129,119,553602,2384,6514,304900
135,143,151,553461,2374,6665,380400
136,144,102,553322,2411,6767,457200
137,140,117,553171,2445,6884,497100
138,140,123,553035,2458,7007,495700
139,152,135,552887,2471,7142,3435300
140,161,124,552721,2513,7266,393700
141,157,101,552570,2563,7367,430000
142,175,126,552399,2608,7493,359700
143,158,140,552232,2635,7633,335500
144,172,139,552063,2665,7772,278300
145,144,148,551914,2666,7920,355000
146,171,133,551747,2700,8053,306100
147,166,138,551581,2728,8191,323800
148,175,141,551415,2753,8332,323200
149,178,160,551238,2770,8492,270000
150,191,137,551043,2828,8629,290700
151,166,172,550878,2821,8801,240900
152,152,158,550723,2818,8959,346300
153,185,119,550543,2879,9078,263800
154,173,143,550369,2910,9221,293300
155,180,161,550191,2927,9382,256700
156,161,159,550016,2943,9541,313300
157,180,159,549848,2952,9700,286600
158,190,158,549660,2982,9858,242300
159,186,145,549472,3025,10003,259900
160,175,161,549301,3035,10164,345900
161,191,155,549107,3074,10319,329900
162,172,151,548939,3091,10470,297900
163,169,171,548751,3108,10641,277800
164,208,152,548547,3160,10793,258800
165,195,175,548361,3171,10968,269000
166,203,157,548154,3221,11125,336800
167,196,176,547971,3228,11301,274700
168,211,176,547754,3269,11477,220600
169,204,194,547554,3275,11671,264900
170,204,180,547351,3298,11851,244800
171,185,173,547161,3315,12024,223800
172,193,155,546965,3356,12179,243300
173,207,168,546752,3401,12347,212900
174,209,181,546550,3422,12528,245400
175,210,201,546339,3432,12729,240000
176,219,180,546120,3471,12909,258100
177,201,171,545925,3495,13080,511900
178,197,161,545721,3538,13241,281400
179,243,181,545495,3583,13422,267700
180,214,193,545264,3621,13615,279800
181,207,168,545054,3663,13783,418500
182,206,198,544862,3657,13981,265000
183,210,199,544642,3678,14180,250900
184,201,193,544444,3683,14373,279900
185,222,188,544219,3720,14561,230900
186,203,203,544023,3713,14764,245300
187,236,203,543783,3750,14967,249800
188,211,185,543570,3778,15152,226400
189,232,187,543343,3818,15339,240700
190,234,187,543113,3861,15526,235500
191,242,195,542877,3902,15721,239900
192,224,200,542642,3937,15921,217400
193,214,211,542423,3945,16132,239800
194,229,205,542202,3961,16337,233400
195,229,193,541976,3994,16530,497400
196,248,217,541724,4029,16747,268800
197,232,215,541499,4039,16962,274000
198,240,203,541260,4075,17165,252300
199,209,215,541043,4077,17380,253800
200,230,188,540808,4124,17568,239200
201,242,220,540571,4141,17788,213400
202,243,208,540337,4167,17996,257600
203,231,205,540098,4201,18201,241500
204,247,205,539840,4254,18406,271000
205,265,214,539590,4290,18620,254400
206,236,203,539341,4336,18823,244200
207,266,227,539092,4358,19050,210100
208,233,222,538840,4388,19272,225800
209,229,204,538615,4409,19476,189400
210,242,250,538383,4391,19726,214400
211,274,210,538111,4453,19936,228100
212,212,238,537890,4436,20174,214000
213,223,217,537666,4443,20391,433900
214,254,230,537418,4461,20621,249200
215,220,220,537196,4463,20841,269400
216,219,244,536980,4435,21085,241100
217,229,245,536749,4421,21330,290200
218,201,217,536547,4406,21547,278800
219,237,210,536315,4428,21757,406100
220,223,224,536087,4432,21981,282600
221,230,237,535854,4428,22218,289800
222,245,240,535614,4428,22458,240700
223,249,221,535372,4449,22679,206100
224,267,232,535102,4487,22911,289800
225,245,225,534853,4511,23136,237900
226,232,234,534622,4508,23370,231100
227,262,221,534353,4556,23591,219300
228,273,232,534093,4584,23823,248500
229,267,230,533825,4622,24053,231000
230,277,258,533549,4640,24311,435100
231,290,244,533257,4688,24555,328900
232,291,252,532972,4721,24807,278500
233,269,239,532707,4747,25046,287800
234,272,252,532423,4779,25298,228000
235,249,256,532176,4770,25554,399600
236,276,256,531907,4783,25810,261200
237,277,256,531623,4811,26066,221700
238,254,264,531362,4808,26330,232600
239,296,226,531082,4862,26556,246100
240,257,254,530821,4869,26810,219000
241,275,242,530549,4899,27052,301600
242,262,247,530275,4926,27299,305800
243,269,255,530009,4937,27554,277800
244,279,265,529736,4945,27819,264000
245,248,258,529482,4941,28077,277300
246,245,260,529238,4925,28337,253600
247,248,253,528994,4916,28590,283500
248,278,283,528723,4904,28873,283400
249,281,260,528432,4935,29133,325400
250,283,260,528149,4958,29393,395800
251,270,253,527878,4976,29646,277400
252,279,260,527597,4997,29906,230300
253,302,286,527307,5001,30192,244900
254,307,268,526993,5047,30460,237400
255,295,290,526697,5053,30750,238500
256,282,233,526412,5105,30983,237000
257,298,244,526124,5149,31227,280100
258,317,272,525802,5199,31499,263400
259,301,275,525504,5222,31774,302700
260,288,258,525221,5247,32032,255000
261,264,253,524947,5268,32285,233500
262,292,266,524664,5285,32551,245300
263,296,300,524355,5294,32851,208100
264,310,300,524058,5291,33151,214800
265,296,323,523755,5271,33474,379800
266,291,267,523461,5298,33741,301900
267,281,265,523181,5313,34006,262200
268,304,273,522887,5334,34279,269600
269,327,317,522549,5355,34596,274300
270,306,275,522249,5380,34871,249400
271,316,278,521935,5416,35149,269600
272,322,286,521606,5459,35435,266000
273,326,297,521293,5475,35732,252900
274,315,282,520972,5514,36014,264200
275,298,270,520668,5548,36284,246800
276,316,278,520351,5587,36562,241900
277,300,282,520044,5612,36844,229500
278,308,300,519748,5608,37144,238100
279,335,296,519415,5645,37440,240700
280,311,282,519089,5689,37722,219300
281,340,299,518773,5706,38021,227300
282,355,311,518411,5757,38332,279300
283,308,302,518108,5758,38634,541100
284,307,292,517794,5780,38926,274800
285,359,313,517436,5825,39239,269600
286,339,286,517083,5892,39525,302600
287,388,326,516721,5928,39851,267100
288,310,302,516403,5944,40153,259700
289,327,299,516070,5978,40452,273100
290,359,320,515727,6001,40772,309100
291,371,303,515352,6073,41075,270500
292,359,294,514999,6132,41369,278600
293,379,292,514614,6225,41661,329900
294,330,312,514271,6256,41973,232500
295,343,326,513941,6260,42299,247000
296,348,302,513594,6305,42601,209100
297,373,321,513205,6373,42922,246400
298,365,340,512846,6392,43262,230500
299,400,360,512463,6415,43622,226200
300,369,317,512077,6484,43939,236900
301,366,329,511709,6523,44268,454400
302,372,331,511345,6556,44599,249600
303,328,345,511022,6534,44944,255000
304,346,334,510662,6560,45278,276000
305,382,362,510293,6567,45640,235900
306,377,334,509914,6612,45974,230200
307,401,383,509503,6640,46357,232700
308,411,342,509100,6701,46699,275000
309,377,355,508723,6723,47054,239200
310,377,382,508346,6718,47436,273200
311,369,338,507981,6745,47774,300800
312,392,328,507591,6807,48102,255100
313,378,371,507212,6815,48473,292500
314,406,339,506808,6880,48812,243400
315,386,350,506423,6915,49162,239500
316,385,348,506044,6946,49510,252100
317,382,340,505659,6991,49850,246800
318,379,387,505275,6988,50237,237900
319,401,382,504869,7012,50619,390800
320,389,352,504495,7034,50971,235200
321,355,399,504120,7010,51370,225100
322,377,356,503760,7014,51726,236700
323,375,335,503371,7068,52061,227600
324,390,354,502980,7105,52415,256300
325,373,368,502616,7101,52783,235600
326,368,390,502237,7090,53173,245500
327,391,382,501844,7101,53555,251200
328,368,370,501476,7099,53925,244800
329,365,365,501118,7092,54290,241400
330,374,306,500742,7162,54596,260300
331,378,359,500356,7189,54955,295600
332,404,373,499959,7213,55328,326500
333,412,399,499566,7207,55727,355900
334,423,378,499121,7274,56105,283200
335,409,401,498732,7262,56506,259300
336,444,388,498299,7307,56894,256100
337,438,370,497858,7378,57264,229600
338,427,404,497416,7416,57668,275100
339,417,365,497004,7463,58033,305200
340,381,397,496604,7466,58430,345100
341,409,388,496214,7468,58818,320100
342,418,372,495792,7518,59190,321300
343,422,400,495355,7555,59590,279800
344,412,391,494960,7559,59981,274900
345,394,393,494558,7568,60374,256300
346,419,388,494135,7603,60762,285900
347,421,400,493735,7603,61162,233600
348,395,398,493329,7611,61560,245100
349,442,429,492889,7622,61989,293100
350,443,369,492448,7694,62358,268800
351,399,396,492027,7719,62754,20244100
352,398,405,491637,7704,63159,26058000
353,432,424,491220,7697,63583,4913100
354,426,374,490784,7759,63957,491600
355,396,419,490380,7744,64376,435200
356,429,421,489958,7745,64797,390500
357,431,396,489531,7776,65193,370600
358,454,433,489074,7800,65626,305100
359,392,427,488674,7773,66053,287700
360,425,428,488261,7758,66481,341600
361,396,385,487863,7771,66866,392500
362,422,419,487437,7778,67285,348500
363,453,428,486989,7798,67713,439500
364,429,385,486555,7847,68098,338500
365,389,412,486175,7815,68510,395400
366,439,401,485732,7857,68911,357600
367,405,392,485323,7874,69303,436900
368,399,440,484927,7830,69743,377500
369,419,448,484512,7797,70191,412900
370,426,419,484095,7795,70610,345200
371,451,428,483630,7832,71038,287600
372,431,427,483190,7845,71465,281700
373,425,391,482771,7873,71856,394900
374,455,425,482332,7887,72281,427200
375,447,400,481880,7939,72681,354800
376,425,403,481459,7957,73084,423800
377,489,419,480985,8012,73503,440700
378,446,425,480501,8071,73928,410500
379,440,385,480078,8109,74313,359600
380,467,435,479607,8145,74748,451600
381,448,394,479155,8203,75142,384100
382,455,452,478719,8187,75594,351700
383,457,450,478246,8210,76044,341800
384,415,419,477835,8202,76463,308000
385,431,424,477400,8213,76887,376100
386,452,427,476960,8226,77314,334500
387,452,430,476500,8256,77744,372100
388,469,429,476038,8289,78173,468600
389,506,440,475548,8339,78613,465100
390,488,436,475050,8401,79049,604000
391,468,416,474576,8459,79465,383400
392,460,425,474117,8493,79890,386500
393,463,435,473657,8518,80325,387000
394,489,443,473166,8566,80768,382900
395,504,462,472656,8614,81230,347500
396,497,446,472162,8662,81676,348700
397,444,419,471712,8693,82095,398900
398,464,454,471256,8695,82549,351200
399,502,451,470764,8736,83000,417700
400,481,448,470282,8770,83448,433100
401,444,499,469825,8728,83947,386300
402,525,418,469303,8832,84365,373600
403,545,461,468780,8894,84826,431200
404,510,470,468263,8941,85296,397500
405,495,474,467755,8975,85770,473900
406,494,475,467257,8998,86245,469700
407,479,496,466783,8976,86741,475800
408,500,461,466292,9006,87202,430900
409,463,455,465815,9028,87657,437500
410,497,477,465319,9047,88134,460900
411,521,418,464818,9130,88552,375600
412,442,494,464360,9094,89046,476300
413,515,474,463859,9121,89520,567800
414,492,460,463354,9166,89980,439200
415,507,494,462845,9181,90474,415200
416,516,514,462342,9170,90988,632900
417,521,434,461804,9274,91422,540200
418,527,489,461293,9296,91911,423300
419,524,455,460767,9367,92366,382300
420,525,503,460244,9387,92869,436400
421,631,494,459628,9509,93363,524400
422,534,474,459068,9595,93837,583700
423,506,496,458567,9600,94333,431400
424,513,485,458053,9629,94818,435500
425,524,439,457534,9709,95257,383800
426,541,527,456985,9731,95784,461200
427,533,514,456460,9742,96298,433700
428,534,533,455923,9746,96831,329400
429,511,533,455421,9715,97364,336300
430,511,529,454907,9700,97893,309800
431,522,494,454379,9734,98387,290000
432,526,525,453842,9746,98912,3186000
433,544,488,453329,9771,99400,450100
434,522,536,452765,9799,99936,383400
435,543,504,452251,9809,100440,312200
436,509,503,451737,9820,100943,342100
437,526,522,451211,9824,101465,284700
438,486,540,450714,9781,102005,278500
439,495,527,450236,9732,102532,269600
440,492,549,449731,9688,103081,382500
441,550,498,449182,9739,103579,264600
442,511,536,448669,9716,104115,294500
443,512,436,448176,9773,104551,285500
444,531,506,447626,9817,105057,304300
445,553,512,447092,9839,105569,347100
446,594,491,446481,9959,106060,351500
447,533,562,445937,9941,106622,375900
448,520,500,445409,9969,107122,338200
449,489,516,444941,9921,107638,290200
450,482,548,444447,9867,108186,365100
451,487,534,443981,9799,108720,342900
452,513,523,443468,9789,109243,306500
453,529,515,442925,9817,109758,348500
454,536,481,442403,9858,110239,337700
455,517,539,441863,9859,110778,284300
456,530,496,441356,9870,111274,277600
457,555,556,440788,9882,111830,285600
458,553,477,440237,9956,112307,316100
459,612,490,439652,10051,112797,279900
460,583,543,439062,10098,113340,326800
461,555,517,438504,10139,113857,332500
462,565,550,437942,10151,114407,301700
463,563,550,437381,10162,114957,265100
464,564,540,436799,10204,115497,278900
465,550,521,436249,10233,116018,301700
466,547,503,435708,10271,116521,506400
467,547,523,435159,10297,117044,305300
468,560,523,434591,10342,117567,293400
469,550,578,434056,10299,118145,309000
470,553,525,433492,10338,118670,297200
471,547,545,432950,10335,119215,263100
472,524,525,432426,10334,119740,284200
473,533,519,431890,10351,120259,322700
474,562,553,431332,10356,120812,256200
475,543,570,430779,10339,121382,285900
476,515,541,430272,10305,121923,272000
477,595,533,429681,10363,122456,266200
478,568,558,429108,10378,123014,293600
479,560,566,428553,10367,123580,271500
480,525,545,428020,10355,124125,273600
481,555,538,427471,10366,124663,245300
482,559,549,426918,10370,125212,293700
483,554,539,426347,10402,125751,276300
484,568,568,425788,10393,126319,435900
485,618,548,425167,10466,126867,307100
486,577,591,424591,10451,127458,328400
487,536,477,424066,10499,127935,295000
488,518,547,423526,10492,128482,262900
489,565,554,422980,10484,129036,301900
490,569,530,422400,10534,129566,318500
491,569,523,421836,10575,130089,298800
492,551,555,421295,10561,130644,271300
493,554,522,420738,10596,131166,247600
494,583,581,420156,10597,131747,262600
495,580,558,419555,10640,132305,261600
496,547,547,419040,10608,132852,264400
497,569,554,418441,10653,133406,281000
498,576,552,417879,10663,133958,277800
499,532,542,417337,10663,134500,299300
500,552,542,416789,10669,135042,303000
501,558,603,416237,10618,135645,277900
502,549,542,415673,10640,136187,418600
503,602,577,415107,10629,136764,308200
504,574,512,414506,10718,137276,367900
505,551,548,413960,10716,137824,311700
506,609,546,413352,10778,138370,325200
507,601,562,412737,10831,138932,298400
508,583,563,412157,10848,139495,272900
509,578,605,411597,10803,140100,265000
510,590,535,411001,10864,140635,254900
511,599,512,410410,10943,141147,241900
512,577,557,409822,10974,141704,303700
513,664,580,409158,11058,142284,278200
514,618,526,408535,11155,142810,299400
515,618,584,407924,11182,143394,305200
516,633,577,407287,11242,143971,10785900
517,614,582,406679,11268,144553,23281500
518,602,574,406074,11299,145127,24288000
519,595,579,405485,11309,145706,23225100
520,554,584,404941,11269,146290,474800
521,564,579,404358,11273,146869,435300
522,580,600,403786,11245,147469,297100
523,536,603,403258,11170,148072,308800
524,598,544,402659,11225,148616,320600
525,560,558,402081,11245,149174,308000
526,571,593,401513,11220,149767,341400
527,608,579,400920,11234,150346,283400
528,576,580,400323,11251,150926,324400
529,581,579,399764,11231,151505,356400
530,592,571,399173,11251,152076,305700
531,549,555,398599,11270,152631,278200
532,588,598,398036,11235,153229,276300
533,578,574,397455,11242,153803,247700
534,543,572,396891,11234,154375,270400
535,615,602,396305,11218,154977,293400
536,557,564,395718,11241,155541,342600
537,592,590,395129,11240,156131,305900
538,558,577,394577,11215,156708,349700
539,594,573,393992,11227,157281,253600
540,590,519,393394,11306,157800,248400
541,591,531,392807,11362,158331,230900
542,567,558,392225,11386,158889,242000
543,563,615,391665,11331,159504,254100
544,547,543,391123,11330,160047,264200
545,530,580,390592,11281,160627,256600
546,556,606,390049,11218,161233,330400
547,527,583,389496,11188,161816,282200
548,537,635,388968,11081,162451,271500
549,565,601,388414,11034,163052,271400
550,495,541,387889,11018,163593,325200
551,523,546,387389,10972,164139,254100
552,582,585,386804,10972,164724,243700
553,543,567,386274,10935,165291,299500
554,543,529,385724,10956,165820,281200
555,572,584,385156,10940,166404,237600
556,591,555,384575,10966,166959,278800
557,538,576,384014,10951,167535,240600
558,517,571,383495,10899,168106,303800
559,577,573,382933,10888,168679,303600
560,507,578,382404,10839,169257,246800
561,516,572,381904,10767,169829,274900
562,550,524,381345,10802,170353,317000
563,528,573,380834,10740,170926,249300
564,551,585,380279,10710,171511,252200
565,581,590,379697,10702,172101,436600
566,538,564,379155,10680,172665,263300
567,506,570,378652,10613,173235,279400
568,525,512,378146,10607,173747,233500
569,544,567,377584,10602,174314,274100
570,572,547,377021,10618,174861,248100
571,549,494,376464,10681,175355,254200
572,553,566,375903,10676,175921,276200
573,532,562,375380,10637,176483,280400
574,552,558,374840,10619,177041,276200
575,502,491,374325,10643,177532,250800
576,533,570,373771,10627,178102,357100
577,530,535,373258,10605,178637,268700
578,472,563,372770,10530,179200,314200
579,525,527,372260,10513,179727,288100
580,563,553,371698,10522,180280,311400
581,530,533,371175,10512,180813,298500
582,504,517,370651,10519,181330,350600
583,455,522,370198,10450,181852,419800
584,574,558,369633,10457,182410,268100
585,544,553,369090,10447,182963,287100
586,559,512,368535,10490,183475,281200
587,533,550,367999,10476,184025,252200
588,556,550,367444,10481,184575,282300
589,540,542,366894,10489,185117,268500
590,526,586,366384,10413,185703,271300
591,504,536,365872,10389,186239,318400
592,542,537,365330,10394,186776,308400
593,568,554,364757,10413,187330,269000
594,517,521,364241,10408,187851,262900
595,517,550,363732,10367,188401,299800
596,540,571,363181,10347,188972,322000
597,549,536,362639,10353,189508,293100
598,508,543,362119,10330,190051,315700
599,496,520,361626,10303,190571,358000
600,516,516,361105,10308,191087,333900
601,539,481,360570,10362,191568,21540800
602,528,529,360035,10368,192097,23156800
603,527,570,359518,10315,192667,3037500
604,533,530,358998,10305,193197,379600
605,560,595,358428,10280,193792,345000
606,508,519,357911,10278,194311,302900
607,525,509,357414,10266,194820,301700
608,487,530,356920,10230,195350,274800
609,564,547,356349,10254,195897,229500
610,512,517,355838,10248,196414,256900
611,501,507,355327,10252,196921,301500
612,531,558,354787,10234,197479,285300
613,503,564,354295,10162,198043,242800
614,515,541,353781,10135,198584,259500
615,517,556,353267,10093,199140,249800
616,532,540,352746,10074,199680,247500
617,517,537,352220,10063,200217,248800
618,525,466,351693,10124,200683,271800
619,490,582,351207,10028,201265,255900
620,498,506,350705,10024,201771,293300
621,521,539,350182,10008,202310,315000
622,523,517,349649,10024,202827,333900
623,512,542,349156,9975,203369,403600
624,534,546,348620,9965,203915,277900
625,515,504,348113,9968,204419,260900
626,572,523,347542,10016,204942,262800
627,524,518,347009,10031,205460,277300
628,505,517,346478,10045,205977,252600
629,550,533,345949,10041,206510,292200
630,507,542,345436,10012,207052,403500
631,530,542,344903,10003,207594,289800
632,522,520,344382,10004,208114,280400
633,492,488,343904,9994,208602,239300
634,534,510,343369,10019,209112,16116900
635,471,488,342884,10016,209600,23213700
636,547,511,342352,10037,210111,10599600
637,518,508,341833,10048,210619,437600
638,506,574,341313,9994,211193,395800
639,491,538,340814,9955,211731,308500
640,502,514,340325,9930,212245,312700
641,519,527,339819,9909,212772,271500
642,513,529,339289,9910,213301,259300
643,528,525,338772,9902,213826,241900
644,509,530,338264,9880,214356,242500
645,476,492,337765,9887,214848,276200
646,518,513,337259,9880,215361,303900
647,506,523,336760,9856,215884,269200
648,480,477,336274,9865,216361,313900
649,508,494,335757,9888,216855,248800
650,494,513,335275,9857,217368,425100
651,510,511,334771,9850,217879,273900
652,491,502,334279,9840,218381,333800
653,508,556,333752,9811,218937,287100
654,500,495,333272,9796,219432,312900
655,487,520,332783,9765,219952,276800
656,524,528,332251,9769,220480,242000
657,506,475,331762,9783,220955,288700
658,538,544,331218,9783,221499,335500
659,516,491,330712,9798,221990,293500
660,538,513,330156,9841,222503,302600
661,530,501,329626,9870,223004,305500
662,537,542,329096,9858,223546,327500
663,535,501,328539,9914,224047,274000
664,542,525,328015,9913,224572,260500
665,545,506,327479,9943,225078,336800
666,491,482,326973,9967,225560,299900
667,513,540,326462,9938,226100,442700
668,506,518,325960,9922,226618,269900
669,539,559,325441,9882,227177,259300
670,557,487,324868,9968,227664,281400
671,535,488,324323,10025,228152,252400
672,521,511,323819,10018,228663,265900
673,516,505,323301,10031,229168,247100
674,574,521,322727,10084,229689,262300
675,528,538,322195,10078,230227,301200
676,504,523,321686,10064,230750,247000
677,512,481,321152,10117,231231,283900
678,500,527,320682,10060,231758,247100
679,517,486,320161,10095,232244,246800
680,536,525,319632,10099,232769,252700
681,530,518,319105,10108,233287,268900
682,507,500,318562,10151,233787,320000
683,475,505,318082,10126,234292,282400
684,487,536,317627,10045,234828,288300
685,520,484,317117,10071,235312,275500
686,519,529,316573,10086,235841,488500
687,541,519,316041,10099,236360,313900
688,539,536,315526,10078,236896,270000
689,511,526,314984,10094,237422,259200
690,516,518,314463,10097,237940,301300
691,460,554,314006,10000,238494,311300
692,464,502,313541,9963,238996,264300
693,503,497,313056,9951,239493,248300
694,474,502,312558,9947,239995,241500
695,530,501,312045,9959,240496,279400
696,464,503,311570,9931,240999,251000
697,488,480,311089,9932,241479,266900
698,496,491,310591,9939,241970,352200
699,520,526,310080,9924,242496,320500
700,461,494,309598,9912,242990,310600
701,489,514,309128,9868,243504,323500
702,509,505,308622,9869,244009,309100
703,493,532,308114,9845,244541,248100
704,533,514,307595,9850,245055,337100
705,526,494,307077,9874,245549,258800
706,490,505,306584,9862,246054,262100
707,504,506,306059,9881,246560,261700
708,518,527,305553,9860,247087,268600
709,521,529,305049,9835,247616,260800
710,499,524,304529,9831,248140,247000
711,534,508,304005,9847,248648,251500
712,486,514,303497,9841,249162,248800
713,480,523,303035,9780,249685,270300
714,529,506,302518,9791,250191,213800
715,491,502,302013,9794,250693,261400
716,495,491,301530,9786,251184,290600
717,515,464,300989,9863,251648,305400
718,517,510,300482,9860,252158,309600
719,559,512,299932,9898,252670,387900
720,567,527,299366,9937,253197,285900
721,517,536,298842,9925,253733,252900
722,498,546,298354,9867,254279,246000
723,519,487,297825,9909,254766,464000
724,521,510,297310,9914,255276,284300
725,501,505,296804,9915,255781,304500
726,500,497,296310,9912,256278,269500
727,528,523,295777,9922,256801,261300
728,548,493,295234,9972,257294,239000
729,505,550,294723,9933,257844,260200
730,518,527,294217,9912,258371,254900
731,518,500,293696,9933,258871,314500
732,525,530,293158,9941,259401,248600
733,506,481,292654,9964,259882,236800
734,544,511,292125,9982,260393,281100
735,545,487,291575,10045,260880,313500
736,507,522,291062,10036,261402,272200
737,536,513,290523,10062,261915,275500
738,516,521,290028,10036,262436,272600
739,523,552,289488,10024,262988,237300
740,525,546,288962,10004,263534,246300
741,536,521,288422,10023,264055,287700
742,540,538,287889,10018,264593,470300
743,546,547,287344,10016,265140,252100
744,539,505,286804,10051,265645,283700
745,480,516,286323,10016,266161,264600
746,506,549,285816,9974,266710,261900
747,520,510,285300,9980,267220,245700
748,539,527,284769,9984,267747,272900
749,550,523,284215,10015,268270,237000
750,465,549,283726,9955,268819,267700
751,504,510,283222,9949,269329,278500
752,498,549,282748,9874,269878,306300
753,468,485,282257,9880,270363,301800
754,494,532,281777,9828,270895,334000
755,520,498,281264,9843,271393,331800
756,502,529,280742,9836,271922,273500
757,517,480,280239,9859,272402,249100
758,482,470,279757,9871,272872,271500
759,546,482,279231,9915,273354,276600
760,543,506,278661,9979,273860,265500
761,537,554,278120,9966,274414,346500
762,534,545,277592,9949,274959,270400
763,514,509,277085,9947,275468,301300
764,478,504,276591,9937,275972,284900
765,523,494,276079,9955,276466,296600
766,476,547,275610,9877,277013,260400
767,543,480,275060,9947,277493,285500
768,509,504,274552,9951,277997,247400
769,497,489,274065,9949,278486,280700
770,513,494,273547,9973,278980,287600
771,503,544,273041,9935,279524,256100
772,498,494,272540,9942,280018,295100
773,520,479,272016,9987,280497,296900
774,517,544,271495,9964,281041,313900
775,493,481,271018,9960,281522,298200
776,508,521,270506,9951,282043,286600
777,455,481,270048,9928,282524,269800
778,487,522,269552,9902,283046,287200
779,538,528,269030,9896,283574,489400
780,526,503,268506,9917,284077,295800
781,492,535,267998,9890,284612,258800
782,522,505,267481,9902,285117,267900
783,540,497,266954,9932,285614,274400
784,520,518,266418,9950,286132,347000
785,542,522,265874,9972,286654,302400
786,512,532,265365,9949,287186,281200
787,527,487,264860,9967,287673,319200
788,505,504,264332,9991,288177,323400
789,542,528,263819,9976,288705,289100
790,553,533,263252,10010,289238,292500
791,552,524,262702,10036,289762,441700
792,548,521,262142,10075,290283,443700
793,555,531,261589,10097,290814,402000
794,562,496,261022,10168,291310,315300
795,512,513,260532,10145,291823,308900
796,500,548,260012,10117,292371,338300
797,507,494,259536,10099,292865,359500
798,537,537,258976,10122,293402,296100
799,537,488,258447,10163,293890,296200
800,547,568,257896,10146,294458,275900
801,578,537,257318,10187,294995,273300
802,538,512,256785,10208,295507,279700
803,506,511,256274,10208,296018,374600
804,574,540,255691,10251,296558,339100
805,531,541,255167,10234,297099,350900
806,528,494,254628,10279,297593,323600
807,548,536,254087,10284,298129,282000
808,569,497,253517,10357,298626,267900
809,562,543,252935,10396,299169,282900
810,537,553,252420,10358,299722,268800
811,504,522,251907,10349,300244,284100
812,515,532,251397,10327,300776,274800
813,548,538,250858,10328,301314,346300
814,497,546,250345,10295,301860,281800
815,518,535,249828,10277,302395,259600
816,526,531,249307,10267,302926,253400
817,513,512,248788,10274,303438,372200
818,508,507,248277,10278,303945,295900
819,541,567,247762,10226,304512,256700
820,557,518,247207,10263,305030,281700
821,553,519,246654,10297,305549,321600
822,563,540,246070,10341,306089,314400
823,576,489,245519,10403,306578,308500
824,502,517,244991,10414,307095,329300
825,505,568,244480,10357,307663,317400
826,501,545,243986,10306,308208,247200
827,500,554,243491,10247,308762,321600
828,618,548,242878,10312,309310,245900
829,536,525,242342,10323,309835,236900
830,515,541,241814,10310,310376,262100
831,531,504,241292,10328,310880,418200
832,526,524,240786,10310,311404,267000
833,500,552,240241,10303,311956,274600
834,550,547,239704,10293,312503,276600
835,514,548,239189,10260,313051,258200
836,523,536,238673,10240,313587,260500
837,495,554,238175,10184,314141,262100
838,525,482,237658,10219,314623,289100
839,597,538,237065,10274,315161,258000
840,551,516,236515,10308,315677,268000
841,549,550,235988,10285,316227,312200
842,500,523,235457,10293,316750,342900
843,543,566,234921,10263,317316,318800
844,532,557,234413,10214,317873,269400
845,571,544,233824,10259,318417,303800
846,525,505,233305,10273,318922,358700
847,583,538,232723,10317,319460,311200
848,559,530,232134,10376,319990,259500
849,506,544,231636,10330,320534,231900
850,505,520,231145,10301,321054,275500
851,542,509,230604,10333,321563,257300
852,509,526,230092,10319,322089,268100
853,539,544,229548,10319,322633,275300
854,561,532,228971,10364,323165,319500
855,513,557,228471,10307,323722,280300
856,516,526,227959,10293,324248,268000
857,535,511,227420,10321,324759,280800
858,531,546,226896,10299,325305,288400
859,561,503,226333,10359,325808,283600
860,506,578,225826,10288,326386,262700
861,526,526,225303,10285,326912,259300
862,523,537,224779,10272,327449,285900
863,532,481,224240,10330,327930,286300
864,537,528,223679,10363,328458,304900
865,527,521,223177,10344,328979,327200
866,502,575,222677,10269,329554,282000
867,548,571,222127,10248,330125,279900
868,526,542,221620,10213,330667,248400
869,543,536,221061,10236,331203,330100
870,493,525,220557,10215,331728,255700
871,554,534,220017,10221,332262,240700
872,504,531,219498,10209,332793,248000
873,561,535,218950,10222,333328,258800
874,565,505,218397,10270,333833,301200
875,544,526,217841,10300,334359,285500
876,564,495,217295,10351,334854,286800
877,569,564,216730,10352,335418,316100
878,550,583,216167,10332,336001,282600
879,561,547,215591,10361,336548,258200
880,518,574,215078,10300,337122,283000
881,543,523,214537,10318,337645,266100
882,542,557,213998,10300,338202,234700
883,521,548,213476,10274,338750,233200
884,533,523,212938,10289,339273,247000
885,516,540,212417,10270,339813,261000
886,516,593,211903,10191,340406,269900
887,519,510,211391,10193,340916,257200
888,565,488,210828,10268,341404,242200
889,502,526,210324,10246,341930,318200
890,512,507,209814,10249,342437,285200
891,562,547,209255,10261,342984,249100
892,573,531,208678,10307,343515,284200
893,525,536,208152,10297,344051,291800
894,528,533,207626,10290,344584,265800
895,486,503,207130,10283,345087,250100
896,531,520,206609,10284,345607,262800
897,529,519,206079,10295,346126,341200
898,482,529,205577,10268,346655,319400
899,553,516,205041,10288,347171,304900
900,487,558,204550,10221,347729,405200
901,552,488,204009,10274,348217,288100
902,533,519,203472,10292,348736,308000
903,518,522,202937,10305,349258,297900
904,490,534,202433,10275,349792,306200
905,459,553,201983,10172,350345,304300
906,536,520,201474,10161,350865,257300
907,505,534,200955,10146,351399,420200
908,477,539,200479,10083,351938,306000
909,507,497,199955,10110,352435,304400
910,508,560,199476,10029,352995,265000
911,499,518,198968,10019,353513,306000
912,537,539,198445,10003,354052,350400
913,534,467,197895,10086,354519,329700
914,532,541,197359,10081,355060,265000
915,544,527,196818,10095,355587,291600
916,532,540,196284,10089,356127,298600
917,485,556,195801,10016,356683,288500
918,502,502,195290,10025,357185,263400
919,529,509,194765,10041,357694,276100
920,543,515,194235,10056,358209,239400
921,526,504,193710,10077,358713,260600
922,507,499,193201,10087,359212,259500
923,492,542,192692,10054,359754,273000
924,513,504,192194,10048,360258,274700
925,516,521,191685,10036,360779,402300
926,530,527,191149,10045,361306,299700
927,513,489,190644,10061,361795,265000
928,553,461,190080,10164,362256,317200
929,543,531,189528,10185,362787,346100
930,496,523,189024,10166,363310,302600
931,461,524,188560,10106,363834,295200
932,533,503,188048,10115,364337,293100
933,562,549,187496,10118,364886,345900
934,507,549,186981,10084,365435,303600
935,510,522,186470,10073,365957,272200
936,530,545,185940,10058,366502,335700
937,525,483,185401,10114,366985,300500
938,489,545,184919,10051,367530,325700
939,480,527,184441,10002,368057,322900
940,495,539,183947,9957,368596,264700
941,484,536,183455,9913,369132,274000
942,478,500,182974,9894,369632,321900
943,473,516,182522,9830,370148,260500
944,507,521,182015,9816,370669,358700
945,445,508,181551,9772,371177,289500
946,522,485,181041,9797,371662,360900
947,521,505,180520,9813,372167,317700
948,503,517,180001,9815,372684,259300
949,506,517,179525,9774,373201,268000
950,516,493,178992,9814,373694,392300
951,530,503,178478,9825,374197,282800
952,539,474,177939,9890,374671,270900
953,562,534,177379,9916,375205,299900
954,523,469,176836,9990,375674,373100
955,523,512,176311,10003,376186,297200
956,539,515,175777,10022,376701,339300
957,542,558,175246,9995,377259,21559500
958,478,500,174745,9996,377759,22791600
959,499,508,174256,9977,378267,456700
960,484,479,173766,9988,378746,383000
961,488,516,173284,9954,379262,478900
962,489,593,172786,9859,379855,430800
963,500,536,172292,9817,380391,385200
964,478,520,171826,9763,380911,341700
965,471,508,171357,9724,381419,282300
966,450,446,170883,9752,381865,296500
967,500,521,170404,9710,382386,288600
968,462,464,169936,9714,382850,248000
969,458,486,169467,9697,383336,266300
970,513,487,168960,9717,383823,292700
971,500,479,168471,9727,384302,268300
972,471,495,167996,9707,384797,289200
973,488,588,167488,9627,385385,280300
974,484,479,167003,9633,385864,242800
975,472,485,166548,9603,386349,268500
976,504,496,166043,9612,386845,245800
977,534,513,165518,9624,387358,284200
978,485,477,165018,9647,387835,244700
979,480,493,164529,9643,388328,242500
980,501,523,164053,9596,388851,272500
981,502,528,163537,9584,389379,313400
982,512,497,163020,9604,389876,320500
983,533,470,162518,9636,390346,421900
984,485,500,162006,9648,390846,275900
985,523,453,161492,9709,391299,284500
986,527,557,160978,9666,391856,252500
987,451,499,160492,9653,392355,293100
988,462,509,160033,9603,392864,287800
989,498,492,159538,9606,393356,395900
990,510,523,159046,9575,393879,263300
991,512,491,158533,9597,394370,225100
992,479,487,158048,9595,394857,247800
993,492,519,157558,9566,395376,233100
994,481,503,157068,9553,395879,244900
995,511,471,156560,9590,396350,228300
996,451,509,156095,9546,396859,248900
997,494,508,155622,9511,397367,245400
998,461,486,155166,9481,397853,265600
999,449,474,154701,9472,398327,279100
1000,459,498,154248,9427,398825,280500
1001,475,453,153768,9454,399278,264900
1002,510,469,153270,9483,399747,252100
1003,514,496,152744,9513,400243,264500
1004,494,491,152234,9532,400734,236800
1005,481,495,151766,9505,401229,231900
1006,473,475,151304,9492,401704,226800
1007,435,492,150868,9436,402196,243400
1008,456,493,150407,9404,402689,294200
1009,484,492,149912,9407,403181,251300
1010,458,500,149461,9358,403681,276200
1011,452,475,149011,9333,404156,264200
1012,462,460,148542,9342,404616,226500
1013,453,475,148111,9298,405091,231600
1014,454,461,147656,9292,405552,263900
1015,470,472,147183,9293,406024,268000
1016,423,463,146718,9295,406487,249500
1017,454,462,146286,9265,406949,257000
1018,452,464,145830,9257,407413,247100
1019,435,506,145390,9191,407919,247900
1020,459,464,144955,9162,408383,266500
1021,458,458,144488,9171,408841,283900
1022,474,458,144018,9183,409299,282800
1023,458,485,143562,9154,409784,286700
1024,497,446,143069,9201,410230,289700
1025,469,442,142587,9241,410672,263300
1026,452,438,142146,9244,411110,262900
1027,491,525,141652,9213,411635,261400
1028,407,497,141232,9136,412132,360200
1029,420,463,140819,9086,412595,265500
1030,400,480,140401,9024,413075,301500
1031,473,439,139960,9026,413514,263300
1032,436,477,139514,8995,413991,244500
1033,452,478,139068,8963,414469,229100
1034,420,442,138635,8954,414911,241400
1035,440,496,138199,8894,415407,277600
1036,427,495,137765,8833,415902,252200
1037,455,434,137321,8843,416336,246200
1038,433,437,136877,8850,416773,245000
1039,438,463,136448,8816,417236,258300
1040,442,466,135991,8807,417702,317700
1041,404,466,135594,8738,418168,281200
1042,433,461,135171,8700,418629,308500
1043,393,425,134763,8683,419054,272300
1044,437,421,134325,8700,419475,327600
1045,446,434,133887,8704,419909,252800
1046,405,467,133477,8647,420376,270200
1047,449,445,133037,8642,420821,262900
1048,435,424,132610,8645,421245,308700
1049,483,411,132124,8720,421656,248500
1050,435,430,131683,8731,422086,240400
1051,416,441,131258,8715,422527,262400
1052,460,456,130810,8707,422983,246700
1053,438,432,130355,8730,423415,231000
1054,417,397,129937,8751,423812,275100
1055,448,451,129501,8736,424263,252700
1056,414,437,129088,8712,424700,241500
1057,405,435,128676,8689,425135,235300
1058,432,470,128246,8649,425605,265800
1059,428,491,127821,8583,426096,250400
1060,438,428,127392,8584,426524,262800
1061,439,456,126940,8580,426980,283800
1062,401,439,126542,8539,427419,305000
1063,430,415,126113,8553,427834,268400
1064,441,410,125679,8577,428244,344500
1065,419,454,125256,8546,428698,245800
1066,437,442,124836,8524,429140,254600
1067,403,442,124410,8508,429582,239900
1068,427,495,123988,8435,430077,237000
1069,393,452,123593,8378,430529,230300
1070,422,403,123184,8384,430932,302700
1071,443,450,122728,8390,431382,282100
1072,431,416,122293,8409,431798,261100
1073,417,427,121879,8396,432225,269100
1074,403,467,121465,8343,432692,242300
1075,419,415,121054,8339,433107,241300
1076,400,413,120661,8319,433520,240700
1077,419,444,120247,8289,433964,347200
1078,401,446,119843,8247,434410,258800
1079,392,436,119438,8216,434846,243200
1080,411,407,119038,8209,435253,402000
1081,442,388,118597,8262,435641,316600
1082,382,395,118208,8256,436036,297900
1083,404,409,117807,8248,436445,417500
1084,387,424,117430,8201,436869,299800
1085,394,375,117031,8225,437244,313600
1086,413,395,116611,8250,437639,248100
1087,369,412,116238,8211,438051,235500
1088,385,421,115853,8175,438472,253100
1089,387,392,115473,8163,438864,297700
1090,384,399,115082,8155,439263,269300
1091,370,424,114704,8109,439687,262400
1092,416,401,114310,8102,440088,280100
1093,358,414,113927,8071,440502,239200
1094,357,449,113574,7975,440951,276000
1095,366,435,113208,7906,441386,253400
1096,390,419,112822,7873,441805,255300
1097,358,379,112468,7848,442184,246000
1098,388,391,112092,7833,442575,250900
1099,395,396,111689,7840,442971,386100
1100,384,396,111294,7839,443367,308800
1101,367,425,110923,7785,443792,310900
1102,378,398,110551,7759,444190,299400
1103,427,407,110137,7766,444597,258800
1104,370,429,109751,7723,445026,286400
1105,383,401,109380,7693,445427,248000
1106,385,422,108993,7658,445849,307100
1107,356,359,108633,7659,446208,269900
1108,346,422,108276,7594,446630,265900
1109,416,355,107882,7633,446985,265800
1110,338,358,107519,7638,447343,236300
1111,375,406,107155,7596,447749,274200
1112,362,393,106797,7561,448142,263000
1113,366,391,106441,7526,448533,268700
1114,347,400,106084,7483,448933,254700
1115,379,393,105712,7462,449326,290100
1116,371,355,105323,7496,449681,252700
1117,349,419,104963,7437,450100,243600
1118,338,373,104639,7388,450473,467400
1119,380,399,104261,7367,450872,256900
1120,345,359,103924,7345,451231,288300
1121,384,370,103543,7356,451601,260400
1122,308,383,103221,7295,451984,335900
1123,387,416,102842,7258,452400,278900
1124,361,365,102470,7265,452765,246700
1125,351,416,102122,7197,453181,257500
1126,365,377,101768,7174,453558,231300
1127,346,356,101424,7162,453914,263600
1128,352,416,101057,7113,454330,237600
1129,335,373,100722,7075,454703,235800
1130,343,342,100371,7084,455045,260300
1131,352,359,100030,7066,455404,265800
1132,342,379,99693,7024,455783,272000
1133,344,385,99349,6983,456168,279400
1134,375,366,98975,6991,456534,257000
1135,329,333,98647,6986,456867,223900
1136,315,327,98322,6984,457194,243000
1137,361,367,97969,6970,457561,265300
1138,353,356,97593,6990,457917,388200
1139,396,379,97217,6987,458296,258700
1140,358,343,96868,6993,458639,261800
1141,336,363,96516,6982,459002,258700
1142,335,341,96183,6974,459343,361200
1143,345,381,95848,6928,459724,221300
1144,332,397,95510,6869,460121,244400
1145,322,352,95191,6836,460473,240100
1146,304,350,94890,6787,460823,225900
1147,359,348,94540,6789,461171,245500
1148,316,344,94199,6786,461515,246300
1149,336,334,93882,6769,461849,228300
1150,342,339,93525,6787,462188,244900
1151,344,344,93175,6793,462532,206700
1152,331,353,92852,6763,462885,263000
1153,315,388,92538,6689,463273,275500
1154,305,336,92242,6649,463609,262500
1155,350,378,91877,6636,463987,251600
1156,350,339,91538,6636,464326,257200
1157,351,334,91183,6657,464660,264000
1158,341,327,90837,6676,464987,234000
1159,335,369,90492,6652,465356,344700
1160,305,328,90187,6629,465684,280000
1161,348,342,89855,6619,466026,285500
1162,358,344,89501,6629,466370,281600
1163,362,325,89141,6664,466695,282300
1164,360,348,88789,6668,467043,257100
1165,357,343,88425,6689,467386,232500
1166,353,336,88063,6715,467722,243100
1167,341,335,87728,6715,468057,314900
1168,327,315,87403,6725,468372,255200
1169,378,344,87026,6758,468716,279100
1170,345,353,86672,6759,469069,320700
1171,328,341,86343,6747,469410,312500
1172,355,357,86013,6720,469767,247300
1173,346,367,85636,6730,470134,262000
1174,338,361,85318,6687,470495,262700
1175,287,337,85014,6654,470832,268500
1176,307,367,84706,6595,471199,269700
1177,330,327,84382,6592,471526,270900
1178,326,325,84054,6595,471851,431900
1179,331,339,83740,6570,472190,281400
1180,316,336,83409,6565,472526,312600
1181,352,351,83051,6572,472877,277300
1182,293,369,82765,6489,473246,281000
1183,310,299,82457,6498,473545,272600
1184,352,336,82119,6500,473881,256200
1185,329,329,81780,6510,474210,257400
1186,344,347,81436,6507,474557,280600
1187,287,336,81125,6482,474893,279600
1188,306,333,80837,6437,475226,355800
1189,315,329,80533,6412,475555,287300
1190,295,319,80220,6406,475874,282300
1191,303,345,79929,6352,476219,240300
1192,311,333,79634,6314,476552,270500
1193,304,333,79305,6310,476885,248100
1194,304,334,78997,6284,477219,238800
1195,277,312,78724,6245,477531,241400
1196,313,354,78423,6192,477885,277500
1197,277,355,78130,6130,478240,443100
1198,326,311,77826,6123,478551,333400
1199,317,306,77497,6146,478857,276200
1200,288,312,77206,6125,479169,248600
1201,297,314,76909,6108,479483,345600
1202,280,321,76626,6070,479804,253700
1203,286,299,76337,6060,480103,282300
1204,298,315,76032,6050,480418,293000
1205,267,314,75767,6001,480732,287600
1206,287,334,75480,5954,481066,263700
1207,312,315,75180,5939,481381,323500
1208,278,296,74890,5933,481677,301100
1209,292,334,74607,5882,482011,253500
1210,305,327,74292,5870,482338,245700
1211,281,327,74018,5817,482665,247900
1212,281,308,73726,5801,482973,278500
1213,287,313,73445,5769,483286,252100
1214,285,259,73160,5795,483545,249300
1215,269,283,72891,5781,483828,210600
1216,264,303,72627,5742,484131,590800
1217,323,278,72305,5786,484409,357900
1218,259,309,72040,5742,484718,384600
1219,290,288,71754,5740,485006,385100
1220,266,305,71493,5696,485311,350300
1221,278,301,71209,5679,485612,334200
1222,276,266,70932,5690,485878,283700
1223,247,320,70685,5617,486198,271200
1224,261,278,70430,5594,486476,317900
1225,282,268,70149,5607,486744,277200
1226,268,285,69875,5596,487029,281500
1227,277,311,69614,5546,487340,272100
1228,272,276,69325,5559,487616,263400
1229,256,278,69068,5538,487894,263000
1230,271,274,68793,5539,488168,279100
1231,255,283,68552,5497,488451,264100
1232,266,276,68288,5485,488727,304100
1233,264,301,68020,5452,489028,323600
1234,282,314,67743,5415,489342,379500
1235,273,271,67463,5424,489613,292200
1236,269,296,67196,5395,489909,289600
1237,267,296,66924,5371,490205,305800
1238,297,284,66643,5368,490489,290600
1239,283,269,66346,5396,490758,272300
1240,289,268,66066,5408,491026,240800
1241,258,259,65797,5418,491285,271800
1242,285,279,65513,5423,491564,227800
1243,270,269,65248,5419,491833,247500
1244,247,267,65002,5398,492100,236300
1245,253,285,64738,5377,492385,261800
1246,238,276,64498,5341,492661,277400
1247,250,256,64259,5324,492917,238500
1248,272,295,63986,5302,493212,247900
1249,272,277,63719,5292,493489,229800
1250,249,269,63470,5272,493758,250700
1251,278,278,63194,5270,494036,231400
1252,276,286,62915,5263,494322,266900
1253,269,251,62638,5289,494573,259600
1254,293,256,62346,5325,494829,381600
1255,251,274,62091,5306,495103,328000
1256,267,283,61826,5288,495386,287200
1257,277,295,61553,5266,495681,301200
1258,278,251,61278,5290,495932,306400
1259,258,250,61031,5287,496182,283200
1260,252,263,60755,5300,496445,263300
1261,246,284,60508,5263,496729,264700
1262,260,254,60254,5263,496983,260900
1263,255,265,59995,5257,497248,231400
1264,252,272,59740,5240,497520,259400
1265,229,253,59523,5204,497773,264300
1266,240,269,59273,5185,498042,255200
1267,249,261,59033,5164,498303,295100
1268,229,261,58792,5144,498564,293500
1269,237,245,58563,5128,498809,289800
1270,265,275,58304,5112,499084,245400
1271,237,266,58071,5079,499350,227200
1272,241,249,57835,5066,499599,471300
1273,250,249,57577,5075,499848,289400
1274,257,263,57314,5075,500111,282100
1275,240,254,57073,5062,500365,288500
1276,255,263,56821,5051,500628,278600
1277,251,275,56586,5011,500903,268500
1278,259,270,56313,5014,501173,286000
1279,249,236,56063,5028,501409,226900
1280,217,291,55827,4973,501700,264400
1281,245,249,55608,4943,501949,247000
1282,238,241,55359,4951,502190,256000
1283,243,272,55115,4923,502462,242900
1284,260,247,54849,4942,502709,276300
1285,231,255,54622,4914,502964,290900
1286,247,252,54378,4906,503216,260400
1287,251,240,54133,4911,503456,252700
1288,234,257,53892,4895,503713,285100
1289,272,243,53634,4910,503956,252500
1290,249,251,53377,4916,504207,248600
1291,263,261,53114,4918,504468,275900
1292,238,240,52874,4918,504708,251100
1293,240,270,52642,4880,504978,301700
1294,240,222,52392,4908,505200,299000
1295,250,286,52143,4871,505486,327700
1296,251,219,51898,4897,505705,351700
1297,250,259,51634,4902,505964,287100
1298,262,270,51396,4870,506234,271300
1299,247,243,51126,4897,506477,232200
1300,249,245,50888,4890,506722,252500
1301,273,248,50611,4919,506970,261100
1302,232,246,50363,4921,507216,282400
1303,231,237,50151,4896,507453,255500
1304,261,250,49882,4915,507703,235200
1305,273,271,49617,4909,507974,233800
1306,251,282,49367,4877,508256,316900
1307,240,249,49125,4870,508505,258300
1308,262,257,48862,4876,508762,341300
1309,227,246,48632,4860,509008,274000
1310,242,242,48393,4857,509250,254700
1311,241,236,48150,4864,509486,394300
1312,262,249,47879,4886,509735,257600
1313,233,241,47655,4869,509976,268100
1314,263,239,47390,4895,510215,340300
1315,257,242,47136,4907,510457,279700
1316,245,257,46889,4897,510714,258500
1317,261,265,46630,4891,510979,277300
1318,275,254,46347,4920,511233,271800
1319,248,254,46120,4893,511487,292100
1320,248,238,45855,4920,511725,271100
1321,246,248,45600,4927,511973,234700
1322,246,253,45376,4898,512226,279000
1323,244,239,45111,4924,512465,274700
1324,226,258,44891,4886,512723,283400
1325,248,237,44657,4883,512960,252800
1326,247,285,44397,4858,513245,312900
1327,242,254,44152,4849,513499,275100
1328,231,287,43913,4801,513786,237600
1329,202,246,43711,4757,514032,275800
1330,220,254,43501,4713,514286,255300
1331,237,261,43262,4691,514547,268700
1332,250,256,43026,4671,514803,265800
1333,211,227,42804,4666,515030,262800
1334,271,262,42543,4665,515292,272100
1335,221,219,42309,4680,515511,242200
1336,251,225,42060,4704,515736,294100
1337,240,243,41829,4692,515979,299500
1338,237,227,41598,4696,516206,283200
1339,231,258,41350,4686,516464,243600
1340,232,254,41114,4668,516718,273800
1341,226,224,40892,4666,516942,234100
1342,210,250,40677,4631,517192,217700
1343,232,217,40451,4640,517409,242600
1344,216,239,40235,4617,517648,258200
1345,249,214,39981,4657,517862,266200
1346,234,219,39743,4676,518081,261600
1347,244,240,39510,4669,518321,238800
1348,220,252,39294,4633,518573,272400
1349,202,233,39079,4615,518806,270400
1350,202,263,38882,4549,519069,237400
1351,222,231,38662,4538,519300,412800
1352,213,236,38432,4532,519536,282800
1353,209,230,38231,4503,519766,245900
1354,225,227,38018,4489,519993,261300
1355,225,241,37799,4467,520234,417000
1356,221,240,37566,4460,520474,265000
1357,212,235,37360,4431,520709,229400
1358,196,240,37159,4392,520949,297100
1359,185,226,36970,4355,521175,278600
1360,199,200,36769,4356,521375,236800
1361,216,232,36554,4339,521607,266400
1362,204,240,36348,4305,521847,325900
1363,205,213,36139,4301,522060,289200
1364,213,227,35930,4283,522287,234600
1365,218,212,35713,4288,522499,274700
1366,223,223,35499,4279,522722,303200
1367,203,228,35285,4265,522950,257500
1368,201,217,35091,4242,523167,254600
1369,174,221,34904,4208,523388,262700
1370,200,220,34707,4185,523608,344000
1371,194,222,34516,4154,523830,265200
1372,204,199,34323,4148,524029,271400
1373,199,233,34117,4121,524262,298000
1374,193,208,33929,4101,524470,284800
1375,195,215,33732,4083,524685,285700
1376,188,214,33535,4066,524899,231600
1377,216,219,33331,4051,525118,265100
1378,188,218,33136,4028,525336,253500
1379,195,227,32945,3992,525563,277200
1380,187,221,32753,3963,525784,290300
1381,184,202,32568,3946,525986,289200
1382,204,199,32368,3947,526185,252100
1383,197,208,32171,3936,526393,275500
1384,203,207,31968,3932,526600,262600
1385,190,213,31770,3917,526813,231600
1386,197,214,31575,3898,527027,233800
1387,173,190,31397,3886,527217,242700
1388,210,213,31203,3867,527430,226900
1389,205,194,31000,3876,527624,232300
1390,208,188,30795,3893,527812,257000
1391,188,182,30597,3909,527994,312900
1392,210,200,30392,3914,528194,290700
1393,195,203,30185,3918,528397,261100
1394,185,175,30003,3925,528572,276400
1395,176,228,29830,3870,528800,292000
1396,186,197,29640,3863,528997,269700
1397,191,213,29456,3834,529210,261400
1398,175,218,29276,3796,529428,251000
1399,174,182,29101,3789,529610,241600
1400,189,179,28916,3795,529789,240200
1401,194,207,28714,3790,529996,267700
1402,173,178,28551,3775,530174,291500
1403,166,184,28385,3757,530358,387300
1404,192,179,28198,3765,530537,241100
1405,192,201,27988,3774,530738,246700
1406,168,211,27824,3727,530949,257700
1407,194,173,27638,3740,531122,239400
1408,170,185,27463,3730,531307,257900
1409,169,195,27292,3706,531502,279200
1410,159,205,27143,3650,531707,322300
1411,142,200,26984,3609,531907,296200
1412,221,178,26776,3639,532085,280000
1413,137,191,26633,3591,532276,231100
1414,166,175,26470,3579,532451,231400
1415,193,188,26276,3585,532639,246900
1416,185,185,26100,3576,532824,244600
1417,167,187,25928,3561,533011,234600
1418,172,176,25749,3564,533187,222500
1419,165,176,25589,3548,533363,226100
1420,179,190,25407,3540,533553,261800
1421,152,176,25253,3518,533729,264700
1422,183,198,25082,3491,533927,247800
1423,192,184,24879,3510,534111,267100
1424,148,190,24740,3459,534301,289600
1425,160,166,24575,3458,534467,236000
1426,159,171,24421,3441,534638,230800
1427,148,192,24256,3414,534830,261000
1428,138,172,24114,3384,535002,248200
1429,138,185,23986,3327,535187,259000
1430,151,165,23842,3306,535352,262300
1431,134,164,23695,3289,535516,242200
1432,140,183,23557,3244,535699,317800
1433,137,145,23422,3234,535844,285800
1434,131,165,23294,3197,536009,246700
1435,138,160,23153,3178,536169,247500
1436,152,171,22998,3162,536340,262800
1437,127,154,22868,3138,536494,237800
1438,142,152,22736,3118,536646,300100
1439,140,164,22593,3097,536810,312000
1440,133,135,22460,3095,536945,258100
1441,156,170,22312,3073,537115,231800
1442,140,188,22168,3029,537303,309600
1443,129,172,22036,2989,537475,287900
1444,128,165,21904,2956,537640,211000
1445,125,168,21787,2905,537808,252200
1446,125,163,21651,2878,537971,232900
1447,114,140,21550,2839,538111,238200
1448,103,161,21433,2795,538272,227200
1449,130,123,21302,2803,538395,243900
1450,127,156,21180,2769,538551,269900
1451,110,140,21071,2738,538691,275800
1452,121,156,20945,2708,538847,308800
1453,123,149,20827,2677,538996,254200
1454,128,132,20704,2668,539128,311600
1455,121,135,20577,2660,539263,263000
1456,119,133,20457,2647,539396,260600
1457,120,144,20333,2627,539540,402500
1458,117,137,20224,2599,539677,219900
1459,113,138,20100,2585,539815,254100
1460,107,114,19993,2578,539929,266300
1461,110,124,19893,2554,540053,389900
1462,116,151,19772,2524,540204,361700
1463,88,127,19682,2487,540331,280600
1464,109,117,19576,2476,540448,287500
1465,109,133,19466,2453,540581,233600
1466,105,126,19357,2436,540707,215600
1467,71,123,19286,2384,540830,268600
1468,83,135,19205,2330,540965,296900
1469,93,135,19113,2287,541100,245500
1470,114,126,19001,2273,541226,228400
1471,86,115,18912,2247,541341,374200
1472,82,115,18829,2215,541456,289800
1473,94,112,18737,2195,541568,265900
1474,87,96,18643,2193,541664,249100
1475,107,115,18550,2171,541779,265700
1476,94,103,18451,2167,541882,216300
1477,94,101,18355,2162,541983,248000
1478,100,116,18253,2148,542099,252500
1479,84,109,18166,2126,542208,260800
1480,74,108,18097,2087,542316,253500
1481,80,103,18017,2064,542419,258800
1482,105,89,17911,2081,542508,381900
1483,91,91,17823,2078,542599,260300
1484,83,120,17735,2046,542719,227700
1485,73,88,17663,2030,542807,266700
1486,95,107,17570,2016,542914,257300
1487,84,102,17482,2002,543016,230600
1488,87,131,17391,1962,543147,238600
1489,89,100,17312,1941,543247,275700
1490,83,96,17226,1931,543343,262500
1491,106,111,17118,1928,543454,233000
1492,91,96,17028,1922,543550,265900
1493,92,91,16935,1924,543641,272700
1494,88,89,16849,1921,543730,298200
1495,104,106,16750,1914,543836,307900
1496,102,90,16641,1933,543926,274400
1497,103,103,16544,1927,544029,253500
1498,95,105,16441,1925,544134,247000
1499,114,95,16337,1934,544229,256900
1500,91,116,16241,1914,544345,239800
1501,88,97,16150,1908,544442,241000
1502,91,92,16059,1907,544534,263800
1503,90,97,15976,1893,544631,214900
1504,91,97,15880,1892,544728,230600
1505,100,104,15779,1889,544832,284500
1506,90,81,15686,1901,544913,214000
1507,102,103,15585,1899,545016,246800
1508,88,85,15497,1902,545101,294700
1509,92,87,15404,1908,545188,381000
1510,85,104,15324,1884,545292,352700
1511,87,87,15235,1886,545379,260500
1512,75,84,15155,1882,545463,314300
1513,75,82,15083,1872,545545,241000
1514,91,110,14996,1849,545655,285000
1515,94,104,14896,1845,545759,300500
1516,68,88,14830,1823,545847,228900
1517,88,77,14746,1830,545924,240900
1518,73,112,14669,1795,546036,258800
1519,91,109,14580,1775,546145,257100
1520,87,100,14492,1763,546245,230000
1521,72,80,14418,1757,546325,240800
1522,85,100,14337,1738,546425,248000
1523,72,67,14263,1745,546492,226700
1524,94,111,14173,1724,546603,263000
1525,65,76,14105,1716,546679,258400
1526,60,84,14045,1692,546763,245700
1527,74,79,13973,1685,546842,267500
1528,77,101,13894,1663,546943,234400
1529,65,96,13823,1638,547039,243100
1530,62,84,13765,1612,547123,268200
1531,87,90,13678,1609,547213,261100
1532,59,85,13617,1585,547298,238700
1533,68,75,13552,1575,547373,299200
1534,71,78,13478,1571,547451,251400
1535,55,75,13420,1554,547526,254900
1536,66,70,13356,1548,547596,211500
1537,58,76,13303,1525,547672,258200
1538,80,83,13225,1520,547755,223900
1539,57,67,13167,1511,547822,232100
1540,49,80,13112,1486,547902,214000
1541,65,75,13042,1481,547977,230900
1542,48,73,12996,1454,548050,266300
1543,69,84,12935,1431,548134,281200
1544,77,87,12849,1430,548221,215700
1545,73,58,12785,1436,548279,232400
1546,58,78,12721,1422,548357,263800
1547,52,60,12671,1412,548417,204700
1548,62,77,12612,1394,548494,253100
1549,51,70,12554,1382,548564,216400
1550,54,69,12499,1368,548633,235200
1551,67,72,12439,1356,548705,336600
1552,54,85,12384,1326,548790,244400
1553,61,75,12324,1311,548865,254600
1554,44,69,12273,1293,548934,253200
1555,50,80,12221,1265,549014,275700
1556,43,67,12182,1237,549081,247600
1557,46,54,12134,1231,549135,241100
1558,41,63,12095,1207,549198,244400
1559,38,62,12058,1182,549260,251500
1560,44,58,12012,1170,549318,234400
1561,47,58,11970,1154,549376,232100
1562,38,59,11931,1134,549435,265900
1563,36,44,11894,1127,549479,233800
1564,45,65,11849,1107,549544,223500
1565,42,38,11803,1115,549582,236700
1566,49,60,11756,1102,549642,230100
1567,33,59,11725,1074,549701,236100
1568,49,53,11672,1074,549754,229600
1569,60,56,11623,1067,549810,226300
1570,46,45,11569,1076,549855,262900
1571,48,63,11523,1059,549918,227700
1572,41,68,11482,1032,549986,224200
1573,48,50,11433,1031,550036,240400
1574,43,61,11389,1014,550097,256300
1575,43,61,11346,996,550158,257400
1576,56,57,11291,994,550215,209300
1577,46,54,11244,987,550269,340100
1578,34,49,11205,977,550318,279400
1579,53,46,11159,977,550364,214600
1580,39,51,11112,973,550415,226700
1581,33,42,11079,964,550457,248100
1582,34,56,11048,939,550513,243700
1583,34,42,11012,933,550555,234800
1584,42,49,10973,923,550604,231400
1585,39,40,10937,919,550644,273900
1586,37,55,10898,903,550699,238600
1587,50,52,10854,895,550751,232200
1588,43,49,10807,893,550800,207100
1589,35,32,10768,900,550832,257500
1590,31,40,10738,890,550872,248300
1591,35,48,10703,877,550920,248800
1592,40,46,10666,868,550966,224100
1593,27,39,10635,860,551005,234000
1594,18,38,10616,841,551043,250300
1595,26,49,10590,818,551092,221700
1596,27,46,10565,797,551138,249800
1597,40,42,10532,788,551180,239100
1598,20,47,10502,771,551227,224600
1599,27,40,10476,757,551267,350200
1600,27,30,10454,749,551297,241800
1601,28,27,10422,754,551324,272200
1602,32,37,10394,745,551361,250600
1603,26,44,10363,732,551405,224800
1604,19,38,10343,714,551443,223300
1605,30,31,10316,710,551474,257600
1606,26,41,10289,696,551515,257700
1607,28,40,10261,684,551555,279100
1608,32,36,10233,676,551591,267300
1609,23,30,10202,677,551621,257900
1610,23,34,10184,661,551655,262900
1611,21,38,10164,643,551693,245300
1612,31,43,10131,633,551736,309500
1613,26,27,10106,631,551763,289000
1614,28,30,10077,630,551793,280300
1615,24,27,10054,626,551820,284200
1616,36,30,10017,633,551850,292800
1617,34,26,9987,637,551876,275300
1618,27,30,9955,639,551906,279200
1619,27,47,9929,618,551953,299500
1620,26,26,9903,618,551979,439800
1621,36,34,9870,617,552013,293400
1622,17,26,9849,612,552039,340900
1623,28,36,9821,604,552075,352300
1624,27,36,9797,592,552111,322600
1625,28,31,9768,590,552142,376100
1626,15,27,9750,581,552169,312000
1627,21,26,9729,576,552195,280800
1628,25,35,9705,565,552230,391200
1629,21,33,9684,553,552263,259600
1630,20,28,9661,548,552291,251000
1631,20,42,9643,524,552333,282700
1632,17,31,9627,509,552364,249800
1633,19,31,9609,496,552395,242200
1634,21,29,9587,489,552424,283500
1635,16,29,9571,476,552453,253000
1636,20,16,9554,477,552469,254300
1637,21,26,9527,478,552495,229500
1638,19,25,9510,470,552520,314200
1639,3,20,9505,455,552540,268000
1640,24,19,9483,458,552559,332900
1641,22,22,9463,456,552581,362600
1642,24,32,9439,448,552613,273700
1643,14,21,9424,442,552634,263700
1644,13,15,9412,439,552649,245200
1645,15,28,9397,426,552677,254300
1646,19,17,9378,428,552694,255700
1647,14,11,9361,434,552705,247000
1648,13,22,9352,421,552727,227700
1649,13,24,9338,411,552751,256400
1650,11,21,9324,404,552772,301100
1651,10,16,9315,397,552788,294500
1652,12,28,9303,381,552816,265800
1653,15,30,9288,366,552846,329900
1654,10,21,9279,354,552867,319000
1655,11,17,9266,350,552884,344400
1656,17,16,9250,350,552900,325700
1657,15,20,9237,343,552920,340800
1658,17,17,9219,344,552937,399100
1659,6,18,9210,335,552955,340400
1660,8,15,9203,327,552970,356900
1661,7,17,9197,316,552987,315200
1662,7,13,9188,312,553000,289800
1663,7,11,9184,305,553011,334800
1664,8,18,9176,295,553029,335200
1665,11,14,9164,293,553043,314000
1666,7,20,9155,282,553063,308000
1667,9,17,9147,273,553080,260200
1668,8,14,9140,266,553094,241900
1669,4,16,9137,253,553110,215000
1670,6,16,9129,245,553126,241800
1671,11,7,9119,248,553133,263000
1672,4,17,9113,237,553150,275200
1673,4,13,9110,227,553163,281900
1674,6,16,9104,217,553179,311800
1675,5,12,9098,211,553191,420500
1676,5,14,9093,202,553205,380400
1677,3,6,9091,198,553211,310600
1678,6,15,9085,189,553226,241100
1679,3,12,9082,180,553238,292100
1680,3,10,9079,173,553248,250900
1681,7,12,9072,168,553260,262500
1682,7,8,9065,167,553268,236800
1683,3,5,9062,165,553273,277700
1684,1,7,9060,160,553280,285500
1685,2,10,9058,152,553290,308100
1686,2,7,9057,146,553297,291500
1687,3,6,9053,144,553303,284000
1688,1,9,9052,136,553312,339400
1689,4,4,9048,136,553316,336500
1690,0,5,9048,131,553321,262200
1691,5,8,9044,127,553329,274800
1692,3,5,9040,126,553334,287100
1693,3,6,9038,122,553340,281600
1694,8,6,9030,124,553346,267800
1695,6,5,9024,125,553351,250800
1696,2,7,9021,121,553358,254100
1697,3,8,9018,116,553366,265800
1698,7,9,9011,114,553375,249000
1699,4,6,9007,112,553381,237000
1700,8,6,9003,110,553387,218200
1701,3,3,8998,112,553390,231400
1702,4,8,8993,109,553398,245000
1703,3,5,8990,107,553403,233900
1704,2,8,8987,102,553411,258100
1705,5,7,8985,97,553418,237300
1706,1,5,8981,96,553423,233000
1707,4,9,8978,90,553432,277300
1708,4,7,8974,87,553439,281400
1709,2,4,8972,85,553443,232300
1710,4,3,8967,87,553446,237800
1711,2,4,8966,84,553450,254100
1712,4,4,8962,84,553454,238000
1713,1,5,8960,81,553459,266100
1714,5,1,8956,84,553460,353300
1715,1,3,8954,83,553463,313800
1716,2,4,8952,81,553467,226800
1717,8,3,8946,84,553470,249100
1718,2,3,8942,85,553473,264000
1719,2,3,8941,83,553476,265300
1720,2,2,8939,83,553478,238300
1721,3,3,8936,83,553481,243600
1722,6,4,8931,84,553485,269200
1723,6,1,8923,91,553486,251400
1724,6,7,8918,89,553493,203700
1725,6,2,8912,93,553495,214100
1726,3,5,8908,92,553500,228200
1727,4,5,8906,89,553505,252200
1728,9,4,8895,96,553509,225200
1729,3,8,8894,89,553517,293700
1730,2,6,8891,86,553523,229200
1731,3,5,8888,84,553528,228400
1732,7,4,8881,87,553532,223500
1733,5,1,8876,91,553533,238900
1734,3,3,8872,92,553536,239200
1735,7,9,8866,89,553545,275100
1736,4,7,8863,85,553552,238000
1737,4,2,8858,88,553554,249700
1738,4,5,8853,88,553559,254000
1739,2,2,8851,88,553561,215000
1740,5,7,8846,86,553568,271100
1741,4,4,8843,85,553572,269100
1742,2,6,8840,82,553578,263900
1743,2,3,8840,79,553581,201400
1744,4,6,8835,78,553587,211900
1745,6,10,8829,74,553597,224100
1746,1,3,8827,73,553600,247200
1747,5,3,8824,73,553603,235600
1748,1,3,8821,73,553606,245500
1749,4,3,8819,72,553609,219200
1750,3,4,8816,71,553613,244700
1751,1,4,8813,70,553617,243300
1752,2,3,8811,69,553620,243300
1753,1,6,8810,64,553626,234200
1754,3,2,8808,64,553628,243100
1755,3,2,8805,65,553630,254800
1756,1,4,8803,63,553634,245600
1757,2,3,8802,61,553637,276600
1758,2,0,8799,64,553637,266000
1759,0,6,8799,58,553643,300600
1760,1,5,8799,53,553648,226600
1761,3,1,8795,56,553649,234200
1762,1,2,8795,54,553651,225100
1763,0,2,8794,53,553653,252800
1764,5,2,8789,56,553655,261900
1765,0,3,8789,53,553658,981400
1766,2,0,8787,55,553658,564000
1767,2,3,8786,53,553661,516500
1768,2,2,8783,54,553663,503800
1769,2,2,8781,54,553665,307900
1770,2,4,8779,52,553669,229100
1771,0,2,8779,50,553671,252200
1772,0,0,8779,50,553671,254200
1773,1,2,8778,49,553673,254800
1774,5,0,8774,53,553673,238500
1775,0,2,8773,52,553675,255800
1776,0,3,8773,49,553678,227700
1777,1,2,8772,48,553680,209200
1778,1,1,8772,47,553681,233600
1779,1,3,8770,46,553684,247500
1780,0,2,8770,44,553686,214400
1781,2,0,8768,46,553686,221200
1782,2,3,8766,45,553689,261800
1783,3,3,8764,44,553692,247200
1784,1,3,8762,43,553695,241400
1785,1,2,8762,41,553697,240700
1786,0,1,8761,41,553698,234900
1787,0,1,8761,40,553699,224500
1788,0,1,8761,39,553700,232300
1789,1,3,8761,36,553703,217800
1790,2,1,8759,37,553704,217100
1791,0,1,8758,37,553705,224800
1792,0,0,8758,37,553705,235600
1793,1,1,8757,37,553706,259300
1794,0,1,8757,36,553707,250100
1795,0,4,8757,32,553711,214700
1796,0,2,8757,30,553713,264900
1797,1,3,8756,28,553716,261100
1798,0,1,8756,27,553717,242200
1799,0,0,8756,27,553717,221900
1800,1,1,8756,26,553718,216000
1801,0,1,8755,26,553719,230100
1802,0,1,8755,25,553720,226100
1803,0,1,8755,24,553721,225600
1804,0,0,8755,24,553721,231300
1805,1,1,8754,24,553722,249600
1806,0,0,8754,24,553722,240700
1807,0,0,8754,24,553722,234400
1808,1,2,8754,22,553724,274400
1809,3,0,8750,26,553724,221000
1810,0,2,8750,24,553726,223600
1811,0,1,8750,23,553727,239000
1812,1,1,8749,23,553728,248800
1813,0,1,8749,22,553729,229600
1814,1,2,8748,21,553731,220000
1815,1,2,8747,20,553733,228700
1816,0,1,8747,19,553734,245800
1817,0,1,8747,18,553735,241100
1818,0,0,8747,18,553735,227800
1819,0,1,8747,17,553736,234600
1820,1,1,8746,17,553737,245200
1821,0,2,8746,15,553739,242300
1822,0,0,8746,15,553739,243600
1823,0,0,8746,15,553739,268300
1824,0,2,8746,13,553741,271100
1825,0,0,8746,13,553741,251100
1826,0,0,8746,13,553741,279500
1827,0,0,8746,13,553741,237600
1828,0,1,8746,12,553742,265400
1829,0,1,8746,11,553743,222100
1830,0,1,8746,10,553744,239000
1831,0,0,8746,10,553744,222500
1832,0,1,8746,9,553745,222600
1833,0,1,8746,8,553746,204700
1834,0,0,8746,8,553746,222300
1835,0,0,8746,8,553746,243600
1836,0,0,8746,8,553746,240200
1837,0,0,8746,8,553746,282200
1838,0,0,8746,8,553746,233700
1839,0,0,8746,8,553746,223100
1840,0,0,8746,8,553746,225300
1841,0,0,8746,8,553746,230300
1842,0,2,8746,6,553748,216800
1843,0,1,8746,5,553749,207900
1844,0,1,8746,4,553750,225100
1845,0,0,8746,4,553750,209000
1846,0,0,8746,4,553750,209100
1847,0,0,8746,4,553750,209000
1848,0,0,8746,4,553750,223200
1849,0,0,8746,4,553750,229100
1850,0,1,8746,3,553751,245900
1851,0,0,8746,3,553751,247900
1852,0,0,8746,3,553751,201600
1853,0,0,8746,3,553751,210400
1854,0,0,8746,3,553751,257700
1855,0,1,8746,2,553752,204400
1856,0,0,8746,2,553752,236300
1857,0,0,8746,2,553752,227800
1858,0,0,8746,2,553752,240900
1859,0,0,8746,2,553752,257900
1860,0,0,8746,2,553752,254500
1861,0,0,8746,2,553752,240000
1862,0,0,8746,2,553752,232500
1863,0,0,8746,2,553752,211800
1864,0,0,8746,2,553752,249000
1865,0,0,8746,2,553752,255200
1866,0,0,8746,2,553752,213800
1867,0,0,8746,2,553752,248300
1868,0,0,8746,2,553752,216500
1869,0,0,8746,2,553752,262400
1870,0,0,8746,2,553752,225700
1871,0,0,8746,2,553752,304700
1872,0,0,8746,2,553752,239800
1873,0,0,8746,2,553752,229000
1874,0,0,8746,2,553752,246200
1875,0,0,8746,2,553752,220600
1876,0,0,8746,2,553752,225100
1877,0,0,8746,2,553752,242800
1878,0,1,8746,1,553753,228000
1879,0,0,8746,1,553753,242600
1880,0,0,8746,1,553753,285100
1881,0,0,8746,1,553753,286100
1882,0,1,8746,0,553754,253100
