Tick,NewlyInfected,NewlyRecovered,TotalSusceptible,TotalInfected,TotalRecovered,StepTimeNanos
0,5,0,1562491,9,0,1759200
1,0,2,1562490,8,2,972200
2,2,1,1562488,9,3,904800
3,3,1,1562485,11,4,859900
4,4,0,1562481,15,4,824000
5,3,1,1562479,16,5,723900
6,3,1,1562476,18,6,638900
7,4,3,1562471,20,9,606200
8,10,1,1562463,27,10,574100
9,7,2,1562456,32,12,541400
10,5,0,1562450,38,12,615000
11,7,4,1562443,41,16,664000
12,6,3,1562438,43,19,653400
13,5,4,1562433,44,23,965900
14,8,0,1562423,54,23,730100
15,6,1,1562419,57,24,567100
16,14,3,1562405,68,27,559800
17,18,2,1562389,82,29,501900
18,16,2,1562373,96,31,534800
19,6,11,1562365,93,42,652900
20,11,2,1562354,102,44,712200
21,14,8,1562341,107,52,761500
22,19,6,1562323,119,58,634300
23,17,9,1562303,130,67,577800
24,13,10,1562293,130,77,566000
25,14,5,1562277,141,82,516200
26,28,7,1562254,157,89,572400
27,13,13,1562238,160,102,629200
28,15,8,1562221,169,110,685800
29,16,9,1562205,176,119,661100
30,24,10,1562187,184,129,602900
31,17,7,1562164,200,136,565000
32,23,12,1562144,208,148,798700
33,24,18,1562117,217,166,759000
34,26,10,1562093,231,176,865500
35,25,5,1562067,252,181,859400
36,21,12,1562049,258,193,657900
37,30,18,1562016,273,211,618200
38,20,15,1562000,274,226,612000
39,28,13,1561968,293,239,550900
40,28,14,1561943,304,253,520100
41,35,9,1561906,332,262,573100
42,28,14,1561880,344,276,665800
43,35,22,1561843,359,298,711900
44,42,18,1561811,373,316,640700
45,36,25,1561772,387,341,609800
46,31,15,1561739,405,356,560400
47,33,26,1561704,414,382,554300
48,29,20,1561671,427,402,519000
49,33,37,1561640,421,439,534700
50,29,28,1561616,417,467,584900
51,22,23,1561588,422,490,680800
52,36,25,1561554,431,515,658900
53,33,23,1561518,444,538,820500
54,48,28,1561476,458,566,665600
55,43,19,1561433,482,585,580500
56,33,30,1561397,488,615,513800
57,36,25,1561360,500,640,517700
58,48,27,1561310,523,667,931100
59,47,29,1561272,532,696,795900
60,37,26,1561228,550,722,745500
61,55,19,1561175,584,741,677700
62,63,43,1561117,599,784,652700
63,34,33,1561077,606,817,607800
64,56,33,1561026,624,850,527900
65,55,39,1560970,641,889,563100
66,47,24,1560922,665,913,669900
67,44,32,1560879,676,945,702600
68,66,49,1560813,693,994,700500
69,48,34,1560762,710,1028,787400
70,50,40,1560718,714,1068,599200
71,40,26,1560674,732,1094,579100
72,47,32,1560628,746,1126,549300
73,59,33,1560566,775,1159,480500
74,63,42,1560515,784,1201,518900
75,58,36,1560452,811,1237,546300
76,78,46,1560377,840,1283,696800
77,69,44,1560299,874,1327,672100
78,54,37,1560248,888,1364,689200
79,59,38,1560190,908,1402,638800
80,80,46,1560114,938,1448,623400
81,65,54,1560047,951,1502,610400
82,70,48,1559973,977,1550,523000
83,76,63,1559899,988,1613,701100
84,66,54,1559834,999,1667,730600
85,60,58,1559779,996,1725,879500
86,75,52,1559703,1020,1777,624900
87,67,61,1559635,1027,1838,590400
88,67,58,1559567,1037,1896,599900
89,63,53,1559497,1054,1949,542000
90,57,46,1559441,1064,1995,576600
91,74,49,1559366,1090,2044,574200
92,71,45,1559300,1111,2089,632800
93,81,65,1559222,1124,2154,707300
94,74,58,1559142,1146,2212,642200
95,72,50,1559080,1158,2262,582100
96,66,59,1559011,1168,2321,568800
97,69,61,1558941,1177,2382,580600
98,68,67,1558872,1179,2449,549400
99,87,57,1558788,1206,2506,539900
100,88,63,1558698,1233,2569,667000
101,65,65,1558632,1234,2634,677200
102,96,61,1558535,1270,2695,637700
103,64,67,1558474,1264,2762,691400
104,81,70,1558394,1274,2832,606900
105,81,71,1558311,1286,2903,591700
106,93,77,1558223,1297,2980,633000
107,84,81,1558140,1299,3061,579500
108,86,71,1558049,1319,3132,522200
109,86,70,1557957,1341,3202,584200
110,106,61,1557858,1379,3263,682900
111,93,73,1557765,1399,3336,653800
112,98,71,1557667,1426,3407,688000
113,82,84,1557578,1431,3491,611100
114,98,69,1557485,1455,3560,556300
115,88,74,1557393,1473,3634,574100
116,94,78,1557307,1481,3712,518700
117,75,75,1557227,1486,3787,493800
118,116,66,1557120,1527,3853,568900
119,102,94,1557011,1542,3947,663900
120,97,62,1556915,1576,4009,675700
121,101,70,1556814,1607,4079,629800
122,109,84,1556720,1617,4163,571200
123,110,75,1556605,1657,4238,575200
124,122,87,1556480,1695,4325,579800
125,98,100,1556369,1706,4425,515500
126,106,81,1556272,1722,4506,476200
127,115,89,1556162,1743,4595,543700
128,117,101,1556039,1765,4696,635700
129,107,91,1555931,1782,4787,667300
130,112,110,1555822,1781,4897,691100
131,124,97,1555696,1810,4994,661600
132,93,95,1555601,1810,5089,603600
133,121,104,1555485,1822,5193,569400
134,103,84,1555376,1847,5277,570200
135,118,101,1555262,1860,5378,520000
136,112,96,1555154,1872,5474,563000
137,125,92,1555041,1893,5566,680300
138,138,100,1554901,1933,5666,672600
139,113,115,1554779,1940,5781,685700
140,133,97,1554652,1970,5878,579900
141,127,101,1554523,1998,5979,583000
142,112,97,1554403,2021,6076,508300
143,145,98,1554252,2074,6174,537300
144,138,120,1554123,2083,6294,482600
145,142,120,1553982,2104,6414,540800
146,127,97,1553851,2138,6511,666200
147,125,100,1553728,2161,6611,716000
148,146,113,1553590,2186,6724,694100
149,114,105,1553463,2208,6829,615500
150,160,128,1553313,2230,6957,604000
151,154,109,1553155,2279,7066,595700
152,153,109,1552998,2327,7175,577800
153,142,129,1552851,2345,7304,762900
154,141,125,1552715,2356,7429,698700
155,149,106,1552574,2391,7535,758700
156,135,123,1552431,2411,7658,730100
157,134,121,1552298,2423,7779,719100
158,155,151,1552153,2417,7930,615900
159,151,121,1552001,2448,8051,599100
160,137,122,1551864,2463,8173,572300
161,149,122,1551726,2479,8295,566300
162,172,129,1551540,2536,8424,669200
163,164,122,1551375,2579,8546,680300
164,163,148,1551215,2591,8694,637400
165,131,136,1551077,2593,8830,574100
166,137,154,1550948,2568,8984,568500
167,166,153,1550777,2586,9137,544500
168,154,132,1550625,2606,9269,584700
169,167,119,1550465,2647,9388,523700
170,165,137,1550301,2674,9525,745400
171,164,132,1550129,2714,9657,661400
172,169,134,1549957,2752,9791,711600
173,161,146,1549798,2765,9937,649400
174,166,139,1549642,2782,10076,691600
175,180,152,1549454,2818,10228,612600
176,153,143,1549299,2830,10371,592600
177,152,152,1549143,2834,10523,554200
178,163,145,1548989,2843,10668,622700
179,158,166,1548829,2837,10834,604100
180,195,126,1548642,2898,10960,728700
181,155,148,1548478,2914,11108,718100
182,146,154,1548330,2908,11262,602000
183,157,157,1548168,2913,11419,574100
184,164,154,1548008,2919,11573,549400
185,169,134,1547839,2954,11707,520500
186,157,171,1547684,2938,11878,585800
187,167,161,1547532,2929,12039,525200
188,163,134,1547364,2963,12173,549900
189,200,151,1547159,3017,12324,719000
190,172,172,1546988,3016,12496,670700
191,174,168,1546808,3028,12664,684700
192,175,155,1546636,3045,12819,597100
193,171,161,1546468,3052,12980,573700
194,190,140,1546285,3095,13120,591300
195,185,156,1546091,3133,13276,521400
196,194,159,1545891,3174,13435,500000
197,161,160,1545744,3161,13595,559600
198,190,163,1545549,3193,13758,686500
199,190,198,1545357,3187,13956,678700
200,184,172,1545175,3197,14128,639000
201,205,162,1544981,3229,14290,589300
202,211,153,1544769,3288,14443,566800
203,187,173,1544583,3301,14616,610200
204,199,170,1544387,3327,14786,646300
205,212,194,1544167,3353,14980,771400
206,216,164,1543956,3400,15144,696800
207,183,179,1543757,3420,15323,673100
208,200,162,1543567,3448,15485,666300
209,215,197,1543362,3456,15682,653300
210,196,191,1543154,3473,15873,573200
211,189,183,1542974,3470,16056,565300
212,209,167,1542764,3513,16223,551700
213,210,181,1542553,3543,16404,530100
214,231,178,1542316,3602,16582,592800
215,244,190,1542085,3643,16772,724600
216,209,179,1541864,3685,16951,873200
217,194,179,1541676,3694,17130,639100
218,239,178,1541442,3750,17308,629400
219,238,204,1541205,3783,17512,579800
220,224,194,1540957,3837,17706,555900
221,244,191,1540736,3867,17897,514200
222,247,218,1540477,3908,18115,498600
223,207,208,1540265,3912,18323,556400
224,227,188,1540048,3941,18511,696600
225,260,197,1539810,3982,18708,707600
226,251,223,1539537,4032,18931,710000
227,250,211,1539305,4053,19142,627000
228,252,196,1539028,4134,19338,642100
229,238,211,1538789,4162,19549,582400
230,237,222,1538565,4164,19771,601600
231,234,202,1538333,4194,19973,680300
232,255,235,1538082,4210,20208,686400
233,229,196,1537848,4248,20404,690000
234,229,204,1537617,4275,20608,748800
235,250,217,1537373,4302,20825,636500
236,259,224,1537128,4323,21049,571500
237,233,222,1536876,4353,21271,571200
238,241,202,1536630,4397,21473,561800
239,250,242,1536377,4408,21715,616100
240,223,216,1536155,4414,21931,589700
241,226,201,1535946,4422,22132,748300
242,267,229,1535666,4473,22361,745700
243,285,221,1535397,4521,22582,655700
244,251,229,1535145,4544,22811,623900
245,277,208,1534865,4616,23019,589700
246,281,251,1534577,4653,23270,551500
247,300,222,1534297,4711,23492,511800
248,262,233,1534020,4755,23725,770800
249,269,287,1533749,4739,24012,688100
250,300,235,1533449,4804,24247,706400
251,267,257,1533190,4806,24504,922900
252,308,252,1532881,4863,24756,692200
253,277,246,1532608,4890,25002,664700
254,258,248,1532339,4911,25250,571800
255,294,218,1532047,4985,25468,532500
256,294,261,1531766,5005,25729,691800
257,276,272,1531487,5012,26001,692100
258,260,236,1531212,5051,26237,703000
259,276,294,1530935,5034,26531,644000
260,271,252,1530662,5055,26783,600500
261,245,273,1530429,5015,27056,571900
262,282,269,1530138,5037,27325,632200
263,264,246,1529883,5046,27571,574300
264,288,248,1529594,5087,27819,561600
265,296,258,1529306,5117,28077,558100
266,291,251,1528995,5177,28328,694400
267,297,274,1528708,5190,28602,710300
268,291,286,1528416,5196,28888,674200
269,330,271,1528102,5239,29159,610000
270,325,263,1527772,5306,29422,559200
271,333,278,1527430,5370,29700,596900
272,305,240,1527133,5427,29940,587400
273,274,282,1526849,5429,30222,560700
274,284,304,1526558,5416,30526,580800
275,283,290,1526294,5390,30816,730400
276,288,276,1525983,5425,31092,700100
277,271,267,1525717,5424,31359,881000
278,272,283,1525444,5414,31642,761600
279,265,270,1525190,5398,31912,726900
280,297,279,1524888,5421,32191,644000
281,310,246,1524577,5486,32437,596100
282,297,265,1524284,5514,32702,721600
283,262,287,1524010,5501,32989,848600
284,275,273,1523754,5484,33262,797800
285,287,287,1523460,5491,33549,696700
286,315,276,1523139,5536,33825,726600
287,290,276,1522850,5549,34101,641900
288,299,277,1522566,5556,34378,716200
289,318,266,1522243,5613,34644,805400
290,291,284,1521960,5612,34928,826000
291,295,297,1521647,5628,35225,785600
292,276,268,1521380,5627,35493,680900
293,303,291,1521078,5638,35784,652400
294,288,324,1520787,5605,36108,606300
295,299,264,1520489,5639,36372,575500
296,333,295,1520155,5678,36667,557500
297,268,307,1519901,5625,36974,628900
298,267,292,1519610,5624,37266,963100
299,281,315,1519341,5578,37581,950900
300,321,293,1519016,5610,37874,807200
301,291,290,1518728,5608,38164,688300
302,285,278,1518435,5623,38442,652400
303,321,294,1518122,5642,38736,624100
304,277,276,1517850,5638,39012,812600
305,316,282,1517524,5682,39294,821000
306,306,301,1517227,5678,39595,786900
307,318,317,1516920,5668,39912,649600
308,309,267,1516593,5728,40179,602400
309,322,327,1516284,5710,40506,598900
310,350,312,1515944,5738,40818,573600
311,309,307,1515624,5751,41125,573200
312,340,302,1515282,5791,41427,583300
313,314,286,1514964,5823,41713,618900
314,326,278,1514640,5869,41991,782200
315,330,295,1514324,5890,42286,727500
316,335,306,1513971,5937,42592,664400
317,321,339,1513658,5911,42931,649600
318,305,317,1513332,5920,43248,631000
319,331,287,1513020,5945,43535,541800
320,328,315,1512695,5955,43850,646000
321,320,304,1512378,5968,44154,751800
322,303,289,1512063,5994,44443,925000
323,375,339,1511701,6017,44782,886000
324,341,320,1511362,6036,45102,722300
325,332,300,1511017,6081,45402,667700
326,328,286,1510689,6123,45688,620900
327,339,285,1510345,6182,45973,602800
328,345,306,1509997,6224,46279,841800
329,289,342,1509714,6165,46621,822600
330,296,316,1509413,6150,46937,753300
331,322,318,1509109,6136,47255,705000
332,332,306,1508758,6181,47561,622600
333,327,333,1508431,6175,47894,582200
334,316,321,1508122,6163,48215,578600
335,346,277,1507787,6221,48492,556500
336,353,319,1507429,6260,48811,513800
337,354,312,1507071,6306,49123,585400
338,330,328,1506742,6307,49451,758700
339,349,340,1506407,6302,49791,701200
340,344,358,1506047,6304,50149,676000
341,348,308,1505712,6331,50457,629200
342,337,324,1505354,6365,50781,913300
343,325,334,1505035,6350,51115,1196400
344,344,374,1504691,6320,51489,992400
345,351,343,1504357,6311,51832,1133100
346,302,313,1504040,6315,52145,895800
347,333,349,1503711,6295,52494,794900
348,352,320,1503366,6320,52814,756100
349,331,324,1503038,6324,53138,703400
350,354,334,1502673,6355,53472,769200
351,333,318,1502336,6374,53790,801100
352,335,324,1502004,6382,54114,781600
353,360,318,1501646,6422,54432,688700
354,405,318,1501257,6493,54750,692600
355,335,331,1500908,6511,55081,638800
356,385,357,1500534,6528,55438,639500
357,319,327,1500220,6515,55765,683300
358,332,332,1499869,6534,56097,747400
359,365,343,1499514,6546,56440,896200
360,391,316,1499121,6623,56756,886500
361,367,353,1498762,6629,57109,802400
362,385,342,1498377,6672,57451,798600
363,327,332,1498041,6676,57783,757800
364,343,367,1497696,6654,58150,881800
365,374,336,1497321,6693,58486,932200
366,376,345,1496951,6718,58831,849200
367,399,324,1496544,6801,59155,732000
368,423,358,1496123,6864,59513,718000
369,396,337,1495730,6920,59850,657500
370,390,369,1495346,6935,60219,647100
371,390,331,1494953,6997,60550,606500
372,389,360,1494560,7030,60910,638300
373,385,360,1494171,7059,61270,947600
374,402,356,1493796,7078,61626,889300
375,403,382,1493371,7121,62008,691700
376,382,347,1492997,7148,62355,728400
377,372,390,1492616,7139,62745,678100
378,392,356,1492229,7170,63101,572000
379,356,401,1491859,7139,63502,695700
380,407,356,1491468,7174,63858,1010400
381,391,381,1491074,7187,64239,1128600
382,393,389,1490700,7172,64628,899000
383,417,374,1490255,7243,65002,778000
384,377,391,1489885,7222,65393,724000
385,424,398,1489467,7242,65791,688300
386,406,375,1489076,7258,66166,754900
387,365,381,1488683,7270,66547,1015300
388,373,378,1488309,7266,66925,787400
389,397,418,1487924,7233,67343,753800
390,377,387,1487540,7230,67730,788900
391,409,391,1487144,7235,68121,669300
392,387,366,1486739,7274,68487,643400
393,443,383,1486307,7323,68870,757400
394,385,340,1485932,7358,69210,833100
395,413,414,1485526,7350,69624,792400
396,399,406,1485107,7363,70030,704600
397,370,351,1484731,7388,70381,674700
398,354,381,1484374,7364,70762,635800
399,411,383,1483971,7384,71145,666100
400,379,421,1483591,7343,71566,784100
401,401,361,1483182,7391,71927,885100
402,408,382,1482785,7406,72309,1001300
403,394,385,1482396,7410,72694,771300
404,403,393,1481998,7415,73087,706300
405,405,380,1481583,7450,73467,690900
406,414,384,1481171,7478,73851,666000
407,404,360,1480774,7515,74211,824000
408,433,423,1480349,7517,74634,828900
409,407,360,1479930,7576,74994,815100
410,438,392,1479493,7621,75386,674900
411,415,399,1479088,7627,75785,671800
412,383,358,1478687,7670,76143,616400
413,427,390,1478257,7710,76533,647800
414,427,394,1477837,7736,76927,577200
415,435,395,1477416,7762,77322,677500
416,373,416,1477024,7738,77738,786800
417,407,418,1476610,7734,78156,793200
418,439,408,1476200,7736,78564,788500
419,387,365,1475818,7753,78929,783600
420,408,379,1475392,7800,79308,814300
421,401,384,1475005,7803,79692,703300
422,457,395,1474553,7860,80087,762200
423,438,445,1474101,7867,80532,1244000
424,424,388,1473670,7910,80920,1106500
425,415,392,1473253,7935,81312,786900
426,372,418,1472879,7891,81730,734900
427,392,421,1472498,7851,82151,702700
428,374,401,1472123,7825,82552,737800
429,396,398,1471736,7814,82950,799100
430,443,399,1471283,7868,83349,734800
431,384,414,1470887,7850,83763,779300
432,415,448,1470481,7808,84211,687500
433,442,397,1470048,7844,84608,797300
434,414,425,1469658,7809,85033,660900
435,405,414,1469237,7816,85447,583100
436,421,402,1468822,7829,85849,681100
437,434,412,1468369,7870,86261,726500
438,417,382,1467959,7898,86643,676100
439,401,423,1467556,7878,87066,606700
440,436,397,1467122,7915,87463,704100
441,407,420,1466707,7910,87883,626000
442,419,396,1466283,7938,88279,585800
443,434,403,1465871,7947,88682,595400
444,444,390,1465417,8011,89072,632400
445,397,398,1465009,8021,89470,802900
446,419,449,1464602,7979,89919,790500
447,412,427,1464180,7974,90346,611900
448,449,361,1463735,8058,90707,627900
449,439,413,1463289,8091,91120,643900
450,466,423,1462829,8128,91543,619100
451,435,432,1462395,8130,91975,605800
452,446,397,1461955,8173,92372,688300
453,446,418,1461508,8202,92790,746500
454,453,416,1461061,8233,93206,710900
455,437,412,1460613,8269,93618,659000
456,464,442,1460158,8282,94060,647100
457,432,390,1459708,8342,94450,661900
458,443,444,1459280,8326,94894,720000
459,465,412,1458841,8353,95306,676300
460,489,427,1458334,8433,95733,653100
461,444,469,1457867,8431,96202,682600
462,478,442,1457404,8452,96644,776200
463,490,436,1456905,8515,97080,682600
464,481,454,1456430,8536,97534,607300
465,542,444,1455910,8612,97978,601300
466,540,412,1455353,8757,98390,597700
467,482,443,1454869,8798,98833,614500
468,511,457,1454361,8849,99290,599400
469,494,481,1453874,8855,99771,827200
470,496,440,1453371,8918,100211,783300
471,501,477,1452873,8939,100688,727900
472,466,455,1452393,8964,101143,706500
473,469,475,1451918,8964,101618,618600
474,541,468,1451410,9004,102086,593900
475,491,442,1450905,9067,102528,634600
476,494,482,1450406,9084,103010,667200
477,506,510,1449902,9078,103520,654700
478,492,440,1449414,9126,103960,837900
479,514,444,1448901,9195,104404,801600
480,498,464,1448404,9228,104868,718700
481,484,487,1447925,9220,105355,659700
482,493,521,1447423,9201,105876,603700
483,454,451,1446950,9223,106327,612700
484,500,435,1446482,9256,106762,767600
485,501,503,1445965,9270,107265,892400
486,477,439,1445488,9308,107704,956900
487,515,482,1444986,9328,108186,902800
488,529,494,1444456,9364,108680,794900
489,501,470,1443963,9387,109150,698900
490,467,484,1443488,9378,109634,691700
491,516,480,1442982,9404,110114,632000
492,530,476,1442438,9472,110590,716900
493,549,479,1441891,9540,111069,650200
494,522,469,1441358,9604,111538,775100
495,545,481,1440853,9628,112019,735400
496,514,505,1440290,9686,112524,919800
497,547,513,1439765,9698,113037,637800
498,529,529,1439237,9697,113566,601700
499,554,491,1438693,9750,114057,795500
500,510,529,1438151,9763,114586,782100
501,505,530,1437678,9706,115116,754300
502,534,525,1437135,9724,115641,736200
503,530,487,1436605,9767,116128,680400
504,534,549,1436057,9766,116677,657700
505,510,492,1435586,9745,117169,658500
506,491,510,1435066,9755,117679,735000
507,506,481,1434552,9788,118160,619900
508,532,507,1434024,9809,118667,792000
509,502,508,1433519,9806,119175,772700
510,483,492,1433027,9806,119667,666700
511,512,493,1432522,9818,120160,622400
512,527,515,1432012,9813,120675,584500
513,515,499,1431491,9835,121174,604400
514,504,538,1430979,9809,121712,569500
515,492,533,1430490,9765,122245,571800
516,530,514,1429963,9778,122759,718400
517,491,500,1429481,9760,123259,747400
518,518,534,1428955,9752,123793,747200
519,536,497,1428429,9781,124290,659800
520,526,491,1427897,9822,124781,681100
521,497,471,1427406,9842,125252,647800
522,513,528,1426900,9820,125780,589900
523,513,496,1426368,9856,126276,559000
524,553,511,1425819,9894,126787,663200
525,557,574,1425280,9859,127361,783500
526,529,519,1424724,9896,127880,755000
527,514,500,1424218,9902,128380,667800
528,517,551,1423697,9872,128931,649100
529,564,494,1423136,9939,129425,670300
530,541,491,1422593,9991,129916,587500
531,516,516,1422075,9993,130432,586400
532,552,518,1421533,10017,130950,626100
533,557,506,1420981,10063,131456,813500
534,521,572,1420438,10034,132028,746200
535,509,504,1419929,10039,132532,733200
536,562,489,1419410,10069,133021,655500
537,503,505,1418872,10102,133526,648900
538,537,517,1418318,10139,134043,663500
539,586,510,1417763,10184,134553,690500
540,524,550,1417237,10160,135103,657800
541,491,537,1416732,10128,135640,804800
542,497,500,1416232,10128,136140,734700
543,564,543,1415670,10147,136683,662500
544,561,552,1415117,10148,137235,612300
545,533,518,1414567,10180,137753,707400
546,533,504,1414042,10201,138257,636300
547,493,515,1413576,10152,138772,568500
548,559,506,1413013,10209,139278,576600
549,511,533,1412475,10214,139811,799900
550,525,507,1411973,10209,140318,730500
551,522,478,1411435,10269,140796,846900
552,567,524,1410891,10289,141320,744100
553,576,575,1410302,10303,141895,643500
554,521,520,1409785,10300,142415,646300
555,584,521,1409213,10351,142936,582900
556,548,554,1408677,10333,143490,643100
557,541,565,1408110,10335,144055,796700
558,553,546,1407579,10320,144601,748400
559,550,512,1407001,10386,145113,671100
560,545,542,1406477,10368,145655,621600
561,582,528,1405894,10423,146183,758700
562,662,531,1405247,10539,146714,589200
563,561,576,1404643,10567,147290,568500
564,571,580,1404101,10529,147870,620700
565,581,535,1403518,10577,148405,769700
566,647,513,1402849,10733,148918,779100
567,617,552,1402247,10783,149470,664800
568,583,546,1401665,10819,150016,627800
569,589,537,1401085,10862,150553,642000
570,606,545,1400482,10920,151098,663000
571,616,611,1399873,10918,151709,568200
572,621,529,1399225,11037,152238,625500
573,585,593,1398641,11028,152831,839300
574,582,567,1398074,11028,153398,777700
575,581,548,1397493,11061,153946,804900
576,546,568,1396939,11047,154514,714700
577,578,616,1396357,11013,155130,621800
578,586,556,1395778,11036,155686,597600
579,603,584,1395167,11063,156270,580600
580,629,561,1394573,11096,156831,605200
581,631,599,1393934,11136,157430,808400
582,586,550,1393339,11181,157980,774700
583,605,572,1392720,11228,158552,699400
584,637,585,1392092,11271,159137,620000
585,640,606,1391443,11314,159743,645200
586,612,595,1390853,11309,160338,620600
587,589,592,1390245,11325,160930,629700
588,586,598,1389653,11319,161528,687600
589,590,575,1389055,11342,162103,827500
590,587,582,1388474,11341,162685,761500
591,598,588,1387863,11364,163273,711700
592,607,607,1387271,11349,163880,640300
593,607,550,1386677,11393,164430,641800
594,636,571,1386035,11464,165001,665200
595,647,551,1385390,11558,165552,819200
596,619,571,1384762,11615,166123,744300
597,642,574,1384124,11679,166697,831800
598,608,565,1383511,11727,167262,792000
599,640,619,1382872,11747,167881,711400
600,623,607,1382248,11764,168488,638300
601,606,590,1381643,11779,169078,606600
602,593,629,1381047,11746,169707,619100
603,607,633,1380460,11700,170340,916200
604,611,639,1379825,11696,170979,807400
605,616,631,1379224,11666,171610,780200
606,641,631,1378588,11671,172241,707200
607,563,592,1378007,11660,172833,684200
608,589,614,1377421,11632,173447,597800
609,646,627,1376789,11637,174074,590700
610,655,551,1376139,11736,174625,613300
611,655,616,1375472,11787,175241,768600
612,680,592,1374813,11854,175833,691100
613,657,629,1374147,11891,176462,723800
614,672,592,1373475,11971,177054,716900
615,640,613,1372829,12004,177667,680100
616,594,663,1372227,11943,178330,778200
617,610,650,1371608,11912,178980,703000
618,653,632,1370974,11914,179612,664700
619,610,600,1370367,11921,180212,710400
620,652,597,1369704,11987,180809,671900
621,639,621,1369071,11999,181430,659100
622,629,610,1368458,12002,182040,739900
623,660,616,1367786,12058,182656,644200
624,653,635,1367150,12059,183291,613700
625,631,630,1366503,12076,183921,622300
626,693,632,1365821,12126,184553,630000
627,638,656,1365174,12117,185209,680900
628,646,646,1364520,12125,185855,645600
629,622,613,1363884,12148,186468,605900
630,665,637,1363245,12150,187105,611200
631,617,613,1362616,12166,187718,597700
632,689,652,1361939,12191,188370,648100
633,656,638,1361262,12230,189008,582400
634,680,649,1360610,12233,189657,608100
635,634,617,1359957,12269,190274,630200
636,663,657,1359299,12270,190931,667300
637,640,656,1358653,12260,191587,656700
638,585,612,1358061,12240,192199,606500
639,644,624,1357436,12241,192823,610700
640,611,660,1356813,12204,193483,673700
641,634,642,1356182,12193,194125,644400
642,606,623,1355586,12166,194748,737800
643,658,632,1354917,12203,195380,695600
644,689,659,1354206,12255,196039,689600
645,670,656,1353592,12213,196695,700100
646,660,614,1352901,12290,197309,690400
647,640,582,1352250,12359,197891,749200
648,697,624,1351567,12418,198515,724000
649,635,630,1350932,12423,199145,697000
650,641,599,1350263,12493,199744,649700
651,645,667,1349627,12462,200411,666200
652,662,649,1348980,12460,201060,712700
653,676,633,1348301,12506,201693,698700
654,684,657,1347623,12527,202350,639100
655,684,647,1346950,12553,202997,636600
656,665,658,1346287,12558,203655,654500
657,633,666,1345641,12538,204321,712300
658,655,657,1345001,12521,204978,652700
659,647,619,1344348,12555,205597,637100
660,658,671,1343687,12545,206268,744600
661,700,589,1342978,12665,206857,694600
662,659,659,1342326,12658,207516,769500
663,681,671,1341678,12635,208187,713700
664,634,700,1341016,12597,208887,696600
665,678,653,1340342,12618,209540,691700
666,691,666,1339627,12667,210206,690800
667,697,662,1338958,12674,210868,678500
668,734,657,1338225,12750,211525,714900
669,658,658,1337552,12765,212183,707500
670,664,678,1336891,12748,212861,662300
671,653,653,1336222,12764,213514,654100
672,655,649,1335578,12759,214163,659200
673,670,668,1334901,12768,214831,641500
674,718,668,1334198,12803,215499,623300
675,766,677,1333450,12874,216176,643100
676,704,654,1332725,12945,216830,736600
677,746,667,1331974,13029,217497,647800
678,739,728,1331261,13014,218225,669000
679,687,678,1330543,13054,218903,695400
680,622,693,1329907,12997,219596,840000
681,680,697,1329252,12955,220293,734100
682,677,678,1328578,12951,220971,758100
683,715,650,1327871,13008,221621,757400
684,699,686,1327171,13022,222307,827500
685,709,686,1326444,13063,222993,712300
686,710,696,1325755,13056,223689,740400
687,722,669,1325026,13116,224358,887700
688,746,671,1324296,13175,225029,845700
689,702,685,1323584,13202,225714,756400
690,726,720,1322848,13218,226434,778600
691,694,686,1322159,13221,227120,753300
692,741,678,1321414,13288,227798,3916700
693,700,674,1320711,13317,228472,3558900
694,727,737,1319993,13298,229209,2194000
695,705,691,1319281,13319,229900,3371000
696,736,652,1318559,13389,230552,1826800
697,672,695,1317867,13386,231247,1968100
698,738,735,1317157,13361,231982,2322400
699,696,693,1316453,13372,232675,1015600
700,649,685,1315781,13359,233360,1619200
701,706,710,1315094,13336,234070,1144800
702,627,648,1314456,13326,234718,952600
703,674,639,1313780,13363,235357,845000
704,691,691,1313097,13355,236048,751800
705,711,714,1312394,13344,236762,808500
706,673,616,1311713,13409,237378,727000
707,664,701,1311038,13383,238079,794600
708,705,685,1310340,13396,238764,946000
709,721,766,1309618,13352,239530,833200
710,642,698,1308980,13292,240228,759900
711,670,675,1308299,13298,240903,632000
712,665,699,1307635,13263,241602,643800
713,648,706,1306984,13208,242308,645300
714,697,663,1306301,13228,242971,660700
715,649,689,1305623,13217,243660,737800
716,607,675,1305017,13148,244335,719200
717,695,677,1304312,13176,245012,687200
718,712,700,1303624,13164,245712,657400
719,652,685,1302978,13125,246397,692900
720,642,699,1302334,13070,247096,621100
721,648,686,1301684,13034,247782,615200
722,660,656,1301022,13040,248438,663800
723,653,679,1300376,13007,249117,690400
724,758,677,1299651,13055,249794,1106300
725,659,675,1298949,13082,250469,1445300
726,641,672,1298297,13062,251141,1502100
727,689,699,1297630,13030,251840,1045200
728,688,653,1296943,13064,252493,881000
729,662,646,1296280,13081,253139,877800
730,675,676,1295621,13064,253815,746500
731,672,657,1294930,13098,254472,726400
732,667,656,1294271,13101,255128,819000
733,645,664,1293610,13098,255792,899600
734,678,676,1292945,13087,256468,976900
735,677,682,1292270,13080,257150,806500
736,633,677,1291621,13052,257827,857000
737,647,692,1290976,13005,258519,738000
738,644,675,1290335,12971,259194,692800
739,622,665,1289719,12922,259859,684500
740,624,656,1289088,12897,260515,695400
741,659,640,1288423,12922,261155,637900
742,631,623,1287800,12922,261778,632600
743,595,698,1287179,12845,262476,582700
744,616,719,1286576,12729,263195,783400
745,657,653,1285935,12717,263848,787100
746,712,703,1285226,12723,264551,752200
747,696,620,1284531,12798,265171,692600
748,652,701,1283855,12773,265872,720700
749,678,675,1283199,12754,266547,692100
750,609,679,1282581,12693,267226,821300
751,625,663,1281952,12659,267889,702900
752,675,675,1281279,12657,268564,688400
753,645,634,1280647,12655,269198,715300
754,635,645,1280008,12649,269843,692900
755,597,636,1279399,12622,270479,710300
756,623,652,1278785,12584,271131,776800
757,632,660,1278149,12560,271791,789800
758,575,678,1277552,12479,272469,774900
759,632,599,1276940,12492,273068,770700
760,631,668,1276318,12446,273736,733900
761,613,613,1275695,12456,274349,693400
762,638,627,1275054,12470,274976,672900
763,624,630,1274435,12459,275606,762900
764,669,668,1273766,12460,276274,668400
765,639,642,1273134,12450,276916,677600
766,617,652,1272516,12416,277568,694100
767,628,623,1271860,12449,278191,749100
768,648,668,1271219,12422,278859,765400
769,648,641,1270595,12405,279500,738200
770,620,617,1269957,12426,280117,717700
771,625,637,1269320,12426,280754,826800
772,608,617,1268730,12399,281371,951300
773,691,600,1268029,12500,281971,780500
774,619,625,1267448,12456,282596,694400
775,644,687,1266770,12447,283283,741100
776,651,608,1266126,12483,283891,733900
777,600,689,1265525,12395,284580,646200
778,616,634,1264900,12386,285214,669600
779,551,655,1264356,12275,285869,615600
780,641,609,1263733,12289,286478,711100
781,627,662,1263082,12278,287140,692400
782,653,643,1262450,12267,287783,681500
783,568,692,1261845,12180,288475,683900
784,654,615,1261219,12191,289090,659300
785,612,654,1260595,12161,289744,751800
786,633,641,1259969,12146,290385,821700
787,589,640,1259374,12101,291025,702500
788,609,574,1258750,12151,291599,886300
789,571,619,1258187,12095,292218,741300
790,584,560,1257619,12103,292778,723700
791,573,592,1257037,12093,293370,686900
792,599,618,1256445,12067,293988,816600
793,575,641,1255863,12008,294629,705600
794,603,678,1255283,11910,295307,804100
795,600,591,1254665,11937,295898,752900
796,546,627,1254111,11864,296525,637500
797,596,601,1253525,11849,297126,677600
798,582,661,1252935,11778,297787,675800
799,573,639,1252362,11712,298426,752400
800,648,605,1251723,11746,299031,702600
801,581,606,1251129,11734,299637,981200
802,591,590,1250529,11744,300227,902900
803,608,629,1249956,11688,300856,1208000
804,581,606,1249350,11688,301462,729400
805,597,587,1248742,11709,302049,680900
806,583,608,1248176,11667,302657,708200
807,525,556,1247637,11650,303213,683700
808,607,612,1247048,11627,303825,824100
809,610,625,1246440,11610,304450,926300
810,583,615,1245842,11593,305065,772300
811,629,648,1245229,11558,305713,715700
812,587,593,1244639,11555,306306,650700
813,606,612,1244048,11534,306918,600800
814,606,596,1243425,11561,307514,591500
815,615,571,1242819,11596,308085,647000
816,591,592,1242223,11600,308677,810400
817,643,598,1241554,11671,309275,747700
818,602,580,1240969,11676,309855,663100
819,616,611,1240358,11676,310466,644300
820,637,589,1239740,11705,311055,682900
821,612,596,1239104,11745,311651,662700
822,641,623,1238489,11737,312274,593400
823,640,572,1237811,11843,312846,613600
824,646,606,1237196,11852,313452,807900
825,615,553,1236576,11919,314005,772300
826,658,590,1235927,11978,314595,743800
827,652,609,1235260,12036,315204,675300
828,617,625,1234644,12027,315829,691200
829,590,612,1234066,11993,316441,649400
830,542,572,1233498,11989,317013,658100
831,629,626,1232873,11988,317639,674700
832,605,615,1232265,11981,318254,790800
833,629,593,1231633,12020,318847,817400
834,620,619,1231028,12006,319466,685600
835,594,632,1230424,11978,320098,645000
836,599,630,1229819,11953,320728,594800
837,606,608,1229228,11936,321336,663200
838,676,649,1228564,11951,321985,643200
839,614,660,1227938,11917,322645,681100
840,570,633,1227363,11859,323278,842900
841,593,593,1226777,11852,323871,836200
842,576,646,1226186,11797,324517,640000
843,543,613,1225634,11736,325130,698800
844,548,613,1225097,11660,325743,633700
845,581,578,1224517,11662,326321,611300
846,589,613,1223943,11623,326934,558700
847,586,640,1223347,11579,327574,621500
848,593,607,1222760,11559,328181,801200
849,596,569,1222164,11586,328750,766700
850,615,595,1221560,11595,329345,789300
851,615,632,1220931,11592,329977,722300
852,644,585,1220292,11646,330562,691500
853,602,630,1219685,11623,331192,637800
854,623,605,1219062,11641,331797,816600
855,594,617,1218471,11615,332414,820400
856,601,602,1217878,11606,333016,813300
857,561,635,1217300,11549,333651,732900
858,584,614,1216736,11499,334265,668700
859,589,573,1216131,11531,334838,619700
860,585,591,1215532,11539,335429,636200
861,608,609,1214943,11519,336038,607600
862,577,639,1214365,11458,336677,643500
863,592,579,1213771,11473,337256,821800
864,622,605,1213148,11491,337861,746300
865,623,614,1212529,11496,338475,689800
866,525,646,1211989,11390,339121,688000
867,600,572,1211410,11397,339693,687200
868,562,548,1210828,11431,340241,666800
869,556,555,1210288,11416,340796,646700
870,612,591,1209666,11447,341387,688600
871,574,547,1209096,11470,341934,854400
872,589,628,1208496,11442,342562,857500
873,592,635,1207901,11402,343197,779700
874,597,582,1207335,11386,343779,703500
875,575,581,1206739,11401,344360,678500
876,550,570,1206188,11382,344930,616700
877,572,589,1205615,11366,345519,796300
878,573,570,1205041,11370,346089,805700
879,629,567,1204410,11434,346656,786800
880,629,586,1203784,11474,347242,737900
881,582,614,1203207,11437,347856,819100
882,543,601,1202667,11376,348457,712100
883,604,585,1202062,11396,349042,651600
884,611,608,1201442,11408,349650,596300
885,578,588,1200878,11384,350238,661100
886,626,539,1200274,11449,350777,882100
887,624,583,1199624,11516,351360,791800
888,604,558,1199009,11573,351918,714300
889,594,573,1198397,11612,352491,639900
890,584,611,1197839,11559,353102,651800
891,664,589,1197188,11621,353691,686500
892,609,603,1196575,11631,354294,572500
893,588,602,1195979,11625,354896,695100
894,629,639,1195360,11605,355535,819000
895,616,613,1194740,11612,356148,861400
896,578,597,1194148,11607,356745,809600
897,555,595,1193585,11575,357340,751900
898,621,588,1192994,11578,357928,724500
899,545,571,1192421,11580,358499,632100
900,549,555,1191889,11557,359054,697500
901,610,617,1191287,11542,359671,854800
902,578,618,1190698,11513,360289,755800
903,527,583,1190156,11472,360872,738600
904,579,582,1189577,11469,361454,741400
905,576,597,1189014,11435,362051,775200
906,523,616,1188491,11342,362667,698000
907,601,576,1187891,11366,363243,671400
908,559,608,1187330,11319,363851,943700
909,545,603,1186769,11277,364454,891300
910,546,562,1186240,11244,365016,737000
911,510,581,1185727,11176,365597,691500
912,547,575,1185181,11147,366172,663300
913,538,595,1184653,11080,366767,631100
914,559,568,1184087,11078,367335,668600
915,548,573,1183535,11057,367908,903800
916,596,547,1182935,11110,368455,887200
917,549,582,1182404,11059,369037,842000
918,550,580,1181841,11042,369617,760000
919,555,565,1181267,11051,370182,737600
920,553,585,1180730,11003,370767,657400
921,527,580,1180195,10958,371347,869100
922,526,530,1179679,10944,371877,999300
923,509,586,1179171,10866,372463,975900
924,522,554,1178636,10847,373017,773800
925,522,548,1178118,10817,373565,754500
926,540,573,1177567,10795,374138,768500
927,554,578,1177035,10749,374716,658500
928,539,575,1176486,10723,375291,675400
929,538,533,1175957,10719,375824,861500
930,532,566,1175411,10699,376390,878500
931,528,543,1174884,10683,376933,757100
932,508,515,1174370,10682,377448,682300
933,541,592,1173833,10627,378040,652900
934,564,576,1173264,10620,378616,730700
935,512,532,1172766,10586,379148,842600
936,529,520,1172221,10611,379668,861000
937,572,560,1171661,10611,380228,853700
938,579,552,1171082,10638,380780,729400
939,555,556,1170555,10609,381336,721500
940,512,536,1170007,10621,381872,679800
941,518,533,1169492,10603,382405,623800
942,546,547,1168943,10605,382952,601900
943,551,541,1168402,10605,383493,651600
944,566,520,1167840,10647,384013,911100
945,566,521,1167268,10698,384534,821700
946,564,526,1166721,10719,385060,683400
947,500,599,1166197,10644,385659,725900
948,571,527,1165636,10678,386186,663900
949,591,568,1165049,10697,386754,689600
950,545,525,1164510,10711,387279,792300
951,560,526,1163956,10739,387805,838600
952,590,499,1163359,10837,388304,851200
953,539,530,1162830,10836,388834,700600
954,529,550,1162266,10850,389384,681300
955,565,550,1161730,10836,389934,693600
956,584,564,1161143,10859,390498,648700
957,604,598,1160548,10856,391096,633200
958,593,571,1159961,10872,391667,673200
959,510,588,1159408,10837,392255,849800
960,514,581,1158906,10758,392836,926300
961,576,537,1158358,10769,393373,703400
962,536,548,1157791,10788,393921,687800
963,523,573,1157271,10735,394494,663500
964,580,530,1156700,10776,395024,647400
965,582,552,1156121,10803,395576,789300
966,535,565,1155593,10766,396141,854500
967,550,568,1155042,10749,396709,861300
968,527,549,1154507,10735,397258,757700
969,520,526,1153961,10755,397784,713500
970,532,549,1153450,10717,398333,751000
971,515,553,1152907,10707,398886,654500
972,559,527,1152371,10716,399413,859300
973,497,580,1151879,10628,399993,922000
974,550,562,1151334,10611,400555,813800
975,496,548,1150837,10560,401103,742100
976,530,535,1150296,10566,401638,758900
977,484,532,1149789,10541,402170,693300
978,513,526,1149306,10498,402696,606000
979,520,535,1148784,10485,403231,588400
980,480,545,1148291,10433,403776,639000
981,516,559,1147777,10388,404335,839200
982,534,551,1147241,10373,404886,816100
983,513,574,1146743,10297,405460,826000
984,540,528,1146173,10339,405988,684800
985,477,513,1145714,10285,406501,700300
986,530,506,1145202,10291,407007,627000
987,484,512,1144704,10277,407519,776500
988,508,567,1144193,10221,408086,862000
989,490,533,1143705,10176,408619,840000
990,518,514,1143190,10177,409133,768400
991,546,558,1142665,10144,409691,745000
992,521,506,1142113,10190,410197,674700
993,471,529,1141648,10126,410726,608000
994,517,543,1141125,10106,411269,597100
995,532,511,1140608,10112,411780,736400
996,514,508,1140085,10127,412288,957600
997,516,504,1139572,10136,412792,816100
998,501,531,1139083,10094,413323,744900
999,455,502,1138602,10073,413825,704900
1000,488,536,1138124,10015,414361,705300
1001,490,517,1137629,9993,414878,625000
1002,481,484,1137160,9978,415362,671700
1003,487,517,1136655,9966,415879,852400
1004,482,536,1136182,9903,416415,896500
1005,488,568,1135708,9809,416983,776300
1006,469,506,1135219,9792,417489,716900
1007,468,474,1134753,9784,417963,672300
1008,449,492,1134296,9749,418455,678800
1009,479,473,1133824,9748,418928,662300
1010,471,501,1133358,9713,419429,753700
1011,447,525,1132893,9653,419954,858800
1012,507,510,1132431,9605,420464,743500
1013,415,475,1131985,9576,420939,728700
1014,449,511,1131540,9510,421450,657200
1015,432,518,1131092,9440,421968,679000
1016,453,469,1130646,9417,422437,640100
1017,445,535,1130205,9323,422972,634200
1018,399,491,1129806,9231,423463,914600
1019,405,482,1129401,9154,423945,954600
1020,448,449,1128965,9141,424394,774700
1021,417,457,1128530,9119,424851,697800
1022,469,474,1128074,9101,425325,648100
1023,405,463,1127649,9063,425788,665200
1024,430,478,1127244,8990,426266,796500
1025,441,505,1126782,8947,426771,1057100
1026,416,464,1126385,8880,427235,1008100
1027,443,434,1125925,8906,427669,829700
1028,424,462,1125507,8862,428131,763600
1029,420,441,1125094,8834,428572,708200
1030,394,428,1124695,8805,429000,624300
1031,371,442,1124301,8757,429442,679800
1032,387,474,1123916,8668,429916,845600
1033,359,429,1123560,8595,430345,828300
1034,375,423,1123185,8547,430768,739800
1035,379,408,1122817,8507,431176,711700
1036,359,429,1122454,8441,431605,653700
1037,409,431,1122068,8396,432036,623700
1038,384,433,1121657,8374,432469,631800
1039,398,393,1121279,8359,432862,727000
1040,412,434,1120867,8337,433296,816200
1041,367,413,1120493,8298,433709,826100
1042,412,460,1120063,8268,434169,688200
1043,390,444,1119692,8195,434613,640700
1044,418,420,1119275,8192,435033,596400
1045,362,431,1118890,8146,435464,599500
1046,421,438,1118478,8120,435902,587500
1047,383,412,1118106,8080,436314,677700
1048,410,398,1117683,8105,436712,738000
1049,393,426,1117304,8058,437138,821400
1050,423,452,1116888,8022,437590,807500
1051,431,409,1116462,8039,437999,712300
1052,387,415,1116074,8012,438414,694100
1053,440,428,1115617,8041,438842,595300
1054,377,429,1115246,7983,439271,612800
1055,373,417,1114868,7944,439688,679300
1056,339,400,1114504,7908,440088,851800
1057,351,378,1114170,7864,440466,734100
1058,333,411,1113829,7794,440877,655800
1059,360,416,1113462,7745,441293,712800
1060,368,400,1113108,7699,441693,738200
1061,362,409,1112746,7652,442102,750800
1062,356,378,1112383,7637,442480,639900
1063,356,422,1112027,7571,442902,789200
1064,336,372,1111701,7525,443274,728800
1065,375,401,1111330,7495,443675,754300
1066,384,384,1110932,7509,444059,747700
1067,353,365,1110573,7503,444424,624400
1068,363,388,1110216,7472,444812,622600
1069,365,360,1109857,7471,445172,590500
1070,341,396,1109523,7409,445568,648400
1071,346,393,1109159,7380,445961,841900
1072,342,375,1108816,7348,446336,751300
1073,352,383,1108469,7312,446719,721700
1074,356,400,1108122,7259,447119,692900
1075,400,386,1107740,7255,447505,635900
1076,351,407,1107360,7228,447912,582100
1077,377,368,1106998,7222,448280,551400
1078,341,374,1106647,7199,448654,586200
1079,353,358,1106303,7185,449012,731500
1080,332,357,1105957,7174,449369,756100
1081,367,403,1105610,7118,449772,708100
1082,328,346,1105265,7117,450118,671600
1083,372,373,1104898,7111,450491,641700
1084,389,335,1104502,7172,450826,629000
1085,345,375,1104160,7139,451201,637200
1086,336,376,1103838,7085,451577,699800
1087,310,356,1103510,7057,451933,757300
1088,354,357,1103177,7033,452290,783700
1089,337,373,1102829,7008,452663,699900
1090,384,374,1102449,7014,453037,664500
1091,356,355,1102074,7034,453392,650400
1092,353,363,1101727,7018,453755,591500
1093,388,386,1101345,7014,454141,571200
1094,365,366,1100993,7000,454507,702200
1095,347,385,1100628,6980,454892,737600
1096,375,385,1100272,6951,455277,763800
1097,393,312,1099878,7033,455589,733800
1098,347,357,1099516,7038,455946,683000
1099,327,377,1099193,6984,456323,618100
1100,322,340,1098862,6975,456663,610200
1101,320,335,1098539,6963,456998,585200
1102,352,345,1098214,6943,457343,804200
1103,377,370,1097821,6966,457713,787300
1104,372,378,1097457,6952,458091,896400
1105,375,347,1097088,6974,458438,894600
1106,356,372,1096726,6964,458810,716000
1107,347,357,1096390,6943,459167,609100
1108,338,342,1096023,6968,459509,575600
1109,338,343,1095692,6956,459852,568500
1110,335,356,1095355,6937,460208,591800
1111,318,359,1095041,6892,460567,799300
1112,371,398,1094680,6855,460965,791400
1113,395,368,1094293,6874,461333,680600
1114,352,348,1093920,6899,461681,644400
1115,373,340,1093572,6907,462021,642100
1116,362,364,1093199,6916,462385,600700
1117,374,334,1092832,6949,462719,559400
1118,350,364,1092457,6960,463083,643800
1119,329,345,1092144,6928,463428,730300
1120,310,408,1091813,6851,463836,728600
1121,371,345,1091462,6857,464181,689500
1122,352,333,1091087,6899,464514,633100
1123,384,377,1090726,6883,464891,612900
1124,358,327,1090363,6919,465218,609000
1125,339,345,1090018,6919,465563,558500
1126,328,365,1089695,6877,465928,619700
1127,352,352,1089361,6859,466280,666100
1128,352,357,1088988,6875,466637,791700
1129,315,381,1088671,6811,467018,756600
1130,348,347,1088318,6817,467365,650800
1131,293,334,1088030,6771,467699,670400
1132,365,381,1087675,6745,468080,616200
1133,351,356,1087333,6731,468436,713700
1134,312,351,1087004,6709,468787,590300
1135,353,345,1086659,6709,469132,577200
1136,342,345,1086319,6704,469477,733300
1137,358,370,1085948,6705,469847,904100
1138,334,360,1085623,6670,470207,655500
1139,350,324,1085269,6700,470531,657000
1140,357,349,1084902,6718,470880,707200
1141,330,363,1084576,6681,471243,625900
1142,355,365,1084238,6654,471608,582400
1143,344,358,1083875,6659,471966,620400
1144,344,340,1083538,6656,472306,759100
1145,355,360,1083180,6654,472666,768500
1146,341,326,1082824,6684,472992,755300
1147,316,349,1082522,6637,473341,631600
1148,284,329,1082234,6596,473670,616200
1149,325,301,1081914,6615,473971,628400
1150,337,346,1081582,6601,474317,606100
1151,328,317,1081239,6627,474634,727500
1152,331,326,1080922,6618,474960,816200
1153,359,328,1080555,6657,475288,897600
1154,347,344,1080211,6657,475632,704400
1155,350,339,1079875,6654,475971,694600
1156,340,344,1079520,6665,476315,630900
1157,347,363,1079170,6652,476678,600100
1158,370,342,1078816,6664,477020,637300
1159,352,307,1078463,6710,477327,639800
1160,351,341,1078100,6732,477668,748900
1161,336,328,1077763,6741,477996,737200
1162,358,346,1077414,6744,478342,617500
1163,377,342,1077050,6766,478684,642500
1164,337,341,1076707,6768,479025,653600
1165,341,352,1076365,6758,479377,605900
1166,335,339,1076015,6769,479716,570600
1167,324,336,1075699,6749,480052,593400
1168,321,315,1075367,6766,480367,765200
1169,368,362,1074995,6776,480729,721200
1170,342,359,1074676,6736,481088,767700
1171,330,380,1074335,6697,481468,657700
1172,350,329,1073988,6715,481797,728400
1173,343,368,1073642,6693,482165,636600
1174,376,326,1073271,6738,482491,598700
1175,378,373,1072903,6733,482864,608900
1176,331,354,1072548,6734,483218,725900
1177,333,333,1072223,6726,483551,748100
1178,372,337,1071864,6748,483888,734400
1179,342,324,1071521,6767,484212,622400
1180,363,321,1071161,6806,484533,633800
1181,331,335,1070831,6801,484868,637500
1182,336,361,1070465,6806,485229,579600
1183,333,359,1070143,6769,485588,699300
1184,333,362,1069820,6730,485950,767300
1185,342,345,1069476,6729,486295,765100
1186,344,332,1069137,6736,486627,684800
1187,302,332,1068827,6714,486959,624900
1188,321,299,1068504,6738,487258,620400
1189,338,330,1068167,6745,487588,602800
1190,351,322,1067825,6765,487910,642900
1191,346,355,1067476,6759,488265,812100
1192,370,360,1067101,6774,488625,763100
1193,330,327,1066781,6767,488952,737700
1194,341,326,1066426,6796,489278,726800
1195,350,335,1066079,6808,489613,721800
1196,346,353,1065739,6795,489966,697800
1197,342,355,1065403,6776,490321,673600
1198,320,341,1065068,6770,490662,635900
1199,325,387,1064739,6712,491049,707000
1200,343,335,1064405,6711,491384,782800
1201,369,344,1064052,6720,491728,781800
1202,366,347,1063678,6747,492075,725300
1203,331,372,1063337,6716,492447,662500
1204,352,354,1063000,6699,492801,611000
1205,362,344,1062624,6731,493145,637100
1206,379,352,1062253,6750,493497,598700
1207,358,326,1061902,6775,493823,592200
1208,312,359,1061569,6749,494182,756200
1209,325,366,1061245,6707,494548,725700
1210,323,376,1060917,6659,494924,667000
1211,353,315,1060582,6679,495239,658400
1212,378,338,1060210,6713,495577,659300
1213,325,324,1059868,6731,495901,611900
1214,335,352,1059528,6719,496253,634400
1215,335,319,1059196,6732,496572,681300
1216,307,366,1058890,6672,496938,812500
1217,304,341,1058583,6638,497279,813900
1218,335,337,1058261,6623,497616,743200
1219,334,321,1057916,6647,497937,715800
1220,326,351,1057597,6615,498288,615400
1221,320,353,1057291,6568,498641,677100
1222,341,395,1056927,6537,499036,581700
1223,343,340,1056592,6532,499376,569300
1224,337,373,1056244,6507,499749,716600
1225,341,340,1055919,6492,500089,750400
1226,334,342,1055581,6488,500431,751300
1227,338,343,1055239,6487,500774,631600
1228,341,338,1054897,6491,501112,672700
1229,319,340,1054574,6474,501452,591600
1230,325,337,1054249,6462,501789,560900
1231,323,352,1053931,6428,502141,571900
1232,360,321,1053572,6466,502462,647000
1233,310,318,1053261,6459,502780,805300
1234,352,324,1052908,6488,503104,788000
1235,338,349,1052566,6481,503453,638100
1236,276,288,1052296,6463,503741,620300
1237,330,354,1051976,6429,504095,590700
1238,353,367,1051611,6427,504462,598800
1239,349,335,1051258,6445,504797,617300
1240,303,326,1050957,6420,505123,631400
1241,334,332,1050628,6417,505455,759800
1242,309,337,1050309,6399,505792,768300
1243,345,379,1049979,6350,506171,709000
1244,324,307,1049643,6379,506478,652300
1245,333,339,1049324,6359,506817,602600
1246,361,322,1048956,6405,507139,576800
1247,339,315,1048611,6435,507454,546500
1248,309,355,1048301,6390,507809,718300
1249,355,321,1047952,6418,508130,732400
1250,384,330,1047586,6454,508460,729800
1251,341,353,1047227,6460,508813,683400
1252,345,317,1046870,6500,509130,619000
1253,334,311,1046562,6497,509441,622400
1254,361,317,1046205,6537,509758,684400
1255,361,344,1045840,6558,510102,635500
1256,357,346,1045474,6578,510448,721000
1257,363,385,1045123,6544,510833,804000
1258,334,301,1044774,6592,511134,730900
1259,356,312,1044444,6610,511446,724300
1260,336,337,1044082,6635,511783,643200
1261,307,362,1043763,6592,512145,619000
1262,359,383,1043419,6553,512528,585100
1263,326,342,1043106,6524,512870,595500
1264,319,353,1042765,6512,513223,812000
1265,314,335,1042462,6480,513558,793400
1266,328,320,1042122,6500,513878,752100
1267,339,341,1041789,6492,514219,709300
1268,351,354,1041461,6466,514573,680300
1269,317,338,1041127,6462,514911,640900
1270,310,329,1040797,6463,515240,622000
1271,330,327,1040474,6459,515567,612000
1272,323,344,1040154,6435,515911,699800
1273,332,337,1039823,6429,516248,661000
1274,351,316,1039481,6455,516564,688500
1275,343,324,1039133,6479,516888,778800
1276,336,359,1038806,6447,517247,711400
1277,331,312,1038466,6475,517559,645800
1278,333,378,1038137,6426,517937,702000
1279,357,366,1037777,6420,518303,687500
1280,346,327,1037443,6427,518630,618800
1281,355,314,1037079,6477,518944,770900
1282,341,333,1036746,6477,519277,758500
1283,351,337,1036386,6500,519614,825800
1284,333,334,1036061,6491,519948,777900
1285,355,324,1035717,6511,520272,723300
1286,342,351,1035355,6522,520623,646700
1287,302,344,1035053,6480,520967,633800
1288,344,372,1034698,6463,521339,648600
1289,334,318,1034388,6455,521657,775100
1290,323,374,1034059,6410,522031,1001400
1291,329,349,1033712,6408,522380,672100
1292,330,328,1033385,6407,522708,647800
1293,319,372,1033060,6360,523080,633100
1294,309,280,1032761,6379,523360,567000
1295,322,320,1032433,6387,523680,531700
1296,324,346,1032105,6369,524026,644700
1297,322,376,1031795,6303,524402,760900
1298,336,341,1031455,6302,524743,803000
1299,323,329,1031136,6292,525072,765300
1300,306,302,1030825,6301,525374,647000
1301,329,314,1030505,6307,525688,604700
1302,341,333,1030152,6327,526021,625300
1303,321,345,1029837,6297,526366,548600
1304,307,333,1029516,6285,526699,611900
1305,328,305,1029213,6283,527004,785200
1306,341,289,1028856,6351,527293,734900
1307,327,324,1028537,6346,527617,688800
1308,332,300,1028203,6380,527917,686200
1309,303,345,1027903,6335,528262,638300
1310,322,324,1027584,6330,528586,633700
1311,353,317,1027237,6360,528903,572200
1312,381,338,1026853,6406,529241,664400
1313,319,336,1026528,6395,529577,764100
1314,332,339,1026187,6397,529916,765900
1315,345,336,1025852,6396,530252,737300
1316,387,315,1025478,6455,530567,654700
1317,380,334,1025092,6507,530901,644100
1318,343,319,1024743,6537,531220,595600
1319,342,354,1024398,6528,531574,561800
1320,343,361,1024071,6494,531935,695600
1321,349,316,1023706,6543,532251,696700
1322,350,354,1023355,6540,532605,729100
1323,349,336,1023014,6545,532941,696000
1324,349,339,1022671,6549,533280,628400
1325,327,336,1022322,6562,533616,633500
1326,335,358,1022004,6522,533974,571700
1327,328,332,1021666,6528,534306,614500
1328,322,318,1021326,6550,534624,865400
1329,367,313,1020993,6570,534937,816400
1330,335,366,1020651,6546,535303,752300
1331,324,355,1020312,6530,535658,734100
1332,332,312,1019989,6541,535970,662600
1333,319,295,1019678,6557,536265,649200
1334,330,352,1019336,6547,536617,605700
1335,362,330,1018997,6556,536947,624400
1336,369,341,1018607,6605,537288,708500
1337,377,385,1018244,6583,537673,781600
1338,343,346,1017899,6582,538019,721300
1339,330,342,1017550,6589,538361,710000
1340,329,339,1017243,6557,538700,646100
1341,313,341,1016904,6555,539041,600700
1342,303,327,1016599,6533,539368,620100
1343,346,338,1016277,6517,539706,621900
1344,317,321,1015940,6533,540027,763700
1345,333,327,1015620,6526,540354,759800
1346,307,319,1015319,6508,540673,740700
1347,309,352,1014989,6486,541025,691100
1348,316,327,1014692,6456,541352,687200
1349,335,343,1014342,6463,541695,618500
1350,327,351,1014021,6433,542046,818800
1351,350,325,1013676,6453,542371,688600
1352,329,345,1013335,6449,542716,610300
1353,299,327,1013045,6412,543043,950900
1354,325,302,1012721,6434,543345,812500
1355,334,318,1012394,6443,543663,795800
1356,320,328,1012048,6461,543991,721500
1357,355,346,1011702,6461,544337,742300
1358,346,294,1011355,6514,544631,623300
1359,321,326,1011045,6498,544957,603300
1360,329,324,1010714,6505,545281,763700
1361,327,332,1010400,6487,545613,785100
1362,315,339,1010074,6474,545952,762000
1363,321,323,1009750,6475,546275,646000
1364,308,338,1009443,6444,546613,632100
1365,301,310,1009138,6439,546923,638800
1366,315,362,1008832,6383,547285,587100
1367,300,354,1008525,6336,547639,742000
1368,357,317,1008179,6365,547956,780700
1369,324,305,1007863,6376,548261,780400
1370,315,321,1007534,6384,548582,682900
1371,314,335,1007216,6367,548917,716100
1372,320,332,1006901,6350,549249,700200
1373,325,349,1006568,6334,549598,625900
1374,321,313,1006252,6337,549911,660900
1375,324,303,1005930,6356,550214,696600
1376,343,302,1005588,6396,550516,798700
1377,320,348,1005265,6371,550864,786900
1378,334,304,1004934,6398,551168,684700
1379,333,322,1004596,6414,551490,607800
1380,344,322,1004262,6426,551812,589700
1381,356,354,1003910,6424,552166,598000
1382,343,349,1003562,6423,552515,565200
1383,309,319,1003236,6430,552834,718600
1384,337,325,1002917,6424,553159,757300
1385,366,339,1002544,6458,553498,769900
1386,350,337,1002193,6472,553835,700300
1387,342,363,1001859,6443,554198,668800
1388,348,298,1001512,6492,554496,620300
1389,382,357,1001121,6526,554853,579900
1390,358,335,1000765,6547,555188,657400
1391,367,307,1000406,6599,555495,726200
1392,359,347,1000052,6606,555842,780700
1393,339,353,999705,6600,556195,757200
1394,342,370,999348,6587,556565,702700
1395,329,337,999023,6575,556902,614800
1396,337,300,998694,6604,557202,637700
1397,309,361,998373,6564,557563,613300
1398,355,315,998028,6594,557878,605100
1399,342,328,997686,6608,558206,784200
1400,314,368,997370,6556,558574,796200
1401,375,383,997007,6536,558957,734700
1402,317,347,996665,6531,559304,708800
1403,335,340,996343,6513,559644,631400
1404,333,334,996034,6488,559978,590300
1405,323,283,995680,6559,560261,594500
1406,312,338,995369,6532,560599,581400
1407,345,329,995032,6540,560928,555900
1408,323,322,994696,6554,561250,608700
1409,335,285,994385,6580,561535,753300
1410,304,342,994056,6567,561877,759900
1411,315,337,993734,6552,562214,630800
1412,312,335,993434,6517,562549,589700
1413,329,342,993103,6506,562891,610000
1414,285,326,992818,6465,563217,577400
1415,333,356,992496,6431,563573,638400
1416,363,324,992155,6448,563897,722000
1417,342,325,991800,6478,564222,873100
1418,343,318,991440,6520,564540,799000
1419,320,353,991124,6483,564893,708800
1420,366,333,990763,6511,565226,707800
1421,285,339,990471,6464,565565,646100
1422,323,343,990141,6451,565908,628900
1423,338,324,989810,6458,566232,628500
1424,304,331,989494,6443,566563,663200
1425,300,362,989210,6365,566925,782800
1426,357,359,988861,6355,567284,716000
1427,344,350,988516,6350,567634,693000
1428,320,322,988174,6370,567956,616400
1429,358,294,987821,6429,568250,611200
1430,322,346,987504,6400,568596,600000
1431,366,330,987144,6430,568926,583400
1432,347,347,986796,6431,569273,557600
1433,340,354,986454,6419,569627,629500
1434,338,316,986125,6432,569943,608400
1435,333,357,985793,6407,570300,629700
1436,342,298,985437,6465,570598,622900
1437,346,311,985090,6501,570909,613100
1438,345,350,984770,6471,571259,725600
1439,302,357,984457,6427,571616,670700
1440,345,346,984095,6443,571962,613400
1441,334,310,983773,6455,572272,632200
1442,346,330,983430,6468,572602,593900
1443,365,359,983065,6474,572961,552400
1444,325,345,982727,6467,573306,643500
1445,345,335,982382,6477,573641,830300
1446,339,286,982070,6503,573927,757200
1447,363,353,981703,6517,574280,722100
1448,358,322,981320,6578,574602,631500
1449,340,331,981003,6564,574933,599700
1450,359,357,980634,6576,575290,651900
1451,310,350,980324,6536,575640,749400
1452,346,322,979987,6551,575962,795200
1453,309,357,979674,6507,576319,673100
1454,360,324,979308,6549,576643,628100
1455,375,324,978939,6594,576967,599000
1456,341,335,978591,6607,577302,574700
1457,366,368,978227,6603,577670,931600
1458,366,346,977864,6620,578016,761500
1459,365,326,977492,6666,578342,778100
1460,344,319,977154,6685,578661,700400
1461,351,307,976788,6744,578968,621800
1462,326,371,976465,6696,579339,590600
1463,325,337,976153,6671,579676,591700
1464,324,330,975825,6669,580006,536300
1465,323,337,975495,6662,580343,789500
1466,319,348,975180,6629,580691,792000
1467,351,373,974834,6602,581064,797900
1468,362,352,974468,6616,581416,789500
1469,328,354,974138,6592,581770,788300
1470,336,340,973791,6599,582110,660900
1471,335,355,973478,6557,582465,589900
1472,339,331,973120,6584,582796,621700
1473,308,347,972818,6539,583143,625400
1474,349,342,972478,6537,583485,800000
1475,347,322,972130,6563,583807,745900
1476,326,356,971807,6530,584163,619200
1477,345,367,971458,6512,584530,604000
1478,322,314,971125,6531,584844,564100
1479,351,327,970790,6539,585171,558400
1480,325,313,970459,6557,585484,564300
1481,367,353,970103,6560,585837,805100
1482,343,311,969757,6595,586148,734800
1483,341,359,969413,6580,586507,732400
1484,365,355,969058,6580,586862,688300
1485,367,333,968696,6609,587195,631900
1486,313,306,968348,6651,587501,623600
1487,359,324,968010,6665,587825,579700
1488,355,375,967657,6643,588200,564900
1489,352,332,967288,6680,588532,648300
1490,345,331,966949,6688,588863,613700
1491,343,345,966592,6700,589208,759900
1492,344,355,966255,6682,589563,759700
1493,377,378,965900,6659,589941,638200
1494,341,343,965548,6668,590284,608200
1495,348,347,965202,6667,590631,595500
1496,313,318,964889,6662,590949,599800
1497,310,334,964564,6653,591283,577300
1498,337,339,964249,6629,591622,660400
1499,355,366,963886,6626,591988,744800
1500,313,343,963558,6611,592331,728200
1501,344,353,963241,6575,592684,660500
1502,327,345,962904,6567,593029,615400
1503,345,315,962542,6614,593344,580000
1504,325,344,962223,6589,593688,610200
1505,336,341,961898,6573,594029,561000
1506,289,349,961601,6521,594378,544300
1507,356,357,961239,6526,594735,586900
1508,361,347,960888,6530,595082,760700
1509,367,345,960531,6542,595427,728800
1510,328,320,960196,6557,595747,683000
1511,344,345,959866,6542,596092,648300
1512,324,339,959519,6550,596431,631900
1513,338,320,959183,6566,596751,632400
1514,373,326,958827,6596,597077,573700
1515,349,336,958464,6623,597413,705700
1516,367,351,958100,6636,597764,746400
1517,347,349,957754,6633,598113,762100
1518,359,365,957411,6611,598478,715600
1519,338,336,957052,6634,598814,711500
1520,377,338,956681,6667,599152,603800
1521,356,333,956330,6685,599485,599300
1522,338,340,955987,6688,599825,559200
1523,327,330,955653,6692,600155,755100
1524,314,376,955340,6629,600531,748300
1525,348,322,955006,6641,600853,712900
1526,331,343,954648,6656,601196,671000
1527,335,348,954329,6627,601544,614800
1528,398,348,953934,6674,601892,568100
1529,362,364,953576,6668,602256,605800
1530,364,331,953209,6704,602587,563300
1531,339,350,952864,6699,602937,544200
1532,348,382,952519,6662,603319,604900
1533,352,352,952170,6659,603671,745500
1534,364,329,951814,6686,604000,764700
1535,335,317,951457,6726,604317,752500
1536,346,355,951115,6713,604672,678500
1537,319,371,950797,6660,605043,615300
1538,318,353,950477,6627,605396,589500
1539,338,333,950152,6619,605729,539700
1540,332,334,949823,6614,606063,720600
1541,365,363,949441,6633,606426,743100
1542,349,323,949113,6638,606749,729300
1543,326,334,948760,6657,607083,668600
1544,363,335,948419,6663,607418,639700
1545,324,340,948084,6658,607758,589200
1546,330,396,947754,6592,608154,573900
1547,331,335,947429,6582,608489,610400
1548,317,357,947108,6546,608846,587800
1549,371,356,946737,6561,609202,649900
1550,339,349,946400,6549,609551,871100
1551,313,330,946075,6544,609881,728000
1552,319,364,945761,6494,610245,623200
1553,330,343,945448,6464,610588,623800
1554,364,381,945073,6458,610969,577200
1555,339,336,944722,6473,611305,590300
1556,319,338,944414,6443,611643,578600
1557,368,341,944041,6475,611984,588500
1558,354,339,943698,6479,612323,821500
1559,365,298,943347,6532,612621,782200
1560,300,333,943018,6528,612954,715600
1561,313,344,942705,6497,613298,699500
1562,317,327,942404,6471,613625,673500
1563,332,340,942051,6484,613965,590100
1564,303,338,941750,6447,614303,564400
1565,359,331,941410,6456,614634,674500
1566,344,333,941053,6480,614967,693300
1567,347,306,940713,6514,615273,671400
1568,334,339,940380,6508,615612,695800
1569,319,335,940056,6497,615947,640300
1570,311,320,939748,6485,616267,637100
1571,326,314,939398,6521,616581,641600
1572,313,355,939102,6462,616936,575100
1573,337,384,938760,6420,617320,536600
1574,301,311,938469,6400,617631,618600
1575,344,316,938130,6423,617947,724400
1576,322,315,937797,6441,618262,752700
1577,349,316,937454,6468,618578,625800
1578,319,346,937146,6430,618924,654000
1579,329,316,936801,6459,619240,608800
1580,330,313,936481,6466,619553,601600
1581,311,327,936162,6458,619880,648900
1582,322,347,935834,6439,620227,652300
1583,348,326,935507,6440,620553,800300
1584,347,365,935137,6445,620918,791700
1585,325,350,934812,6420,621268,663900
1586,354,350,934470,6412,621618,605400
1587,322,323,934145,6414,621941,591700
1588,326,308,933825,6426,622249,612800
1589,360,335,933471,6445,622584,563400
1590,349,326,933107,6483,622910,777000
1591,317,342,932784,6464,623252,726400
1592,332,339,932471,6438,623591,715400
1593,346,339,932112,6458,623930,677900
1594,339,327,931791,6452,624257,618400
1595,322,302,931457,6484,624559,627500
1596,354,359,931110,6472,624918,608500
1597,356,319,930756,6507,625237,580500
1598,327,326,930404,6533,625563,621700
1599,322,350,930094,6493,625913,673000
1600,319,362,929762,6463,626275,779900
1601,296,355,929470,6400,626630,773500
1602,301,322,929185,6363,626952,640200
1603,299,308,928881,6359,627260,646900
1604,302,337,928578,6325,627597,620800
1605,310,344,928272,6287,627941,653700
1606,294,329,927972,6258,628270,599300
1607,297,311,927667,6252,628581,588900
1608,319,296,927351,6272,628877,777300
1609,307,330,927033,6260,629207,747700
1610,322,322,926728,6243,629529,720300
1611,315,319,926416,6236,629848,648300
1612,320,307,926108,6237,630155,583200
1613,318,332,925770,6243,630487,556400
1614,351,306,925444,6263,630793,575600
1615,340,331,925087,6289,631124,728200
1616,324,350,924769,6257,631474,740500
1617,345,317,924424,6285,631791,725200
1618,302,337,924113,6259,632128,775200
1619,289,320,923820,6232,632448,654000
1620,338,359,923496,6197,632807,603600
1621,346,314,923149,6230,633121,576900
1622,316,299,922825,6255,633420,591800
1623,328,318,922509,6253,633738,794400
1624,324,337,922176,6249,634075,798100
1625,331,326,921841,6258,634401,746000
1626,333,317,921512,6270,634718,657000
1627,341,324,921176,6282,635042,695100
1628,356,309,920825,6324,635351,640300
1629,354,346,920461,6342,635697,646300
1630,350,310,920114,6379,636007,585500
1631,304,315,919802,6376,636322,765900
1632,327,334,919462,6382,636656,808600
1633,330,300,919149,6395,636956,832200
1634,322,347,918816,6381,637303,754800
1635,358,318,918474,6405,637621,698400
1636,327,340,918143,6396,637961,623800
1637,310,300,917837,6402,638261,634100
1638,357,337,917476,6426,638598,591000
1639,329,324,917140,6438,638922,647900
1640,383,333,916803,6442,639255,774500
1641,348,339,916436,6470,639594,744300
1642,369,335,916055,6516,639929,671800
1643,366,314,915700,6557,640243,618500
1644,362,329,915316,6612,640572,627900
1645,311,299,915004,6625,640871,567100
1646,334,362,914671,6596,641233,622300
1647,344,313,914335,6619,641546,743100
1648,367,340,913970,6644,641886,759500
1649,365,334,913595,6685,642220,792200
1650,365,341,913241,6698,642561,713900
1651,341,344,912890,6705,642905,641300
1652,319,379,912570,6646,643284,621200
1653,338,335,912236,6645,643619,679100
1654,365,348,911879,6654,643967,590200
1655,367,362,911524,6647,644329,639600
1656,330,367,911171,6633,644696,839300
1657,357,351,910833,6620,645047,780500
1658,322,396,910487,6570,645443,662700
1659,329,359,910174,6524,645802,665100
1660,317,312,909842,6544,646114,626300
1661,345,340,909490,6556,646454,598800
1662,302,370,909186,6490,646824,623500
1663,319,358,908884,6434,647182,699800
1664,333,308,908551,6459,647490,786000
1665,332,331,908193,6486,647821,849700
1666,370,339,907852,6488,648160,714500
1667,339,318,907500,6522,648478,728100
1668,317,313,907183,6526,648791,644000
1669,352,339,906849,6521,649130,609000
1670,343,352,906499,6519,649482,582900
1671,315,349,906190,6479,649831,709200
1672,315,336,905868,6465,650167,821300
1673,338,341,905521,6471,650508,743200
1674,328,325,905207,6460,650833,648300
1675,321,310,904873,6484,651143,640000
1676,344,300,904554,6503,651443,599900
1677,319,343,904212,6502,651786,618500
1678,348,318,903871,6525,652104,588600
1679,332,333,903544,6519,652437,714700
1680,305,341,903228,6494,652778,791000
1681,335,356,902907,6459,653134,745200
1682,346,332,902546,6488,653466,723500
1683,325,314,902232,6488,653780,613700
1684,345,356,901879,6485,654136,603900
1685,324,328,901555,6481,654464,609200
1686,342,380,901230,6426,654844,547700
1687,328,336,900886,6434,655180,770600
1688,290,325,900591,6404,655505,750200
1689,329,315,900259,6421,655820,729700
1690,364,334,899894,6452,656154,655500
1691,312,341,899590,6415,656495,617900
1692,326,343,899263,6399,656838,570600
1693,344,318,898932,6412,657156,590200
1694,357,345,898575,6424,657501,656300
1695,298,319,898273,6407,657820,634900
1696,347,328,897914,6438,658148,646100
1697,344,336,897574,6442,658484,806400
1698,359,324,897222,6470,658808,744000
1699,337,361,896887,6444,659169,635600
1700,323,327,896560,6444,659496,644900
1701,296,345,896245,6414,659841,600400
1702,322,320,895918,6421,660161,568700
1703,340,313,895597,6429,660474,559800
1704,317,302,895283,6441,660776,629900
1705,327,344,894947,6433,661120,749000
1706,306,314,894645,6421,661434,742800
1707,332,319,894333,6414,661753,675500
1708,341,333,893972,6442,662086,607100
1709,348,321,893640,6453,662407,616500
1710,330,325,893300,6468,662732,617800
1711,366,359,892937,6472,663091,543800
1712,305,322,892637,6450,663413,532300
1713,334,346,892283,6458,663759,555900
1714,323,317,891982,6442,664076,770100
1715,364,380,891615,6429,664456,723800
1716,330,319,891278,6447,664775,679800
1717,323,326,890968,6431,665101,632000
1718,348,291,890602,6506,665392,672600
1719,328,336,890278,6494,665728,586700
1720,366,360,889912,6500,666088,593200
1721,323,337,889577,6498,666425,668100
1722,321,358,889275,6442,666783,735800
1723,348,324,888941,6452,667107,733100
1724,325,303,888589,6501,667410,682800
1725,311,349,888281,6460,667759,627000
1726,371,313,887917,6511,668072,590400
1727,317,327,887597,6504,668399,670700
1728,371,371,887225,6505,668770,576700
1729,344,338,886866,6526,669108,528900
1730,335,371,886550,6471,669479,592700
1731,304,329,886220,6472,669808,791100
1732,318,346,885928,6418,670154,709000
1733,318,327,885606,6413,670481,640800
1734,334,352,885272,6395,670833,637500
1735,353,343,884927,6397,671176,592600
1736,355,353,884567,6404,671529,596400
1737,340,329,884228,6414,671858,541900
1738,332,313,883893,6436,672171,722300
1739,327,354,883564,6411,672525,706400
1740,333,316,883226,6433,672841,712500
1741,327,317,882902,6440,673158,757300
1742,349,327,882548,6467,673485,723400
1743,331,351,882225,6439,673836,658500
1744,372,328,881861,6475,674164,575400
1745,343,359,881521,6456,674523,621300
1746,334,353,881165,6459,674876,606500
1747,365,340,880815,6469,675216,738600
1748,339,305,880470,6509,675521,814200
1749,333,337,880124,6518,675858,726300
1750,329,347,879807,6488,676205,614000
1751,305,329,879523,6443,676534,628500
1752,337,326,879159,6481,676860,631700
1753,326,341,878839,6460,677201,545300
1754,365,338,878476,6485,677539,541700
1755,330,343,878126,6492,677882,595500
1756,312,329,877827,6462,678211,752100
1757,368,310,877467,6512,678521,778800
1758,347,347,877130,6502,678868,698200
1759,333,301,876801,6530,679169,650900
1760,341,360,876442,6529,679529,606200
1761,362,342,876085,6544,679871,611800
1762,355,324,875734,6571,680195,582300
1763,329,328,875396,6581,680523,615600
1764,329,333,875066,6578,680856,730400
1765,344,351,874742,6551,681207,1102300
1766,331,358,874410,6525,681565,831400
1767,361,355,874032,6548,681920,742800
1768,330,339,873704,6537,682259,704300
1769,345,332,873352,6557,682591,650300
1770,360,344,873002,6563,682935,634900
1771,381,334,872626,6605,683269,858000
1772,330,344,872292,6595,683613,821300
1773,337,339,871956,6592,683952,745800
1774,358,318,871620,6610,684270,708100
1775,345,355,871260,6615,684625,648800
1776,344,358,870903,6614,684983,617200
1777,370,331,870550,6636,685314,587900
1778,328,378,870214,6594,685692,667400
1779,363,312,869852,6644,686004,863300
1780,320,346,869521,6629,686350,832600
1781,374,347,869167,6636,686697,714200
1782,340,358,868812,6633,687055,692900
1783,348,352,868462,6631,687407,695400
1784,359,348,868105,6640,687755,650400
1785,391,349,867725,6671,688104,643200
1786,358,342,867353,6701,688446,910000
1787,350,340,866999,6715,688786,972600
1788,376,340,866649,6725,689126,772300
1789,364,322,866283,6769,689448,730700
1790,338,358,865927,6767,689806,721600
1791,356,341,865581,6772,690147,603800
1792,371,327,865205,6821,690474,607700
1793,328,368,864874,6784,690842,640200
1794,355,357,864527,6774,691199,916500
1795,355,363,864179,6759,691562,808300
1796,321,360,863830,6748,691922,720600
1797,323,353,863520,6705,692275,688200
1798,349,336,863160,6729,692611,649300
1799,339,346,862827,6716,692957,599200
1800,328,320,862506,6717,693277,635200
1801,293,347,862192,6684,693624,759900
1802,340,372,861870,6634,693996,913000
1803,347,323,861531,6650,694319,787900
1804,316,352,861192,6637,694671,722400
1805,346,352,860870,6607,695023,680600
1806,346,339,860521,6617,695362,678500
1807,336,337,860178,6623,695699,631800
1808,336,345,859838,6618,696044,649100
1809,303,361,859530,6565,696405,936100
1810,305,337,859229,6529,696742,897800
1811,312,342,858921,6495,697084,745000
1812,333,341,858585,6490,697425,793000
1813,307,304,858274,6497,697729,690500
1814,346,355,857933,6483,698084,658900
1815,300,327,857636,6453,698411,845000
1816,305,323,857319,6447,698734,1141700
1817,298,347,857013,6406,699081,982000
1818,306,298,856713,6408,699379,885300
1819,327,306,856397,6418,699685,792800
1820,324,322,856064,6429,700007,761600
1821,318,324,855748,6421,700331,876200
1822,330,328,855430,6411,700659,951400
1823,344,323,855092,6426,700982,969400
1824,314,340,854752,6426,701322,854700
1825,311,330,854454,6394,701652,757700
1826,328,332,854121,6395,701984,835100
1827,302,350,853823,6343,702334,699400
1828,310,339,853520,6307,702673,736600
1829,321,309,853192,6326,702982,886100
1830,332,337,852867,6314,703319,823400
1831,306,319,852558,6304,703638,736100
1832,324,333,852245,6284,703971,668100
1833,312,337,851917,6275,704308,607500
1834,333,284,851598,6310,704592,647700
1835,325,343,851255,6310,704935,931700
1836,322,315,850936,6314,705250,933800
1837,364,322,850586,6342,705572,875500
1838,340,314,850248,6366,705886,693100
1839,330,324,849898,6392,706210,632400
1840,347,300,849564,6426,706510,614700
1841,318,351,849235,6404,706861,738600
1842,336,329,848915,6395,707190,967300
1843,303,330,848595,6385,707520,873500
1844,355,309,848263,6408,707829,803500
1845,333,333,847920,6418,708162,758800
1846,337,338,847566,6434,708500,710100
1847,329,316,847239,6445,708816,660900
1848,309,328,846943,6413,709144,591100
1849,335,326,846612,6418,709470,625800
1850,322,318,846286,6426,709788,671100
1851,318,299,845967,6446,710087,663500
1852,320,307,845644,6462,710394,838900
1853,297,320,845338,6448,710714,761800
1854,309,321,845029,6436,711035,694000
1855,347,298,844699,6468,711333,636900
1856,303,329,844396,6442,711662,621700
1857,342,323,844058,6457,711985,610400
1858,338,357,843701,6457,712342,712200
1859,345,305,843380,6473,712647,753700
1860,328,324,843040,6489,712971,720900
1861,344,340,842705,6484,713311,635300
1862,367,354,842337,6498,713665,592400
1863,373,356,841976,6503,714021,601300
1864,358,328,841605,6546,714349,612500
1865,368,339,841235,6577,714688,589100
1866,330,345,840901,6566,715033,662600
1867,333,337,840547,6583,715370,673600
1868,352,341,840226,6563,715711,699300
1869,333,330,839888,6571,716041,786200
1870,315,356,839560,6543,716397,684200
1871,329,348,839228,6527,716745,624200
1872,338,320,838898,6537,717065,629100
1873,330,364,838579,6492,717429,568700
1874,332,341,838245,6485,717770,772700
1875,360,344,837893,6493,718114,621300
1876,324,380,837550,6456,718494,575600
1877,345,352,837209,6445,718846,566700
1878,341,329,836868,6457,719175,561900
1879,369,343,836507,6475,719518,596500
1880,353,327,836151,6504,719845,558400
1881,363,355,835790,6510,720200,545900
1882,341,332,835438,6530,720532,564700
1883,334,349,835103,6516,720881,570000
1884,354,324,834762,6533,721205,609800
1885,373,344,834380,6571,721549,581600
1886,365,340,834027,6584,721889,578500
1887,343,335,833687,6589,722224,540800
1888,362,342,833309,6625,722566,601100
1889,345,392,832959,6583,722958,594100
1890,348,324,832621,6597,723282,627400
1891,345,303,832283,6632,723585,625700
1892,384,366,831902,6647,723951,617300
1893,374,338,831517,6694,724289,666800
1894,322,358,831171,6682,724647,757500
1895,324,329,830879,6645,724976,672200
1896,328,372,830528,6624,725348,675600
1897,345,360,830209,6583,725708,623300
1898,339,316,829843,6633,726024,581500
1899,319,338,829541,6597,726362,629100
1900,314,347,829202,6589,726709,655500
1901,344,358,828888,6545,727067,652200
1902,319,368,828552,6513,727435,636300
1903,344,336,828207,6522,727771,593700
1904,316,341,827903,6485,728112,607300
1905,312,355,827581,6452,728467,563000
1906,292,382,827304,6347,728849,549200
1907,344,321,826964,6366,729170,557000
1908,286,319,826650,6361,729489,552400
1909,301,305,826361,6345,729794,547600
1910,329,324,826027,6355,730118,557200
1911,316,309,825709,6364,730427,624300
1912,322,331,825405,6337,730758,616700
1913,339,318,825055,6369,731076,600500
1914,348,303,824715,6406,731379,581600
1915,323,323,824400,6398,731702,579400
1916,340,319,824048,6431,732021,576600
1917,317,310,823724,6445,732331,561400
1918,350,333,823382,6454,732664,571000
1919,323,326,823062,6448,732990,613600
1920,372,325,822697,6488,733315,666100
1921,350,340,822339,6506,733655,657000
1922,326,375,822002,6468,734030,585300
1923,364,349,821657,6464,734379,581300
1924,345,336,821302,6483,734715,590100
1925,370,305,820934,6546,735020,580100
1926,354,350,820579,6551,735370,570500
1927,325,362,820252,6516,735732,590600
1928,360,329,819895,6544,736061,584900
1929,356,347,819527,6565,736408,650400
1930,355,338,819180,6574,736746,571800
1931,417,338,818787,6629,737084,587700
1932,314,346,818433,6637,737430,591100
1933,346,339,818109,6622,737769,580900
1934,351,347,817755,6629,738116,576100
1935,345,344,817401,6639,738460,586800
1936,403,331,817025,6684,738791,729400
1937,329,326,816686,6697,739117,564600
1938,313,323,816354,6706,739440,610400
1939,352,346,816005,6709,739786,606200
1940,367,321,815652,6741,740107,578200
1941,325,358,815325,6710,740465,571700
1942,323,323,814992,6720,740788,595800
1943,347,353,814647,6712,741141,620300
1944,369,330,814276,6753,741471,602900
1945,313,322,813970,6737,741793,692500
1946,345,329,813631,6747,742122,744100
1947,336,349,813281,6748,742471,761500
1948,312,353,812958,6718,742824,722700
1949,333,346,812629,6701,743170,742900
1950,330,344,812312,6674,743514,773500
1951,348,378,811949,6659,743892,663500
1952,296,381,811661,6566,744273,589200
1953,327,320,811326,6581,744593,593800
1954,325,319,811011,6577,744912,662900
1955,324,355,810700,6533,745267,686200
1956,332,365,810352,6516,745632,644500
1957,341,321,810019,6528,745953,589400
1958,320,303,809691,6553,746256,617900
1959,331,315,809375,6554,746571,636600
1960,295,343,809070,6516,746914,663600
1961,339,336,808728,6522,747250,786400
1962,325,345,808419,6486,747595,767500
1963,373,351,808039,6515,747946,725700
1964,318,331,807704,6519,748277,704600
1965,305,347,807396,6480,748624,768800
1966,366,337,807041,6498,748961,800100
1967,345,377,806704,6458,749338,758100
1968,311,311,806398,6453,749649,687900
1969,335,357,806064,6430,750006,632300
1970,357,359,805713,6422,750365,586700
1971,338,336,805364,6435,750701,679400
1972,327,379,805042,6378,751080,745000
1973,349,343,804687,6390,751423,782300
1974,297,345,804378,6354,751768,738500
1975,337,298,804035,6399,752066,671400
1976,316,310,803731,6393,752376,620400
1977,331,352,803402,6370,752728,646300
1978,325,340,803073,6359,753068,552700
1979,332,337,802740,6355,753405,576100
1980,325,333,802415,6347,753738,737400
1981,303,332,802107,6323,754070,745200
1982,316,360,801810,6260,754430,716300
1983,300,283,801498,6289,754713,612500
1984,299,320,801189,6278,755033,596300
1985,314,317,800883,6267,755350,565100
1986,320,320,800567,6263,755670,594400
1987,300,296,800264,6270,755966,816600
1988,334,306,799928,6300,756272,800100
1989,343,325,799602,6301,756597,740100
1990,299,339,799273,6291,756936,783300
1991,288,338,798995,6231,757274,707800
1992,324,333,798671,6222,757607,653600
1993,317,311,798357,6225,757918,600200
1994,284,291,798069,6222,758209,580000
1995,335,325,797749,6217,758534,648300
1996,370,323,797389,6254,758857,746500
1997,339,346,797035,6262,759203,784700
1998,345,319,796703,6275,759522,692700
1999,302,345,796384,6249,759867,635600
2000,309,317,796069,6247,760184,595700
2001,316,321,795769,6226,760505,595500
2002,334,294,795440,6261,760799,568200
2003,314,314,795119,6268,761113,610400
2004,332,328,794778,6281,761441,750200
2005,326,296,794463,6300,761737,801200
2006,338,328,794112,6323,762065,821100
2007,350,322,793776,6337,762387,665400
2008,324,335,793444,6334,762722,623700
2009,345,352,793098,6328,763074,616000
2010,301,346,792788,6292,763420,584500
2011,293,339,792484,6257,763759,582600
2012,328,330,792180,6231,764089,629500
2013,322,352,791852,6207,764441,785300
2014,303,339,791549,6171,764780,824000
2015,306,295,791241,6184,765075,843500
2016,309,325,790928,6172,765400,749900
2017,338,315,790602,6183,765715,700600
2018,312,366,790277,6142,766081,668600
2019,287,318,789982,6119,766399,665700
2020,348,354,789657,6090,766753,828000
2021,352,308,789312,6127,767061,850300
2022,327,295,788966,6178,767356,728400
2023,344,319,788631,6194,767675,657300
2024,351,331,788280,6214,768006,599100
2025,309,305,787961,6228,768311,591600
2026,320,338,787642,6209,768649,603400
2027,332,298,787330,6223,768947,610200
2028,335,361,786989,6203,769308,771400
2029,335,327,786677,6188,769635,730000
2030,335,332,786311,6222,769967,752000
2031,318,287,785989,6257,770254,674700
2032,339,313,785646,6287,770567,654200
2033,274,335,785353,6245,770902,614800
2034,321,331,785065,6202,771233,637700
2035,337,343,784730,6194,771576,592300
2036,334,335,784381,6208,771911,882200
2037,313,309,784078,6202,772220,735800
2038,342,324,783734,6222,772544,664700
2039,303,342,783420,6194,772886,613900
2040,306,310,783129,6175,773196,629900
2041,323,287,782790,6227,773483,610700
2042,281,333,782511,6173,773816,584600
2043,333,315,782195,6174,774131,638100
2044,333,293,781866,6210,774424,725200
2045,324,290,781528,6258,774714,796900
2046,303,324,781207,6255,775038,806400
2047,344,344,780876,6242,775382,656100
2048,313,321,780555,6242,775703,677900
2049,332,325,780237,6235,776028,642400
2050,351,327,779915,6230,776355,590900
2051,331,316,779553,6276,776671,753500
2052,357,342,779207,6280,777013,753000
2053,296,335,778887,6265,777348,772300
2054,315,355,778593,6204,777703,706700
2055,333,330,778252,6215,778033,601200
2056,328,305,777933,6229,778338,601900
2057,323,311,777591,6260,778649,609800
2058,361,323,777250,6278,778972,722600
2059,338,337,776923,6268,779309,858200
2060,371,331,776547,6313,779640,1108300
2061,350,312,776196,6352,779952,1036900
2062,350,351,775846,6351,780303,971500
2063,351,329,775497,6371,780632,997900
2064,326,337,775160,6371,780969,1047400
2065,339,323,774826,6382,781292,1230200
2066,330,321,774501,6386,781613,1147200
2067,323,318,774157,6412,781931,894700
2068,351,348,773826,6395,782279,791200
2069,354,369,773469,6383,782648,819200
2070,309,323,773142,6387,782971,896900
2071,359,323,772807,6399,783294,1216800
2072,345,336,772439,6431,783630,1031000
2073,359,332,772082,6456,783962,1074500
2074,300,333,771781,6424,784295,787200
2075,377,342,771429,6434,784637,797300
2076,313,320,771092,6451,784957,983700
2077,341,325,770762,6456,785282,1176600
2078,316,310,770450,6458,785592,1036000
2079,338,327,770100,6481,785919,884200
2080,326,307,769789,6485,786226,849300
2081,366,321,769408,6545,786547,727300
2082,336,325,769089,6539,786872,1125900
2083,345,355,768728,6545,787227,1072600
2084,316,337,768405,6531,787564,827100
2085,337,335,768081,6520,787899,831800
2086,309,335,767768,6498,788234,815400
2087,336,342,767438,6486,788576,1009600
2088,339,360,767100,6464,788936,1274700
2089,354,328,766754,6482,789264,1154600
2090,357,335,766402,6499,789599,935700
2091,343,342,766053,6506,789941,737300
2092,346,340,765703,6516,790281,728800
2093,329,353,765370,6496,790634,844700
2094,337,316,765031,6519,790950,1046600
2095,343,356,764696,6498,791306,849000
2096,360,328,764332,6534,791634,696300
2097,316,325,764001,6540,791959,672900
2098,341,349,763679,6513,792308,764800
2099,342,350,763335,6507,792658,716900
2100,348,329,762986,6527,792987,753600
2101,329,357,762652,6504,793344,894700
2102,352,335,762311,6510,793679,821000
2103,318,334,761992,6495,794013,764700
2104,338,331,761641,6515,794344,700200
2105,349,356,761303,6497,794700,709200
2106,312,325,760975,6500,795025,655800
2107,357,315,760612,6548,795340,613200
2108,355,311,760275,6574,795651,766500
2109,317,319,759954,6576,795970,1094000
2110,350,327,759593,6610,796297,835600
2111,384,343,759225,6635,796640,721100
2112,310,355,758907,6598,796995,686200
2113,376,327,758536,6642,797322,681700
2114,335,345,758197,6636,797667,664300
2115,336,336,757872,6625,798003,713800
2116,359,354,757500,6643,798357,1099400
2117,342,364,757164,6615,798721,844700
2118,363,330,756801,6648,799051,736300
2119,324,339,756475,6635,799390,719800
2120,336,347,756133,6630,799737,631600
2121,365,330,755773,6660,800067,693100
2122,347,337,755436,6660,800404,709600
2123,332,367,755094,6635,800771,860400
2124,326,323,754774,6632,801094,816200
2125,330,345,754443,6618,801439,664100
2126,317,366,754123,6572,801805,667900
2127,318,366,753796,6533,802171,626300
2128,289,327,753502,6500,802498,608100
2129,324,344,753198,6460,802842,598100
2130,324,351,752858,6449,803193,706600
2131,321,340,752522,6445,803533,728500
2132,316,336,752224,6407,803869,831200
2133,321,337,751914,6380,804206,764800
2134,343,334,751557,6403,804540,686900
2135,334,317,751236,6407,804857,747400
2136,356,335,750878,6430,805192,653600
2137,343,337,750533,6438,805529,758500
2138,334,373,750204,6394,805902,903000
2139,355,347,749854,6397,806249,712700
2140,320,342,749512,6397,806591,757000
2141,360,364,749160,6385,806955,696300
2142,351,330,748802,6413,807285,655500
2143,315,333,748483,6399,807618,633800
2144,350,347,748133,6402,807965,577400
2145,288,328,747840,6367,808293,584000
2146,314,347,747530,6330,808640,810900
2147,326,330,747215,6315,808970,817200
2148,329,312,746884,6334,809282,675100
2149,333,356,746559,6303,809638,635100
2150,342,321,746227,6314,809959,614600
2151,380,328,745837,6376,810287,591200
2152,359,325,745486,6402,810612,655900
2153,368,337,745127,6424,810949,741800
2154,342,354,744772,6425,811303,766300
2155,321,315,744441,6441,811618,791100
2156,336,324,744109,6449,811942,710900
2157,361,314,743736,6508,812256,649800
2158,341,327,743407,6510,812583,638000
2159,341,332,743073,6512,812915,639100
2160,320,333,742755,6497,813248,625600
2161,319,300,742435,6517,813548,666400
2162,321,330,742096,6526,813878,777200
2163,349,317,741761,6544,814195,736200
2164,346,327,741412,6566,814522,711800
2165,341,355,741061,6562,814877,750600
2166,300,336,740759,6528,815213,657900
2167,352,377,740423,6487,815590,713200
2168,341,375,740082,6453,815965,703900
2169,304,388,739769,6378,816353,751100
2170,301,352,739469,6326,816705,778000
2171,341,309,739139,6347,817014,815200
2172,305,311,738819,6356,817325,662700
2173,339,340,738481,6354,817665,815300
2174,320,308,738164,6363,817973,658300
2175,355,348,737807,6372,818321,659900
2176,314,351,737500,6328,818672,764500
2177,354,328,737149,6351,819000,785800
2178,378,323,736765,6412,819323,791200
2179,335,316,736429,6432,819639,804100
2180,371,332,736071,6458,819971,773100
2181,390,374,735673,6482,820345,645800
2182,340,349,735338,6468,820694,595100
2183,337,322,734996,6488,821016,610500
2184,348,334,734655,6495,821350,670800
2185,357,365,734302,6483,821715,930500
2186,367,335,733920,6530,822050,870500
2187,339,333,733582,6535,822383,673700
2188,359,359,733235,6523,822742,667600
2189,347,342,732873,6543,823084,679900
2190,364,345,732512,6559,823429,641000
2191,382,342,732140,6589,823771,784500
2192,321,364,731809,6556,824135,810900
2193,320,357,731476,6532,824492,823900
2194,367,344,731126,6538,824836,757800
2195,348,318,730780,6566,825154,735000
2196,343,341,730440,6565,825495,715100
2197,348,353,730088,6564,825848,657000
2198,351,341,729719,6592,826189,645400
2199,352,352,729375,6584,826541,726100
2200,346,321,729050,6588,826862,809300
2201,343,365,728691,6582,827227,843300
2202,384,324,728311,6638,827551,689800
2203,359,366,727951,6632,827917,714000
2204,370,325,727597,6661,828242,681400
2205,368,377,727218,6663,828619,695200
2206,306,363,726896,6622,828982,714100
2207,331,312,726585,6621,829294,719300
2208,359,381,726224,6601,829675,766100
2209,343,318,725878,6629,829993,784000
2210,328,361,725552,6594,830354,676400
2211,335,329,725218,6599,830683,656000
2212,336,339,724881,6597,831022,683200
2213,364,394,724495,6589,831416,623300
2214,358,332,724163,6589,831748,640400
2215,348,330,723797,6625,832078,925700
2216,305,328,723494,6600,832406,837500
2217,347,298,723152,6644,832704,758100
2218,347,336,722822,6638,833040,740600
2219,343,326,722476,6658,833366,643000
2220,350,328,722105,6701,833694,654200
2221,318,333,721793,6680,834027,852000
2222,359,340,721436,6697,834367,830100
2223,341,333,721094,6706,834700,939900
2224,349,354,720751,6695,835054,756100
2225,320,362,720412,6672,835416,769800
2226,358,348,720077,6659,835764,795800
2227,331,345,719739,6652,836109,653000
2228,327,342,719405,6644,836451,701600
2229,336,323,719058,6668,836774,877000
2230,354,349,718715,6662,837123,829400
2231,395,349,718340,6688,837472,718400
2232,320,383,718001,6644,837855,676500
2233,342,340,717666,6639,838195,699200
2234,311,334,717347,6624,838529,679200
2235,323,290,717029,6652,838819,997800
2236,374,330,716654,6697,839149,859500
2237,347,337,716312,6702,839486,882900
2238,348,328,715960,6726,839814,777200
2239,365,317,715613,6756,840131,655300
2240,352,360,715248,6761,840491,655400
2241,386,331,714869,6809,840822,639800
2242,326,362,714535,6781,841184,625000
2243,332,365,714189,6762,841549,663600
2244,331,382,713867,6702,841931,837100
2245,357,344,713513,6712,842275,885100
2246,329,326,713186,6713,842601,724500
2247,338,344,712854,6701,842945,718100
2248,319,332,712516,6707,843277,647900
2249,359,358,712174,6691,843635,626300
2250,382,367,711790,6708,844002,813000
2251,345,391,711441,6666,844393,801800
2252,354,326,711076,6705,844719,787300
2253,335,344,710758,6679,845063,723500
2254,376,353,710374,6710,845416,624800
2255,363,358,710005,6721,845774,613800
2256,372,361,709646,6719,846135,677100
2257,382,367,709273,6725,846502,726100
2258,344,349,708912,6737,846851,654200
2259,382,324,708544,6781,847175,854900
2260,336,341,708191,6793,847516,777300
2261,349,365,707853,6766,847881,731400
2262,380,332,707495,6792,848213,727200
2263,340,346,707129,6812,848559,625000
2264,341,323,706785,6833,848882,631100
2265,366,327,706418,6873,849209,648700
2266,370,349,706053,6889,849558,728300
2267,364,364,705697,6881,849922,819700
2268,357,374,705340,6864,850296,800400
2269,332,362,705003,6839,850658,634700
2270,371,354,704623,6865,851012,695100
2271,351,385,704265,6838,851397,658400
2272,345,353,703938,6812,851750,655800
2273,334,386,703595,6769,852136,630000
2274,370,351,703230,6783,852487,988900
2275,373,377,702859,6777,852864,799000
2276,367,345,702500,6791,853209,797200
2277,339,360,702146,6785,853569,801600
2278,352,326,701790,6815,853895,689200
2279,385,358,701434,6813,854253,638100
2280,352,360,701056,6831,854613,596100
2281,383,345,700687,6855,854958,623300
2282,372,353,700320,6869,855311,812500
2283,372,338,699930,6921,855649,783500
2284,337,331,699610,6910,855980,703700
2285,356,399,699235,6886,856379,655000
2286,352,355,698885,6881,856734,656600
2287,329,369,698564,6833,857103,638700
2288,342,341,698212,6844,857444,556200
2289,368,355,697856,6845,857799,590900
2290,340,328,697512,6861,858127,819300
2291,367,353,697149,6871,858480,822800
2292,336,338,696804,6878,858818,674300
2293,379,366,696435,6881,859184,725600
2294,359,334,696082,6900,859518,683200
2295,408,378,695683,6921,859896,599500
2296,367,343,695293,6968,860239,679300
2297,359,360,694945,6956,860599,643000
2298,353,343,694578,6980,860942,953500
2299,359,352,694212,6994,861294,762600
2300,354,363,693877,6966,861657,675600
2301,359,337,693524,6982,861994,653700
2302,367,361,693150,6995,862355,748300
2303,359,406,692800,6939,862761,661600
2304,371,350,692424,6965,863111,799700
2305,330,384,692081,6924,863495,832000
2306,349,358,691735,6912,863853,790100
2307,356,355,691379,6913,864208,734300
2308,393,314,690987,6991,864522,726100
2309,376,346,690610,7022,864868,746900
2310,377,375,690221,7036,865243,664500
2311,390,361,689845,7051,865604,629000
2312,367,359,689472,7065,865963,770800
2313,372,383,689091,7063,866346,922300
2314,349,328,688747,7079,866674,770900
2315,322,372,688417,7037,867046,682700
2316,370,367,688071,7016,867413,702700
2317,316,359,687753,6975,867772,718000
2318,383,387,687366,6975,868159,643000
2319,387,342,686985,7014,868501,730800
2320,364,387,686605,7007,868888,961700
2321,391,382,686221,7009,869270,922100
2322,365,385,685844,7001,869655,788200
2323,336,350,685503,6992,870005,796900
2324,367,379,685151,6965,870384,731400
2325,359,322,684794,7000,870706,612700
2326,373,368,684434,6992,871074,659300
2327,348,373,684070,6983,871447,849000
2328,388,356,683690,7007,871803,861400
2329,357,367,683328,7002,872170,706200
2330,353,372,682973,6985,872542,674500
2331,360,337,682614,7007,872879,670800
2332,350,343,682267,7011,873222,656600
2333,375,352,681892,7034,873574,637100
2334,354,357,681533,7036,873931,648500
2335,367,365,681166,7038,874296,904000
2336,315,365,680850,6989,874661,911600
2337,349,349,680498,6992,875010,720800
2338,364,358,680132,7000,875368,684100
2339,337,326,679800,7006,875694,680100
2340,371,385,679434,6987,876079,629200
2341,350,374,679090,6957,876453,727500
2342,351,361,678745,6941,876814,1034100
2343,354,349,678382,6955,877163,858600
2344,357,363,678026,6948,877526,738900
2345,386,362,677643,6969,877888,714700
2346,343,396,677282,6934,878284,729700
2347,336,336,676945,6935,878620,733900
2348,358,354,676593,6933,878974,670200
2349,380,357,676235,6934,879331,858700
2350,343,394,675880,6895,879725,840600
2351,348,399,675515,6861,880124,720700
2352,340,375,675175,6826,880499,662200
2353,351,377,674848,6776,880876,737000
2354,336,371,674487,6766,881247,700000
2355,339,356,674140,6757,881603,897800
2356,344,333,673806,6758,881936,883700
2357,355,348,673466,6750,882284,827200
2358,374,333,673090,6793,882617,744900
2359,345,354,672736,6793,882971,711000
2360,310,356,672413,6760,883327,703200
2361,341,354,672091,6728,883681,681800
2362,324,313,671781,6725,883994,968300
2363,334,327,671437,6742,884321,1126300
2364,350,354,671077,6748,884675,830200
2365,356,345,670734,6746,885020,714600
2366,321,362,670410,6708,885382,742800
2367,397,348,670034,6736,885730,620900
2368,356,338,669648,6784,886068,674200
2369,334,345,669304,6783,886413,779000
2370,324,340,668993,6754,886753,861400
2371,335,314,668661,6772,887067,839300
2372,344,342,668326,6765,887409,742900
2373,317,386,667995,6710,887795,690100
2374,311,362,667672,6671,888157,704800
2375,349,338,667351,6654,888495,713900
2376,365,343,666957,6705,888838,947100
2377,344,312,666623,6727,889150,864700
2378,380,394,666261,6695,889544,860400
2379,358,334,665889,6733,889878,750700
2380,351,377,665544,6701,890255,707000
2381,361,314,665177,6754,890569,653000
2382,341,335,664851,6745,890904,702200
2383,354,362,664478,6756,891266,921900
2384,373,350,664108,6776,891616,915700
2385,333,340,663765,6779,891956,863600
2386,359,365,663421,6758,892321,705700
2387,352,352,663056,6771,892673,755100
2388,352,349,662721,6757,893022,705700
2389,376,353,662333,6792,893375,712500
2390,360,349,661982,6794,893724,825500
2391,371,393,661620,6763,894117,863400
2392,352,356,661255,6772,894473,836900
2393,333,370,660927,6730,894843,753000
2394,354,325,660578,6754,895168,738100
2395,368,339,660195,6798,895507,708000
2396,351,339,659854,6800,895846,679600
2397,327,370,659511,6773,896216,743400
2398,381,335,659145,6804,896551,843700
2399,366,394,658782,6773,896945,938900
2400,363,372,658430,6753,897317,802700
2401,401,345,658020,6818,897662,719300
2402,376,374,657636,6828,898036,851300
2403,336,340,657282,6842,898376,669200
2404,341,352,656966,6806,898728,858400
2405,408,350,656561,6861,899078,865600
2406,410,361,656167,6894,899439,822700
2407,401,362,655734,6965,899801,692400
2408,376,366,655378,6955,900167,687400
2409,371,359,654990,6984,900526,741800
2410,359,365,654632,6977,900891,663300
2411,375,352,654283,6974,901243,617300
2412,341,340,653907,7010,901583,668400
2413,390,387,653532,6998,901970,835900
2414,370,354,653169,7007,902324,901500
2415,365,351,652805,7020,902675,742900
2416,349,354,652469,7002,903029,704600
2417,355,348,652091,7032,903377,656100
2418,355,371,651730,7022,903748,592900
2419,371,371,651376,7005,904119,792600
2420,382,365,650993,7023,904484,863000
2421,308,345,650668,7003,904829,777400
2422,369,349,650317,7005,905178,815500
2423,348,329,649945,7048,905507,758700
2424,353,364,649587,7042,905871,643200
2425,364,387,649246,6996,906258,630900
2426,333,356,648891,6995,906614,660200
2427,349,330,648560,6996,906944,696300
2428,325,350,648230,6976,907294,833200
2429,359,364,647867,6975,907658,792000
2430,360,346,647492,7004,908004,680500
2431,319,369,647183,6944,908373,629200
2432,374,356,646846,6925,908729,646500
2433,369,378,646455,6938,909107,635200
2434,343,367,646102,6924,909474,630800
2435,342,358,645767,6901,909832,717100
2436,342,365,645421,6882,910197,775500
2437,341,369,645071,6863,910566,850500
2438,328,337,644749,6848,910903,710900
2439,340,362,644414,6821,911265,676300
2440,344,332,644072,6831,911597,610800
2441,364,348,643713,6842,911945,659400
2442,374,317,643340,6898,912262,815000
2443,348,344,642982,6912,912606,845700
2444,388,362,642611,6921,912968,897000
2445,345,362,642267,6903,913330,737100
2446,326,330,641919,6921,913660,719200
2447,405,326,641516,6998,913986,609200
2448,384,371,641122,7021,914357,616600
2449,334,356,640804,6983,914713,558800
2450,374,362,640425,7000,915075,683800
2451,357,369,640071,6985,915444,874400
2452,315,373,639741,6942,915817,877600
2453,367,371,639403,6909,916188,724500
2454,365,365,639021,6926,916553,684800
2455,372,370,638641,6936,916923,661000
2456,392,392,638275,6910,917315,615200
2457,361,351,637912,6922,917666,832400
2458,305,385,637587,6862,918051,807800
2459,385,374,637211,6864,918425,738900
2460,355,346,636835,6894,918771,771000
2461,343,322,636514,6893,919093,709200
2462,323,350,636192,6865,919443,595800
2463,331,375,635863,6819,919818,649100
2464,377,338,635477,6867,920156,588400
2465,335,366,635132,6846,920522,794100
2466,323,320,634810,6848,920842,835800
2467,324,326,634504,6828,921168,760600
2468,325,339,634174,6819,921507,708700
2469,360,336,633803,6854,921843,700700
2470,377,347,633451,6859,922190,684200
2471,329,351,633106,6853,922541,665900
2472,358,333,632755,6871,922874,653600
2473,400,307,632345,6974,923181,657100
2474,356,302,631992,7025,923483,874600
2475,377,347,631624,7046,923830,836200
2476,370,365,631269,7036,924195,654000
2477,351,375,630898,7032,924570,644400
2478,383,332,630532,7066,924902,686000
2479,395,360,630136,7102,925262,600700
2480,400,360,629713,7165,925622,559800
2481,341,375,629386,7117,925997,731700
2482,349,372,629030,7101,926369,820100
2483,386,334,628670,7127,926703,798700
2484,356,352,628287,7158,927055,742600
2485,337,372,627940,7133,927427,742300
2486,353,346,627605,7122,927773,728800
2487,369,385,627248,7094,928158,677900
2488,406,321,626834,7187,928479,692600
2489,389,347,626453,7221,928826,719500
2490,377,387,626066,7221,929213,733700
2491,355,359,625702,7226,929572,762700
2492,376,334,625330,7264,929906,751400
2493,380,370,624956,7268,930276,769100
2494,361,376,624584,7264,930652,684600
2495,361,410,624216,7222,931062,594200
2496,381,411,623848,7179,931473,696100
2497,378,378,623477,7172,931851,847000
2498,386,347,623088,7214,932198,822700
2499,404,381,622674,7247,932579,683900
2500,352,390,622308,7223,932969,633000
2501,365,424,621974,7133,933393,680300
2502,381,357,621598,7152,933750,582700
2503,373,353,621201,7196,934103,630800
2504,336,355,620868,7174,934458,679400
2505,359,375,620515,7152,934833,825500
2506,378,385,620144,7138,935218,850100
2507,367,353,619763,7166,935571,725400
2508,391,385,619373,7171,935956,672900
2509,348,363,619030,7151,936319,737300
2510,337,344,618683,7154,936663,591300
2511,348,358,618332,7147,937021,750700
2512,349,383,618003,7093,937404,798800
2513,343,357,617654,7085,937761,789100
2514,324,352,617311,7076,938113,712800
2515,338,339,617002,7046,938452,710700
2516,327,348,616661,7039,938800,628700
2517,358,354,616311,7035,939154,642800
2518,348,392,615950,7004,939546,585200
2519,337,369,615621,6964,939915,622800
2520,361,358,615254,6973,940273,814600
2521,373,375,614884,6968,940648,796200
2522,352,375,614526,6951,941023,779400
2523,342,347,614192,6938,941370,681200
2524,334,375,613848,6907,941745,640200
2525,337,330,613505,6920,942075,597100
2526,326,379,613187,6859,942454,584800
2527,352,352,612849,6845,942806,635800
2528,362,387,612483,6824,943193,793300
2529,343,364,612137,6806,943557,768600
2530,372,354,611757,6832,943911,679300
2531,373,360,611403,6826,944271,734500
2532,357,372,611029,6828,944643,666700
2533,348,358,610679,6820,945001,617200
2534,365,325,610323,6851,945326,571600
2535,343,320,609973,6881,945646,621000
2536,350,377,609627,6850,946023,762700
2537,384,350,609245,6882,946373,738300
2538,338,373,608890,6864,946746,683800
2539,337,348,608574,6832,947094,626600
2540,336,365,608218,6823,947459,597900
2541,349,316,607895,6830,947775,597900
2542,354,383,607526,6816,948158,605100
2543,338,388,607183,6771,948546,778200
2544,366,344,606830,6780,948890,769400
2545,340,354,606468,6788,949244,769200
2546,359,360,606129,6767,949604,693000
2547,338,297,605794,6805,949901,624000
2548,333,345,605452,6802,950246,632600
2549,363,366,605086,6802,950612,642100
2550,380,324,604713,6851,950936,670900
2551,370,357,604342,6865,951293,696200
2552,360,338,603994,6875,951631,941500
2553,363,336,603626,6907,951967,938300
2554,371,363,603239,6931,952330,777200
2555,349,366,602902,6902,952696,703100
2556,389,325,602495,6984,953021,630500
2557,362,369,602150,6960,953390,617000
2558,347,375,601794,6941,953765,567600
2559,387,349,601422,6964,954114,636900
2560,382,349,601035,7002,954463,815000
2561,356,389,600675,6973,954852,750800
2562,374,336,600306,7006,955188,629300
2563,394,390,599919,7003,955578,671100
2564,360,347,599549,7026,955925,655500
2565,393,363,599147,7065,956288,656900
2566,345,354,598803,7055,956642,581500
2567,334,381,598459,7018,957023,660800
2568,361,349,598128,7000,957372,777900
2569,362,356,597744,7028,957728,690000
2570,365,369,597377,7026,958097,618600
2571,367,372,597029,7002,958469,617000
2572,366,378,596647,7006,958847,16063200
2573,346,327,596312,7014,959174,1069500
2574,334,369,595978,6979,959543,927800
2575,370,358,595615,6984,959901,1098100
2576,362,332,595245,7022,960233,1015200
2577,422,391,594832,7044,960624,883000
2578,365,347,594468,7061,960971,717500
2579,339,356,594097,7076,961327,678700
2580,367,334,593732,7107,961661,665000
2581,377,341,593382,7116,962002,652100
2582,376,376,593006,7116,962378,621100
2583,334,368,592663,7091,962746,669500
2584,382,334,592292,7128,963080,818200
2585,381,374,591894,7152,963454,790400
2586,375,347,591519,7180,963801,674900
2587,367,354,591163,7182,964155,639400
2588,393,395,590794,7156,964550,590600
2589,392,376,590378,7196,964926,597100
2590,334,383,590031,7160,965309,612800
2591,364,361,589682,7148,965670,626300
2592,360,392,589322,7116,966062,807100
2593,377,361,588934,7143,966423,799200
2594,405,347,588539,7191,966770,722800
2595,363,386,588174,7170,967156,640100
2596,360,385,587802,7157,967541,613700
2597,408,347,587425,7187,967888,754800
2598,368,382,587033,7197,968270,858100
2599,326,366,586712,7152,968636,840300
2600,392,392,586327,7145,969028,826100
2601,361,360,585963,7149,969388,697800
2602,345,369,585608,7135,969757,673100
2603,408,357,585207,7179,970114,606600
2604,404,369,584800,7217,970483,622800
2605,351,343,584456,7218,970826,558200
2606,381,363,584083,7228,971189,637000
2607,356,408,583713,7190,971597,774400
2608,394,378,583324,7201,971975,782500
2609,404,369,582904,7252,972344,731000
2610,380,397,582539,7220,972741,668500
2611,372,381,582149,7229,973122,650200
2612,364,352,581812,7214,973474,572400
2613,365,335,581432,7259,973809,582700
2614,389,390,581047,7254,974199,789900
2615,332,405,580687,7209,974604,806100
2616,386,354,580335,7207,974958,783900
2617,356,372,579969,7201,975330,670900
2618,368,360,579592,7218,975690,613500
2619,326,391,579270,7149,976081,723200
2620,401,360,578876,7183,976441,673900
2621,381,360,578501,7198,976801,624300
2622,380,361,578118,7220,977162,655200
2623,350,397,577761,7180,977559,815400
2624,404,350,577351,7240,977909,795800
2625,373,314,576980,7297,978223,714700
2626,358,385,576636,7256,978608,695200
2627,344,341,576296,7255,978949,640200
2628,356,362,575918,7271,979311,640900
2629,370,381,575546,7262,979692,583000
2630,395,381,575173,7254,980073,656900
2631,362,384,574803,7240,980457,814300
2632,396,372,574398,7273,980829,799200
2633,331,395,574067,7209,981224,712900
2634,332,390,573738,7148,981614,658000
2635,387,390,573364,7132,982004,645900
2636,389,360,572952,7184,982364,614300
2637,345,359,572615,7162,982723,635500
2638,360,365,572252,7160,983088,681300
2639,341,337,571915,7160,983425,874300
2640,374,394,571544,7137,983819,750700
2641,350,387,571202,7092,984206,678100
2642,366,366,570819,7109,984572,703000
2643,351,344,570463,7121,984916,658300
2644,338,358,570135,7091,985274,663000
2645,373,389,569765,7072,985663,612300
2646,365,369,569399,7069,986032,655800
2647,351,341,569052,7075,986373,798500
2648,358,345,568694,7088,986718,758800
2649,351,327,568341,7114,987045,731300
2650,359,376,567980,7099,987421,694400
2651,349,344,567628,7107,987765,710600
2652,369,359,567257,7119,988124,629200
2653,350,367,566905,7104,988491,641900
2654,369,324,566546,7139,988815,769800
2655,350,355,566193,7137,989170,855200
2656,372,367,565836,7127,989537,717900
2657,366,354,565462,7147,989891,705100
2658,325,348,565124,7137,990239,657900
2659,336,363,564809,7089,990602,604500
2660,396,370,564392,7136,990972,641900
2661,375,390,564041,7097,991362,808000
2662,378,352,563668,7118,991714,809000
2663,319,378,563333,7075,992092,877300
2664,314,348,563004,7056,992440,777500
2665,350,356,562666,7038,992796,778100
2666,389,331,562274,7099,993127,806900
2667,346,351,561925,7097,993478,668700
2668,368,391,561573,7058,993869,693200
2669,392,348,561182,7101,994217,993000
2670,384,344,560805,7134,994561,804600
2671,405,379,560392,7168,994940,752900
2672,401,378,559994,7188,995318,707700
2673,365,380,559619,7183,995698,613400
2674,390,357,559230,7215,996055,665400
2675,383,368,558853,7224,996423,668300
2676,373,376,558473,7228,996799,697900
2677,386,361,558079,7261,997160,806400
2678,369,380,557715,7245,997540,941300
2679,374,356,557344,7260,997896,889300
2680,404,378,556956,7270,998274,661500
2681,409,371,556555,7300,998645,641200
2682,397,365,556134,7356,999010,616500
2683,381,371,555757,7362,999381,655600
2684,379,375,555378,7366,999756,908800
2685,385,362,554992,7390,1000118,885400
2686,372,379,554610,7393,1000497,761500
2687,424,395,554224,7384,1000892,641800
2688,416,382,553781,7445,1001274,635400
2689,409,405,553379,7442,1001679,653400
2690,376,370,553002,7449,1002049,632800
2691,388,420,552623,7408,1002469,698500
2692,412,369,552205,7457,1002838,858300
2693,386,393,551797,7472,1003231,852200
2694,446,365,551361,7543,1003596,695200
2695,382,385,550971,7548,1003981,656000
2696,391,363,550589,7567,1004344,641300
2697,403,356,550190,7610,1004700,627400
2698,393,390,549803,7607,1005090,779900
2699,382,404,549405,7601,1005494,822200
2700,373,428,549035,7543,1005922,799700
2701,404,382,548633,7563,1006304,681100
2702,403,403,548228,7565,1006707,625300
2703,378,374,547832,7587,1007081,670000
2704,350,403,547508,7508,1007484,622700
2705,386,364,547130,7522,1007848,568300
2706,371,388,546741,7523,1008236,750700
2707,389,400,546351,7513,1008636,880800
2708,375,371,545969,7524,1009007,834500
2709,373,407,545595,7491,1009414,702200
2710,367,388,545241,7457,1009802,652700
2711,379,363,544877,7458,1010165,632500
2712,351,370,544506,7459,1010535,637600
2713,353,391,544173,7401,1010926,582600
2714,362,367,543797,7410,1011293,637500
2715,349,374,543441,7392,1011667,903500
2716,370,410,543056,7367,1012077,820200
2717,345,403,542718,7302,1012480,710100
2718,355,349,542366,7305,1012829,685100
2719,343,409,542012,7250,1013238,653700
2720,374,361,541664,7237,1013599,633200
2721,353,376,541295,7230,1013975,619900
2722,384,365,540920,7240,1014340,675300
2723,378,400,540554,7206,1014740,815800
2724,390,380,540157,7223,1015120,828000
2725,321,359,539818,7203,1015479,682500
2726,331,377,539490,7154,1015856,624000
2727,334,370,539164,7110,1016226,692900
2728,337,367,538823,7084,1016593,672900
2729,376,371,538451,7085,1016964,840900
2730,363,337,538083,7116,1017301,901700
2731,349,381,537747,7071,1017682,875700
2732,380,368,537371,7079,1018050,687700
2733,355,334,537005,7111,1018384,695200
2734,359,377,536644,7095,1018761,674400
2735,360,384,536268,7087,1019145,685100
2736,361,388,535928,7039,1019533,641700
2737,379,364,535560,7043,1019897,702000
2738,368,350,535180,7073,1020247,921800
2739,334,340,534831,7082,1020587,815900
2740,327,370,534504,7039,1020957,722500
2741,402,383,534118,7042,1021340,697800
2742,333,339,533795,7026,1021679,667200
2743,355,361,533437,7023,1022040,586600
2744,379,385,533046,7029,1022425,727700
2745,378,351,532676,7048,1022776,786800
2746,369,351,532298,7075,1023127,827400
2747,378,351,531941,7081,1023478,723900
2748,345,373,531563,7086,1023851,767500
2749,396,381,531184,7084,1024232,711200
2750,357,372,530829,7067,1024604,660900
2751,330,339,530485,7072,1024943,612800
2752,369,382,530119,7056,1025325,729000
2753,368,348,529752,7075,1025673,826900
2754,365,361,529399,7067,1026034,738400
2755,366,375,529015,7076,1026409,640100
2756,342,364,528684,7043,1026773,655600
2757,351,370,528317,7040,1027143,636700
2758,349,394,527987,6976,1027537,616400
2759,365,369,527619,6975,1027906,660700
2760,350,352,527267,6975,1028258,665000
2761,347,373,526909,6960,1028631,844000
2762,345,360,526570,6939,1028991,818400
2763,337,339,526243,6927,1029330,682600
2764,362,341,525872,6957,1029671,685800
2765,395,385,525504,6940,1030056,646900
2766,386,348,525101,6995,1030404,610400
2767,375,384,524715,6997,1030788,575800
2768,348,389,524362,6961,1031177,680600
2769,378,389,524000,6934,1031566,847400
2770,366,393,523624,6917,1031959,826800
2771,390,392,523251,6898,1032351,684200
2772,368,376,522871,6902,1032727,701700
2773,384,376,522500,6897,1033103,636900
2774,347,361,522143,6893,1033464,626200
2775,398,384,521755,6897,1033848,807500
2776,347,339,521384,6929,1034187,859700
2777,358,368,521027,6918,1034555,1102100
2778,361,319,520676,6950,1034874,753400
2779,398,379,520284,6963,1035253,708600
2780,376,346,519901,7000,1035599,632700
2781,370,367,519537,6997,1035966,581800
2782,397,339,519151,7044,1036305,695000
2783,366,373,518789,7033,1036678,768800
2784,369,375,518403,7044,1037053,806900
2785,404,385,518021,7041,1037438,759200
2786,411,377,517608,7077,1037815,670500
2787,361,396,517218,7071,1038211,632000
2788,360,371,516859,7059,1038582,636900
2789,385,377,516465,7076,1038959,591400
2790,356,338,516135,7068,1039297,672900
2791,347,354,515779,7070,1039651,742000
2792,366,362,515433,7054,1040013,986900
2793,390,358,515047,7082,1040371,886800
2794,410,358,514623,7148,1040729,812500
2795,360,361,514252,7158,1041090,738500
2796,378,369,513886,7155,1041459,717300
2797,393,362,513481,7198,1041821,787900
2798,399,346,513076,7257,1042167,880400
2799,379,359,512696,7278,1042526,863300
2800,398,379,512305,7290,1042905,745500
2801,398,360,511924,7311,1043265,702000
2802,372,368,511548,7319,1043633,689900
2803,362,366,511167,7334,1043999,646400
2804,355,354,510835,7312,1044353,621000
2805,385,370,510430,7347,1044723,716200
2806,395,397,510030,7350,1045120,907400
2807,372,392,509664,7324,1045512,786600
2808,374,365,509301,7322,1045877,690500
2809,397,405,508900,7318,1046282,653500
2810,365,401,508532,7285,1046683,675000
2811,377,392,508137,7288,1047075,619900
2812,350,392,507813,7220,1047467,794500
2813,398,364,507430,7239,1047831,927000
2814,386,342,507021,7306,1048173,803500
2815,375,412,506645,7270,1048585,733800
2816,404,394,506260,7261,1048979,739800
2817,369,346,505867,7308,1049325,682900
2818,353,389,505519,7267,1049714,691500
2819,388,352,505131,7303,1050066,794100
2820,389,356,504738,7340,1050422,866600
2821,385,358,504367,7353,1050780,818800
2822,360,376,503988,7356,1051156,710000
2823,397,380,503603,7361,1051536,738200
2824,395,384,503217,7363,1051920,685200
2825,383,380,502829,7371,1052300,619900
2826,363,379,502466,7355,1052679,589000
2827,362,354,502096,7371,1053033,633600
2828,380,366,501721,7380,1053399,842100
2829,372,353,501343,7405,1053752,829500
2830,377,373,500970,7405,1054125,746800
2831,388,375,500585,7415,1054500,763300
2832,359,364,500216,7420,1054864,723900
2833,345,401,499875,7360,1055265,660600
2834,349,362,499529,7344,1055627,808100
2835,368,379,499151,7343,1056006,832800
2836,408,374,498761,7359,1056380,873500
2837,357,394,498387,7339,1056774,706800
2838,373,372,498024,7330,1057146,677600
2839,386,364,497646,7344,1057510,681600
2840,371,381,497264,7345,1057891,609900
2841,385,378,496882,7349,1058269,636200
2842,378,373,496504,7354,1058642,663300
2843,313,377,496179,7302,1059019,868000
2844,345,372,495845,7264,1059391,854100
2845,357,368,495481,7260,1059759,685600
2846,406,399,495088,7254,1060158,648100
2847,364,353,494701,7288,1060511,667900
2848,365,372,494359,7258,1060883,661400
2849,386,400,493962,7255,1061283,582000
2850,420,347,493555,7315,1061630,691500
2851,380,366,493179,7325,1061996,796200
2852,415,377,492750,7377,1062373,792000
2853,379,378,492365,7384,1062751,715100
2854,386,386,491984,7379,1063137,685500
2855,364,401,491614,7348,1063538,659500
2856,376,387,491242,7333,1063925,595400
2857,389,420,490866,7289,1064345,842100
2858,349,351,490506,7298,1064696,853500
2859,394,364,490114,7326,1065060,804300
2860,383,369,489739,7332,1065429,723200
2861,446,383,489302,7386,1065812,669800
2862,363,388,488935,7365,1066200,641500
2863,397,366,488533,7401,1066566,621200
2864,364,383,488165,7386,1066949,617000
2865,414,400,487744,7407,1067349,646900
2866,426,389,487329,7433,1067738,791100
2867,372,413,486964,7385,1068151,741000
2868,393,385,486555,7409,1068536,717800
2869,376,414,486169,7381,1068950,704800
2870,353,392,485831,7327,1069342,681400
2871,376,396,485456,7306,1069738,633800
2872,381,374,485076,7312,1070112,653900
2873,330,377,484725,7286,1070489,672100
2874,360,406,484386,7219,1070895,946700
2875,383,393,483988,7224,1071288,821700
2876,344,368,483659,7185,1071656,708800
2877,361,412,483299,7133,1072068,759500
2878,370,375,482923,7134,1072443,664500
2879,377,349,482544,7164,1072792,614000
2880,372,351,482181,7176,1073143,802800
2881,367,316,481805,7236,1073459,825900
2882,413,384,481392,7265,1073843,800700
2883,397,384,480999,7274,1074227,660600
2884,363,381,480649,7243,1074608,680000
2885,366,411,480275,7206,1075019,631800
2886,349,347,479930,7204,1075366,672300
2887,367,379,479560,7195,1075745,604300
2888,427,363,479135,7257,1076108,666700
2889,377,398,478757,7237,1076506,818400
2890,406,383,478345,7266,1076889,867500
2891,373,343,477951,7317,1077232,693700
2892,405,353,477564,7351,1077585,698200
2893,391,371,477170,7374,1077956,643400
2894,371,346,476814,7384,1078302,587400
2895,371,352,476424,7422,1078654,582900
2896,371,372,476055,7419,1079026,610900
2897,378,388,475693,7393,1079414,858500
2898,385,414,475316,7356,1079828,868800
2899,380,355,474916,7401,1080183,711000
2900,365,381,474546,7390,1080564,682200
2901,350,366,474184,7386,1080930,681700
2902,354,378,473838,7354,1081308,651100
2903,414,402,473451,7339,1081710,643900
2904,373,390,473057,7343,1082100,832900
2905,361,365,472693,7342,1082465,838500
2906,384,383,472319,7333,1082848,743200
2907,370,367,471932,7353,1083215,665800
2908,362,365,471570,7350,1083580,645700
2909,356,385,471232,7303,1083965,690100
2910,367,341,470855,7339,1084306,699800
2911,367,394,470491,7309,1084700,695800
2912,379,394,470108,7298,1085094,851400
2913,374,388,469735,7283,1085482,810100
2914,353,360,469378,7280,1085842,671800
2915,376,356,469012,7290,1086198,732600
2916,352,362,468643,7297,1086560,661900
2917,381,360,468280,7300,1086920,641900
2918,384,380,467907,7293,1087300,668200
2919,355,355,467548,7297,1087655,685700
2920,391,341,467158,7346,1087996,881700
2921,380,368,466776,7360,1088364,833300
2922,352,385,466426,7325,1088749,736600
2923,344,358,466060,7333,1089107,706200
2924,380,379,465702,7312,1089486,676300
2925,346,370,465340,7304,1089856,604400
2926,371,428,464991,7225,1090284,792400
2927,351,372,464630,7214,1090656,868000
2928,372,385,464254,7205,1091041,845000
2929,365,376,463902,7181,1091417,690200
2930,352,352,463539,7192,1091769,633600
2931,384,374,463155,7202,1092143,600300
2932,387,387,462765,7205,1092530,624100
2933,369,367,462414,7189,1092897,613500
2934,426,347,462002,7254,1093244,663800
2935,356,361,461608,7287,1093605,860500
2936,321,397,461286,7212,1094002,830400
2937,392,349,460898,7251,1094351,695000
2938,394,372,460527,7250,1094723,657300
2939,358,365,460147,7265,1095088,749000
2940,388,371,459763,7278,1095459,719300
2941,423,371,459362,7308,1095830,972900
2942,408,422,458934,7314,1096252,904600
2943,338,366,458593,7289,1096618,897800
2944,386,410,458215,7257,1097028,771600
2945,371,367,457822,7283,1097395,696700
2946,401,393,457430,7282,1097788,662700
2947,392,349,457039,7324,1098137,662500
2948,376,363,456658,7342,1098500,876600
2949,377,385,456287,7328,1098885,886900
2950,364,394,455922,7299,1099279,850900
2951,367,375,455557,7289,1099654,776400
2952,351,369,455208,7269,1100023,825900
2953,375,373,454831,7273,1100396,632500
2954,356,404,454470,7230,1100800,606300
2955,352,397,454113,7190,1101197,600800
2956,393,373,453723,7207,1101570,650200
2957,352,336,453354,7240,1101906,834100
2958,373,355,452998,7241,1102261,806600
2959,400,377,452597,7265,1102638,753800
2960,344,372,452273,7217,1103010,709600
2961,336,357,451927,7206,1103367,700800
2962,387,368,451541,7224,1103735,622000
2963,378,339,451157,7269,1104074,748300
2964,395,409,450781,7236,1104483,888100
2965,437,375,450351,7291,1104858,875300
2966,382,407,449936,7299,1105265,712200
2967,376,369,449560,7306,1105634,675800
2968,423,365,449165,7336,1105999,655800
2969,431,372,448722,7407,1106371,614400
2970,400,349,448318,7462,1106720,557100
2971,418,405,447897,7478,1107125,617400
2972,390,353,447515,7507,1107478,830500
2973,409,401,447093,7528,1107879,854000
2974,383,437,446711,7473,1108316,750200
2975,393,423,446322,7439,1108739,698000
2976,397,408,445919,7434,1109147,637100
2977,394,420,445532,7401,1109567,630200
2978,384,380,445151,7402,1109947,601100
2979,369,355,444772,7426,1110302,711700
2980,389,353,444404,7441,1110655,878300
2981,386,379,444002,7464,1111034,876700
2982,400,396,443612,7458,1111430,848000
2983,390,363,443232,7475,1111793,730800
2984,410,412,442816,7479,1112205,764700
2985,370,387,442434,7474,1112592,627000
2986,383,408,442051,7449,1113000,777400
2987,410,383,441639,7478,1113383,832000
2988,396,384,441254,7479,1113767,791500
2989,414,388,440834,7511,1114155,672200
2990,393,364,440442,7539,1114519,675600
2991,390,387,440056,7538,1114906,654500
2992,392,387,439660,7547,1115293,555700
2993,427,378,439252,7577,1115671,864100
2994,386,407,438834,7588,1116078,808900
2995,374,377,438466,7579,1116455,806300
2996,390,392,438068,7585,1116847,759100
2997,390,390,437685,7578,1117237,673000
2998,388,375,437299,7589,1117612,662100
2999,387,407,436923,7558,1118019,626800
3000,390,380,436530,7571,1118399,629400
3001,408,399,436117,7585,1118798,635100
3002,421,414,435718,7570,1119212,898100
3003,376,366,435331,7591,1119578,899500
3004,426,395,434909,7618,1119973,715700
3005,369,391,434533,7603,1120364,664800
3006,379,422,434149,7565,1120786,714200
3007,372,385,433764,7565,1121171,756000
3008,369,422,433417,7490,1121593,700400
3009,420,370,432992,7545,1121963,951600
3010,419,385,432573,7579,1122348,914600
3011,379,404,432173,7575,1122752,758100
3012,398,395,431777,7576,1123147,691500
3013,368,410,431430,7513,1123557,671400
3014,404,367,431019,7557,1123924,693900
3015,393,428,430630,7518,1124352,694100
3016,421,379,430226,7543,1124731,813100
3017,386,409,429831,7529,1125140,776400
3018,378,444,429454,7462,1125584,744000
3019,391,363,429051,7502,1125947,707700
3020,365,372,428673,7508,1126319,712500
3021,429,382,428269,7530,1126701,654400
3022,382,368,427864,7567,1127069,694300
3023,386,405,427503,7523,1127474,748100
3024,417,365,427085,7576,1127839,849400
3025,392,361,426687,7613,1128200,773100
3026,393,403,426286,7611,1128603,672400
3027,411,423,425892,7582,1129026,627700
3028,400,402,425472,7600,1129428,656700
3029,368,378,425107,7587,1129806,611500
3030,404,373,424710,7611,1130179,609000
3031,408,369,424296,7656,1130548,687100
3032,376,382,423920,7650,1130930,646500
3033,384,409,423530,7631,1131339,657100
3034,385,397,423155,7609,1131736,599000
3035,392,383,422758,7623,1132119,612500
3036,410,388,422349,7644,1132507,587600
3037,398,369,421957,7667,1132876,626900
3038,402,412,421566,7646,1133288,644500
3039,371,347,421194,7671,1133635,781200
3040,419,382,420784,7699,1134017,657200
3041,424,403,420342,7738,1134420,672000
3042,406,368,419952,7760,1134788,683400
3043,424,392,419513,7807,1135180,673800
3044,413,435,419090,7795,1135615,709300
3045,422,344,418681,7860,1135959,698800
3046,451,409,418225,7907,1136368,686000
3047,431,398,417795,7939,1136766,719700
3048,395,436,417391,7907,1137202,796900
3049,411,396,416981,7921,1137598,648700
3050,386,399,416606,7897,1137997,632500
3051,409,424,416168,7911,1138421,631200
3052,371,409,415794,7876,1138830,589000
3053,403,422,415417,7831,1139252,598300
3054,398,418,415020,7810,1139670,598300
3055,388,344,414644,7842,1140014,620500
3056,396,429,414218,7839,1140443,662100
3057,419,454,413810,7793,1140897,669500
3058,385,425,413422,7756,1141322,630500
3059,429,416,413022,7740,1141738,642200
3060,420,418,412590,7754,1142156,611600
3061,372,363,412215,7766,1142519,605800
3062,433,357,411768,7856,1142876,643200
3063,390,418,411384,7822,1143294,675700
3064,408,367,410993,7846,1143661,679000
3065,392,440,410586,7813,1144101,659500
3066,389,414,410203,7782,1144515,627700
3067,387,450,409798,7737,1144965,632900
3068,363,413,409454,7668,1145378,637600
3069,394,401,409059,7662,1145779,681100
3070,419,400,408651,7670,1146179,767800
3071,405,400,408234,7687,1146579,789200
3072,434,403,407818,7700,1146982,722900
3073,399,430,407400,7688,1147412,758500
3074,401,396,406998,7694,1147808,687100
3075,396,416,406618,7658,1148224,685100
3076,426,390,406191,7695,1148614,640200
3077,387,404,405783,7699,1149018,660300
3078,436,432,405364,7686,1149450,688800
3079,424,397,404937,7716,1149847,663400
3080,429,377,404488,7788,1150224,678900
3081,404,355,404098,7823,1150579,658100
3082,414,400,403693,7828,1150979,661400
3083,427,401,403261,7859,1151380,590100
3084,396,406,402856,7858,1151786,640900
3085,413,407,402447,7860,1152193,619000
3086,399,413,402053,7841,1152606,637000
3087,385,414,401670,7810,1153020,623900
3088,420,352,401239,7889,1153372,702100
3089,422,455,400820,7853,1153827,790700
3090,407,423,400399,7851,1154250,837300
3091,374,369,400025,7856,1154619,815000
3092,363,421,399679,7781,1155040,836800
3093,384,381,399287,7792,1155421,710400
3094,355,394,398925,7760,1155815,759900
3095,413,404,398497,7784,1156219,762100
3096,420,404,398096,7781,1156623,765800
3097,384,411,397715,7751,1157034,766600
3098,428,402,397298,7766,1157436,728000
3099,420,437,396868,7759,1157873,743100
3100,397,368,396477,7782,1158241,758000
3101,390,412,396067,7780,1158653,705800
3102,371,409,395702,7736,1159062,664300
3103,392,389,395324,7725,1159451,789900
3104,420,388,394902,7759,1159839,732900
3105,414,400,394490,7771,1160239,855600
3106,425,409,394074,7778,1160648,907800
3107,417,424,393654,7774,1161072,752800
3108,392,421,393254,7753,1161493,631900
3109,412,426,392852,7729,1161919,587200
3110,415,405,392433,7743,1162324,601800
3111,425,436,392009,7731,1162760,754200
3112,376,371,391619,7750,1163131,1186800
3113,414,385,391212,7772,1163516,988400
3114,447,420,390763,7801,1163936,825100
3115,404,422,390355,7787,1164358,714000
3116,420,442,389938,7762,1164800,697000
3117,439,395,389502,7803,1165195,656400
3118,379,397,389122,7786,1165592,1004500
3119,424,385,388700,7823,1165977,904900
3120,394,430,388301,7792,1166407,746700
3121,431,432,387880,7781,1166839,816600
3122,396,404,387481,7776,1167243,752400
3123,387,398,387082,7777,1167641,635500
3124,390,395,386690,7774,1168036,766100
3125,413,399,386291,7774,1168435,1011800
3126,432,403,385854,7808,1168838,991100
3127,419,410,385455,7797,1169248,899800
3128,439,385,385000,7867,1169633,721500
3129,410,403,384586,7878,1170036,752000
3130,388,397,384196,7871,1170433,697800
3131,404,397,383790,7880,1170830,1061500
3132,389,400,383390,7880,1171230,991600
3133,404,434,383006,7830,1171664,773300
3134,400,402,382600,7834,1172066,788400
3135,441,392,382163,7879,1172458,751000
3136,407,424,381746,7872,1172882,675900
3137,402,404,381367,7847,1173286,723800
3138,418,442,380931,7841,1173728,952100
3139,405,378,380537,7857,1174106,967000
3140,392,424,380125,7845,1174530,797600
3141,394,402,379742,7826,1174932,760800
3142,405,404,379334,7830,1175336,716800
3143,431,373,378898,7893,1175709,667300
3144,379,405,378528,7858,1176114,677500
3145,415,437,378099,7850,1176551,980500
3146,420,407,377692,7850,1176958,945200
3147,419,394,377278,7870,1177352,782300
3148,375,396,376882,7870,1177748,763000
3149,399,448,376507,7797,1178196,773200
3150,373,388,376124,7792,1178584,755200
3151,408,375,375722,7819,1178959,807200
3152,398,384,375318,7839,1179343,1132900
3153,397,403,374927,7827,1179746,893500
3154,386,415,374550,7789,1180161,870400
3155,381,389,374153,7797,1180550,774500
3156,403,363,373771,7816,1180913,759400
3157,376,377,373378,7832,1181290,802000
3158,393,457,372989,7764,1181747,1182500
3159,409,426,372578,7749,1182173,958600
3160,385,433,372183,7711,1182606,811400
3161,386,372,371808,7714,1182978,937900
3162,366,398,371425,7699,1183376,791400
3163,377,420,371057,7647,1183796,855200
3164,419,363,370631,7710,1184159,991900
3165,388,433,370252,7656,1184592,1188000
3166,382,403,369879,7626,1184995,1074400
3167,387,386,369489,7630,1185381,931000
3168,413,369,369079,7671,1185750,788200
3169,400,409,368663,7678,1186159,854000
3170,371,397,368292,7652,1186556,929100
3171,397,370,367899,7675,1186926,931900
3172,392,421,367517,7636,1187347,768800
3173,358,412,367140,7601,1187759,786100
3174,372,372,366755,7614,1188131,710600
3175,380,402,366383,7584,1188533,631700
3176,408,381,365982,7604,1188914,850900
3177,392,367,365597,7622,1189281,964700
3178,403,403,365207,7609,1189684,788900
3179,412,369,364786,7661,1190053,664100
3180,346,395,364428,7624,1190448,687800
3181,364,452,364067,7533,1190900,627300
3182,366,356,363694,7550,1191256,638700
3183,387,394,363321,7529,1191650,647200
3184,387,365,362935,7550,1192015,825800
3185,388,363,362545,7577,1192378,912500
3186,384,437,362174,7511,1192815,778800
3187,403,400,361745,7540,1193215,663800
3188,396,390,361373,7522,1193605,643500
3189,374,406,360979,7510,1194011,653100
3190,403,373,360585,7531,1194384,639200
3191,406,370,360180,7566,1194754,738400
3192,430,390,359749,7607,1195144,884300
3193,408,419,359341,7596,1195563,822000
3194,419,438,358915,7584,1196001,776900
3195,369,401,358548,7550,1196402,684600
3196,408,370,358135,7593,1196772,659000
3197,423,415,357720,7593,1197187,632300
3198,418,392,357301,7620,1197579,683600
3199,384,382,356926,7613,1197961,818800
3200,370,387,356543,7609,1198348,825500
3201,381,426,356155,7571,1198774,702100
3202,378,374,355796,7556,1199148,675100
3203,360,395,355413,7544,1199543,675900
3204,391,403,355026,7528,1199946,677000
3205,355,365,354685,7504,1200311,596400
3206,384,357,354283,7549,1200668,609600
3207,388,374,353901,7557,1201042,864700
3208,374,387,353553,7518,1201429,850300
3209,359,397,353185,7489,1201826,722500
3210,382,396,352802,7476,1202222,676900
3211,365,389,352421,7468,1202611,669500
3212,383,378,352053,7458,1202989,597500
3213,406,367,351652,7492,1203356,580300
3214,371,353,351276,7515,1203709,678700
3215,387,402,350887,7502,1204111,850100
3216,408,408,350478,7503,1204519,812300
3217,365,364,350104,7513,1204883,687900
3218,398,374,349713,7530,1205257,780500
3219,348,398,349348,7497,1205655,718600
3220,412,376,348959,7510,1206031,614100
3221,400,396,348561,7512,1206427,740000
3222,439,361,348129,7583,1206788,805200
3223,452,415,347687,7610,1207203,818100
3224,375,372,347282,7643,1207575,744200
3225,398,417,346893,7615,1207992,662000
3226,393,369,346495,7644,1208361,674900
3227,365,355,346128,7656,1208716,623700
3228,394,398,345734,7652,1209114,635800
3229,357,388,345368,7630,1209502,678900
3230,392,389,344993,7616,1209891,900500
3231,369,376,344614,7619,1210267,857400
3232,371,385,344243,7605,1210652,1111800
3233,395,438,343852,7558,1211090,815100
3234,358,382,343490,7538,1211472,779000
3235,391,349,343106,7573,1211821,658800
3236,337,421,342762,7496,1212242,617500
3237,371,365,342382,7511,1212607,591000
3238,384,369,341985,7539,1212976,641700
3239,368,351,341641,7532,1213327,867600
3240,375,374,341272,7527,1213701,837300
3241,401,385,340883,7531,1214086,728600
3242,417,384,340460,7570,1214470,726900
3243,359,365,340082,7583,1214835,749200
3244,395,379,339703,7583,1215214,644300
3245,397,405,339287,7594,1215619,778400
3246,442,367,338876,7638,1215986,819700
3247,366,386,338490,7638,1216372,802700
3248,383,375,338115,7638,1216747,689800
3249,395,382,337708,7663,1217129,687700
3250,403,405,337316,7650,1217534,677500
3251,370,384,336933,7649,1217918,698900
3252,379,388,336565,7629,1218306,766800
3253,391,421,336145,7628,1218727,815800
3254,415,412,335769,7592,1219139,815200
3255,382,379,335372,7610,1219518,842900
3256,388,388,334981,7613,1219906,802200
3257,423,407,334560,7627,1220313,800600
3258,375,386,334177,7624,1220699,771900
3259,405,407,333786,7608,1221106,680400
3260,432,367,333353,7674,1221473,767500
3261,403,365,332968,7694,1221838,849400
3262,398,434,332549,7679,1222272,729100
3263,381,400,332171,7657,1222672,662700
3264,395,376,331770,7682,1223048,732800
3265,383,402,331391,7659,1223450,696900
3266,410,395,330994,7661,1223845,616100
3267,372,430,330593,7632,1224275,750500
3268,361,365,330250,7610,1224640,858100
3269,404,383,329863,7614,1225023,850400
3270,363,407,329468,7602,1225430,743200
3271,351,404,329123,7543,1225834,790300
3272,369,391,328755,7520,1226225,699400
3273,370,375,328393,7507,1226600,636600
3274,394,371,327997,7532,1226971,845600
3275,383,359,327629,7541,1227330,895900
3276,364,422,327245,7503,1227752,895100
3277,401,375,326878,7495,1228127,667600
3278,355,431,326500,7442,1228558,737300
3279,378,399,326112,7431,1228957,691000
3280,351,362,325755,7426,1229319,722900
3281,375,379,325394,7408,1229698,817700
3282,372,384,325014,7404,1230082,863000
3283,354,345,324666,7407,1230427,870300
3284,358,360,324295,7418,1230787,697800
3285,390,381,323914,7418,1231168,716700
3286,351,366,323561,7405,1231534,683400
3287,388,360,323183,7423,1231894,730400
3288,355,402,322828,7376,1232296,583000
3289,353,389,322458,7357,1232685,651000
3290,329,338,322134,7343,1233023,794900
3291,352,385,321771,7321,1233408,884300
3292,349,376,321424,7292,1233784,709500
3293,362,394,321054,7268,1234178,711300
3294,373,372,320689,7261,1234550,668200
3295,354,365,320358,7227,1234915,600100
3296,357,370,319990,7225,1235285,815900
3297,346,352,319645,7218,1235637,828000
3298,356,409,319287,7167,1236046,778000
3299,355,385,318925,7144,1236431,698500
3300,363,374,318574,7121,1236805,687000
3301,390,339,318181,7175,1237144,640600
3302,361,377,317812,7167,1237521,628600
3303,325,362,317484,7133,1237883,630700
3304,311,374,317170,7073,1238257,697100
3305,364,356,316811,7076,1238613,858100
3306,360,339,316456,7092,1238952,1042300
3307,369,380,316084,7084,1239332,897800
3308,344,339,315744,7085,1239671,727100
3309,339,370,315390,7069,1240041,659900
3310,352,353,315046,7060,1240394,601000
3311,363,371,314686,7049,1240765,700900
3312,371,384,314323,7028,1241149,824500
3313,386,356,313947,7048,1241505,816000
3314,357,337,313565,7093,1241842,714900
3315,391,387,313182,7089,1242229,655100
3316,362,394,312827,7050,1242623,675400
3317,407,367,312405,7105,1242990,656400
3318,392,340,312028,7142,1243330,624400
3319,379,316,311639,7215,1243646,649400
3320,353,345,311304,7205,1243991,793000
3321,377,409,310910,7190,1244400,796300
3322,361,370,310554,7176,1244770,711600
3323,373,389,310187,7154,1245159,697100
3324,352,367,309819,7155,1245526,623800
3325,356,367,309473,7134,1245893,595300
3326,359,367,309116,7124,1246260,628700
3327,362,344,308748,7148,1246604,722900
3328,403,373,308355,7168,1246977,896300
3329,332,374,308003,7146,1247351,904100
3330,330,382,307673,7094,1247733,734000
3331,351,365,307334,7068,1248098,711100
3332,353,401,306976,7025,1248499,741500
3333,352,334,306619,7048,1248833,691500
3334,338,346,306295,7026,1249179,659700
3335,373,358,305922,7041,1249537,831800
3336,323,348,305588,7027,1249885,804800
3337,351,378,305235,7002,1250263,753000
3338,348,377,304892,6968,1250640,653600
3339,349,352,304560,6948,1250992,674500
3340,382,357,304162,6989,1251349,612200
3341,332,367,303835,6949,1251716,586200
3342,377,372,303455,6957,1252088,648800
3343,368,351,303086,6975,1252439,788100
3344,351,367,302745,6949,1252806,772700
3345,401,365,302363,6966,1253171,744900
3346,338,354,301982,6993,1253525,768600
3347,389,353,301611,7011,1253878,663500
3348,352,359,301263,7000,1254237,633700
3349,404,352,300868,7043,1254589,883900
3350,377,368,300479,7064,1254957,868800
3351,333,320,300143,7080,1255277,870200
3352,375,372,299777,7074,1255649,715200
3353,399,361,299364,7126,1256010,691500
3354,352,387,299027,7076,1256397,658500
3355,380,351,298638,7114,1256748,595100
3356,355,350,298271,7131,1257098,638100
3357,364,375,297923,7104,1257473,675900
3358,376,356,297552,7119,1257829,928300
3359,351,351,297194,7126,1258180,845200
3360,354,346,296832,7142,1258526,739200
3361,366,336,296452,7186,1258862,705900
3362,380,374,296100,7164,1259236,669400
3363,353,371,295735,7158,1259607,604600
3364,375,357,295363,7173,1259964,759800
3365,349,369,295018,7149,1260333,767600
3366,406,342,294624,7201,1260675,728500
3367,358,356,294251,7218,1261031,737500
3368,374,401,293885,7183,1261432,764400
3369,370,407,293511,7150,1261839,797900
3370,345,341,293152,7168,1262180,872400
3371,391,352,292787,7181,1262532,788800
3372,339,376,292437,7155,1262908,965900
3373,341,376,292084,7132,1263284,903800
3374,354,374,291735,7107,1263658,761600
3375,375,379,291373,7090,1264037,732600
3376,395,365,290994,7104,1264402,753600
3377,393,356,290578,7164,1264758,716600
3378,374,352,290207,7183,1265110,726900
3379,360,395,289853,7142,1265505,958900
3380,371,364,289472,7159,1265869,972500
3381,364,342,289113,7176,1266211,783700
3382,365,357,288730,7202,1266568,720300
3383,363,364,288361,7207,1266932,718500
3384,375,375,287995,7198,1267307,647900
3385,367,385,287635,7173,1267692,695400
3386,342,334,287297,7177,1268026,930000
3387,352,395,286933,7146,1268421,966800
3388,381,376,286566,7137,1268797,767200
3389,379,385,286186,7132,1269182,727200
3390,364,383,285814,7121,1269565,901900
3391,375,345,285440,7150,1269910,707500
3392,351,363,285086,7141,1270273,781200
3393,408,392,284680,7155,1270665,1053100
3394,351,360,284329,7146,1271025,840300
3395,377,409,283957,7109,1271434,747900
3396,334,352,283623,7091,1271786,685100
3397,345,377,283263,7074,1272163,691700
3398,355,366,282930,7041,1272529,666400
3399,372,339,282536,7096,1272868,690900
3400,369,398,282173,7061,1273266,924300
3401,395,358,281792,7084,1273624,897200
3402,346,342,281431,7103,1273966,706800
3403,348,393,281096,7045,1274359,740100
3404,345,336,280731,7074,1274695,659200
3405,361,391,280379,7035,1275086,606400
3406,357,342,280033,7039,1275428,742300
3407,350,375,279667,7030,1275803,876600
3408,351,381,279316,7000,1276184,1064600
3409,380,360,278965,6991,1276544,769300
3410,358,366,278589,7001,1276910,906600
3411,316,374,278270,6946,1277284,706600
3412,364,373,277913,6930,1277657,640100
3413,338,343,277574,6926,1278000,671300
3414,354,343,277213,6944,1278343,902000
3415,334,353,276877,6927,1278696,851800
3416,357,387,276525,6892,1279083,731700
3417,320,361,276189,6867,1279444,705100
3418,375,334,275831,6891,1279778,824600
3419,359,337,275466,6919,1280115,629900
3420,330,358,275134,6893,1280473,700400
3421,389,352,274768,6907,1280825,920300
3422,333,363,274421,6891,1281188,925900
3423,325,327,274082,6903,1281515,736000
3424,362,362,273722,6901,1281877,746600
3425,381,361,273344,6918,1282238,710800
3426,384,371,272974,6917,1282609,610400
3427,366,351,272607,6933,1282960,882800
3428,368,370,272230,6940,1283330,929600
3429,338,379,271898,6893,1283709,936800
3430,353,372,271537,6882,1284081,872600
3431,372,361,271168,6890,1284442,658600
3432,362,329,270806,6923,1284771,668500
3433,395,351,270423,6955,1285122,659600
3434,362,351,270046,6981,1285473,722300
3435,369,374,269688,6965,1285847,892800
3436,343,345,269335,6973,1286192,799200
3437,358,374,268973,6961,1286566,715400
3438,372,317,268605,7012,1286883,714300
3439,368,391,268235,6991,1287274,728200
3440,379,363,267874,6989,1287637,628800
3441,356,354,267494,7015,1287991,590600
3442,371,380,267128,7001,1288371,670100
3443,374,355,266759,7015,1288726,823800
3444,397,367,266356,7051,1289093,829700
3445,410,380,265957,7070,1289473,780000
3446,391,405,265561,7061,1289878,739700
3447,403,400,265172,7050,1290278,678700
3448,382,384,264788,7050,1290662,615000
3449,386,372,264397,7069,1291034,853700
3450,355,330,264043,7093,1291364,913900
3451,403,337,263640,7159,1291701,1006000
3452,356,353,263265,7181,1292054,756100
3453,350,348,262933,7165,1292402,702000
3454,376,364,262544,7190,1292766,686400
3455,350,375,262205,7154,1293141,622600
3456,370,353,261836,7170,1293494,758200
3457,370,361,261473,7172,1293855,828100
3458,379,366,261090,7189,1294221,795200
3459,330,366,260742,7171,1294587,703800
3460,384,387,260376,7150,1294974,676600
3461,381,380,260015,7131,1295354,663300
3462,388,381,259597,7168,1295735,655700
3463,382,356,259222,7187,1296091,609400
3464,383,374,258836,7199,1296465,648500
3465,378,405,258463,7167,1296870,821400
3466,335,375,258129,7126,1297245,797100
3467,346,379,257775,7101,1297624,710200
3468,338,391,257436,7049,1298015,690600
3469,364,346,257085,7054,1298361,642700
3470,318,346,256748,7045,1298707,669200
3471,390,372,256387,7034,1299079,601400
3472,368,371,255992,7058,1299450,698200
3473,350,374,255648,7028,1299824,890400
3474,352,355,255305,7016,1300179,910100
3475,374,353,254931,7037,1300532,719000
3476,334,344,254579,7045,1300876,707800
3477,365,350,254220,7054,1301226,708400
3478,389,372,253842,7060,1301598,620600
3479,358,327,253483,7092,1301925,748400
3480,341,377,253132,7066,1302302,847700
3481,360,355,252790,7053,1302657,804100
3482,338,343,252445,7055,1303000,691200
3483,401,339,252045,7116,1303339,674400
3484,367,375,251666,7120,1303714,643200
3485,352,374,251306,7106,1304088,630400
3486,367,371,250957,7084,1304459,574500
3487,374,356,250583,7102,1304815,663600
3488,393,353,250194,7138,1305168,822700
3489,390,356,249805,7171,1305524,835700
3490,369,395,249437,7144,1305919,767800
3491,355,415,249077,7089,1306334,684800
3492,391,362,248687,7117,1306696,662700
3493,358,369,248329,7106,1307065,685200
3494,360,340,247979,7116,1307405,637100
3495,349,368,247607,7120,1307773,681000
3496,348,409,247277,7041,1308182,879500
3497,364,353,246897,7068,1308535,758000
3498,326,369,246571,7025,1308904,676800
3499,356,350,246226,7020,1309254,653700
3500,320,394,245887,6965,1309648,653200
3501,329,330,245569,6953,1309978,617500
3502,337,389,245220,6913,1310367,610400
3503,338,379,244892,6862,1310746,748100
3504,354,354,244539,6861,1311100,873600
3505,383,350,244176,6874,1311450,755000
3506,328,353,243817,6880,1311803,688900
3507,344,365,243484,6848,1312168,652200
3508,323,348,243159,6825,1312516,666100
3509,359,352,242799,6833,1312868,586700
3510,356,349,242450,6833,1313217,783200
3511,319,375,242133,6775,1313592,844700
3512,328,343,241811,6754,1313935,908800
3513,329,388,241467,6710,1314323,699600
3514,331,330,241133,6714,1314653,751500
3515,332,366,240819,6662,1315019,655600
3516,341,328,240463,6690,1315347,640300
3517,360,319,240099,6735,1315666,642500
3518,363,351,239744,6739,1316017,709500
3519,355,365,239375,6743,1316382,844300
3520,326,367,239061,6690,1316749,765900
3521,364,346,238694,6711,1317095,750800
3522,362,336,238347,6722,1317431,699800
3523,320,358,238010,6701,1317789,676900
3524,350,352,237659,6700,1318141,597100
3525,317,339,237332,6688,1318480,815000
3526,341,299,237001,6720,1318779,830300
3527,350,343,236661,6717,1319122,807400
3528,333,339,236321,6718,1319461,700700
3529,342,320,235984,6735,1319781,640700
3530,333,364,235645,6710,1320145,672500
3531,329,357,235305,6693,1320502,672100
3532,348,363,234971,6664,1320865,612800
3533,344,341,234633,6661,1321206,619800
3534,295,332,234327,6635,1321538,847300
3535,338,341,234000,6621,1321879,917100
3536,339,321,233666,6634,1322200,826800
3537,331,319,233317,6664,1322519,780700
3538,312,332,232992,6657,1322851,647300
3539,360,347,232661,6641,1323198,671600
3540,309,342,232330,6630,1323540,741000
3541,371,309,231990,6661,1323849,856700
3542,323,361,231665,6625,1324210,787600
3543,332,375,231329,6586,1324585,663200
3544,359,323,230954,6638,1324908,673000
3545,343,343,230609,6640,1325251,644900
3546,336,325,230269,6655,1325576,639100
3547,315,328,229966,6630,1325904,593700
3548,320,342,229632,6622,1326246,594800
3549,340,360,229290,6604,1326606,806500
3550,343,382,228969,6543,1326988,745400
3551,296,326,228658,6528,1327314,738500
3552,319,361,228332,6493,1327675,709100
3553,316,353,228022,6450,1328028,675800
3554,321,330,227696,6446,1328358,685700
3555,308,306,227403,6433,1328664,626300
3556,314,324,227080,6432,1328988,639700
3557,348,323,226733,6456,1329311,886300
3558,317,321,226423,6445,1329632,836500
3559,323,331,226091,6446,1329963,748100
3560,338,341,225754,6442,1330304,724700
3561,312,321,225433,6442,1330625,659400
3562,317,311,225114,6450,1330936,619000
3563,339,330,224793,6441,1331266,618200
3564,290,336,224497,6401,1331602,691900
3565,328,317,224159,6422,1331919,929700
3566,333,326,223827,6428,1332245,801400
3567,308,312,223511,6432,1332557,662700
3568,321,327,223211,6405,1332884,710100
3569,323,340,222876,6400,1333224,664100
3570,324,371,222566,6339,1333595,663500
3571,347,341,222222,6342,1333936,681500
3572,325,313,221883,6368,1334249,911500
3573,308,331,221594,6326,1334580,821800
3574,361,316,221221,6383,1334896,763600
3575,324,330,220910,6364,1335226,661800
3576,360,365,220545,6364,1335591,625700
3577,339,324,220210,6375,1335915,654400
3578,350,316,219851,6418,1336231,619300
3579,326,346,219518,6405,1336577,627400
3580,363,324,219170,6429,1336901,835600
3581,303,320,218859,6420,1337221,854000
3582,310,336,218540,6403,1337557,770300
3583,304,330,218253,6360,1337887,678600
3584,327,351,217932,6330,1338238,666500
3585,325,335,217572,6355,1338573,566500
3586,328,354,217249,6324,1338927,865400
3587,304,326,216957,6290,1339253,826500
3588,355,320,216608,6319,1339573,802100
3589,334,339,216276,6312,1339912,740300
3590,322,317,215958,6313,1340229,647400
3591,330,321,215628,6322,1340550,674600
3592,325,341,215286,6323,1340891,652800
3593,340,342,214966,6301,1341233,589500
3594,280,345,214663,6259,1341578,654000
3595,317,323,214353,6246,1341901,800800
3596,326,321,214027,6251,1342222,852800
3597,313,318,213711,6249,1342540,710500
3598,321,333,213385,6242,1342873,639500
3599,310,338,213076,6213,1343211,701400
3600,366,317,212722,6250,1343528,685600
3601,326,331,212391,6250,1343859,695300
3602,287,355,212104,6182,1344214,689900
3603,329,289,211779,6218,1344503,860500
3604,332,306,211456,6235,1344809,801000
3605,318,303,211120,6268,1345112,725000
3606,341,340,210781,6267,1345452,686100
3607,322,337,210455,6256,1345789,655300
3608,320,328,210154,6229,1346117,624900
3609,313,308,209818,6257,1346425,806200
3610,302,312,209531,6232,1346737,839500
3611,314,321,209221,6221,1347058,999400
3612,310,295,208902,6245,1347353,728700
3613,332,356,208571,6220,1347709,695400
3614,322,326,208244,6221,1348035,683900
3615,300,317,207941,6207,1348352,644600
3616,322,353,207636,6159,1348705,610600
3617,313,338,207330,6127,1349043,666500
3618,315,340,206998,6119,1349383,785400
3619,333,310,206663,6144,1349693,744700
3620,301,303,206358,6146,1349996,731200
3621,312,312,206062,6130,1350308,650400
3622,307,303,205744,6145,1350611,651500
3623,312,323,205420,6146,1350934,645900
3624,328,312,205112,6142,1351246,879800
3625,338,331,204781,6142,1351577,837400
3626,293,308,204452,6163,1351885,784700
3627,295,312,204168,6135,1352197,845400
3628,290,288,203901,6114,1352485,776700
3629,317,325,203588,6102,1352810,727000
3630,301,270,203281,6139,1353080,669800
3631,308,290,202962,6168,1353370,817200
3632,307,328,202655,6147,1353698,955100
3633,323,342,202342,6118,1354040,844400
3634,296,309,202036,6115,1354349,713400
3635,311,329,201728,6094,1354678,692300
3636,305,281,201427,6114,1354959,693100
3637,335,317,201098,6126,1355276,700100
3638,320,286,200776,6162,1355562,644300
3639,318,311,200459,6168,1355873,766200
3640,314,331,200135,6161,1356204,947000
3641,339,347,199801,6148,1356551,836200
3642,293,297,199502,6150,1356848,757800
3643,320,343,199183,6126,1357191,713300
3644,308,325,198896,6088,1357516,737200
3645,324,321,198554,6109,1357837,691900
3646,327,320,198228,6115,1358157,807200
3647,288,299,197925,6119,1358456,1011600
3648,335,323,197609,6112,1358779,747500
3649,292,302,197300,6119,1359081,704600
3650,303,316,197012,6091,1359397,679600
3651,313,335,196695,6073,1359732,673500
3652,295,334,196387,6047,1360066,663800
3653,304,298,196098,6038,1360364,727500
3654,325,332,195777,6027,1360696,892000
3655,307,323,195445,6036,1361019,882700
3656,319,320,195139,6022,1361339,743500
3657,313,319,194814,6028,1361658,768000
3658,359,327,194483,6032,1361985,660600
3659,292,322,194167,6026,1362307,627700
3660,318,317,193860,6016,1362624,772800
3661,297,308,193561,6007,1362932,919000
3662,298,324,193267,5977,1363256,903800
3663,326,299,192944,6001,1363555,737700
3664,331,317,192630,5998,1363872,699200
3665,302,330,192305,5993,1364202,711200
3666,345,260,191981,6057,1364462,649000
3667,302,322,191654,6062,1364784,861700
3668,316,301,191346,6069,1365085,907400
3669,296,362,191036,6017,1365447,851500
3670,293,311,190754,5988,1365758,722600
3671,300,329,190451,5962,1366087,708000
3672,296,270,190152,5991,1366357,683100
3673,288,326,189866,5951,1366683,692200
3674,290,321,189583,5913,1367004,667200
3675,247,304,189324,5868,1367308,735000
3676,307,299,189017,5876,1367607,886100
3677,284,283,188747,5863,1367890,884000
3678,305,330,188436,5844,1368220,821300
3679,240,317,188175,5788,1368537,766700
3680,287,316,187910,5737,1368853,861400
3681,291,305,187620,5722,1369158,841500
3682,294,288,187319,5735,1369446,781800
3683,309,299,187006,5749,1369745,1002000
3684,313,338,186699,5718,1370083,852500
3685,279,313,186421,5683,1370396,761000
3686,291,288,186126,5690,1370684,718600
3687,272,267,185845,5704,1370951,654900
3688,287,267,185562,5720,1371218,677500
3689,296,298,185263,5721,1371516,983700
3690,292,288,184988,5708,1371804,923500
3691,301,300,184683,5713,1372104,720400
3692,314,321,184372,5703,1372425,697500
3693,292,287,184064,5724,1372712,661400
3694,297,310,183788,5690,1373022,626500
3695,265,288,183505,5685,1373310,796900
3696,295,289,183228,5673,1373599,879700
3697,314,319,182911,5671,1373918,834300
3698,277,299,182617,5666,1374217,741700
3699,265,278,182359,5646,1374495,702600
3700,270,278,182094,5633,1374773,669300
3701,271,295,181815,5617,1375068,764400
3702,288,283,181522,5627,1375351,640500
3703,283,276,181246,5627,1375627,789400
3704,276,269,180958,5646,1375896,870000
3705,304,318,180671,5615,1376214,808000
3706,282,283,180382,5621,1376497,723400
3707,308,315,180080,5608,1376812,695600
3708,333,266,179763,5659,1377078,683400
3709,279,260,179470,5692,1377338,631300
3710,309,286,179173,5703,1377624,656500
3711,270,299,178881,5696,1377923,904100
3712,293,280,178591,5706,1378203,838300
3713,322,298,178285,5714,1378501,782200
3714,315,298,177966,5735,1378799,742800
3715,301,271,177669,5761,1379070,691900
3716,273,288,177382,5760,1379358,717500
3717,277,299,177102,5741,1379657,789600
3718,299,289,176799,5755,1379946,922000
3719,296,327,176510,5717,1380273,1018900
3720,296,288,176211,5728,1380561,769300
3721,296,259,175930,5750,1380820,705900
3722,299,302,175636,5742,1381122,745500
3723,297,299,175325,5754,1381421,635700
3724,300,290,175028,5761,1381711,674000
3725,288,260,174730,5799,1381971,912100
3726,286,299,174447,5783,1382270,847200
3727,301,299,174151,5780,1382569,735600
3728,300,293,173840,5798,1382862,726500
3729,295,288,173554,5796,1383150,697600
3730,316,308,173253,5789,1383458,681000
3731,288,256,172944,5842,1383714,887400
3732,298,292,172648,5846,1384006,872000
3733,296,311,172344,5839,1384317,862500
3734,326,280,172031,5872,1384597,778900
3735,273,306,171748,5849,1384903,695000
3736,309,303,171442,5852,1385206,647700
3737,301,283,171160,5851,1385489,607700
3738,261,280,170885,5846,1385769,597300
3739,292,262,170602,5867,1386031,684400
3740,279,275,170321,5873,1386306,904500
3741,275,321,170034,5839,1386627,931300
3742,269,290,169763,5820,1386917,717000
3743,269,308,169484,5791,1387225,724300
3744,250,312,169242,5721,1387537,658400
3745,295,301,168955,5707,1387838,596600
3746,299,303,168668,5691,1388141,729700
3747,299,281,168367,5711,1388422,814000
3748,270,328,168086,5664,1388750,844400
3749,275,291,167819,5640,1389041,741300
3750,289,287,167520,5652,1389328,703100
3751,251,307,167265,5600,1389635,638600
3752,287,313,166995,5557,1389948,685600
3753,273,291,166701,5560,1390239,594400
3754,262,295,166454,5512,1390534,640500
3755,270,298,166184,5484,1390832,828300
3756,287,267,165900,5501,1391099,882000
3757,253,286,165637,5478,1391385,705300
3758,276,294,165361,5460,1391679,715900
3759,254,259,165088,5474,1391938,657800
3760,279,293,164813,5456,1392231,592300
3761,284,284,164540,5445,1392515,646900
3762,257,280,164279,5426,1392795,735200
3763,273,266,164015,5424,1393061,818700
3764,310,276,163707,5456,1393337,739300
3765,282,247,163428,5488,1393584,641600
3766,259,281,163164,5471,1393865,655000
3767,305,275,162874,5486,1394140,649900
3768,302,281,162574,5505,1394421,620900
3769,261,304,162304,5471,1394725,590600
3770,277,308,162028,5439,1395033,708900
3771,262,275,161751,5441,1395308,820300
3772,261,255,161513,5424,1395563,778900
3773,250,284,161251,5402,1395847,653300
3774,285,271,160967,5415,1396118,642900
3775,266,305,160694,5383,1396423,650400
3776,265,302,160428,5347,1396725,611100
3777,253,260,160155,5360,1396985,602000
3778,270,265,159914,5336,1397250,676400
3779,265,290,159644,5316,1397540,799300
3780,257,285,159377,5298,1397825,814000
3781,255,271,159125,5279,1398096,644400
3782,266,245,158866,5293,1398341,673500
3783,227,261,158629,5269,1398602,682200
3784,273,265,158359,5274,1398867,643700
3785,238,299,158122,5212,1399166,885600
3786,228,271,157895,5168,1399437,851500
3787,277,265,157618,5180,1399702,796700
3788,271,278,157357,5163,1399980,711200
3789,256,262,157092,5166,1400242,674900
3790,239,269,156855,5134,1400511,702000
3791,270,259,156585,5145,1400770,659700
3792,271,259,156318,5153,1401029,622400
3793,295,271,156045,5155,1401300,671400
3794,256,262,155758,5180,1401562,860500
3795,265,262,155504,5172,1401824,789000
3796,250,271,155238,5167,1402095,669400
3797,254,261,155012,5132,1402356,691200
3798,262,260,154730,5154,1402616,686200
3799,259,275,154474,5135,1402891,583400
3800,238,263,154225,5121,1403154,554900
3801,269,236,153972,5138,1403390,611900
3802,270,277,153707,5126,1403667,824200
3803,268,267,153439,5127,1403934,783100
3804,243,262,153173,5131,1404196,694700
3805,239,262,152959,5083,1404458,768400
3806,252,246,152701,5095,1404704,676000
3807,245,263,152447,5086,1404967,658700
3808,248,254,152187,5092,1405221,613000
3809,278,279,151934,5066,1405500,682400
3810,263,258,151662,5080,1405758,812700
3811,240,267,151422,5053,1406025,785800
3812,211,267,151195,5013,1406292,709800
3813,238,291,150966,4951,1406583,763700
3814,275,269,150688,4960,1406852,740500
3815,263,274,150434,4940,1407126,660700
3816,288,258,150144,4972,1407384,630400
3817,239,272,149905,4939,1407656,755500
3818,235,237,149654,4953,1407893,760400
3819,207,248,149447,4912,1408141,772600
3820,251,257,149210,4892,1408398,694800
3821,247,264,148962,4876,1408662,657900
3822,247,261,148722,4855,1408923,717600
3823,259,253,148468,4856,1409176,678700
3824,257,215,148202,4907,1409391,794700
3825,284,274,147936,4899,1409665,737100
3826,247,282,147667,4886,1409947,853400
3827,242,243,147409,4901,1410190,936700
3828,243,262,147190,4858,1410452,777800
3829,233,254,146943,4851,1410706,704800
3830,276,227,146692,4875,1410933,628000
3831,269,273,146419,4875,1411206,694600
3832,251,254,146161,4879,1411460,802800
3833,264,220,145884,4936,1411680,764200
3834,248,234,145643,4943,1411914,680300
3835,222,234,145408,4944,1412148,665500
3836,263,267,145156,4929,1412415,636700
3837,238,260,144916,4909,1412675,575200
3838,243,246,144662,4917,1412921,590600
3839,252,247,144425,4907,1413168,635700
3840,281,277,144147,4908,1413445,824900
3841,239,272,143897,4886,1413717,782300
3842,267,240,143634,4909,1413957,764400
3843,264,262,143387,4894,1414219,670000
3844,241,240,143126,4915,1414459,639700
3845,272,264,142866,4911,1414723,641100
3846,282,226,142576,4975,1414949,687700
3847,239,250,142335,4966,1415199,646000
3848,244,273,142106,4922,1415472,830800
3849,223,245,141858,4925,1415717,911800
3850,234,250,141635,4898,1415967,776400
3851,241,229,141401,4903,1416196,691200
3852,257,244,141142,4918,1416440,657900
3853,259,260,140873,4927,1416700,680100
3854,241,255,140644,4901,1416955,656300
3855,250,277,140389,4879,1417232,771900
3856,229,276,140154,4838,1417508,878000
3857,231,274,139931,4787,1417782,814500
3858,265,256,139665,4797,1418038,665600
3859,258,230,139418,4814,1418268,668700
3860,233,263,139170,4799,1418531,628500
3861,267,260,138910,4799,1418791,654900
3862,239,260,138670,4779,1419051,680500
3863,262,235,138422,4792,1419286,820200
3864,214,259,138187,4768,1419545,990100
3865,256,234,137942,4779,1419779,736900
3866,210,254,137714,4753,1420033,668300
3867,211,246,137519,4702,1420279,646100
3868,247,245,137262,4714,1420524,639200
3869,233,237,137028,4711,1420761,918600
3870,219,220,136793,4726,1420981,803800
3871,218,239,136600,4680,1421220,890800
3872,215,274,136379,4627,1421494,811600
3873,214,247,136154,4605,1421741,610300
3874,233,227,135920,4612,1421968,718100
3875,220,233,135708,4591,1422201,624700
3876,194,245,135510,4544,1422446,599600
3877,227,222,135291,4541,1422668,688900
3878,219,225,135065,4542,1422893,626500
3879,235,227,134826,4554,1423120,603200
3880,217,232,134616,4532,1423352,602900
3881,208,267,134407,4474,1423619,601200
3882,223,222,134184,4475,1423841,631100
3883,226,235,133962,4462,1424076,656300
3884,223,212,133748,4464,1424288,664500
3885,251,243,133498,4471,1424531,660300
3886,225,220,133258,4491,1424751,626300
3887,196,210,133058,4481,1424961,607700
3888,209,206,132859,4474,1425167,646000
3889,208,235,132639,4459,1425402,718400
3890,208,207,132441,4450,1425609,747300
3891,209,235,132225,4431,1425844,713800
3892,211,221,132015,4420,1426065,653900
3893,220,233,131791,4411,1426298,687900
3894,249,228,131573,4401,1426526,645100
3895,206,223,131342,4409,1426749,614300
3896,227,223,131129,4399,1426972,670900
3897,226,225,130894,4409,1427197,657400
3898,196,205,130687,4411,1427402,618200
3899,210,218,130476,4404,1427620,573500
3900,264,244,130242,4394,1427864,584300
3901,208,212,130010,4414,1428076,567500
3902,213,225,129789,4410,1428301,633200
3903,213,221,129589,4389,1428522,626500
3904,243,215,129353,4410,1428737,598700
3905,186,228,129140,4395,1428965,616800
3906,208,236,128954,4345,1429201,628100
3907,172,215,128766,4318,1429416,604500
3908,207,206,128557,4321,1429622,602400
3909,204,210,128351,4317,1429832,630100
3910,186,209,128178,4281,1430041,608200
3911,190,202,127982,4275,1430243,632300
3912,213,236,127776,4245,1430479,632700
3913,208,210,127567,4244,1430689,657000
3914,218,222,127347,4242,1430911,594600
3915,199,220,127151,4218,1431131,637700
3916,207,225,126949,4195,1431356,649400
3917,211,228,126728,4188,1431584,628300
3918,179,208,126544,4164,1431792,751700
3919,188,219,126359,4130,1432011,655500
3920,211,214,126155,4120,1432225,716500
3921,195,217,125947,4111,1432442,636800
3922,188,233,125763,4062,1432675,630100
3923,183,211,125583,4031,1432886,639000
3924,193,214,125393,4007,1433100,583100
3925,202,231,125188,3981,1433331,611900
3926,166,223,125010,3936,1433554,622600
3927,202,206,124826,3914,1433760,643500
3928,198,207,124617,3916,1433967,630400
3929,193,218,124441,3874,1434185,628800
3930,172,178,124251,3886,1434363,617600
3931,171,207,124077,3853,1434570,628700
3932,177,185,123901,3844,1434755,594100
3933,164,178,123730,3837,1434933,628200
3934,159,188,123586,3793,1435121,621000
3935,186,186,123400,3793,1435307,622300
3936,200,212,123200,3781,1435519,626700
3937,198,223,123008,3750,1435742,732700
3938,192,185,122812,3761,1435927,708700
3939,202,179,122613,3781,1436106,665100
3940,178,185,122432,3777,1436291,679500
3941,195,185,122238,3786,1436476,700900
3942,209,220,122031,3773,1436696,714100
3943,182,207,121842,3755,1436903,779200
3944,165,207,121679,3711,1437110,711300
3945,179,206,121505,3679,1437316,885300
3946,182,175,121305,3704,1437491,784600
3947,201,190,121108,3711,1437681,697300
3948,177,187,120938,3694,1437868,644800
3949,219,179,120723,3730,1438047,688300
3950,235,200,120495,3758,1438247,643600
3951,214,178,120266,3809,1438425,635900
3952,191,204,120084,3787,1438629,805100
3953,195,195,119882,3794,1438824,821900
3954,210,218,119679,3779,1439042,747400
3955,190,196,119476,3786,1439238,698200
3956,188,187,119302,3773,1439425,735300
3957,178,207,119113,3755,1439632,792200
3958,213,192,118904,3772,1439824,705500
3959,187,214,118717,3745,1440038,691300
3960,186,200,118529,3733,1440238,692900
3961,197,203,118337,3722,1440441,731800
3962,206,196,118126,3737,1440637,802700
3963,186,192,117944,3727,1440829,823100
3964,176,197,117764,3710,1441026,737500
3965,172,173,117581,3720,1441199,732000
3966,180,197,117416,3688,1441396,724000
3967,194,186,117234,3684,1441582,3044000
3968,191,184,117036,3698,1441766,2291200
3969,173,181,116859,3694,1441947,2056100
3970,169,180,116684,3689,1442127,1668500
3971,171,194,116515,3664,1442321,1979300
3972,179,190,116344,3645,1442511,2417900
3973,176,176,116153,3660,1442687,1962800
3974,148,177,116001,3635,1442864,1989300
3975,162,202,115841,3593,1443066,2180100
3976,171,200,115691,3543,1443266,1043700
3977,174,216,115505,3513,1443482,1456000
3978,195,161,115319,3538,1443643,1194000
3979,175,184,115135,3538,1443827,961500
3980,180,170,114956,3547,1443997,892500
3981,178,176,114783,3544,1444173,820300
3982,170,191,114611,3525,1444364,696400
3983,158,175,114434,3527,1444539,616500
3984,151,194,114289,3478,1444733,947400
3985,182,182,114124,3461,1444915,796200
3986,175,163,113950,3472,1445078,863100
3987,170,181,113783,3458,1445259,776100
3988,164,176,113601,3464,1445435,646300
3989,168,180,113435,3450,1445615,616200
3990,170,192,113265,3428,1445807,626000
3991,167,195,113105,3393,1446002,664700
3992,164,174,112936,3388,1446176,660600
3993,161,174,112776,3374,1446350,649400
3994,175,172,112596,3382,1446522,637300
3995,174,161,112425,3392,1446683,675200
3996,165,185,112267,3365,1446868,671400
3997,202,187,112061,3384,1447055,1327300
3998,183,188,111886,3371,1447243,1296700
3999,154,178,111726,3353,1447421,1345300
4000,182,164,111543,3372,1447585,960300
4001,165,174,111372,3369,1447759,953500
4002,185,156,111189,3396,1447915,836300
4003,165,163,111033,3389,1448078,769200
4004,175,170,110849,3403,1448248,833500
4005,177,191,110673,3388,1448439,838400
4006,165,168,110514,3379,1448607,797700
4007,181,155,110335,3403,1448762,685100
4008,184,162,110139,3437,1448924,771900
4009,199,173,109959,3444,1449097,704700
4010,181,170,109763,3470,1449267,663900
4011,180,180,109585,3468,1449447,664000
4012,174,161,109407,3485,1449608,702500
4013,167,184,109238,3470,1449792,691600
4014,161,177,109082,3449,1449969,826300
4015,167,142,108913,3476,1450111,731300
4016,160,183,108755,3451,1450294,673600
4017,160,206,108593,3407,1450500,708500
4018,161,198,108430,3372,1450698,715100
4019,155,171,108270,3361,1450869,767000
4020,151,178,108130,3323,1451047,782900
4021,139,193,107987,3273,1451240,721700
4022,143,166,107848,3246,1451406,691900
4023,176,149,107666,3279,1451555,660700
4024,130,195,107528,3222,1451750,682900
4025,148,145,107385,3220,1451895,823500
4026,131,156,107253,3196,1452051,700200
4027,151,178,107102,3169,1452229,804700
4028,146,169,106950,3152,1452398,750600
4029,145,157,106818,3127,1452555,651600
4030,138,166,106679,3100,1452721,691300
4031,140,156,106536,3087,1452877,656000
4032,148,158,106390,3075,1453035,738600
4033,155,157,106236,3072,1453192,744300
4034,137,175,106095,3038,1453367,849200
4035,114,151,105969,3013,1453518,733500
4036,139,156,105842,2984,1453674,772800
4037,159,143,105690,2993,1453817,791000
4038,149,134,105537,3012,1453951,654200
4039,130,152,105397,3000,1454103,652700
4040,133,165,105270,2962,1454268,592200
4041,148,152,105124,2956,1454420,595300
4042,134,149,104981,2950,1454569,738500
4043,129,174,104853,2904,1454743,823800
4044,138,152,104720,2885,1454895,825600
4045,160,131,104566,2908,1455026,771700
4046,148,154,104414,2906,1455180,662000
4047,148,173,104261,2886,1455353,622200
4048,158,147,104112,2888,1455500,644400
4049,156,155,103953,2892,1455655,643200
4050,140,152,103814,2879,1455807,647400
4051,127,158,103680,2855,1455965,648700
4052,121,140,103557,2838,1456105,693100
4053,126,132,103432,2831,1456237,758800
4054,138,137,103301,2825,1456374,686900
4055,137,131,103159,2836,1456505,627400
4056,151,173,103015,2807,1456678,663100
4057,152,146,102860,2816,1456824,613000
4058,133,135,102720,2821,1456959,664600
4059,122,133,102605,2803,1457092,805500
4060,136,115,102463,2830,1457207,758500
4061,136,128,102323,2842,1457335,729800
4062,140,137,102203,2825,1457472,713300
4063,145,137,102040,2851,1457609,629500
4064,134,138,101909,2844,1457747,563400
4065,123,161,101783,2809,1457908,531000
4066,136,156,101652,2784,1458064,675200
4067,145,141,101507,2788,1458205,773900
4068,136,145,101374,2776,1458350,826300
4069,140,119,101235,2796,1458469,780900
4070,142,152,101094,2785,1458621,731300
4071,166,137,100934,2808,1458758,682400
4072,139,113,100777,2852,1458871,665700
4073,154,159,100632,2838,1459030,622600
4074,141,173,100496,2801,1459203,610800
4075,134,155,100357,2785,1459358,799400
4076,140,129,100215,2798,1459487,755300
4077,148,119,100080,2814,1459606,764100
4078,128,162,99935,2797,1459768,667200
4079,148,143,99802,2787,1459911,633200
4080,145,152,99647,2790,1460063,923700
4081,128,156,99521,2760,1460219,686200
4082,138,158,99383,2740,1460377,790000
4083,128,127,99251,2745,1460504,798600
4084,129,131,99124,2741,1460635,737000
4085,132,132,98998,2735,1460767,638900
4086,136,143,98860,2730,1460910,652400
4087,130,110,98726,2754,1461020,587000
4088,157,124,98573,2783,1461144,576000
4089,105,145,98454,2757,1461289,732900
4090,134,146,98331,2734,1461435,844000
4091,114,129,98207,2729,1461564,764100
4092,126,141,98086,2709,1461705,699300
4093,131,143,97954,2698,1461848,641600
4094,136,135,97821,2696,1461983,623300
4095,118,126,97708,2683,1462109,612600
4096,135,155,97573,2663,1462264,551300
4097,140,136,97425,2675,1462400,705100
4098,118,120,97311,2669,1462520,835500
4099,107,149,97199,2632,1462669,790000
4100,136,137,97067,2627,1462806,643900
4101,119,130,96945,2619,1462936,616500
4102,132,133,96822,2609,1463069,600300
4103,132,137,96681,2613,1463206,608600
4104,143,125,96548,2621,1463331,582400
4105,145,129,96417,2623,1463460,531500
4106,140,123,96257,2660,1463583,629100
4107,138,144,96121,2652,1463727,789400
4108,142,128,95981,2664,1463855,754800
4109,148,127,95835,2683,1463982,632100
4110,152,135,95677,2706,1464117,620900
4111,156,155,95540,2688,1464272,591100
4112,121,129,95404,2695,1464401,625400
4113,130,154,95278,2667,1464555,633000
4114,137,146,95131,2668,1464701,627600
4115,116,160,95013,2626,1464861,793200
4116,125,146,94890,2603,1465007,766700
4117,130,146,94771,2576,1465153,673200
4118,124,130,94630,2587,1465283,623000
4119,126,116,94503,2598,1465399,631900
4120,140,146,94376,2579,1465545,603800
4121,104,153,94262,2540,1465698,552000
4122,130,136,94144,2522,1465834,745900
4123,111,132,94024,2510,1465966,765700
4124,124,119,93902,2513,1466085,765900
4125,111,127,93796,2492,1466212,661100
4126,101,120,93686,2482,1466332,640900
4127,132,137,93558,2473,1466469,587600
4128,114,125,93439,2467,1466594,627600
4129,119,143,93329,2434,1466737,586100
4130,120,111,93202,2450,1466848,571700
4131,138,138,93073,2441,1466986,658400
4132,125,131,92951,2432,1467117,794200
4133,115,108,92828,2447,1467225,774100
4134,117,108,92717,2450,1467333,641900
4135,128,124,92583,2460,1467457,651600
4136,106,150,92473,2420,1467607,642800
4137,89,109,92380,2404,1467716,616200
4138,121,115,92262,2407,1467831,544000
4139,137,126,92123,2420,1467957,578600
4140,97,124,92023,2396,1468081,782200
4141,132,124,91906,2389,1468205,730000
4142,115,124,91782,2389,1468329,692700
4143,125,116,91664,2391,1468445,677700
4144,121,128,91544,2383,1468573,620600
4145,133,104,91414,2409,1468677,615000
4146,135,130,91266,2427,1468807,637300
4147,132,131,91136,2426,1468938,645600
4148,129,101,91017,2444,1469039,769600
4149,140,144,90869,2448,1469183,764600
4150,124,125,90739,2453,1469308,641000
4151,141,145,90603,2444,1469453,643200
4152,125,117,90486,2444,1469570,625600
4153,132,99,90354,2477,1469669,581500
4154,147,115,90204,2512,1469784,608500
4155,141,115,90058,2543,1469899,546900
4156,137,145,89931,2525,1470044,656600
4157,142,117,89777,2562,1470161,819200
4158,124,134,89659,2546,1470295,784000
4159,128,122,89536,2547,1470417,728000
4160,139,145,89398,2540,1470562,699500
4161,125,120,89261,2557,1470682,627000
4162,126,128,89134,2556,1470810,608500
4163,110,135,89020,2535,1470945,559000
4164,126,125,88904,2526,1471070,630800
4165,102,121,88798,2511,1471191,785000
4166,129,116,88670,2523,1471307,759100
4167,125,136,88553,2504,1471443,638000
4168,99,132,88439,2486,1471575,611400
4169,135,129,88309,2487,1471704,635200
4170,105,133,88199,2464,1471837,616900
4171,116,116,88088,2459,1471953,564900
4172,110,160,87976,2411,1472113,594200
4173,135,114,87857,2416,1472227,823500
4174,110,131,87735,2407,1472358,788100
4175,120,116,87619,2407,1472474,657300
4176,99,116,87513,2397,1472590,626900
4177,125,145,87392,2373,1472735,599700
4178,111,124,87281,2360,1472859,565900
4179,121,119,87162,2360,1472978,612600
4180,132,119,87034,2369,1473097,752900
4181,132,110,86902,2391,1473207,815000
4182,121,122,86780,2391,1473329,761100
4183,123,137,86657,2377,1473466,741300
4184,148,120,86512,2402,1473586,722700
4185,118,134,86381,2399,1473720,628400
4186,134,126,86251,2403,1473846,624800
4187,104,114,86139,2401,1473960,578200
4188,158,112,85998,2430,1474072,559600
4189,105,125,85890,2413,1474197,713400
4190,112,123,85770,2410,1474320,776000
4191,127,128,85645,2407,1474448,696300
4192,137,117,85517,2418,1474565,629700
4193,106,141,85399,2395,1474706,635700
4194,125,137,85281,2376,1474843,622500
4195,129,139,85151,2367,1474982,605300
4196,123,118,85032,2368,1475100,556800
4197,111,129,84918,2353,1475229,660200
4198,125,127,84780,2364,1475356,798300
4199,110,119,84672,2353,1475475,751300
4200,109,104,84566,2355,1475579,619800
4201,126,122,84448,2351,1475701,607300
4202,100,137,84334,2328,1475838,616300
4203,125,104,84219,2339,1475942,562900
4204,95,109,84113,2336,1476051,547900
4205,94,114,84026,2309,1476165,689100
4206,106,107,83919,2309,1476272,769300
4207,124,123,83803,2302,1476395,782100
4208,108,143,83690,2272,1476538,685100
4209,108,122,83579,2261,1476660,682600
4210,105,105,83473,2262,1476765,660500
4211,100,98,83373,2264,1476863,651400
4212,121,122,83254,2261,1476985,578300
4213,103,141,83155,2219,1477126,667400
4214,108,98,83060,2216,1477224,756800
4215,111,131,82940,2205,1477355,748100
4216,113,119,82821,2205,1477474,693900
4217,83,113,82730,2183,1477587,635400
4218,97,99,82633,2181,1477686,617900
4219,91,108,82551,2155,1477794,579500
4220,96,143,82455,2108,1477937,603700
4221,109,101,82349,2113,1478038,779500
4222,109,104,82239,2119,1478142,793500
4223,103,108,82129,2121,1478250,723200
4224,93,121,82032,2097,1478371,639000
4225,98,85,81937,2107,1478456,689900
4226,92,88,81842,2114,1478544,622600
4227,82,114,81765,2077,1478658,607800
4228,112,102,81662,2078,1478760,563800
4229,85,136,81563,2041,1478896,608200
4230,105,100,81468,2036,1478996,657900
4231,96,108,81365,2031,1479104,873600
4232,105,104,81262,2030,1479208,818200
4233,106,104,81159,2029,1479312,713700
4234,97,92,81062,2034,1479404,619000
4235,101,92,80951,2053,1479496,625100
4236,108,102,80853,2049,1479598,545700
4237,90,120,80757,2025,1479718,539600
4238,90,101,80669,2012,1479819,627600
4239,95,97,80573,2011,1479916,781300
4240,107,101,80476,2007,1480017,740200
4241,79,99,80379,2005,1480116,650500
4242,100,103,80291,1990,1480219,614500
4243,86,78,80195,2008,1480297,617600
4244,80,92,80123,1988,1480389,560500
4245,82,94,80039,1978,1480483,628300
4246,89,109,79952,1956,1480592,654100
4247,85,94,79871,1943,1480686,747700
4248,93,102,79777,1935,1480788,765600
4249,86,112,79685,1915,1480900,662100
4250,89,105,79597,1898,1481005,632000
4251,96,112,79494,1889,1481117,626000
4252,94,88,79420,1875,1481205,602100
4253,102,112,79315,1868,1481317,550200
4254,100,91,79210,1882,1481408,588800
4255,88,85,79120,1887,1481493,666500
4256,100,88,79013,1906,1481581,811900
4257,113,98,78904,1917,1481679,737200
4258,108,109,78797,1915,1481788,668000
4259,95,90,78704,1918,1481878,672800
4260,87,112,78607,1903,1481990,616000
4261,93,89,78518,1903,1482079,831900
4262,90,105,78430,1886,1482184,719800
4263,93,93,78342,1881,1482277,758800
4264,102,116,78238,1869,1482393,569400
4265,76,91,78160,1856,1482484,797300
4266,93,103,78073,1840,1482587,742900
4267,93,101,77975,1837,1482688,636600
4268,88,95,77884,1833,1482783,788700
4269,105,92,77780,1845,1482875,750700
4270,104,98,77681,1846,1482973,671600
4271,110,99,77573,1855,1483072,604500
4272,96,77,77475,1876,1483149,643800
4273,108,92,77366,1893,1483241,796100
4274,92,107,77274,1878,1483348,681800
4275,80,111,77189,1852,1483459,575500
4276,98,92,77091,1858,1483551,643300
4277,91,96,77004,1849,1483647,808900
4278,93,95,76906,1852,1483742,673200
4279,108,100,76802,1856,1483842,629900
4280,96,117,76706,1835,1483959,603600
4281,108,70,76600,1871,1484029,831300
4282,86,97,76506,1868,1484126,678200
4283,95,72,76417,1885,1484198,627800
4284,88,94,76326,1882,1484292,599500
4285,99,116,76229,1863,1484408,842200
4286,84,97,76147,1848,1484505,699400
4287,88,97,76059,1839,1484602,625500
4288,81,116,75979,1803,1484718,608100
4289,97,105,75884,1793,1484823,939700
4290,85,90,75797,1790,1484913,656000
4291,94,90,75703,1794,1485003,615200
4292,91,105,75619,1773,1485108,626900
4293,103,119,75506,1767,1485227,772200
4294,96,90,75413,1770,1485317,628400
4295,80,72,75326,1785,1485389,571100
4296,65,89,75251,1771,1485478,574100
4297,91,101,75172,1749,1485579,777900
4298,89,98,75082,1741,1485677,673100
4299,93,97,74997,1729,1485774,613000
4300,73,95,74915,1716,1485869,605300
4301,85,103,74829,1699,1485972,799200
4302,71,93,74757,1678,1486065,699000
4303,93,65,74668,1702,1486130,586900
4304,105,104,74571,1695,1486234,646400
4305,99,97,74465,1704,1486331,711400
4306,99,86,74367,1716,1486417,698700
4307,92,81,74275,1727,1486498,630100
4308,84,99,74192,1711,1486597,652200
4309,107,95,74091,1717,1486692,698300
4310,107,88,73983,1737,1486780,746100
4311,91,91,73892,1737,1486871,610500
4312,80,73,73803,1753,1486944,680800
4313,90,97,73722,1737,1487041,740100
4314,76,76,73640,1743,1487117,648200
4315,76,91,73556,1736,1487208,607000
4316,80,86,73480,1726,1487294,620500
4317,98,93,73398,1715,1487387,825500
4318,88,97,73289,1727,1487484,712300
4319,100,96,73203,1717,1487580,602700
4320,91,97,73113,1710,1487677,598400
4321,90,75,73021,1727,1487752,749600
4322,86,83,72932,1733,1487835,666200
4323,84,92,72845,1728,1487927,603100
4324,106,79,72745,1749,1488006,627000
4325,83,101,72655,1738,1488107,773500
4326,81,85,72567,1741,1488192,634700
4327,99,82,72486,1740,1488274,568400
4328,84,96,72392,1738,1488370,800000
4329,95,89,72299,1742,1488459,765300
4330,87,92,72202,1747,1488551,649200
4331,112,88,72098,1763,1488639,571600
4332,71,89,72019,1753,1488728,679400
4333,94,89,71929,1754,1488817,725300
4334,81,97,71840,1746,1488914,660800
4335,84,73,71767,1746,1488987,603100
4336,98,87,71666,1760,1489074,655400
4337,86,88,71593,1745,1489162,709000
4338,83,83,71494,1761,1489245,647400
4339,92,88,71408,1759,1489333,582100
4340,100,87,71319,1761,1489420,606300
4341,96,83,71220,1777,1489503,766300
4342,99,74,71112,1811,1489577,633600
4343,90,82,71017,1824,1489659,576500
4344,85,90,70939,1812,1489749,572600
4345,94,99,70852,1800,1489848,827200
4346,76,91,70762,1799,1489939,685700
4347,79,90,70690,1781,1490029,600200
4348,70,105,70624,1742,1490134,620100
4349,83,81,70529,1756,1490215,746000
4350,86,87,70453,1745,1490302,680000
4351,94,87,70364,1747,1490389,558200
4352,103,91,70261,1759,1490480,637200
4353,103,78,70155,1787,1490558,818400
4354,89,86,70063,1793,1490644,685000
4355,83,88,69981,1787,1490732,595000
4356,86,90,69895,1783,1490822,576400
4357,101,88,69796,1794,1490910,827200
4358,95,109,69699,1782,1491019,650900
4359,111,97,69592,1792,1491116,579500
4360,98,120,69491,1773,1491236,577500
4361,74,80,69412,1772,1491316,788000
4362,97,112,69326,1746,1491428,717000
4363,89,91,69231,1750,1491519,596100
4364,88,86,69137,1758,1491605,609100
4365,87,93,69065,1737,1491698,747100
4366,70,86,68978,1738,1491784,648800
4367,95,82,68891,1743,1491866,563300
4368,98,95,68793,1746,1491961,621000
4369,96,81,68692,1766,1492042,984800
4370,92,71,68603,1784,1492113,792100
4371,80,92,68520,1775,1492205,690300
4372,80,92,68445,1758,1492297,1036600
4373,63,79,68373,1751,1492376,770900
4374,74,92,68304,1728,1492468,702500
4375,80,100,68232,1700,1492568,667100
4376,76,98,68141,1693,1492666,909400
4377,72,97,68079,1658,1492763,724300
4378,77,72,68001,1664,1492835,659700
4379,67,84,67934,1647,1492919,828400
4380,79,87,67852,1642,1493006,755000
4381,79,80,67776,1638,1493086,687400
4382,73,98,67705,1611,1493184,637300
4383,81,84,67623,1609,1493268,880700
4384,82,93,67540,1599,1493361,710000
4385,78,83,67457,1599,1493444,674800
4386,71,67,67386,1603,1493511,685300
4387,80,77,67307,1605,1493588,751700
4388,81,82,67223,1607,1493670,599700
4389,89,86,67143,1601,1493756,640300
4390,87,100,67056,1588,1493856,721800
4391,86,77,66968,1599,1493933,729200
4392,98,75,66870,1622,1494008,914800
4393,76,89,66792,1611,1494097,781000
4394,83,70,66713,1620,1494167,934200
4395,88,95,66623,1615,1494262,869100
4396,80,89,66542,1607,1494351,808400
4397,92,74,66455,1620,1494425,699200
4398,89,84,66362,1629,1494509,705300
4399,91,78,66267,1646,1494587,765700
4400,57,89,66203,1621,1494676,729600
4401,75,75,66136,1613,1494751,712600
4402,65,92,66072,1585,1494843,690900
4403,61,78,66008,1571,1494921,677700
4404,78,76,65930,1573,1494997,651400
4405,90,85,65844,1574,1495082,593700
4406,70,79,65771,1568,1495161,611600
4407,91,76,65684,1579,1495237,594500
4408,78,98,65604,1561,1495335,683800
4409,66,78,65540,1547,1495413,664800
4410,67,69,65464,1554,1495482,634900
4411,77,83,65392,1543,1495565,590700
4412,72,78,65322,1535,1495643,583500
4413,87,83,65231,1543,1495726,569700
4414,75,92,65159,1523,1495818,693700
4415,92,80,65072,1530,1495898,599200
4416,73,79,64990,1533,1495977,648400
4417,69,74,64920,1529,1496051,625100
4418,64,86,64853,1510,1496137,630200
4419,78,95,64785,1483,1496232,631700
4420,57,78,64718,1472,1496310,690100
4421,60,82,64656,1452,1496392,663000
4422,76,67,64587,1454,1496459,630400
4423,71,59,64514,1468,1496518,615900
4424,69,64,64451,1467,1496582,638600
4425,87,91,64366,1461,1496673,661900
4426,62,77,64291,1459,1496750,698200
4427,78,72,64220,1458,1496822,736400
4428,82,57,64141,1480,1496879,706600
4429,73,88,64071,1462,1496967,800600
4430,88,76,63980,1477,1497043,702100
4431,87,82,63902,1473,1497125,842800
4432,69,83,63819,1473,1497208,739000
4433,75,71,63743,1478,1497279,748200
4434,75,80,63671,1470,1497359,586300
4435,79,76,63595,1470,1497435,790700
4436,65,79,63522,1464,1497514,684800
4437,64,80,63466,1440,1497594,681600
4438,67,76,63400,1430,1497670,791400
4439,68,72,63329,1429,1497742,788200
4440,76,71,63255,1432,1497813,769000
4441,66,66,63185,1436,1497879,705300
4442,76,63,63110,1448,1497942,806900
4443,66,80,63043,1435,1498022,769300
4444,69,71,62976,1431,1498093,656700
4445,68,71,62911,1425,1498164,603500
4446,83,72,62829,1435,1498236,796200
4447,72,66,62759,1439,1498302,748700
4448,73,62,62680,1456,1498364,683100
4449,76,72,62605,1459,1498436,647600
4450,82,67,62528,1469,1498503,728700
4451,77,65,62437,1495,1498568,774400
4452,108,71,62346,1515,1498639,637700
4453,95,76,62246,1539,1498715,823600
4454,82,88,62159,1538,1498803,738100
4455,82,63,62075,1559,1498866,621100
4456,81,76,62000,1558,1498942,582800
4457,57,80,61933,1545,1499022,759100
4458,68,77,61875,1526,1499099,716800
4459,70,74,61800,1527,1499173,614600
4460,68,85,61735,1507,1499258,717200
4461,62,73,61669,1500,1499331,811300
4462,95,67,61583,1519,1499398,693700
4463,85,73,61492,1537,1499471,624300
4464,70,83,61429,1517,1499554,755300
4465,58,70,61358,1518,1499624,704900
4466,82,78,61283,1515,1499702,702400
4467,77,62,61212,1524,1499764,653400
4468,77,75,61128,1533,1499839,831300
4469,87,86,61054,1521,1499925,765700
4470,81,77,60966,1532,1500002,611600
4471,95,71,60866,1561,1500073,820200
4472,87,93,60783,1551,1500166,885600
4473,55,95,60723,1516,1500261,736200
4474,74,90,60647,1502,1500351,613900
4475,90,84,60555,1510,1500435,809200
4476,87,71,60477,1517,1500506,763700
4477,76,69,60389,1536,1500575,667200
4478,75,74,60321,1530,1500649,866800
4479,75,75,60255,1521,1500724,782300
4480,99,91,60156,1529,1500815,681600
4481,67,68,60071,1546,1500883,651100
4482,78,80,60002,1535,1500963,1033700
4483,77,82,59932,1523,1501045,723000
4484,66,87,59864,1504,1501132,705900
4485,83,88,59782,1498,1501220,761000
4486,59,83,59712,1485,1501303,823800
4487,63,84,59650,1463,1501387,710800
4488,75,90,59579,1444,1501477,650500
4489,71,99,59509,1415,1501576,754100
4490,88,61,59425,1438,1501637,674400
4491,62,79,59357,1427,1501716,720000
4492,73,69,59294,1421,1501785,601100
4493,65,62,59221,1432,1501847,907900
4494,74,79,59153,1421,1501926,723800
4495,86,68,59069,1437,1501994,668600
4496,75,82,58987,1437,1502076,614200
4497,87,65,58903,1456,1502141,830500
4498,92,83,58813,1463,1502224,647300
4499,75,80,58734,1462,1502304,671900
4500,82,76,58655,1465,1502380,792300
4501,76,68,58575,1477,1502448,689400
4502,72,76,58501,1475,1502524,747300
4503,101,67,58406,1503,1502591,760300
4504,90,86,58313,1510,1502677,941000
4505,96,91,58221,1511,1502768,806700
4506,91,82,58127,1523,1502850,683100
4507,93,70,58039,1541,1502920,912500
4508,78,75,57958,1547,1502995,822900
4509,80,85,57876,1544,1503080,670700
4510,85,92,57791,1537,1503172,823100
4511,77,77,57711,1540,1503249,934400
4512,72,80,57638,1533,1503329,792400
4513,67,69,57570,1532,1503398,799100
4514,93,83,57486,1533,1503481,865500
4515,75,66,57409,1544,1503547,774100
4516,90,68,57315,1570,1503615,797000
4517,79,97,57236,1552,1503712,853200
4518,83,77,57160,1551,1503789,807400
4519,67,83,57083,1545,1503872,680500
4520,60,81,57031,1516,1503953,1180500
4521,86,75,56941,1531,1504028,789000
4522,97,78,56843,1551,1504106,724400
4523,67,86,56771,1537,1504192,987900
4524,67,85,56715,1508,1504277,762200
4525,73,83,56634,1506,1504360,689300
4526,60,85,56572,1483,1504445,651400
4527,70,75,56502,1478,1504520,864500
4528,73,66,56427,1487,1504586,740000
4529,73,73,56357,1484,1504659,714600
4530,69,76,56292,1473,1504735,926100
4531,90,90,56208,1467,1504825,866700
4532,77,73,56116,1486,1504898,686500
4533,82,86,56051,1465,1504984,847000
4534,73,68,55973,1475,1505052,781100
4535,80,86,55886,1476,1505138,695900
4536,57,66,55826,1470,1505204,670400
4537,70,64,55763,1469,1505268,819200
4538,81,65,55677,1490,1505333,784300
4539,70,61,55607,1499,1505394,667300
4540,76,77,55537,1492,1505471,873800
4541,74,80,55457,1492,1505551,736000
4542,65,75,55395,1479,1505626,683100
4543,60,74,55330,1470,1505700,686900
4544,79,79,55256,1465,1505779,818100
4545,78,77,55181,1463,1505856,705800
4546,82,72,55095,1477,1505928,653100
4547,89,92,55008,1472,1506020,882600
4548,76,84,54927,1469,1506104,837300
4549,85,80,54840,1476,1506184,689400
4550,74,78,54776,1462,1506262,700400
4551,85,62,54689,1487,1506324,734400
4552,68,79,54620,1477,1506403,740800
4553,82,97,54535,1465,1506500,609600
4554,80,87,54464,1449,1506587,988000
4555,63,88,54386,1439,1506675,740100
4556,70,70,54326,1429,1506745,686000
4557,78,84,54248,1423,1506829,722400
4558,87,65,54162,1444,1506894,830500
4559,83,80,54082,1444,1506974,746100
4560,79,94,54001,1431,1507068,672800
4561,74,83,53920,1429,1507151,931000
4562,69,65,53856,1428,1507216,738600
4563,73,91,53779,1414,1507307,675700
4564,64,73,53715,1405,1507380,790100
4565,68,62,53650,1408,1507442,770200
4566,75,69,53571,1418,1507511,789100
4567,75,73,53498,1418,1507584,654800
4568,67,61,53431,1424,1507645,1041100
4569,74,79,53352,1424,1507724,746900
4570,71,75,53285,1416,1507799,669800
4571,65,78,53219,1404,1507877,917300
4572,70,56,53155,1412,1507933,795500
4573,63,72,53095,1400,1508005,658200
4574,68,64,53018,1413,1508069,848200
4575,76,78,52946,1407,1508147,711800
4576,61,78,52884,1391,1508225,726400
4577,50,80,52833,1362,1508305,828000
4578,74,64,52754,1377,1508369,940000
4579,59,78,52690,1363,1508447,774100
4580,83,74,52619,1360,1508521,648200
4581,78,80,52542,1357,1508601,912900
4582,80,77,52462,1360,1508678,765500
4583,72,65,52386,1371,1508743,678800
4584,81,74,52312,1371,1508817,677100
4585,61,72,52241,1370,1508889,789300
4586,76,61,52173,1377,1508950,712100
4587,66,76,52103,1371,1509026,709500
4588,88,72,52022,1380,1509098,941700
4589,78,59,51945,1398,1509157,722900
4590,82,73,51861,1409,1509230,727000
4591,73,73,51783,1414,1509303,872100
4592,72,63,51706,1428,1509366,799700
4593,74,72,51640,1422,1509438,745700
4594,74,78,51555,1429,1509516,682500
4595,76,71,51484,1429,1509587,859400
4596,68,83,51422,1408,1509670,815700
4597,68,72,51349,1409,1509742,700900
4598,79,71,51271,1416,1509813,906300
4599,73,76,51197,1414,1509889,772700
4600,81,65,51115,1431,1509954,641800
4601,56,69,51058,1419,1510023,840700
4602,72,89,50989,1399,1510112,803500
4603,75,74,50918,1396,1510186,687100
4604,98,67,50824,1423,1510253,719700
4605,87,70,50738,1439,1510323,804500
4606,76,80,50654,1443,1510403,776800
4607,86,68,50570,1459,1510471,646500
4608,85,92,50492,1445,1510563,810700
4609,104,80,50382,1475,1510643,770000
4610,89,72,50296,1489,1510715,678300
4611,87,63,50206,1516,1510778,656100
4612,84,55,50122,1545,1510833,802000
4613,92,66,50034,1567,1510899,672700
4614,93,72,49941,1588,1510971,621300
4615,80,76,49854,1599,1511047,932900
4616,74,86,49775,1592,1511133,757500
4617,80,75,49703,1589,1511208,658000
4618,84,87,49610,1595,1511295,706400
4619,84,93,49537,1575,1511388,832300
4620,65,84,49463,1565,1511472,683800
4621,81,59,49383,1586,1511531,625200
4622,84,80,49311,1578,1511611,809000
4623,90,69,49216,1604,1511680,731400
4624,84,73,49127,1620,1511753,682500
4625,71,89,49058,1600,1511842,863900
4626,58,92,48994,1572,1511934,848500
4627,67,82,48932,1552,1512016,704700
4628,62,82,48865,1537,1512098,602500
4629,66,71,48802,1529,1512169,830800
4630,69,92,48738,1501,1512261,729400
4631,48,76,48688,1475,1512337,652000
4632,65,73,48619,1471,1512410,605100
4633,79,68,48544,1478,1512478,860800
4634,59,79,48480,1463,1512557,737700
4635,66,67,48419,1457,1512624,644700
4636,82,78,48337,1461,1512702,721800
4637,75,60,48264,1474,1512762,743800
4638,54,80,48206,1452,1512842,703000
4639,74,63,48128,1467,1512905,598300
4640,63,67,48068,1460,1512972,860900
4641,57,61,48005,1462,1513033,721900
4642,70,72,47943,1452,1513105,735500
4643,79,77,47868,1450,1513182,661000
4644,68,74,47795,1449,1513256,822400
4645,62,78,47731,1435,1513334,723200
4646,68,63,47666,1437,1513397,650100
4647,82,75,47583,1445,1513472,880900
4648,79,59,47504,1465,1513531,754300
4649,53,65,47444,1460,1513596,649300
4650,83,75,47365,1464,1513671,681600
4651,80,73,47290,1466,1513744,799000
4652,79,66,47210,1480,1513810,678600
4653,53,70,47150,1470,1513880,638000
4654,65,81,47090,1449,1513961,846200
4655,77,85,47017,1437,1514046,737000
4656,76,64,46936,1454,1514110,615000
4657,66,66,46872,1452,1514176,579000
4658,62,83,46808,1433,1514259,750800
4659,78,66,46736,1439,1514325,652800
4660,85,70,46647,1458,1514395,587700
4661,76,70,46574,1461,1514465,630400
4662,68,71,46504,1460,1514536,725900
4663,70,92,46428,1444,1514628,653200
4664,62,67,46372,1433,1514695,554300
4665,67,73,46308,1424,1514768,686000
4666,90,81,46219,1432,1514849,728300
4667,82,81,46131,1439,1514930,645300
4668,77,62,46061,1447,1514992,575600
4669,62,69,45982,1457,1515061,802200
4670,81,79,45916,1444,1515140,676600
4671,64,78,45842,1440,1515218,626400
4672,60,63,45785,1434,1515281,545000
4673,65,70,45724,1425,1515351,783000
4674,57,88,45663,1398,1515439,721600
4675,63,81,45608,1372,1515520,590900
4676,45,78,45552,1350,1515598,744600
4677,62,58,45489,1355,1515656,765400
4678,69,76,45431,1337,1515732,668200
4679,71,58,45357,1353,1515790,565300
4680,61,63,45293,1354,1515853,639900
4681,70,69,45228,1350,1515922,724800
4682,55,72,45170,1336,1515994,642600
4683,61,75,45110,1321,1516069,549600
4684,47,59,45059,1313,1516128,691700
4685,56,67,45001,1304,1516195,677800
4686,67,65,44934,1306,1516260,612600
4687,63,79,44882,1279,1516339,587900
4688,54,59,44821,1281,1516398,760200
4689,62,69,44755,1278,1516467,707200
4690,64,70,44696,1267,1516537,667400
4691,65,65,44627,1271,1516602,574800
4692,66,70,44561,1267,1516672,792800
4693,66,71,44502,1255,1516743,661500
4694,55,56,44439,1262,1516799,635900
4695,60,64,44383,1254,1516863,675500
4696,61,58,44316,1263,1516921,752300
4697,63,62,44259,1258,1516983,673700
4698,52,56,44204,1257,1517039,633500
4699,53,72,44153,1236,1517111,819700
4700,60,56,44091,1242,1517167,779200
4701,67,56,44025,1252,1517223,663700
4702,56,68,43966,1243,1517291,725700
4703,68,83,43903,1223,1517374,884500
4704,60,61,43843,1222,1517435,667800
4705,64,65,43780,1220,1517500,608200
4706,45,82,43728,1190,1517582,837500
4707,58,59,43672,1187,1517641,780700
4708,43,57,43626,1176,1517698,728300
4709,64,73,43566,1163,1517771,724300
4710,51,50,43517,1162,1517821,775000
4711,49,58,43461,1160,1517879,817800
4712,53,51,43412,1158,1517930,751300
4713,66,49,43352,1169,1517979,853500
4714,65,46,43284,1191,1518025,690000
4715,51,62,43231,1182,1518087,605900
4716,51,57,43175,1181,1518144,881000
4717,51,63,43127,1166,1518207,762600
4718,55,60,43072,1161,1518267,611300
4719,49,58,43024,1151,1518325,628300
4720,54,64,42974,1137,1518389,809700
4721,61,64,42910,1137,1518453,744000
4722,46,57,42864,1126,1518510,631400
4723,49,47,42815,1128,1518557,819600
4724,66,65,42744,1134,1518622,707000
4725,61,71,42690,1117,1518693,617900
4726,65,80,42625,1102,1518773,680500
4727,44,59,42576,1092,1518832,789300
4728,44,67,42531,1070,1518899,665200
4729,52,58,42483,1060,1518957,579700
4730,51,54,42436,1053,1519011,847300
4731,59,43,42376,1070,1519054,744300
4732,72,70,42307,1069,1519124,609400
4733,66,59,42239,1078,1519183,693800
4734,74,66,42164,1087,1519249,749300
4735,56,54,42108,1089,1519303,671100
4736,61,72,42047,1078,1519375,834600
4737,45,45,41995,1085,1519420,863800
4738,58,53,41947,1080,1519473,776600
4739,46,60,41894,1073,1519533,915100
4740,50,53,41850,1064,1519586,769300
4741,36,57,41805,1052,1519643,747800
4742,50,47,41764,1046,1519690,642500
4743,60,61,41703,1046,1519751,694800
4744,51,51,41649,1049,1519802,729000
4745,50,38,41597,1063,1519840,754600
4746,56,58,41546,1056,1519898,853100
4747,48,61,41487,1054,1519959,727200
4748,55,52,41435,1054,1520011,722200
4749,50,63,41389,1037,1520074,652000
4750,56,56,41336,1034,1520130,782500
4751,51,58,41284,1028,1520188,730700
4752,48,48,41238,1026,1520236,655600
4753,51,58,41187,1019,1520294,714900
4754,53,59,41131,1016,1520353,712000
4755,45,53,41085,1009,1520406,740100
4756,48,59,41037,998,1520465,769900
4757,46,45,40991,999,1520510,679400
4758,59,56,40929,1005,1520566,616500
4759,50,56,40880,998,1520622,634900
4760,47,51,40833,994,1520673,630600
4761,48,52,40779,996,1520725,631900
4762,48,47,40742,986,1520772,736300
4763,40,56,40693,979,1520828,852900
4764,50,61,40647,964,1520889,773500
4765,49,47,40603,961,1520936,826100
4766,55,60,40541,963,1520996,811200
4767,37,51,40504,949,1521047,837500
4768,47,45,40460,948,1521092,921100
4769,33,48,40421,939,1521140,714800
4770,51,53,40375,932,1521193,748600
4771,40,56,40334,917,1521249,631600
4772,48,35,40285,931,1521284,756100
4773,41,51,40244,921,1521335,756500
4774,44,53,40202,910,1521388,793900
4775,49,51,40152,909,1521439,704500
4776,48,45,40101,915,1521484,729700
4777,36,45,40067,904,1521529,777600
4778,55,48,40016,907,1521577,654700
4779,35,55,39975,893,1521632,626700
4780,52,54,39932,882,1521686,774600
4781,48,50,39883,881,1521736,739800
4782,40,38,39835,891,1521774,609400
4783,39,53,39800,873,1521827,821000
4784,42,46,39756,871,1521873,701800
4785,37,50,39719,858,1521923,688400
4786,46,37,39676,864,1521960,747100
4787,42,41,39631,868,1522001,732800
4788,45,45,39588,866,1522046,671600
4789,37,43,39549,862,1522089,603800
4790,49,46,39507,858,1522135,774500
4791,44,53,39458,854,1522188,704100
4792,43,50,39414,848,1522238,650500
4793,58,46,39358,858,1522284,691200
4794,47,48,39306,862,1522332,807100
4795,61,42,39258,868,1522374,691600
4796,54,42,39193,891,1522416,592400
4797,41,46,39151,887,1522462,850000
4798,44,47,39108,883,1522509,735600
4799,48,38,39062,891,1522547,626700
4800,48,50,39012,891,1522597,626100
4801,54,40,38958,905,1522637,828100
4802,63,45,38903,915,1522682,622900
4803,53,38,38840,940,1522720,601700
4804,37,46,38806,928,1522766,803400
4805,57,53,38756,925,1522819,726500
4806,62,51,38695,935,1522870,620000
4807,47,46,38646,938,1522916,619300
4808,60,58,38582,944,1522974,802600
4809,54,51,38528,947,1523025,652400
4810,58,44,38476,955,1523069,602500
4811,59,50,38408,973,1523119,816500
4812,43,49,38366,966,1523168,750200
4813,55,62,38315,955,1523230,724000
4814,55,49,38263,958,1523279,788600
4815,50,41,38208,972,1523320,758400
4816,63,56,38148,976,1523376,716600
4817,58,52,38090,982,1523428,644600
4818,33,54,38053,965,1523482,814200
4819,52,55,37999,964,1523537,720100
4820,41,40,37957,966,1523577,607900
4821,47,55,37920,948,1523632,782600
4822,48,51,37868,949,1523683,785100
4823,49,49,37817,951,1523732,663800
4824,37,38,37774,956,1523770,895200
4825,43,49,37735,946,1523819,719700
4826,55,51,37686,944,1523870,780300
4827,48,67,37636,927,1523937,784700
4828,52,41,37584,938,1523978,713700
4829,54,51,37527,944,1524029,691100
4830,46,51,37481,939,1524080,732500
4831,36,54,37439,927,1524134,838800
4832,45,35,37400,931,1524169,702800
4833,44,39,37354,938,1524208,594900
4834,42,53,37316,923,1524261,877600
4835,40,53,37272,914,1524314,719000
4836,38,49,37235,902,1524363,621300
4837,48,39,37182,916,1524402,837100
4838,43,40,37140,918,1524442,732000
4839,39,48,37101,909,1524490,670500
4840,54,46,37051,913,1524536,703900
4841,40,39,37004,921,1524575,752800
4842,49,47,36963,915,1524622,730200
4843,46,45,36912,921,1524667,723000
4844,43,43,36873,917,1524710,758900
4845,44,35,36836,919,1524745,684100
4846,41,35,36785,935,1524780,624600
4847,37,45,36751,924,1524825,779400
4848,32,52,36717,906,1524877,719200
4849,34,45,36680,898,1524922,665400
4850,47,37,36634,907,1524959,609000
4851,48,55,36593,893,1525014,796700
4852,38,36,36549,901,1525050,679500
4853,52,44,36501,905,1525094,624700
4854,32,53,36466,887,1525147,830500
4855,50,34,36425,894,1525181,662400
4856,40,40,36378,901,1525221,636600
4857,34,47,36342,890,1525268,668700
4858,48,44,36301,887,1525312,829200
4859,48,47,36251,890,1525359,727800
4860,40,32,36209,900,1525391,897900
4861,55,36,36154,919,1525427,778300
4862,60,51,36098,924,1525478,694200
4863,34,50,36059,913,1525528,619100
4864,48,47,36013,912,1525575,834900
4865,54,45,35954,926,1525620,703100
4866,48,55,35914,911,1525675,616100
4867,43,45,35868,912,1525720,741700
4868,49,51,35822,907,1525771,801400
4869,45,41,35772,916,1525812,665500
4870,41,44,35730,914,1525856,668600
4871,47,44,35687,913,1525900,910700
4872,32,46,35648,906,1525946,713500
4873,31,42,35622,890,1525988,603600
4874,33,47,35585,880,1526035,791600
4875,34,55,35552,858,1526090,696700
4876,45,36,35512,862,1526126,668400
4877,45,44,35464,866,1526170,795500
4878,56,48,35412,870,1526218,775300
4879,44,53,35365,864,1526271,635200
4880,35,47,35326,856,1526318,624400
4881,52,37,35283,862,1526355,794100
4882,34,41,35242,862,1526396,794400
4883,37,29,35205,870,1526425,661200
4884,42,49,35168,858,1526474,670800
4885,32,41,35127,858,1526515,716100
4886,36,46,35093,846,1526561,682800
4887,31,48,35060,831,1526609,810100
4888,34,46,35031,814,1526655,805800
4889,37,36,34993,816,1526691,660000
4890,48,57,34950,802,1526748,611000
4891,39,30,34908,814,1526778,806600
4892,41,38,34863,821,1526816,679300
4893,40,39,34821,824,1526855,618400
4894,26,50,34792,803,1526905,732600
4895,30,53,34765,777,1526958,709700
4896,40,42,34728,772,1527000,712700
4897,44,38,34691,771,1527038,750100
4898,37,39,34652,771,1527077,750600
4899,36,45,34612,766,1527122,635300
4900,39,41,34573,764,1527163,590100
4901,38,32,34533,772,1527195,775000
4902,38,45,34504,756,1527240,673700
4903,24,41,34472,747,1527281,616000
4904,34,38,34441,740,1527319,669600
4905,35,30,34399,752,1527349,775300
4906,35,45,34370,736,1527394,704800
4907,41,33,34327,746,1527427,567700
4908,28,41,34295,737,1527468,781700
4909,32,34,34267,731,1527502,691000
4910,27,33,34236,729,1527535,596700
4911,31,35,34207,723,1527570,707500
4912,40,34,34176,720,1527604,787500
4913,30,42,34141,713,1527646,683100
4914,35,39,34104,711,1527685,567300
4915,35,42,34063,710,1527727,808000
4916,44,28,34027,718,1527755,709100
4917,40,31,33982,732,1527786,597600
4918,38,32,33950,732,1527818,709700
4919,44,40,33905,737,1527858,757600
4920,44,37,33857,748,1527895,601200
4921,35,38,33825,742,1527933,541600
4922,40,27,33780,760,1527960,794600
4923,31,44,33750,746,1528004,752600
4924,54,45,33705,746,1528049,620000
4925,33,36,33662,753,1528085,590400
4926,37,35,33627,753,1528120,810000
4927,42,38,33589,753,1528158,658700
4928,51,38,33543,761,1528196,560400
4929,41,35,33491,778,1528231,787600
4930,35,48,33461,760,1528279,684500
4931,34,41,33423,757,1528320,601100
4932,31,43,33395,742,1528363,625100
4933,42,31,33351,755,1528394,758300
4934,41,43,33310,753,1528437,630800
4935,38,40,33275,748,1528477,637500
4936,43,33,33235,755,1528510,851500
4937,45,35,33188,767,1528545,680700
4938,39,35,33153,767,1528580,591000
4939,48,51,33105,764,1528631,710800
4940,47,51,33052,766,1528682,690300
4941,43,27,33011,780,1528709,621300
4942,45,36,32962,793,1528745,532300
4943,40,36,32925,794,1528781,778300
4944,47,44,32884,791,1528825,730000
4945,51,36,32831,808,1528861,680700
4946,49,38,32777,824,1528899,870000
4947,38,50,32746,805,1528949,666300
4948,38,46,32703,802,1528995,633200
4949,38,31,32664,810,1529026,628900
4950,35,43,32626,805,1529069,822400
4951,52,42,32576,813,1529111,676800
4952,45,39,32532,818,1529150,629900
4953,43,45,32495,810,1529195,793600
4954,43,34,32451,820,1529229,689200
4955,32,62,32410,799,1529291,701400
4956,31,34,32379,796,1529325,732100
4957,35,48,32351,776,1529373,637000
4958,27,36,32314,777,1529409,595300
4959,33,40,32288,763,1529449,554300
4960,36,38,32250,763,1529487,618600
4961,37,48,32218,747,1529535,647500
4962,35,38,32181,746,1529573,646300
4963,43,35,32131,761,1529608,719600
4964,30,32,32104,756,1529640,648900
4965,30,29,32075,756,1529669,631900
4966,33,31,32041,759,1529700,592700
4967,22,38,32020,742,1529738,658800
4968,33,41,31990,731,1529779,624600
4969,32,39,31959,723,1529818,613000
4970,51,36,31906,740,1529854,700800
4971,28,34,31874,738,1529888,655300
4972,25,31,31848,733,1529919,612100
4973,30,32,31819,730,1529951,623300
4974,34,42,31789,718,1529993,598900
4975,36,56,31752,699,1530049,675800
4976,28,30,31726,695,1530079,643500
4977,32,34,31691,696,1530113,741800
4978,34,24,31660,703,1530137,716700
4979,40,38,31619,706,1530175,765000
4980,31,38,31588,699,1530213,647200
4981,38,34,31553,700,1530247,2452400
4982,38,35,31510,708,1530282,1475700
4983,34,42,31478,698,1530324,1885400
4984,24,28,31447,701,1530352,1911600
4985,30,44,31428,676,1530396,1471400
4986,28,39,31391,674,1530435,2062200
4987,29,38,31364,663,1530473,1447000
4988,30,25,31334,668,1530498,976200
4989,35,36,31297,669,1530534,808400
4990,34,36,31265,665,1530570,788600
4991,31,38,31235,657,1530608,829800
4992,35,33,31198,661,1530641,1507400
4993,28,39,31171,649,1530680,1477100
4994,37,27,31135,658,1530707,914500
4995,25,31,31107,655,1530738,965000
4996,28,31,31079,652,1530769,884900
4997,27,33,31053,645,1530802,730500
4998,26,35,31028,635,1530837,843600
4999,30,33,30996,634,1530870,685200
5000,27,30,30968,632,1530900,672500
5001,28,33,30942,625,1530933,754100
5002,36,33,30909,625,1530966,874200
5003,39,27,30873,634,1530993,709600
5004,24,37,30841,629,1531030,673000
5005,24,44,30818,608,1531074,826000
5006,36,34,30787,605,1531108,750900
5007,24,32,30758,602,1531140,892800
5008,24,37,30733,590,1531177,848900
5009,27,28,30714,581,1531205,799800
5010,26,35,30681,579,1531240,937300
5011,30,23,30653,584,1531263,720100
5012,39,26,30621,590,1531289,626100
5013,48,32,30573,606,1531321,678700
5014,31,45,30538,596,1531366,765300
5015,36,28,30503,603,1531394,637300
5016,40,36,30460,610,1531430,570100
5017,32,36,30434,600,1531466,775900
5018,46,33,30390,611,1531499,672700
5019,42,40,30344,617,1531539,682200
5020,32,36,30311,614,1531575,658600
5021,32,32,30280,613,1531607,695800
5022,37,22,30241,630,1531629,683800
5023,44,27,30196,648,1531656,16527500
5024,46,44,30152,648,1531700,1180600
5025,45,29,30105,666,1531729,890100
5026,47,28,30059,684,1531757,764100
5027,39,41,30022,680,1531798,835100
5028,46,37,29973,692,1531835,667300
5029,46,30,29927,708,1531865,548800
5030,32,34,29895,706,1531899,825800
5031,33,38,29860,703,1531937,654300
5032,35,55,29825,683,1531992,582900
5033,27,38,29796,674,1532030,666700
5034,30,40,29766,664,1532070,733400
5035,35,20,29737,673,1532090,641400
5036,37,41,29695,674,1532131,868100
5037,40,38,29661,670,1532169,766600
5038,35,26,29626,679,1532195,687900
5039,37,29,29587,689,1532224,782400
5040,51,39,29540,697,1532263,784700
5041,35,39,29501,697,1532302,627100
5042,43,34,29458,706,1532336,550900
5043,41,48,29419,697,1532384,832900
5044,29,31,29386,699,1532415,761600
5045,35,42,29355,688,1532457,570900
5046,32,34,29318,691,1532491,908500
5047,25,43,29290,676,1532534,773700
5048,32,27,29258,681,1532561,610100
5049,33,30,29230,679,1532591,730300
5050,22,41,29207,661,1532632,766800
5051,35,38,29171,659,1532670,815700
5052,25,38,29144,648,1532708,651900
5053,23,30,29123,639,1532738,753000
5054,19,28,29100,634,1532766,775700
5055,17,34,29086,614,1532800,708800
5056,19,24,29062,614,1532824,762100
5057,29,28,29043,605,1532852,623300
5058,25,37,29015,596,1532889,565100
5059,28,29,28983,599,1532918,804800
5060,25,21,28959,602,1532939,685000
5061,18,28,28942,591,1532967,589100
5062,17,28,28923,582,1532995,601100
5063,19,21,28906,578,1533016,722500
5064,15,28,28886,570,1533044,675200
5065,27,28,28867,561,1533072,581000
5066,29,25,28837,566,1533097,830900
5067,24,20,28814,569,1533117,689700
5068,25,19,28788,576,1533136,578300
5069,26,27,28759,578,1533163,769100
5070,23,33,28738,566,1533196,711800
5071,19,23,28720,561,1533219,598900
5072,28,29,28691,561,1533248,657300
5073,25,31,28665,556,1533279,791000
5074,23,36,28645,540,1533315,647700
5075,27,27,28613,545,1533342,625500
5076,18,29,28593,536,1533371,798100
5077,28,32,28570,527,1533403,702400
5078,24,21,28546,530,1533424,594600
5079,29,26,28517,533,1533450,782900
5080,27,33,28493,524,1533483,740200
5081,19,35,28470,512,1533518,612000
5082,20,23,28449,510,1533541,631500
5083,23,29,28428,502,1533570,775300
5084,25,20,28402,508,1533590,689300
5085,19,33,28381,496,1533623,572700
5086,29,26,28352,499,1533649,1024600
5087,20,24,28333,494,1533673,657200
5088,22,21,28311,495,1533694,565800
5089,19,24,28290,492,1533718,794800
5090,27,20,28266,496,1533738,716300
5091,29,26,28241,495,1533764,590200
5092,29,26,28208,502,1533790,738400
5093,24,21,28187,502,1533811,741100
5094,18,33,28162,494,1533844,639900
5095,20,27,28144,485,1533871,624200
5096,23,15,28121,493,1533886,820000
5097,24,31,28095,488,1533917,685800
5098,23,26,28075,482,1533943,576800
5099,18,21,28053,483,1533964,836800
5100,23,22,28034,480,1533986,688400
5101,23,28,28013,473,1534014,705200
5102,19,33,27993,460,1534047,897400
5103,19,27,27974,452,1534074,818000
5104,20,17,27952,457,1534091,632700
5105,21,22,27931,456,1534113,883900
5106,28,18,27906,463,1534131,771300
5107,16,15,27891,463,1534146,643800
5108,21,29,27871,454,1534175,887700
5109,23,28,27844,453,1534203,772900
5110,15,20,27827,450,1534223,687800
5111,12,21,27812,444,1534244,907400
5112,23,20,27794,442,1534264,744600
5113,26,20,27770,446,1534284,659100
5114,17,18,27750,448,1534302,1063900
5115,17,19,27732,447,1534321,863700
5116,22,21,27713,445,1534342,689800
5117,17,22,27695,441,1534364,885900
5118,25,23,27673,440,1534387,801800
5119,22,20,27649,444,1534407,623500
5120,22,22,27626,445,1534429,781700
5121,13,16,27612,443,1534445,731100
5122,14,31,27600,424,1534476,602300
5123,21,23,27581,420,1534499,596200
5124,25,29,27559,413,1534528,733200
5125,14,24,27538,410,1534552,640500
5126,16,24,27525,399,1534576,580500
5127,22,21,27501,402,1534597,927600
5128,13,25,27486,392,1534622,693800
5129,22,14,27468,396,1534636,610600
5130,18,25,27448,391,1534661,849900
5131,31,14,27422,403,1534675,764900
5132,25,28,27394,403,1534703,614500
5133,25,16,27375,406,1534719,742600
5134,18,15,27348,418,1534734,701500
5135,29,30,27323,413,1534764,624300
5136,34,26,27291,419,1534790,733800
5137,17,22,27270,418,1534812,777200
5138,19,18,27254,416,1534830,612500
5139,29,22,27223,425,1534852,575800
5140,18,23,27202,423,1534875,853400
5141,30,32,27179,414,1534907,646800
5142,24,26,27148,419,1534933,562400
5143,30,22,27121,424,1534955,816200
5144,30,22,27093,430,1534977,699400
5145,30,29,27065,429,1535006,615700
5146,26,17,27033,444,1535023,696700
5147,25,19,27008,450,1535042,739200
5148,19,30,26989,439,1535072,650300
5149,28,25,26962,441,1535097,648800
5150,23,24,26935,444,1535121,735700
5151,29,18,26910,451,1535139,634300
5152,28,20,26882,459,1535159,579900
5153,27,29,26858,454,1535188,810400
5154,13,12,26840,460,1535200,736900
5155,25,28,26815,457,1535228,605100
5156,22,32,26793,447,1535260,829500
5157,29,29,26765,446,1535289,725600
5158,11,16,26753,442,1535305,581200
5159,18,29,26732,434,1535334,715900
5160,18,19,26721,426,1535353,752700
5161,14,25,26705,417,1535378,626000
5162,12,15,26689,418,1535393,638200
5163,19,26,26675,406,1535419,755600
5164,23,21,26652,408,1535440,642800
5165,28,30,26625,405,1535470,823700
5166,14,29,26605,396,1535499,815900
5167,19,18,26587,396,1535517,618400
5168,24,9,26566,408,1535526,567800
5169,22,21,26543,410,1535547,791800
5170,16,23,26527,403,1535570,702100
5171,22,15,26504,411,1535585,600200
5172,27,24,26480,411,1535609,825500
5173,23,21,26457,413,1535630,739700
5174,26,21,26432,417,1535651,624000
5175,24,29,26405,415,1535680,649100
5176,14,20,26388,412,1535700,700900
5177,25,20,26367,413,1535720,678100
5178,30,23,26340,417,1535743,764100
5179,27,19,26308,430,1535762,752700
5180,19,23,26287,428,1535785,619500
5181,19,27,26268,420,1535812,544700
5182,16,25,26252,411,1535837,942200
5183,18,24,26236,403,1535861,701000
5184,21,31,26216,392,1535892,605400
5185,20,16,26196,396,1535908,825400
5186,20,17,26180,395,1535925,721400
5187,29,23,26149,403,1535948,580500
5188,23,19,26127,406,1535967,653700
5189,21,21,26107,405,1535988,731400
5190,23,25,26080,407,1536013,633900
5191,18,21,26062,404,1536034,709900
5192,29,14,26038,414,1536048,720600
5193,23,21,26015,416,1536069,650500
5194,26,23,25987,421,1536092,595600
5195,25,16,25963,429,1536108,831200
5196,27,28,25933,431,1536136,690200
5197,22,25,25910,429,1536161,655000
5198,13,15,25895,429,1536176,904800
5199,22,31,25880,413,1536207,738600
5200,23,27,25850,416,1536234,693000
5201,18,22,25832,412,1536256,1077300
5202,21,24,25814,406,1536280,679000
5203,17,22,25795,403,1536302,736300
5204,16,23,25777,398,1536325,797100
5205,20,16,25759,400,1536341,672100
5206,16,18,25742,399,1536359,880800
5207,13,24,25729,388,1536383,804000
5208,19,14,25708,395,1536397,700200
5209,22,22,25689,392,1536419,708000
5210,9,16,25678,387,1536435,793200
5211,14,28,25669,368,1536463,657400
5212,21,23,25645,369,1536486,614000
5213,17,25,25630,359,1536511,887600
5214,16,17,25613,359,1536528,665900
5215,17,22,25595,355,1536550,589200
5216,10,17,25583,350,1536567,855400
5217,9,17,25574,342,1536584,894200
5218,13,15,25560,341,1536599,662000
5219,21,15,25543,343,1536614,972500
5220,20,21,25523,342,1536635,761800
5221,15,27,25508,330,1536662,738500
5222,14,15,25494,329,1536677,818200
5223,17,17,25476,330,1536694,750800
5224,15,19,25459,328,1536713,769800
5225,16,14,25443,330,1536727,933800
5226,16,19,25427,327,1536746,731900
5227,14,16,25418,320,1536762,807000
5228,12,15,25401,322,1536777,682300
5229,10,11,25390,322,1536788,648800
5230,9,21,25382,309,1536809,760700
5231,14,11,25367,313,1536820,876200
5232,18,16,25352,312,1536836,673700
5233,12,14,25340,310,1536850,769400
5234,10,18,25331,301,1536868,675200
5235,13,12,25317,303,1536880,633500
5236,10,11,25305,304,1536891,744500
5237,17,17,25291,301,1536908,631200
5238,15,14,25274,304,1536922,664500
5239,15,20,25261,297,1536942,647300
5240,20,26,25243,289,1536968,640300
5241,14,14,25228,290,1536982,627500
5242,14,15,25213,290,1536997,602900
5243,15,14,25200,289,1537011,674000
5244,20,9,25175,305,1537020,716300
5245,17,15,25159,306,1537035,695200
5246,10,26,25150,289,1537061,690700
5247,11,15,25135,289,1537076,717300
5248,15,12,25124,288,1537088,666800
5249,14,15,25108,289,1537103,599500
5250,17,10,25091,296,1537113,813200
5251,11,17,25080,290,1537130,717200
5252,10,13,25071,286,1537143,608800
5253,17,12,25055,290,1537155,810300
5254,9,19,25043,283,1537174,696200
5255,9,14,25036,276,1537188,570900
5256,10,18,25026,268,1537206,632500
5257,12,12,25011,271,1537218,732800
5258,12,7,25003,272,1537225,595000
5259,13,20,24989,266,1537245,739600
5260,10,14,24976,265,1537259,759600
5261,8,25,24968,248,1537284,646400
5262,13,16,24956,244,1537300,825800
5263,7,6,24951,243,1537306,755800
5264,4,19,24944,231,1537325,617900
5265,15,18,24934,223,1537343,571800
5266,10,10,24920,227,1537353,819300
5267,11,8,24912,227,1537361,638900
5268,10,12,24898,229,1537373,597800
5269,9,13,24891,223,1537386,811800
5270,5,16,24884,214,1537402,770500
5271,15,9,24873,216,1537411,602600
5272,5,8,24865,216,1537419,708800
5273,3,5,24861,215,1537424,752600
5274,7,12,24856,208,1537436,629100
5275,4,12,24849,203,1537448,660400
5276,11,11,24842,199,1537459,776200
5277,7,8,24835,198,1537467,630900
5278,14,11,24824,198,1537478,554400
5279,10,12,24809,201,1537490,863800
5280,10,9,24800,201,1537499,667000
5281,5,8,24794,199,1537507,539500
5282,13,9,24783,201,1537516,791900
5283,10,9,24770,205,1537525,669800
5284,11,8,24762,205,1537533,589100
5285,10,9,24752,206,1537542,791700
5286,6,9,24745,204,1537551,700900
5287,8,12,24737,200,1537563,604600
5288,8,13,24727,197,1537576,664000
5289,13,9,24717,198,1537585,739700
5290,13,11,24702,202,1537596,640400
5291,5,11,24699,194,1537607,758400
5292,16,13,24683,197,1537620,786700
5293,10,9,24673,198,1537629,610100
5294,15,13,24660,198,1537642,558900
5295,9,13,24648,197,1537655,819800
5296,10,6,24637,202,1537661,668400
5297,15,12,24627,200,1537673,678400
5298,10,12,24611,204,1537685,816200
5299,8,9,24605,201,1537694,686600
5300,6,12,24599,195,1537706,589500
5301,13,11,24590,193,1537717,638700
5302,9,13,24576,194,1537730,737900
5303,8,8,24570,192,1537738,617500
5304,11,6,24556,200,1537744,716900
5305,11,12,24548,196,1537756,753600
5306,8,16,24536,192,1537772,647000
5307,8,13,24530,185,1537785,829700
5308,12,6,24519,190,1537791,770500
5309,10,15,24509,185,1537806,632600
5310,7,17,24499,178,1537823,563800
5311,5,12,24498,167,1537835,809600
5312,8,6,24487,172,1537841,667600
5313,9,6,24481,172,1537847,593800
5314,8,5,24471,177,1537852,793700
5315,9,11,24460,177,1537863,844900
5316,9,11,24455,171,1537874,649500
5317,11,8,24443,175,1537882,817600
5318,9,10,24435,173,1537892,705100
5319,8,2,24427,179,1537894,585600
5320,10,8,24415,183,1537902,810200
5321,12,9,24406,183,1537911,735900
5322,8,10,24396,183,1537921,632100
5323,10,8,24384,187,1537929,869100
5324,4,10,24380,181,1537939,708300
5325,6,7,24376,178,1537946,620800
5326,14,12,24363,179,1537958,657700
5327,8,10,24352,180,1537968,700200
5328,15,13,24338,181,1537981,640800
5329,18,10,24325,184,1537991,683300
5330,13,10,24310,189,1538001,757800
5331,6,14,24301,184,1538015,638400
5332,12,9,24289,187,1538024,661900
5333,8,8,24279,189,1538032,794000
5334,12,8,24268,192,1538040,637300
5335,6,15,24265,180,1538055,585400
5336,8,11,24256,178,1538066,816100
5337,8,4,24248,182,1538070,687800
5338,11,6,24238,186,1538076,604800
5339,6,12,24229,183,1538088,825300
5340,8,11,24224,177,1538099,697300
5341,10,6,24213,182,1538105,622000
5342,17,7,24200,188,1538112,777300
5343,5,19,24192,177,1538131,720000
5344,3,9,24186,174,1538140,660200
5345,11,12,24178,170,1538152,641500
5346,5,4,24171,173,1538156,720400
5347,12,10,24159,175,1538166,626100
5348,7,7,24153,174,1538173,740200
5349,6,6,24146,175,1538179,820900
5350,9,8,24137,176,1538187,682600
5351,7,7,24130,176,1538194,631200
5352,6,11,24122,173,1538205,869600
5353,10,10,24115,170,1538215,661100
5354,6,14,24110,161,1538229,811500
5355,7,6,24100,165,1538235,708000
5356,8,11,24094,160,1538246,641100
5357,5,6,24090,158,1538252,580900
5358,4,5,24082,161,1538257,839300
5359,5,9,24079,155,1538266,658900
5360,5,6,24074,154,1538272,586600
5361,9,11,24068,149,1538283,804300
5362,7,7,24056,154,1538290,729200
5363,5,8,24055,147,1538298,593600
5364,8,13,24045,144,1538311,810000
5365,11,8,24034,147,1538319,706900
5366,4,7,24029,145,1538326,592100
5367,7,7,24022,145,1538333,712800
5368,2,5,24019,143,1538338,690000
5369,11,8,24009,145,1538346,649900
5370,3,5,24005,144,1538351,581500
5371,8,9,24001,139,1538360,737100
5372,8,7,23992,141,1538367,608600
5373,4,15,23988,130,1538382,555700
5374,6,7,23980,131,1538389,882900
5375,8,6,23974,131,1538395,659300
5376,3,4,23969,132,1538399,611500
5377,7,7,23963,131,1538406,778700
5378,9,9,23954,131,1538415,663300
5379,4,10,23950,125,1538425,555700
5380,6,5,23944,126,1538430,819900
5381,7,5,23936,129,1538435,691900
5382,6,4,23930,131,1538439,736600
5383,8,8,23924,129,1538447,798500
5384,6,8,23917,128,1538455,757900
5385,7,1,23909,135,1538456,628700
5386,4,7,23904,133,1538463,776900
5387,7,11,23898,128,1538474,755200
5388,5,13,23894,119,1538487,616400
5389,5,6,23889,118,1538493,726000
5390,3,5,23886,116,1538498,864200
5391,4,11,23881,110,1538509,663800
5392,6,7,23877,107,1538516,772100
5393,5,4,23870,110,1538520,764000
5394,2,5,23867,108,1538525,629800
5395,4,5,23864,106,1538530,708800
5396,4,5,23860,105,1538535,730400
5397,5,6,23855,104,1538541,635800
5398,3,5,23852,102,1538546,606100
5399,2,7,23850,97,1538553,765700
5400,3,4,23848,95,1538557,623400
5401,5,2,23844,97,1538559,731700
5402,4,7,23838,96,1538566,736700
5403,5,5,23834,95,1538571,625300
5404,2,8,23832,89,1538579,619600
5405,4,2,23827,92,1538581,804400
5406,2,5,23825,89,1538586,654100
5407,3,3,23823,88,1538589,548800
5408,6,4,23816,91,1538593,825500
5409,6,6,23810,91,1538599,673900
5410,2,6,23807,88,1538605,682600
5411,3,4,23806,85,1538609,838300
5412,4,5,23803,83,1538614,731600
5413,2,5,23799,82,1538619,630200
5414,6,5,23794,82,1538624,797600
5415,0,4,23792,80,1538628,775700
5416,5,3,23789,80,1538631,629500
5417,8,3,23782,84,1538634,933500
5418,5,0,23777,89,1538634,757400
5419,1,5,23773,88,1538639,687300
5420,3,1,23771,89,1538640,865100
5421,4,5,23768,87,1538645,684500
5422,3,6,23764,85,1538651,617500
5423,3,2,23760,87,1538653,796800
5424,3,2,23758,87,1538655,676100
5425,3,6,23754,85,1538661,587600
5426,5,7,23751,81,1538668,816200
5427,5,3,23745,84,1538671,714000
5428,1,8,23743,78,1538679,621600
5429,5,4,23740,77,1538683,830800
5430,5,5,23734,78,1538688,645600
5431,8,7,23728,77,1538695,643500
5432,6,3,23720,82,1538698,847800
5433,5,5,23714,83,1538703,724000
5434,8,3,23710,84,1538706,609300
5435,4,7,23703,84,1538713,803200
5436,5,4,23699,84,1538717,694600
5437,2,4,23696,83,1538721,600100
5438,2,5,23695,79,1538726,789300
5439,3,5,23690,79,1538731,729100
5440,5,2,23687,80,1538733,601700
5441,4,3,23681,83,1538736,785500
5442,2,1,23679,84,1538737,710600
5443,1,6,23678,79,1538743,589100
5444,3,5,23675,77,1538748,796700
5445,2,1,23675,76,1538749,721800
5446,0,1,23673,77,1538750,605400
5447,0,2,23673,75,1538752,596600
5448,1,2,23672,74,1538754,749000
5449,1,2,23672,72,1538756,623100
5450,0,3,23671,70,1538759,800300
5451,1,4,23670,67,1538763,745200
5452,2,4,23668,65,1538767,617600
5453,2,5,23666,62,1538772,823600
5454,1,1,23666,61,1538773,807600
5455,0,5,23665,57,1538778,688700
5456,1,1,23665,56,1538779,880400
5457,0,3,23664,54,1538782,801900
5458,1,2,23663,53,1538784,652200
5459,0,2,23663,51,1538786,851500
5460,0,2,23663,49,1538788,914700
5461,0,3,23663,46,1538791,674700
5462,0,0,23663,46,1538791,904200
5463,1,0,23662,47,1538791,729000
5464,0,1,23662,46,1538792,638300
5465,0,1,23662,45,1538793,868400
5466,0,2,23662,43,1538795,666000
5467,0,0,23662,43,1538795,614100
5468,0,1,23662,42,1538796,864100
5469,0,4,23662,38,1538800,719500
5470,0,1,23662,37,1538801,688400
5471,0,1,23662,36,1538802,808000
5472,0,2,23662,34,1538804,651700
5473,0,3,23662,31,1538807,662500
5474,0,1,23662,30,1538808,760600
5475,0,2,23662,28,1538810,632900
5476,0,1,23662,27,1538811,725100
5477,1,0,23661,28,1538811,746100
5478,0,1,23661,27,1538812,651900
5479,0,2,23661,25,1538814,782900
5480,1,0,23660,26,1538814,738000
5481,0,1,23660,25,1538815,644200
5482,0,1,23660,24,1538816,765700
5483,0,4,23660,20,1538820,724900
5484,0,1,23660,19,1538821,676000
5485,0,0,23660,19,1538821,843600
5486,0,1,23660,18,1538822,788900
5487,0,2,23660,16,1538824,593000
5488,0,2,23660,14,1538826,842600
5489,0,1,23660,13,1538827,658800
5490,0,0,23660,13,1538827,670000
5491,0,1,23660,12,1538828,841600
5492,0,0,23660,12,1538828,691900
5493,0,0,23660,12,1538828,655100
5494,0,0,23660,12,1538828,938600
5495,0,1,23660,11,1538829,710000
5496,0,1,23660,10,1538830,667300
5497,0,0,23660,10,1538830,802500
5498,0,0,23660,10,1538830,646600
5499,0,1,23660,9,1538831,625400
5500,0,0,23660,9,1538831,799300
5501,0,2,23660,7,1538833,705700
5502,0,0,23660,7,1538833,954400
5503,0,0,23660,7,1538833,874700
5504,0,0,23660,7,1538833,755700
5505,0,0,23660,7,1538833,794200
5506,0,1,23660,6,1538834,689100
5507,0,0,23660,6,1538834,700500
5508,0,1,23660,5,1538835,761700
5509,0,0,23660,5,1538835,652300
5510,0,0,23660,5,1538835,768600
5511,0,0,23660,5,1538835,837800
5512,0,0,23660,5,1538835,665700
5513,0,1,23660,4,1538836,853300
5514,0,0,23660,4,1538836,712300
5515,0,0,23660,4,1538836,640500
5516,0,0,23660,4,1538836,920800
5517,0,0,23660,4,1538836,763100
5518,0,1,23660,3,1538837,680700
5519,0,0,23660,3,1538837,793500
5520,0,0,23660,3,1538837,693700
5521,0,1,23660,2,1538838,612100
5522,0,0,23660,2,1538838,865700
5523,0,0,23660,2,1538838,733800
5524,0,0,23660,2,1538838,622700
5525,0,0,23660,2,1538838,882300
5526,0,0,23660,2,1538838,668900
5527,0,0,23660,2,1538838,595500
5528,0,0,23660,2,1538838,939500
5529,0,0,23660,2,1538838,688200
5530,0,0,23660,2,1538838,611000
5531,0,0,23660,2,1538838,920600
5532,0,0,23660,2,1538838,760100
5533,0,0,23660,2,1538838,721700
5534,0,0,23660,2,1538838,761200
5535,0,0,23660,2,1538838,645400
5536,0,0,23660,2,1538838,753200
5537,0,0,23660,2,1538838,689200
5538,0,0,23660,2,1538838,684700
5539,0,0,23660,2,1538838,770800
5540,0,0,23660,2,1538838,705100
5541,0,0,23660,2,1538838,941200
5542,0,0,23660,2,1538838,949300
5543,0,0,23660,2,1538838,1470700
5544,0,0,23660,2,1538838,1108800
5545,0,0,23660,2,1538838,805800
5546,0,0,23660,2,1538838,687900
5547,0,0,23660,2,1538838,873700
5548,0,0,23660,2,1538838,749500
5549,0,0,23660,2,1538838,895600
5550,0,0,23660,2,1538838,1031100
5551,0,0,23660,2,1538838,781000
5552,0,0,23660,2,1538838,937200
5553,0,0,23660,2,1538838,719800
5554,0,0,23660,2,1538838,1425600
5555,0,0,23660,2,1538838,861300
5556,0,0,23660,2,1538838,955900
5557,0,0,23660,2,1538838,909800
5558,0,0,23660,2,1538838,798500
5559,0,0,23660,2,1538838,947100
5560,0,0,23660,2,1538838,688600
5561,0,0,23660,2,1538838,804500
5562,0,0,23660,2,1538838,810800
5563,0,0,23660,2,1538838,673700
5564,0,0,23660,2,1538838,700700
5565,0,0,23660,2,1538838,736900
5566,0,0,23660,2,1538838,648000
5567,0,0,23660,2,1538838,801200
5568,0,0,23660,2,1538838,706900
5569,0,0,23660,2,1538838,732100
5570,0,0,23660,2,1538838,861800
5571,0,0,23660,2,1538838,866600
5572,0,0,23660,2,1538838,666600
5573,0,0,23660,2,1538838,809800
5574,0,0,23660,2,1538838,748600
5575,0,0,23660,2,1538838,625500
5576,0,0,23660,2,1538838,826500
5577,0,0,23660,2,1538838,748400
5578,0,0,23660,2,1538838,578900
5579,0,1,23660,1,1538839,846900
5580,0,0,23660,1,1538839,638000
5581,0,0,23660,1,1538839,581500
5582,0,1,23660,0,1538840,825900
