Tick,NewlyInfected,NewlyRecovered,TotalSusceptible,TotalInfected,TotalRecovered,StepTimeNanos
0,5,0,1562492,8,0,55535500
1,0,2,1562490,8,2,30874700
2,2,1,1562488,9,3,1260300
3,3,1,1562485,11,4,922500
4,4,0,1562481,15,4,984600
5,3,1,1562479,16,5,1166200
6,3,1,1562476,18,6,904700
7,4,3,1562471,20,9,900500
8,10,1,1562464,26,10,795700
9,7,2,1562457,31,12,1159300
10,5,0,1562450,38,12,1174800
11,7,4,1562443,41,16,1002100
12,6,3,1562438,43,19,941700
13,5,4,1562433,44,23,1158700
14,8,0,1562423,54,23,972500
15,6,1,1562419,57,24,916500
16,14,3,1562405,68,27,899800
17,18,2,1562389,82,29,1018600
18,16,2,1562372,97,31,1293400
19,6,11,1562365,93,42,1071400
20,11,2,1562354,102,44,1219200
21,14,8,1562341,107,52,970400
22,16,6,1562326,116,58,912400
23,16,8,1562307,127,66,900600
24,14,10,1562294,130,76,1076100
25,10,5,1562283,136,81,956400
26,27,6,1562261,152,87,841500
27,15,12,1562246,155,99,1073600
28,11,8,1562231,162,107,1050300
29,15,9,1562215,169,116,956200
30,21,11,1562198,175,127,844600
31,20,5,1562176,192,132,859700
32,25,11,1562154,203,143,928800
33,20,20,1562131,206,163,1321500
34,23,12,1562109,216,175,927100
35,25,5,1562083,237,180,888800
36,18,8,1562066,246,188,851100
37,30,16,1562036,260,204,929500
38,25,9,1562012,275,213,1083200
39,29,11,1561983,293,224,920900
40,25,16,1561958,302,240,771300
41,30,11,1561927,322,251,726700
42,28,12,1561897,340,263,660000
43,39,24,1561863,350,287,749100
44,34,15,1561832,366,302,924500
45,35,23,1561794,381,325,982700
46,27,16,1561765,394,341,902500
47,33,28,1561733,398,369,830200
48,33,18,1561700,413,387,820900
49,40,27,1561660,426,414,1028500
50,31,27,1561637,422,441,993800
51,28,25,1561603,431,466,750000
52,39,27,1561564,443,493,834500
53,29,24,1561533,450,517,773200
54,43,26,1561492,465,543,926400
55,41,17,1561453,487,560,1173900
56,40,24,1561406,510,584,998000
57,35,27,1561376,513,611,877200
58,35,27,1561338,524,638,811900
59,38,36,1561305,521,674,818300
60,40,27,1561261,538,701,868100
61,51,25,1561212,562,726,923800
62,57,43,1561159,572,769,909000
63,36,29,1561117,585,798,820600
64,50,40,1561074,588,838,786700
65,59,33,1561012,617,871,898700
66,42,26,1560966,637,897,1080600
67,42,29,1560926,648,926,812400
68,59,40,1560867,667,966,730500
69,47,38,1560817,679,1004,707400
70,44,44,1560781,671,1048,868100
71,38,30,1560741,681,1078,1067700
72,43,23,1560692,707,1101,1066000
73,41,31,1560649,719,1132,1066800
74,61,32,1560600,736,1164,1126600
75,52,28,1560548,760,1192,984700
76,65,38,1560479,791,1230,1034700
77,55,37,1560425,808,1267,1117600
78,51,37,1560377,819,1304,1033500
79,52,45,1560328,823,1349,938200
80,71,45,1560253,853,1394,859600
81,58,52,1560195,859,1446,873900
82,57,41,1560134,879,1487,1207400
83,67,49,1560071,893,1536,1041600
84,59,39,1560009,916,1575,878300
85,62,52,1559948,925,1627,818000
86,63,58,1559887,928,1685,963200
87,72,49,1559821,945,1734,1126900
88,70,51,1559747,968,1785,916200
89,64,37,1559680,998,1822,787800
90,58,36,1559622,1020,1858,803000
91,83,52,1559545,1045,1910,783000
92,62,51,1559478,1061,1961,922900
93,64,58,1559413,1068,2019,1054200
94,66,48,1559348,1085,2067,905100
95,58,70,1559287,1076,2137,779100
96,67,51,1559224,1088,2188,701200
97,68,55,1559156,1101,2243,706200
98,69,67,1559086,1104,2310,731500
99,71,68,1559020,1102,2378,909500
100,74,52,1558939,1131,2430,905800
101,84,49,1558862,1159,2479,705100
102,92,60,1558764,1197,2539,728200
103,84,59,1558688,1214,2598,686700
104,85,68,1558613,1221,2666,653300
105,75,64,1558521,1249,2730,713000
106,95,76,1558432,1262,2806,901200
107,86,87,1558345,1262,2893,925800
108,93,65,1558258,1284,2958,727200
109,90,61,1558164,1317,3019,702500
110,88,56,1558073,1352,3075,664800
111,99,71,1557973,1381,3146,612700
112,111,69,1557868,1417,3215,783500
113,99,84,1557763,1438,3299,871200
114,104,67,1557667,1467,3366,888500
115,94,70,1557569,1495,3436,734600
116,94,71,1557477,1516,3507,715800
117,97,76,1557376,1541,3583,625300
118,94,75,1557285,1557,3658,628600
119,109,83,1557181,1578,3741,769700
120,109,75,1557065,1619,3816,846600
121,101,86,1556962,1636,3902,795200
122,99,85,1556868,1645,3987,731400
123,102,88,1556764,1661,4075,726700
124,103,85,1556661,1679,4160,661300
125,108,102,1556551,1687,4262,877100
126,116,81,1556438,1719,4343,895000
127,108,83,1556332,1742,4426,950500
128,116,94,1556216,1764,4520,715700
129,110,87,1556107,1786,4607,661900
130,120,86,1555977,1830,4693,715000
131,106,101,1555884,1822,4794,709400
132,108,91,1555761,1854,4885,847300
133,130,103,1555638,1874,4988,900300
134,96,88,1555542,1882,5076,957100
135,115,103,1555422,1899,5179,888800
136,116,97,1555312,1912,5276,760600
137,134,104,1555186,1934,5380,756000
138,125,102,1555053,1965,5482,687800
139,128,100,1554928,1990,5582,822400
140,130,95,1554804,2019,5677,870800
141,139,105,1554667,2051,5782,736400
142,119,91,1554541,2086,5873,739200
143,133,111,1554405,2111,5984,676900
144,125,114,1554279,2123,6098,630300
145,146,121,1554147,2134,6219,631900
146,132,94,1554012,2175,6313,858400
147,130,98,1553886,2203,6411,781000
148,149,131,1553728,2230,6542,791300
149,126,106,1553602,2250,6648,806200
150,134,136,1553468,2248,6784,718000
151,137,110,1553333,2273,6894,622500
152,137,103,1553195,2308,6997,692800
153,165,119,1553026,2358,7116,800100
154,147,124,1552883,2377,7240,771000
155,150,122,1552729,2409,7362,804100
156,137,118,1552595,2425,7480,751100
157,117,111,1552471,2438,7591,669200
158,147,157,1552335,2417,7748,630700
159,139,131,1552196,2425,7879,674900
160,146,126,1552041,2454,8005,801700
161,144,115,1551899,2481,8120,918500
162,140,137,1551758,2485,8257,814800
163,136,118,1551622,2503,8375,832300
164,157,140,1551467,2518,8515,729200
165,143,123,1551327,2535,8638,645400
166,150,143,1551178,2541,8781,709800
167,176,136,1551001,2582,8917,867500
168,150,129,1550852,2602,9046,881900
169,146,139,1550712,2603,9185,741700
170,147,152,1550560,2603,9337,682800
171,166,124,1550396,2643,9461,696500
172,155,131,1550238,2670,9592,624300
173,168,132,1550075,2701,9724,721900
174,167,128,1549901,2747,9852,806400
175,168,150,1549730,2768,10002,895900
176,141,136,1549588,2774,10138,868300
177,167,142,1549433,2787,10280,715800
178,163,144,1549280,2796,10424,713900
179,179,161,1549079,2836,10585,650600
180,162,135,1548929,2851,10720,800300
181,182,143,1548735,2902,10863,1067100
182,175,135,1548573,2929,10998,890300
183,162,150,1548399,2953,11148,837600
184,160,158,1548243,2951,11306,691500
185,166,141,1548090,2963,11447,650600
186,172,172,1547913,2968,11619,731500
187,191,154,1547721,3006,11773,971700
188,174,140,1547554,3033,11913,911500
189,193,162,1547354,3071,12075,862600
190,211,160,1547157,3108,12235,789700
191,182,181,1546953,3131,12416,731400
192,186,166,1546776,3142,12582,744400
193,179,167,1546598,3153,12749,883000
194,206,156,1546386,3209,12905,1125000
195,204,128,1546193,3274,13033,929700
196,205,159,1545993,3315,13192,771000
197,183,163,1545794,3351,13355,751500
198,177,176,1545622,3347,13531,809900
199,206,210,1545413,3346,13741,946800
200,202,187,1545221,3351,13928,941200
201,205,171,1545013,3388,14099,866400
202,235,161,1544801,3439,14260,811500
203,196,182,1544578,3480,14442,791200
204,190,184,1544397,3477,14626,841200
205,211,183,1544179,3512,14809,852400
206,208,166,1543968,3557,14975,3927200
207,174,168,1543793,3564,15143,1181800
208,182,177,1543618,3562,15320,1160000
209,200,211,1543424,3545,15531,1094100
210,205,175,1543219,3575,15706,879500
211,200,167,1543007,3620,15873,772000
212,195,170,1542822,3635,16043,881800
213,212,187,1542610,3660,16230,967600
214,230,192,1542376,3702,16422,986300
215,203,204,1542175,3699,16626,783200
216,197,206,1541980,3688,16832,711100
217,202,194,1541768,3706,17026,752300
218,224,214,1541552,3708,17240,703800
219,214,194,1541353,3713,17434,800800
220,220,193,1541110,3763,17627,842300
221,236,181,1540878,3814,17808,818900
222,206,209,1540668,3815,18017,793900
223,221,201,1540450,3832,18218,812800
224,213,197,1540230,3855,18415,734300
225,201,204,1540042,3839,18619,716300
226,222,219,1539832,3830,18838,910500
227,255,182,1539558,3922,19020,851500
228,233,217,1539326,3937,19237,793700
229,192,216,1539134,3913,19453,855600
230,251,207,1538889,3951,19660,749800
231,233,180,1538655,4005,19840,662000
232,248,218,1538413,4029,20058,715500
233,250,195,1538161,4086,20253,863200
234,238,197,1537922,4128,20450,931100
235,239,206,1537678,4166,20656,753600
236,260,212,1537428,4204,20868,805700
237,255,209,1537168,4255,21077,745200
238,248,220,1536921,4282,21297,669200
239,268,227,1536658,4318,21524,719900
240,228,219,1536418,4339,21743,874200
241,230,217,1536185,4355,21960,858600
242,248,212,1535945,4383,22172,824700
243,268,226,1535678,4424,22398,765200
244,232,216,1535446,4440,22614,727900
245,267,230,1535199,4457,22844,1019300
246,264,227,1534931,4498,23071,892400
247,274,238,1534657,4534,23309,958200
248,271,228,1534379,4584,23537,815200
249,271,282,1534107,4574,23819,772700
250,276,267,1533830,4584,24086,814400
251,273,227,1533563,4624,24313,743900
252,268,240,1533279,4668,24553,902100
253,263,250,1533029,4668,24803,1239600
254,234,236,1532788,4673,25039,961800
255,247,235,1532539,4687,25274,906500
256,251,253,1532291,4682,25527,802200
257,278,250,1532025,4698,25777,891500
258,250,223,1531758,4742,26000,971200
259,293,257,1531462,4781,26257,1030900
260,258,226,1531222,4795,26483,872200
261,262,244,1530952,4821,26727,831400
262,290,255,1530661,4857,26982,752900
263,277,223,1530396,4899,27205,765300
264,266,238,1530119,4938,27443,953200
265,277,277,1529848,4932,27720,1048300
266,284,263,1529552,4965,27983,1000700
267,290,253,1529252,5012,28236,810900
268,297,279,1528963,5022,28515,774800
269,278,259,1528694,5032,28774,883500
270,279,265,1528427,5034,29039,1282300
271,303,274,1528118,5069,29313,956700
272,270,252,1527844,5091,29565,912700
273,299,266,1527545,5124,29831,743300
274,305,260,1527248,5161,30091,755500
275,289,284,1526939,5186,30375,879400
276,303,264,1526648,5213,30639,1106800
277,267,278,1526373,5210,30917,1037700
278,289,282,1526091,5210,31199,798100
279,305,266,1525793,5242,31465,828700
280,270,281,1525516,5238,31746,716500
281,247,264,1525266,5224,32010,963500
282,301,254,1524961,5275,32264,1067800
283,299,251,1524676,5309,32515,784900
284,274,280,1524395,5310,32795,849800
285,308,278,1524089,5338,33073,754400
286,317,274,1523784,5369,33347,660900
287,320,285,1523470,5398,33632,799600
288,317,279,1523136,5453,33911,1067000
289,294,270,1522857,5462,34181,1039000
290,305,272,1522551,5496,34453,787400
291,310,303,1522237,5507,34756,852400
292,287,258,1521937,5549,35014,744300
293,297,300,1521652,5534,35314,685700
294,287,331,1521345,5510,35645,878600
295,298,276,1521056,5523,35921,863700
296,304,306,1520769,5504,36227,1018100
297,293,284,1520452,5537,36511,947100
298,287,287,1520161,5541,36798,802200
299,319,306,1519871,5525,37104,839500
300,323,304,1519546,5546,37408,1070500
301,275,296,1519261,5535,37704,908100
302,282,283,1518985,5528,37987,864500
303,277,294,1518690,5529,38281,806300
304,303,270,1518397,5552,38551,804000
305,311,280,1518096,5573,38831,751500
306,308,310,1517779,5580,39141,1016100
307,314,289,1517482,5588,39430,907700
308,309,276,1517150,5644,39706,883000
309,328,318,1516832,5644,40024,781400
310,366,324,1516475,5677,40348,793600
311,295,260,1516166,5726,40608,673600
312,340,316,1515839,5737,40924,731600
313,333,254,1515502,5820,41178,878300
314,333,274,1515177,5871,41452,862600
315,317,295,1514836,5917,41747,850800
316,316,301,1514539,5913,42048,779900
317,360,318,1514191,5943,42366,693700
318,320,324,1513853,5957,42690,664500
319,339,291,1513504,6015,42981,962300
320,324,280,1513185,6054,43261,1120500
321,322,322,1512869,6048,43583,1221900
322,320,285,1512540,6092,43868,913600
323,358,316,1512196,6120,44184,849300
324,347,323,1511842,6151,44507,1027000
325,360,317,1511485,6191,44824,1343100
326,324,306,1511169,6201,45130,1012100
327,322,303,1510843,6224,45433,859700
328,338,321,1510502,6244,45754,888600
329,327,349,1510182,6215,46103,977400
330,357,313,1509819,6265,46416,1009400
331,370,309,1509455,6320,46725,1062000
332,357,320,1509103,6352,47045,885600
333,312,350,1508773,6332,47395,813800
334,329,339,1508458,6308,47734,699500
335,311,285,1508129,6352,48019,752500
336,352,343,1507777,6361,48362,992700
337,328,323,1507447,6368,48685,1005700
338,341,310,1507104,6401,48995,957900
339,360,358,1506761,6386,49353,834400
340,358,369,1506394,6384,49722,756300
341,368,332,1506039,6407,50054,919400
342,352,316,1505692,6438,50370,1349600
343,352,354,1505336,6440,50724,951700
344,373,380,1504970,6426,51104,840000
345,370,337,1504590,6469,51441,815600
346,322,324,1504258,6477,51765,780900
347,385,350,1503904,6481,52115,811200
348,371,304,1503504,6577,52419,983200
349,396,316,1503130,6635,52735,961200
350,377,344,1502743,6678,53079,882700
351,339,331,1502398,6692,53410,873400
352,339,341,1502054,6695,53751,817600
353,345,358,1501719,6672,54109,800500
354,337,336,1501382,6673,54445,1067300
355,360,336,1501016,6703,54781,1107900
356,375,376,1500653,6690,55157,827400
357,386,339,1500260,6744,55496,765000
358,370,355,1499887,6762,55851,791300
359,367,348,1499511,6790,56199,824300
360,368,371,1499154,6776,56570,1015500
361,359,355,1498779,6796,56925,904600
362,362,348,1498438,6789,57273,817600
363,324,354,1498089,6784,57627,824500
364,373,351,1497729,6793,57978,720600
365,371,341,1497366,6815,58319,937200
366,377,359,1496984,6838,58678,968900
367,381,366,1496606,6850,59044,1004500
368,340,401,1496263,6792,59445,893600
369,383,349,1495889,6817,59794,783000
370,394,380,1495490,6836,60174,688100
371,375,334,1495122,6870,60508,679200
372,363,353,1494756,6883,60861,716000
373,371,335,1494372,6932,61196,872100
374,376,332,1494009,6963,61528,1005900
375,376,361,1493634,6977,61889,922000
376,365,338,1493263,7010,62227,870700
377,388,357,1492857,7059,62584,802000
378,404,348,1492477,7091,62932,814500
379,402,341,1492087,7140,63273,1446200
380,369,366,1491707,7154,63639,911000
381,414,377,1491304,7180,64016,855500
382,398,391,1490891,7202,64407,902300
383,385,361,1490509,7223,64768,800700
384,417,383,1490108,7241,65151,1204000
385,409,410,1489690,7249,65561,1036800
386,439,368,1489269,7302,65929,906700
387,369,389,1488876,7306,66318,748200
388,412,375,1488468,7339,66693,845500
389,420,427,1488039,7341,67120,894100
390,394,422,1487658,7300,67542,1235300
391,450,363,1487213,7382,67905,1056000
392,367,401,1486806,7388,68306,828900
393,415,388,1486420,7386,68694,781400
394,371,374,1486038,7394,69068,914500
395,451,393,1485614,7425,69461,1240800
396,402,403,1485207,7429,69864,1006600
397,397,367,1484812,7457,70231,1071800
398,399,369,1484399,7501,70600,903400
399,422,396,1483982,7522,70996,814900
400,432,404,1483549,7551,71400,1034300
401,434,376,1483116,7608,71776,1206000
402,409,413,1482725,7586,72189,935400
403,384,406,1482317,7588,72595,1103500
404,395,415,1481923,7567,73010,856700
405,431,375,1481509,7606,73385,888500
406,388,370,1481096,7649,73755,1226400
407,432,356,1480679,7710,74111,1069400
408,449,443,1480233,7713,74554,903300
409,423,373,1479799,7774,74927,936800
410,464,417,1479358,7798,75344,768000
411,407,404,1478934,7818,75748,964500
412,402,371,1478535,7846,76119,1126500
413,453,399,1478070,7912,76518,891700
414,409,424,1477682,7876,76942,795500
415,445,396,1477223,7939,77338,788500
416,417,393,1476794,7975,77731,715700
417,448,402,1476371,7996,78133,842000
418,475,410,1475891,8066,78543,1284000
419,423,395,1475468,8094,78938,1032700
420,427,418,1475038,8106,79356,988000
421,404,393,1474630,8121,79749,744900
422,463,404,1474175,8172,80153,741700
423,478,478,1473721,8148,80631,920900
424,451,386,1473262,8221,81017,984700
425,474,410,1472767,8306,81427,808700
426,401,444,1472363,8266,81871,783500
427,443,439,1471929,8261,82310,716200
428,426,430,1471488,8272,82740,675700
429,434,398,1471069,8293,83138,744500
430,445,449,1470633,8280,83587,1000500
431,465,419,1470144,8350,84006,883000
432,464,449,1469712,8333,84455,810800
433,468,436,1469231,8378,84891,726700
434,429,456,1468797,8356,85347,713900
435,437,440,1468356,8357,85787,673800
436,413,437,1467948,8328,86224,767400
437,441,432,1467514,8330,86656,1136100
438,399,421,1467094,8329,87077,970700
439,446,405,1466658,8360,87482,904000
440,475,435,1466189,8394,87917,855100
441,449,435,1465726,8422,88352,748700
442,435,448,1465279,8421,88800,783700
443,414,395,1464872,8433,89195,900000
444,400,431,1464480,8394,89626,907100
445,454,433,1464046,8395,90059,807900
446,472,470,1463562,8409,90529,777800
447,443,438,1463122,8411,90967,750700
448,420,427,1462686,8420,91394,700000
449,475,448,1462227,8431,91842,768700
450,482,437,1461751,8470,92279,920000
451,442,447,1461295,8479,92726,893200
452,422,420,1460870,8484,93146,786100
453,460,424,1460424,8506,93570,822700
454,414,452,1459989,8489,94022,746100
455,428,411,1459590,8477,94433,843000
456,441,477,1459143,8447,94910,916100
457,437,420,1458672,8498,95330,894600
458,476,449,1458214,8507,95779,777400
459,451,432,1457772,8517,96211,746100
460,468,454,1457298,8537,96665,715200
461,453,435,1456844,8556,97100,686500
462,468,492,1456389,8519,97592,819600
463,492,451,1455891,8566,98043,926900
464,468,465,1455417,8575,98508,935100
465,510,442,1454909,8641,98950,894000
466,483,443,1454429,8678,99393,745800
467,495,437,1453938,8732,99830,755900
468,499,464,1453433,8773,100294,694000
469,496,466,1452933,8807,100760,756600
470,495,460,1452462,8818,101220,888000
471,526,445,1451922,8913,101665,852100
472,478,454,1451453,8928,102119,772600
473,507,451,1450934,8996,102570,816900
474,491,480,1450450,9000,103050,706400
475,484,458,1449956,9036,103508,1033600
476,496,476,1449477,9039,103984,1001300
477,475,509,1448983,9024,104493,966500
478,488,461,1448508,9038,104954,922400
479,486,463,1448021,9062,105417,726500
480,469,463,1447552,9068,105880,672400
481,460,471,1447076,9073,106351,631500
482,497,451,1446593,9105,106802,711100
483,474,459,1446120,9119,107261,951800
484,489,451,1445639,9149,107712,885200
485,473,470,1445160,9158,108182,852400
486,477,431,1444691,9196,108613,784100
487,458,466,1444201,9220,109079,730000
488,491,497,1443736,9188,109576,685600
489,465,446,1443256,9222,110022,909400
490,467,469,1442787,9222,110491,1026700
491,520,503,1442287,9219,110994,835800
492,506,440,1441777,9289,111434,782800
493,523,477,1441244,9345,111911,773500
494,491,480,1440770,9339,112391,657900
495,515,478,1440252,9379,112869,763500
496,526,499,1439717,9415,113368,904100
497,514,499,1439203,9430,113867,993700
498,518,497,1438705,9431,114364,811600
499,518,492,1438169,9475,114856,816600
500,491,487,1437682,9475,115343,748600
501,522,520,1437157,9480,115863,675000
502,484,528,1436662,9447,116391,837100
503,535,487,1436135,9487,116878,896400
504,493,521,1435650,9451,117399,856100
505,508,492,1435149,9460,117891,747100
506,479,480,1434651,9478,118371,740700
507,481,483,1434184,9462,118854,725700
508,531,467,1433650,9529,119321,715700
509,426,515,1433203,9461,119836,831000
510,466,441,1432766,9457,120277,1063200
511,531,438,1432218,9567,120715,946900
512,526,479,1431707,9599,121194,728400
513,518,485,1431187,9634,121679,659800
514,497,498,1430677,9646,122177,692400
515,511,525,1430176,9622,122702,923300
516,508,532,1429656,9610,123234,947100
517,517,512,1429144,9610,123746,882600
518,534,496,1428621,9637,124242,823200
519,574,480,1428057,9721,124722,755700
520,502,503,1427533,9742,125225,696100
521,485,488,1427047,9740,125713,716800
522,514,527,1426547,9713,126240,705800
523,487,490,1426036,9734,126730,898600
524,531,493,1425540,9737,127223,989200
525,557,545,1424997,9735,127768,781000
526,540,498,1424438,9796,128266,769700
527,495,484,1423934,9816,128750,662600
528,534,516,1423404,9830,129266,663500
529,531,506,1422861,9867,129772,718500
530,503,514,1422379,9835,130286,933000
531,556,505,1421835,9874,130791,977300
532,493,525,1421313,9871,131316,808700
533,529,524,1420779,9881,131840,837600
534,558,543,1420233,9884,132383,717700
535,507,515,1419714,9888,132898,622100
536,559,505,1419157,9940,133403,797200
537,533,477,1418641,9979,133880,909700
538,534,548,1418095,9977,134428,835500
539,578,520,1417512,10040,134948,757100
540,567,526,1416953,10073,135474,695900
541,539,552,1416412,10062,136026,676900
542,552,491,1415863,10120,136517,1987900
543,582,569,1415276,10138,137086,1072500
544,580,557,1414712,10145,137643,879300
545,548,514,1414151,10192,138157,836600
546,565,510,1413578,10255,138667,688800
547,538,515,1413034,10284,139182,720100
548,586,533,1412451,10334,139715,727900
549,552,556,1411922,10307,140271,927400
550,548,535,1411374,10320,140806,1012200
551,584,511,1410796,10387,141317,784200
552,596,539,1410211,10433,141856,776900
553,568,576,1409605,10463,142432,728400
554,579,520,1409041,10507,142952,637600
555,589,521,1408469,10558,143473,751800
556,555,528,1407897,10602,144001,903500
557,631,526,1407261,10712,144527,956000
558,617,538,1406667,10768,145065,712100
559,568,529,1406075,10831,145594,806400
560,574,593,1405522,10791,146187,673200
561,565,572,1404950,10791,146759,655500
562,635,618,1404324,10799,147377,725600
563,596,568,1403733,10822,147945,919700
564,590,590,1403134,10831,148535,892700
565,595,541,1402534,10890,149076,775700
566,598,561,1401921,10942,149637,720000
567,551,564,1401401,10898,150201,735000
568,613,542,1400786,10971,150743,700200
569,594,522,1400165,11070,151265,946000
570,629,548,1399550,11137,151813,875200
571,632,632,1398902,11153,152445,729300
572,634,518,1398304,11233,152963,821900
573,642,599,1397646,11292,153562,748100
574,619,589,1397009,11340,154151,719900
575,641,567,1396379,11403,154718,647700
576,580,582,1395811,11389,155300,901500
577,607,613,1395181,11406,155913,873400
578,591,583,1394610,11394,156496,770000
579,646,594,1393974,11436,157090,757300
580,596,588,1393344,11478,157678,718600
581,628,612,1392739,11471,158290,723700
582,565,590,1392181,11439,158880,731700
583,559,596,1391604,11420,159476,922500
584,642,564,1390987,11473,160040,848600
585,610,611,1390340,11509,160651,824400
586,590,592,1389761,11496,161243,706600
587,632,592,1389131,11534,161835,770200
588,601,584,1388520,11561,162419,738000
589,638,583,1387897,11601,163002,688000
590,572,628,1387314,11556,163630,917600
591,608,622,1386698,11550,164252,1003100
592,641,614,1386079,11555,164866,782300
593,599,582,1385470,11582,165448,825400
594,602,580,1384890,11582,166028,704100
595,587,573,1384284,11615,166601,675500
596,600,638,1383676,11585,167239,772900
597,632,606,1383054,11601,167845,798500
598,612,571,1382452,11632,168416,967000
599,634,627,1381801,11656,169043,973600
600,626,616,1381189,11652,169659,1029900
601,618,595,1380584,11662,170254,724600
602,665,588,1379925,11733,170842,731200
603,689,651,1379230,11777,171493,927200
604,639,639,1378590,11778,172132,882100
605,627,599,1377932,11837,172731,837600
606,653,621,1377319,11829,173352,772400
607,617,627,1376679,11842,173979,730200
608,621,589,1376056,11876,174568,662500
609,658,627,1375392,11913,175195,706000
610,616,554,1374759,11992,175749,840800
611,638,617,1374152,11982,176366,1003500
612,654,608,1373504,12022,176974,852500
613,648,618,1372828,12080,177592,811300
614,672,613,1372175,12120,178205,657000
615,690,596,1371497,12202,178801,663000
616,644,653,1370840,12206,179454,816300
617,664,666,1370183,12197,180120,872400
618,664,651,1369500,12229,180771,1005200
619,625,611,1368880,12238,181382,830800
620,658,639,1368243,12236,182021,872100
621,613,657,1367616,12206,182678,809100
622,639,602,1366984,12236,183280,731900
623,605,640,1366367,12213,183920,906100
624,646,647,1365739,12194,184567,914400
625,640,673,1365100,12160,185240,865400
626,650,631,1364435,12194,185871,716300
627,640,616,1363791,12222,186487,809200
628,654,618,1363151,12244,187105,736900
629,616,623,1362526,12246,187728,805700
630,684,641,1361866,12265,188369,959700
631,636,659,1361211,12261,189028,857900
632,638,676,1360561,12235,189704,701900
633,669,660,1359917,12219,190364,712000
634,662,649,1359235,12252,191013,689900
635,654,634,1358584,12269,191647,673500
636,688,680,1357899,12274,192327,725000
637,660,631,1357248,12294,192958,963100
638,623,626,1356597,12319,193584,963100
639,669,605,1355973,12338,194189,836700
640,670,629,1355305,12377,194818,802800
641,667,611,1354619,12452,195429,893900
642,663,638,1353946,12487,196067,751300
643,638,673,1353292,12468,196740,831200
644,681,692,1352625,12443,197432,718300
645,663,659,1351982,12427,198091,838700
646,672,652,1351312,12445,198743,861300
647,684,612,1350613,12532,199355,744500
648,657,641,1349936,12568,199996,750600
649,629,631,1349324,12549,200627,729900
650,647,619,1348697,12557,201246,816800
651,721,658,1347966,12630,201904,708000
652,656,701,1347305,12590,202605,703400
653,691,647,1346618,12630,203252,675500
654,679,653,1345932,12663,203905,750700
655,703,655,1345242,12698,204560,853800
656,712,651,1344523,12766,205211,786500
657,650,668,1343859,12762,205879,905700
658,724,667,1343163,12791,206546,863400
659,735,612,1342420,12922,207158,812900
660,712,689,1341709,12944,207847,828100
661,698,616,1341007,13030,208463,743000
662,664,683,1340307,13047,209146,774000
663,702,685,1339654,13015,209831,786100
664,674,696,1338956,13017,210527,749000
665,717,685,1338244,13044,211212,881800
666,691,687,1337575,13026,211899,873400
667,717,684,1336843,13074,212583,757900
668,708,684,1336125,13108,213267,718200
669,735,695,1335417,13121,213962,707500
670,730,683,1334673,13182,214645,850300
671,705,675,1333963,13217,215320,982700
672,710,669,1333241,13270,215989,867600
673,655,687,1332584,13240,216676,800800
674,722,678,1331874,13272,217354,775800
675,775,717,1331119,13310,218071,747000
676,671,687,1330423,13319,218758,792400
677,679,676,1329741,13325,219434,980100
678,785,695,1328963,13408,220129,936700
679,708,730,1328262,13379,220859,776400
680,662,700,1327596,13345,221559,815600
681,701,702,1326888,13351,222261,725900
682,689,707,1326208,13324,222968,687900
683,697,726,1325495,13311,223694,709500
684,703,701,1324806,13299,224395,843700
685,698,744,1324105,13256,225139,1084600
686,721,720,1323389,13252,225859,828700
687,714,673,1322674,13294,226532,820500
688,736,673,1321945,13350,227205,720300
689,692,685,1321249,13361,227890,785000
690,700,761,1320568,13281,228651,963500
691,703,642,1319828,13379,229293,890400
692,721,679,1319136,13392,229972,880400
693,703,706,1318404,13418,230678,770500
694,695,729,1317720,13373,231407,774700
695,732,739,1316998,13356,232146,685100
696,702,703,1316287,13364,232849,738100
697,696,698,1315595,13358,233547,871900
698,755,749,1314863,13341,234296,937000
699,723,725,1314134,13345,235021,867100
700,731,687,1313392,13400,235708,751300
701,730,709,1312655,13428,236417,662300
702,648,636,1311988,13459,237053,732700
703,667,677,1311333,13437,237730,716000
704,663,743,1310661,13366,238473,914500
705,660,718,1310022,13287,239191,946000
706,645,638,1309369,13302,239829,768500
707,697,645,1308679,13347,240474,741600
708,713,696,1307973,13357,241170,732100
709,739,739,1307238,13353,241909,636800
710,655,684,1306568,13339,242593,699800
711,677,689,1305886,13332,243282,840900
712,673,702,1305203,13313,243984,919100
713,662,715,1304524,13277,244699,769300
714,673,677,1303880,13244,245376,767500
715,704,684,1303168,13272,246060,816200
716,677,647,1302499,13294,246707,746300
717,721,709,1301812,13272,247416,714500
718,716,663,1301060,13361,248079,876000
719,657,683,1300395,13343,248762,911200
720,687,708,1299718,13312,249470,765800
721,673,700,1299046,13284,250170,744100
722,707,682,1298347,13301,250852,705700
723,653,682,1297677,13289,251534,708400
724,739,715,1296981,13270,252249,752300
725,646,716,1296309,13226,252965,1010000
726,663,657,1295636,13242,253622,899200
727,715,703,1294960,13215,254325,842400
728,674,680,1294247,13248,255005,757400
729,694,656,1293542,13297,255661,751900
730,662,683,1292874,13282,256344,853300
731,605,714,1292280,13162,257058,911200
732,638,663,1291636,13143,257721,968900
733,654,643,1290971,13165,258364,823000
734,687,683,1290290,13163,259047,832800
735,672,655,1289636,13162,259702,913500
736,638,667,1288994,13137,260369,847500
737,676,688,1288325,13118,261057,1168400
738,672,673,1287660,13110,261730,963800
739,640,654,1286997,13119,262384,827400
740,613,667,1286381,13068,263051,773500
741,688,677,1285722,13050,263728,742500
742,630,629,1285081,13062,264357,762600
743,664,658,1284415,13070,265015,790700
744,691,731,1283716,13038,265746,878400
745,668,674,1283066,13014,266420,781500
746,704,729,1282368,12983,267149,814800
747,721,626,1281662,13063,267775,839800
748,645,710,1280996,13019,268485,865900
749,654,696,1280336,12983,269181,973500
750,643,678,1279685,12956,269859,969700
751,698,664,1278997,12980,270523,1033600
752,703,661,1278302,13014,271184,923700
753,686,691,1277584,13041,271875,858600
754,613,701,1276987,12937,272576,839200
755,655,618,1276331,12975,273194,798200
756,674,681,1275668,12957,273875,893400
757,706,659,1274941,13025,274534,915600
758,645,704,1274294,12968,275238,849000
759,661,662,1273651,12949,275900,807300
760,719,693,1272928,12979,276593,879000
761,678,646,1272245,13016,277239,1006200
762,662,694,1271579,12988,277933,944200
763,674,701,1270923,12943,278634,955400
764,699,689,1270228,12949,279323,820700
765,701,669,1269517,12991,279992,813100
766,636,670,1268878,12960,280662,731700
767,668,668,1268209,12961,281330,714900
768,655,701,1267550,12919,282031,799400
769,640,668,1266918,12883,282699,998400
770,617,649,1266285,12867,283348,976800
771,639,676,1265638,12838,284024,902200
772,638,671,1265011,12794,284695,919100
773,662,701,1264344,12760,285396,784900
774,628,666,1263727,12711,286062,853500
775,681,685,1263049,12704,286747,1240700
776,648,658,1262408,12687,287405,1118700
777,608,698,1261774,12623,288103,1241900
778,641,631,1261151,12615,288734,863200
779,651,638,1260507,12621,289372,884200
780,631,644,1259852,12632,290016,1286400
781,610,686,1259252,12546,290702,1038100
782,648,658,1258600,12540,291360,942900
783,652,657,1257952,12531,292017,917900
784,665,684,1257299,12500,292701,825500
785,628,670,1256665,12464,293371,1279100
786,668,648,1256000,12481,294019,1172800
787,597,674,1255387,12420,294693,1017900
788,598,599,1254789,12419,295292,1113600
789,610,638,1254189,12381,295930,961500
790,595,591,1253578,12401,296521,1353900
791,607,589,1252979,12411,297110,1231900
792,600,616,1252381,12393,297726,1009800
793,591,628,1251793,12353,298354,1052400
794,627,683,1251167,12296,299037,971900
795,593,601,1250563,12299,299638,1190200
796,579,605,1249993,12264,300243,1069600
797,626,582,1249368,12307,300825,872500
798,643,652,1248713,12310,301477,887700
799,629,632,1248100,12291,302109,727300
800,620,662,1247458,12271,302771,937200
801,597,652,1246854,12223,303423,1015400
802,621,599,1246237,12241,304022,1010200
803,613,632,1245652,12194,304654,783900
804,595,648,1245045,12153,305302,743400
805,601,643,1244437,12118,305945,758300
806,592,647,1243840,12068,306592,931900
807,568,587,1243283,12038,307179,946800
808,633,613,1242644,12064,307792,926400
809,605,613,1242037,12058,308405,785500
810,651,617,1241403,12075,309022,722300
811,570,677,1240811,11990,309699,759700
812,588,592,1240220,11989,310291,709000
813,639,652,1239611,11946,310943,743500
814,567,605,1239009,11943,311548,952800
815,553,595,1238481,11876,312143,940900
816,560,654,1237903,11800,312797,739200
817,587,643,1237327,11733,313440,745100
818,607,603,1236717,11740,314043,774100
819,538,586,1236185,11686,314629,690700
820,573,589,1235597,11685,315218,713600
821,569,585,1235047,11650,315803,931800
822,582,624,1234470,11603,316427,1040300
823,578,583,1233861,11629,317010,922400
824,597,608,1233275,11607,317618,783300
825,568,581,1232696,11605,318199,676700
826,600,609,1232129,11563,318808,897000
827,601,641,1231512,11539,319449,948400
828,582,627,1230948,11476,320076,896000
829,609,559,1230321,11544,320635,733900
830,543,561,1229764,11540,321196,733800
831,642,626,1229177,11501,321822,815300
832,637,614,1228510,11554,322436,700200
833,601,603,1227905,11556,323039,704300
834,637,613,1227257,11591,323652,867500
835,593,580,1226686,11582,324232,858300
836,591,641,1226085,11542,324873,724900
837,601,613,1225460,11554,325486,711100
838,615,625,1224867,11522,326111,673200
839,618,609,1224258,11522,326720,792000
840,634,578,1223598,11604,327298,833300
841,608,603,1223002,11597,327901,930100
842,637,600,1222383,11616,328501,964100
843,594,582,1221773,11644,329083,748200
844,585,585,1221176,11656,329668,734200
845,609,571,1220577,11684,330239,765800
846,629,630,1219962,11669,330869,675600
847,665,637,1219295,11699,331506,727700
848,619,623,1218681,11690,332129,916300
849,624,585,1218049,11737,332714,928200
850,657,614,1217419,11753,333328,751000
851,642,622,1216738,11812,333950,1055900
852,634,603,1216122,11825,334553,967300
853,662,609,1215452,11886,335162,1139300
854,645,628,1214814,11896,335790,947500
855,595,647,1214202,11861,336437,826700
856,580,621,1213631,11811,337058,804900
857,609,601,1213009,11832,337659,734200
858,595,588,1212429,11824,338247,859300
859,610,610,1211801,11842,338857,958500
860,588,568,1211214,11861,339425,880100
861,596,617,1210623,11835,340042,747000
862,597,676,1210028,11754,340718,745500
863,541,634,1209473,11675,341352,717900
864,607,604,1208898,11646,341956,695800
865,618,638,1208261,11645,342594,693000
866,589,605,1207691,11610,343199,979500
867,583,557,1207072,11672,343756,872300
868,614,553,1206493,11698,344309,730600
869,579,602,1205894,11695,344911,755600
870,584,630,1205325,11634,345541,744400
871,580,584,1204729,11646,346125,743400
872,638,629,1204103,11643,346754,761200
873,589,615,1203505,11626,347369,924100
874,608,591,1202907,11633,347960,888400
875,589,623,1202291,11626,348583,776200
876,573,611,1201740,11566,349194,810200
877,587,548,1201175,11583,349742,700000
878,563,605,1200585,11568,350347,686200
879,578,586,1200004,11563,350933,693600
880,584,588,1199431,11548,351521,986600
881,562,622,1198863,11494,352143,897100
882,558,580,1198301,11476,352723,754700
883,595,586,1197722,11469,353309,725200
884,579,599,1197126,11466,353908,706300
885,590,594,1196539,11459,354502,668900
886,582,564,1195961,11473,355066,733100
887,663,577,1195326,11531,355643,970100
888,630,551,1194679,11627,356194,938400
889,601,578,1194062,11666,356772,789100
890,611,630,1193472,11626,357402,855800
891,576,604,1192890,11604,358006,716200
892,604,598,1192257,11639,358604,673000
893,598,613,1191679,11604,359217,798700
894,628,663,1191054,11566,359880,1069900
895,616,612,1190440,11568,360492,917500
896,632,576,1189810,11622,361068,791400
897,617,599,1189184,11649,361667,910600
898,616,616,1188588,11629,362283,969700
899,609,572,1187962,11683,362855,1001100
900,603,580,1187372,11693,363435,1198300
901,610,603,1186755,11707,364038,904600
902,587,628,1186156,11678,364666,846500
903,627,605,1185546,11683,365271,856000
904,582,627,1184936,11666,365898,743900
905,611,625,1184360,11617,366523,883900
906,601,597,1183748,11632,367120,899200
907,623,612,1183104,11664,367732,841400
908,575,575,1182552,11641,368307,782600
909,575,622,1181959,11612,368929,725500
910,545,602,1181417,11552,369531,688000
911,558,607,1180851,11511,370138,647400
912,584,564,1180272,11526,370702,796400
913,547,596,1179718,11484,371298,741200
914,567,592,1179159,11451,371890,787500
915,544,580,1178609,11421,372470,732200
916,576,612,1178045,11373,373082,739400
917,567,575,1177479,11364,373657,682200
918,560,610,1176900,11333,374267,690500
919,607,571,1176319,11343,374838,786200
920,569,583,1175742,11337,375421,886000
921,536,583,1175200,11296,376004,761600
922,587,574,1174611,11311,376578,767500
923,604,556,1174014,11352,377134,699600
924,552,576,1173459,11331,377710,796800
925,572,554,1172908,11328,378264,933400
926,545,601,1172337,11298,378865,982300
927,593,576,1171753,11306,379441,849200
928,571,583,1171175,11301,380024,826500
929,555,592,1170621,11263,380616,750100
930,554,576,1170054,11254,381192,877300
931,538,585,1169525,11198,381777,855500
932,527,560,1168992,11171,382337,810300
933,620,579,1168409,11175,382916,818700
934,560,601,1167823,11160,383517,849500
935,547,555,1167266,11162,384072,903000
936,574,521,1166714,11193,384593,811000
937,549,598,1166157,11152,385191,784200
938,575,631,1165585,11093,385822,710600
939,573,586,1165013,11079,386408,693100
940,560,551,1164444,11097,386959,921700
941,583,553,1163870,11118,387512,948400
942,556,546,1163289,11153,388058,758600
943,537,554,1162771,11117,388612,737600
944,584,566,1162191,11131,389178,721400
945,582,544,1161595,11183,389722,695900
946,582,560,1161021,11197,390282,728800
947,592,586,1160434,11198,390868,931900
948,594,564,1159834,11234,391432,896400
949,566,592,1159263,11213,392024,779300
950,572,546,1158713,11217,392570,770300
951,532,572,1158141,11217,393142,782900
952,539,587,1157612,11159,393729,703200
953,520,565,1157091,11115,394294,710900
954,511,549,1156580,11077,394843,885500
955,572,558,1156025,11074,395401,898400
956,565,576,1155457,11066,395977,729100
957,612,601,1154850,11072,396578,736500
958,531,599,1154291,11032,397177,685400
959,551,575,1153768,10980,397752,653400
960,533,562,1153235,10951,398314,703200
961,510,556,1152714,10916,398870,841900
962,491,515,1152230,10885,399385,854500
963,562,543,1151656,10916,399928,781300
964,495,524,1151165,10883,400452,706200
965,528,584,1150634,10830,401036,676800
966,550,551,1150091,10822,401587,715100
967,537,560,1149544,10809,402147,801200
968,528,547,1149023,10783,402694,891300
969,518,529,1148508,10769,403223,941900
970,540,561,1147985,10731,403784,746900
971,512,538,1147426,10752,404322,691600
972,521,559,1146912,10707,404881,670800
973,524,555,1146403,10661,405436,639200
974,552,565,1145860,10639,406001,594700
975,520,518,1145328,10653,406519,736300
976,513,535,1144810,10636,407054,895800
977,551,510,1144292,10644,407564,841300
978,524,544,1143744,10648,408108,856900
979,534,539,1143191,10662,408647,724400
980,499,539,1142700,10614,409186,707700
981,519,556,1142192,10566,409742,661200
982,492,577,1141689,10492,410319,727500
983,496,578,1141195,10408,410897,1005700
984,526,530,1140670,10403,411427,866100
985,524,486,1140141,10446,411913,745600
986,493,521,1139661,10405,412434,797200
987,487,512,1139176,10378,412946,821200
988,491,552,1138681,10321,413498,799800
989,537,495,1138155,10352,413993,865500
990,491,510,1137641,10356,414503,815600
991,508,582,1137156,10259,415085,754200
992,512,520,1136635,10260,415605,726300
993,471,504,1136154,10237,416109,694500
994,505,523,1135658,10210,416632,616300
995,474,507,1135181,10180,417139,642300
996,476,528,1134702,10131,417667,707300
997,474,542,1134228,10063,418209,898800
998,479,480,1133748,10063,418689,795400
999,455,511,1133296,10004,419200,692400
1000,519,546,1132785,9969,419746,687700
1001,481,505,1132286,9963,420251,713300
1002,439,526,1131860,9863,420777,691400
1003,466,525,1131393,9805,421302,720200
1004,459,505,1130929,9764,421807,827700
1005,474,515,1130467,9711,422322,801500
1006,509,507,1129959,9712,422829,787700
1007,455,474,1129498,9699,423303,724500
1008,426,490,1129057,9650,423793,653800
1009,436,514,1128609,9584,424307,708600
1010,460,515,1128162,9516,424822,639500
1011,432,497,1127734,9447,425319,751900
1012,455,517,1127284,9380,425836,897600
1013,422,461,1126850,9353,426297,819500
1014,456,466,1126409,9328,426763,731100
1015,472,505,1125930,9302,427268,721900
1016,439,483,1125500,9249,427751,692200
1017,439,533,1125057,9159,428284,642300
1018,431,463,1124613,9140,428747,684500
1019,432,473,1124176,9104,429220,822400
1020,403,463,1123764,9053,429683,906100
1021,399,462,1123378,8977,430145,765200
1022,481,471,1122905,8979,430616,683400
1023,457,427,1122445,9012,431043,705600
1024,457,462,1121985,9010,431505,669300
1025,474,472,1121536,8987,431977,708300
1026,432,460,1121089,8974,432437,832600
1027,400,479,1120675,8909,432916,954100
1028,459,445,1120240,8899,433361,757100
1029,451,452,1119783,8904,433813,739300
1030,422,450,1119332,8905,434263,767100
1031,431,468,1118914,8855,434731,669400
1032,419,485,1118503,8781,435216,782900
1033,419,441,1118068,8775,435657,878600
1034,428,462,1117644,8737,436119,825400
1035,398,457,1117246,8678,436576,745500
1036,434,424,1116824,8676,437000,760900
1037,418,455,1116396,8649,437455,722300
1038,429,457,1115971,8617,437912,670700
1039,409,421,1115583,8584,438333,1246800
1040,433,429,1115132,8606,438762,1011600
1041,424,398,1114706,8634,439160,920100
1042,438,468,1114277,8595,439628,762200
1043,411,446,1113842,8584,440074,728600
1044,459,459,1113393,8574,440533,659900
1045,426,460,1112951,8556,440993,763300
1046,384,443,1112567,8497,441436,847600
1047,422,437,1112169,8458,441873,901000
1048,433,410,1111740,8477,442283,849100
1049,418,458,1111320,8439,442741,717400
1050,438,476,1110885,8398,443217,720000
1051,426,444,1110432,8407,443661,721100
1052,421,423,1110036,8380,444084,741800
1053,428,442,1109608,8366,444526,822400
1054,443,433,1109171,8370,444959,839200
1055,389,446,1108766,8329,445405,805100
1056,381,425,1108380,8290,445830,720700
1057,373,379,1108014,8277,446209,688300
1058,370,398,1107637,8256,446607,661800
1059,389,390,1107254,8249,446997,638700
1060,382,413,1106876,8214,447410,690800
1061,411,428,1106463,8199,447838,854400
1062,405,442,1106055,8165,448280,869400
1063,369,451,1105685,8084,448731,770600
1064,333,432,1105339,7998,449163,764300
1065,389,399,1104965,7973,449562,822400
1066,378,421,1104584,7933,449983,745100
1067,358,406,1104215,7896,450389,750600
1068,366,427,1103860,7824,450816,888700
1069,381,388,1103468,7828,451204,883000
1070,382,416,1103097,7783,451620,796700
1071,364,375,1102722,7783,451995,741000
1072,365,386,1102360,7759,452381,709800
1073,342,401,1102013,7705,452782,697900
1074,429,396,1101620,7702,453178,757700
1075,415,409,1101199,7714,453587,874800
1076,381,420,1100800,7693,454007,824400
1077,348,411,1100441,7641,454418,732600
1078,383,385,1100067,7630,454803,738000
1079,357,379,1099711,7607,455182,708500
1080,369,398,1099345,7575,455580,698500
1081,391,427,1098955,7538,456007,724100
1082,329,367,1098617,7509,456374,838000
1083,365,387,1098241,7498,456761,856300
1084,342,376,1097910,7453,457137,841400
1085,346,389,1097569,7405,457526,738200
1086,347,363,1097221,7390,457889,743300
1087,345,358,1096871,7382,458247,657600
1088,377,417,1096503,7333,458664,756000
1089,367,376,1096137,7323,459040,909000
1090,386,381,1095753,7326,459421,984800
1091,355,397,1095398,7284,459818,922100
1092,352,372,1095036,7274,460190,716800
1093,372,381,1094665,7264,460571,701600
1094,381,363,1094271,7295,460934,732300
1095,372,376,1093909,7281,461310,759100
1096,406,395,1093514,7281,461705,826200
1097,371,346,1093144,7305,462051,868200
1098,370,373,1092779,7297,462424,763000
1099,372,370,1092391,7315,462794,708400
1100,346,357,1092045,7304,463151,751400
1101,356,340,1091686,7323,463491,674800
1102,377,358,1091324,7327,463849,712800
1103,385,379,1090957,7315,464228,844800
1104,385,393,1090530,7349,464621,824000
1105,378,369,1090174,7336,464990,793900
1106,359,397,1089804,7309,465387,718200
1107,390,389,1089426,7298,465776,744100
1108,375,363,1089051,7310,466139,664400
1109,372,377,1088659,7325,466516,734100
1110,349,342,1088340,7302,466858,858200
1111,375,369,1087935,7338,467227,943100
1112,385,417,1087571,7285,467644,830300
1113,396,383,1087176,7297,468027,728600
1114,357,385,1086796,7292,468412,776300
1115,390,356,1086433,7299,468768,723100
1116,417,389,1085993,7350,469157,722700
1117,356,381,1085643,7319,469538,873800
1118,353,369,1085280,7313,469907,963100
1119,369,363,1084937,7293,470270,966200
1120,338,373,1084580,7277,470643,786300
1121,350,422,1084246,7189,471065,655200
1122,337,351,1083895,7189,471416,728200
1123,356,397,1083537,7150,471813,835400
1124,357,343,1083180,7164,472156,940700
1125,326,369,1082856,7119,472525,817900
1126,349,348,1082515,7112,472873,777800
1127,361,367,1082154,7106,473240,753800
1128,335,355,1081796,7109,473595,735300
1129,326,361,1081492,7052,473956,786100
1130,357,313,1081135,7096,474269,770300
1131,318,337,1080809,7085,474606,784700
1132,387,365,1080419,7110,474971,855000
1133,340,385,1080087,7057,475356,751000
1134,309,371,1079776,6997,475727,745400
1135,328,364,1079444,6965,476091,697500
1136,326,352,1079117,6940,476443,649100
1137,355,371,1078785,6901,476814,707600
1138,341,365,1078430,6891,477179,817500
1139,303,356,1078099,6866,477535,809000
1140,339,317,1077778,6870,477852,719900
1141,365,372,1077420,6856,478224,652700
1142,346,354,1077074,6848,478578,724100
1143,361,389,1076712,6821,478967,630500
1144,347,350,1076365,6818,479317,733900
1145,347,377,1076014,6792,479694,997800
1146,330,348,1075675,6783,480042,911300
1147,331,350,1075349,6759,480392,880200
1148,331,348,1075017,6743,480740,766100
1149,330,328,1074688,6744,481068,700900
1150,378,347,1074327,6758,481415,724400
1151,307,340,1073998,6747,481755,720700
1152,373,326,1073643,6776,482081,845800
1153,400,333,1073238,6848,482414,921700
1154,385,360,1072857,6869,482774,779200
1155,384,360,1072480,6886,483134,742500
1156,387,354,1072081,6931,483488,753100
1157,373,380,1071709,6923,483868,723000
1158,386,349,1071326,6957,484217,732400
1159,339,362,1070973,6948,484579,898000
1160,366,343,1070620,6958,484922,884500
1161,394,332,1070220,7026,485254,750300
1162,363,384,1069857,7005,485638,721800
1163,400,366,1069457,7039,486004,690400
1164,366,368,1069096,7032,486372,724100
1165,378,370,1068716,7042,486742,735600
1166,353,372,1068372,7014,487114,1023200
1167,360,336,1068006,7044,487450,939100
1168,362,359,1067645,7046,487809,855300
1169,375,382,1067281,7028,488191,793900
1170,343,374,1066918,7017,488565,765400
1171,360,366,1066573,6996,488931,817000
1172,378,360,1066184,7025,489291,937300
1173,358,377,1065842,6990,489668,925900
1174,378,339,1065456,7037,490007,805400
1175,398,377,1065075,7041,490384,738200
1176,357,338,1064692,7086,490722,703500
1177,349,350,1064338,7090,491072,769400
1178,387,345,1063965,7118,491417,1006400
1179,333,340,1063632,7111,491757,1166000
1180,371,356,1063268,7119,492113,1226500
1181,372,363,1062884,7140,492476,808800
1182,364,360,1062537,7127,492836,844600
1183,350,376,1062161,7127,493212,774100
1184,395,400,1061781,7107,493612,872600
1185,335,381,1061444,7063,493993,908500
1186,350,356,1061100,7051,494349,824200
1187,351,344,1060739,7068,494693,744300
1188,351,317,1060393,7097,495010,777800
1189,383,340,1060025,7125,495350,731500
1190,367,363,1059647,7140,495713,726600
1191,351,390,1059289,7108,496103,1012300
1192,397,377,1058890,7130,496480,1002000
1193,373,362,1058514,7144,496842,777800
1194,388,342,1058144,7172,497184,772400
1195,370,351,1057759,7206,497535,726800
1196,369,343,1057400,7222,497878,792000
1197,387,358,1056996,7268,498236,823000
1198,351,372,1056654,7238,498608,995700
1199,321,375,1056330,7187,498983,934700
1200,340,360,1055987,7170,499343,972600
1201,394,347,1055605,7205,499690,775400
1202,348,357,1055244,7209,500047,709000
1203,326,359,1054935,7159,500406,816000
1204,348,373,1054585,7136,500779,962600
1205,327,361,1054241,7119,501140,884700
1206,355,371,1053893,7096,501511,816700
1207,342,374,1053556,7059,501885,746800
1208,337,359,1053207,7049,502244,732100
1209,328,382,1052867,7007,502626,717100
1210,346,383,1052526,6965,503009,878900
1211,369,344,1052185,6962,503353,981100
1212,363,359,1051799,6989,503712,945800
1213,336,341,1051465,6982,504053,845500
1214,361,357,1051110,6980,504410,762000
1215,332,356,1050786,6948,504766,706100
1216,333,362,1050444,6928,505128,860100
1217,329,351,1050115,6906,505479,953900
1218,344,354,1049772,6895,505833,829700
1219,345,367,1049408,6892,506200,774300
1220,355,357,1049074,6869,506557,667000
1221,346,373,1048726,6844,506930,658100
1222,344,383,1048386,6801,507313,697500
1223,336,342,1048048,6797,507655,632400
1224,372,391,1047674,6780,508046,838300
1225,356,346,1047315,6793,508392,918200
1226,326,346,1046997,6765,508738,800000
1227,360,370,1046637,6755,509108,866800
1228,366,358,1046266,6768,509466,719000
1229,345,337,1045928,6769,509803,656700
1230,344,347,1045580,6770,510150,781400
1231,320,352,1045263,6735,510502,813400
1232,346,362,1044918,6718,510864,833600
1233,316,325,1044579,6732,511189,777900
1234,375,321,1044232,6758,511510,718000
1235,343,331,1043872,6787,511841,714700
1236,353,283,1043526,6850,512124,646600
1237,336,346,1043188,6842,512470,758100
1238,380,370,1042818,6842,512840,778600
1239,367,347,1042456,6857,513187,869000
1240,342,357,1042099,6857,513544,815500
1241,343,357,1041746,6853,513901,776400
1242,331,362,1041434,6803,514263,708900
1243,361,394,1041060,6783,514657,687000
1244,343,347,1040735,6761,515004,654700
1245,369,344,1040357,6795,515348,660900
1246,369,344,1039977,6831,515692,829700
1247,362,348,1039627,6833,516040,796200
1248,339,336,1039276,6848,516376,683900
1249,341,358,1038945,6821,516734,716500
1250,329,385,1038611,6770,517119,685100
1251,357,348,1038247,6786,517467,645200
1252,329,328,1037916,6789,517795,615200
1253,307,336,1037607,6762,518131,666200
1254,358,340,1037281,6748,518471,821600
1255,355,341,1036908,6780,518812,826300
1256,347,366,1036554,6768,519178,718900
1257,377,378,1036185,6759,519556,674400
1258,334,341,1035839,6764,519897,672400
1259,334,335,1035517,6751,520232,636900
1260,372,363,1035145,6760,520595,801600
1261,360,351,1034783,6771,520946,890600
1262,354,376,1034426,6752,521322,793100
1263,350,365,1034079,6734,521687,821700
1264,342,339,1033741,6733,522026,753100
1265,338,324,1033392,6758,522350,661500
1266,325,360,1033059,6731,522710,680600
1267,351,343,1032723,6724,523053,814000
1268,357,368,1032370,6709,523421,844700
1269,330,356,1032040,6683,523777,816800
1270,327,341,1031700,6682,524118,705800
1271,341,346,1031367,6669,524464,680400
1272,335,335,1031032,6669,524799,746400
1273,390,331,1030652,6718,525130,654700
1274,335,369,1030314,6687,525499,640000
1275,373,339,1029947,6715,525838,677900
1276,369,372,1029575,6715,526210,882000
1277,352,349,1029212,6729,526559,863200
1278,325,376,1028904,6661,526935,698200
1279,341,372,1028548,6645,527307,697500
1280,343,352,1028193,6648,527659,724500
1281,322,362,1027877,6602,528021,660800
1282,351,318,1027528,6633,528339,746900
1283,357,344,1027167,6650,528683,846200
1284,334,360,1026846,6611,529043,829700
1285,331,341,1026503,6613,529384,736600
1286,354,324,1026143,6649,529708,662300
1287,374,351,1025791,6650,530059,640900
1288,389,365,1025386,6690,530424,686000
1289,339,332,1025055,6689,530756,675100
1290,340,349,1024724,6671,531105,685800
1291,354,354,1024345,6696,531459,826800
1292,352,315,1024013,6713,531774,788200
1293,348,365,1023670,6691,532139,692200
1294,327,308,1023327,6726,532447,683300
1295,341,340,1022979,6734,532787,648200
1296,304,351,1022679,6683,533138,685500
1297,344,386,1022347,6629,533524,812700
1298,351,354,1021994,6628,533878,841300
1299,352,343,1021652,6627,534221,808500
1300,379,327,1021265,6687,534548,764900
1301,354,348,1020921,6683,534896,733300
1302,340,346,1020583,6675,535242,796400
1303,318,343,1020244,6671,535585,695100
1304,352,367,1019918,6630,535952,838600
1305,353,305,1019548,6695,536257,898200
1306,330,324,1019211,6708,536581,808300
1307,371,346,1018863,6710,536927,824500
1308,321,339,1018513,6721,537266,707100
1309,309,360,1018204,6670,537626,661300
1310,355,340,1017868,6666,537966,640300
1311,351,331,1017518,6685,538297,630200
1312,378,368,1017144,6691,538665,672700
1313,344,347,1016786,6702,539012,859700
1314,335,348,1016452,6688,539360,838400
1315,366,346,1016102,6692,539706,728500
1316,356,344,1015748,6702,540050,684000
1317,351,340,1015361,6749,540390,707100
1318,334,345,1015041,6724,540735,720500
1319,331,348,1014708,6709,541083,682700
1320,351,346,1014379,6692,541429,861400
1321,366,341,1013994,6736,541770,1094300
1322,360,347,1013629,6754,542117,819400
1323,379,320,1013270,6793,542437,787000
1324,362,328,1012885,6850,542765,789800
1325,343,341,1012539,6855,543106,701300
1326,344,367,1012208,6819,543473,940100
1327,324,352,1011878,6797,543825,870000
1328,323,367,1011552,6756,544192,815300
1329,370,320,1011195,6793,544512,784000
1330,354,383,1010828,6777,544895,764300
1331,341,332,1010489,6784,545227,687200
1332,353,335,1010149,6789,545562,879300
1333,318,334,1009811,6793,545896,904000
1334,354,369,1009471,6764,546265,874300
1335,322,347,1009162,6726,546612,748600
1336,330,356,1008825,6707,546968,704900
1337,379,400,1008468,6664,547368,684400
1338,353,326,1008101,6705,547694,651700
1339,341,360,1007750,6696,548054,579400
1340,351,360,1007396,6690,548414,685400
1341,316,309,1007067,6710,548723,903500
1342,318,322,1006752,6703,549045,921400
1343,350,344,1006411,6700,549389,725500
1344,321,311,1006093,6707,549700,770200
1345,359,328,1005733,6739,550028,640500
1346,304,341,1005404,6727,550369,610200
1347,338,341,1005085,6705,550710,694700
1348,335,331,1004759,6700,551041,810700
1349,348,338,1004403,6718,551379,819600
1350,356,334,1004043,6744,551713,742500
1351,360,366,1003695,6726,552079,673500
1352,351,330,1003346,6745,552409,654600
1353,328,330,1002997,6764,552739,650400
1354,348,327,1002661,6773,553066,613300
1355,330,354,1002339,6741,553420,687800
1356,327,352,1001985,6743,553772,839700
1357,357,364,1001647,6717,554136,966600
1358,318,320,1001328,6716,554456,721100
1359,322,335,1001007,6702,554791,700800
1360,347,354,1000664,6691,555145,658300
1361,317,333,1000342,6680,555478,616800
1362,304,341,1000024,6657,555819,766700
1363,304,320,999727,6634,556139,932600
1364,343,339,999402,6620,556478,863600
1365,307,304,999085,6633,556782,737300
1366,321,356,998765,6597,557138,688800
1367,312,352,998445,6565,557490,673300
1368,334,360,998122,6528,557850,636100
1369,280,339,997835,6476,558189,604300
1370,288,314,997548,6449,558503,726000
1371,277,323,997260,6414,558826,831200
1372,298,348,996970,6356,559174,819000
1373,345,337,996637,6352,559511,705700
1374,292,345,996336,6308,559856,698300
1375,304,320,996035,6289,560176,660300
1376,319,319,995726,6279,560495,617400
1377,329,350,995375,6280,560845,757400
1378,305,300,995072,6283,561145,833600
1379,311,325,994769,6261,561470,922600
1380,313,309,994450,6271,561779,726600
1381,317,337,994142,6242,562116,672900
1382,310,340,993824,6220,562456,689100
1383,310,310,993511,6223,562766,644600
1384,319,301,993193,6240,563067,626700
1385,377,316,992834,6283,563383,701000
1386,339,312,992493,6312,563695,810100
1387,339,357,992132,6316,564052,787600
1388,336,293,991813,6342,564345,712500
1389,330,330,991464,6361,564675,705700
1390,360,330,991120,6375,565005,647100
1391,353,326,990783,6386,565331,653800
1392,382,348,990393,6428,565679,803000
1393,348,369,990044,6408,566048,800100
1394,335,344,989698,6410,566392,780700
1395,335,318,989377,6413,566710,738600
1396,330,333,989044,6413,567043,708100
1397,316,358,988723,6376,567401,647500
1398,351,301,988383,6415,567702,645200
1399,337,329,988032,6437,568031,629200
1400,334,351,987690,6428,568382,701200
1401,364,359,987337,6422,568741,849500
1402,353,316,986999,6444,569057,878000
1403,346,327,986643,6473,569384,734800
1404,331,324,986312,6480,569708,782500
1405,351,306,985948,6538,570014,664500
1406,354,338,985614,6534,570352,650200
1407,345,346,985266,6536,570698,751000
1408,362,330,984902,6570,571028,834100
1409,340,304,984550,6618,571332,855500
1410,347,339,984205,6624,571671,786000
1411,321,329,983893,6607,572000,757800
1412,326,314,983547,6639,572314,706300
1413,326,328,983243,6615,572642,654500
1414,339,305,982886,6667,572947,825200
1415,315,350,982568,6635,573297,843000
1416,346,339,982256,6608,573636,883100
1417,309,334,981927,6603,573970,728200
1418,340,328,981585,6617,574298,665200
1419,322,343,981266,6593,574641,782200
1420,343,343,980925,6591,574984,614200
1421,286,325,980604,6587,575309,615700
1422,329,330,980316,6545,575639,662400
1423,344,299,979952,6610,575938,864900
1424,333,340,979634,6588,576278,842100
1425,323,343,979311,6568,576621,737800
1426,343,357,978955,6567,576978,692300
1427,350,333,978619,6570,577311,691300
1428,321,334,978272,6583,577645,619700
1429,315,301,977987,6567,577946,601500
1430,326,344,977641,6569,578290,767700
1431,342,328,977300,6582,578618,829200
1432,347,363,976972,6547,578981,766900
1433,352,352,976614,6553,579333,649600
1434,339,331,976273,6563,579664,673900
1435,286,398,975981,6457,580062,663600
1436,318,318,975671,6449,580380,628800
1437,335,320,975327,6473,580700,690000
1438,357,348,974979,6473,581048,835400
1439,347,317,974638,6497,581365,840400
1440,339,335,974285,6515,581700,741000
1441,304,329,973984,6487,582029,705800
1442,286,351,973686,6434,582380,675800
1443,328,364,973375,6381,582744,716400
1444,347,332,973023,6401,583076,636900
1445,281,338,972739,6347,583414,697100
1446,297,308,972438,6340,583722,879500
1447,313,360,972135,6283,584082,933900
1448,324,327,971820,6271,584409,822000
1449,350,296,971459,6336,584705,822400
1450,332,351,971118,6326,585056,801200
1451,327,294,970811,6339,585350,712500
1452,331,304,970476,6370,585654,994600
1453,320,329,970142,6375,585983,931100
1454,388,323,969772,6422,586306,789500
1455,336,342,969420,6432,586648,747500
1456,336,321,969084,6447,586969,684700
1457,332,327,968753,6451,587296,686600
1458,348,330,968411,6463,587626,696900
1459,316,319,968100,6455,587945,909700
1460,356,327,967755,6473,588272,976600
1461,331,321,967407,6500,588593,820500
1462,312,335,967084,6488,588928,788300
1463,340,316,966771,6485,589244,820600
1464,332,316,966418,6522,589560,711900
1465,298,335,966119,6486,589895,1047900
1466,330,354,965793,6458,590249,1033700
1467,351,348,965444,6459,590597,828900
1468,357,339,965090,6474,590936,754600
1469,336,346,964758,6460,591282,777000
1470,333,357,964423,6438,591639,772100
1471,340,328,964080,6453,591967,716800
1472,336,347,963734,6452,592314,986000
1473,312,350,963421,6415,592664,966500
1474,304,316,963123,6397,592980,781700
1475,324,333,962805,6382,593313,742200
1476,345,305,962460,6422,593618,663100
1477,371,336,962080,6466,593954,664900
1478,335,287,961747,6512,594241,662400
1479,365,328,961383,6548,594569,961600
1480,321,312,961065,6554,594881,951500
1481,348,380,960732,6507,595261,782900
1482,346,318,960368,6553,595579,713700
1483,312,365,960047,6509,595944,687900
1484,355,344,959699,6513,596288,650600
1485,329,333,959388,6491,596621,911900
1486,346,298,959043,6538,596919,1020700
1487,330,329,958699,6553,597248,920800
1488,353,369,958357,6526,597617,781500
1489,367,320,957980,6583,597937,764100
1490,310,320,957668,6575,598257,697500
1491,353,342,957321,6580,598599,700900
1492,320,338,957015,6548,598937,1207400
1493,396,356,956617,6590,599293,1220500
1494,334,337,956262,6608,599630,844100
1495,351,339,955925,6606,599969,762700
1496,310,323,955592,6616,600292,756800
1497,298,341,955284,6583,600633,804400
1498,321,325,954988,6554,600958,938700
1499,340,339,954628,6575,601297,1057700
1500,346,327,954292,6584,601624,940700
1501,361,329,953936,6611,601953,919100
1502,326,326,953600,6621,602279,781400
1503,318,333,953284,6604,602612,969800
1504,307,343,952984,6561,602955,1198800
1505,307,334,952686,6525,603289,1045500
1506,329,308,952352,6551,603597,938500
1507,363,379,951993,6531,603976,847800
1508,340,346,951644,6534,604322,859800
1509,297,359,951344,6475,604681,818300
1510,327,319,951023,6477,605000,1133600
1511,339,342,950688,6470,605342,940300
1512,339,339,950337,6482,605681,751600
1513,319,327,950022,6470,606008,767700
1514,374,323,949654,6515,606331,695600
1515,332,366,949312,6491,606697,634700
1516,366,332,948981,6490,607029,801900
1517,311,335,948643,6493,607364,806600
1518,348,335,948299,6502,607699,797100
1519,324,307,947979,6515,608006,779700
1520,314,359,947645,6490,608365,728100
1521,320,329,947334,6472,608694,650700
1522,333,332,946999,6475,609026,670900
1523,316,291,946682,6501,609317,737100
1524,328,320,946357,6506,609637,827000
1525,321,349,946036,6478,609986,768700
1526,321,329,945716,6469,610315,719200
1527,306,332,945394,6459,610647,720100
1528,325,347,945092,6414,610994,716200
1529,340,350,944748,6408,611344,626000
1530,332,335,944423,6398,611679,646700
1531,369,319,944050,6452,611998,724800
1532,367,351,943681,6470,612349,869600
1533,363,350,943319,6482,612699,1012900
1534,356,323,942962,6516,613022,788700
1535,345,339,942613,6526,613361,708600
1536,358,353,942276,6510,613714,679800
1537,367,321,941882,6583,614035,616300
1538,341,334,941536,6595,614369,697500
1539,332,339,941215,6577,614708,851300
1540,339,341,940874,6577,615049,951300
1541,351,376,940540,6535,615425,928100
1542,340,331,940193,6551,615756,801400
1543,353,340,939829,6575,616096,758200
1544,334,345,939500,6559,616441,939500
1545,350,331,939157,6571,616772,946200
1546,357,362,938795,6571,617134,935900
1547,362,329,938438,6599,617463,710700
1548,328,375,938089,6573,617838,706800
1549,371,350,937734,6578,618188,690000
1550,354,311,937387,6614,618499,675900
1551,311,333,937064,6604,618832,654000
1552,373,371,936702,6595,619203,780400
1553,338,351,936360,6586,619554,834700
1554,378,379,935986,6581,619933,782600
1555,351,364,935630,6573,620297,706800
1556,326,319,935310,6574,620616,713400
1557,358,348,934945,6591,620964,656500
1558,379,328,934573,6635,621292,658400
1559,334,328,934224,6656,621620,771100
1560,327,346,933894,6640,621966,961200
1561,324,352,933587,6595,622318,985800
1562,331,343,933253,6586,622661,751200
1563,368,331,932902,6606,622992,713400
1564,327,324,932558,6626,623316,691800
1565,351,337,932194,6653,623653,689700
1566,348,356,931850,6641,624009,772100
1567,372,300,931477,6714,624309,922600
1568,310,362,931168,6661,624671,859100
1569,330,349,930834,6646,625020,743600
1570,298,325,930537,6618,625345,745400
1571,319,312,930228,6615,625657,732600
1572,361,363,929877,6603,626020,669800
1573,330,408,929546,6526,626428,737000
1574,303,332,929214,6526,626760,893800
1575,311,330,928920,6490,627090,920500
1576,307,323,928619,6468,627413,796600
1577,323,337,928287,6463,627750,729800
1578,303,332,927993,6425,628082,732200
1579,327,315,927647,6456,628397,741600
1580,325,322,927320,6461,628719,780700
1581,314,326,927018,6437,629045,921900
1582,350,345,926664,6446,629390,872600
1583,341,353,926336,6421,629743,821800
1584,365,352,925965,6440,630095,919800
1585,325,299,925633,6473,630394,733800
1586,332,324,925300,6482,630718,848300
1587,298,320,925006,6456,631038,926000
1588,332,325,924695,6442,631363,926200
1589,333,350,924328,6459,631713,749500
1590,338,337,923999,6451,632050,746900
1591,333,327,923658,6465,632377,681700
1592,367,339,923315,6469,632716,777700
1593,327,342,922974,6468,633058,725600
1594,326,324,922654,6464,633382,744600
1595,308,316,922346,6456,633698,786300
1596,343,354,921995,6453,634052,758900
1597,323,324,921667,6457,634376,778000
1598,340,321,921350,6453,634697,683100
1599,369,349,920960,6494,635046,677500
1600,315,357,920655,6442,635403,649800
1601,276,348,920372,6377,635751,833100
1602,321,306,920056,6387,636057,729000
1603,293,314,919763,6366,636371,702900
1604,337,334,919433,6362,636705,658700
1605,342,328,919098,6369,637033,677500
1606,327,322,918765,6380,637355,728600
1607,309,319,918433,6393,637674,835900
1608,312,338,918136,6352,638012,833400
1609,317,324,917819,6345,638336,810700
1610,337,313,917477,6374,638649,812000
1611,317,309,917155,6387,638958,983800
1612,329,309,916845,6388,639267,897900
1613,297,350,916531,6352,639617,824300
1614,326,311,916209,6363,639928,986300
1615,350,351,915862,6359,640279,2332300
1616,336,352,915529,6340,640631,2655000
1617,306,357,915229,6283,640988,2232200
1618,312,339,914918,6255,641327,1770600
1619,286,302,914618,6253,641629,3064200
1620,320,330,914308,6233,641959,2907300
1621,296,311,914008,6222,642270,3313600
1622,279,315,913719,6196,642585,1639700
1623,278,325,913448,6142,642910,2191000
1624,306,302,913129,6159,643212,1130000
1625,315,290,912843,6155,643502,958900
1626,340,314,912490,6194,643816,917600
1627,330,333,912174,6177,644149,764000
1628,340,308,911822,6221,644457,746900
1629,315,366,911499,6178,644823,952000
1630,279,324,911217,6136,645147,843600
1631,313,289,910906,6158,645436,718900
1632,324,329,910595,6140,645765,720900
1633,317,321,910266,6148,646086,685500
1634,328,323,909940,6151,646409,776300
1635,336,324,909614,6153,646733,660600
1636,301,307,909302,6158,647040,620500
1637,314,269,908990,6201,647309,696900
1638,337,332,908666,6193,647641,957600
1639,324,308,908344,6207,647949,1797700
1640,349,339,907981,6231,648288,1449900
1641,344,327,907652,6233,648615,1338200
1642,351,321,907294,6270,648936,831800
1643,338,327,906951,6286,649263,852500
1644,321,310,906627,6300,649573,702600
1645,320,304,906307,6316,649877,750200
1646,297,367,906010,6246,650244,742200
1647,326,303,905693,6260,650547,679200
1648,329,310,905359,6284,650857,662100
1649,335,362,905025,6256,651219,857300
1650,343,336,904679,6266,651555,841800
1651,335,334,904340,6271,651889,695500
1652,342,303,904005,6303,652192,666900
1653,354,324,903655,6329,652516,661000
1654,336,336,903332,6316,652852,726000
1655,350,332,902982,6334,653184,689300
1656,303,353,902672,6291,653537,864400
1657,349,349,902328,6286,653886,1033700
1658,361,338,901963,6313,654224,818700
1659,356,329,901608,6339,654553,720800
1660,305,322,901288,6337,654875,674300
1661,354,350,900936,6339,655225,665500
1662,332,356,900614,6305,655581,879600
1663,352,351,900264,6304,655932,776700
1664,331,312,899929,6327,656244,854400
1665,314,337,899598,6321,656581,778300
1666,316,339,899279,6301,656920,699000
1667,329,302,898956,6322,657222,680000
1668,326,305,898623,6350,657527,651000
1669,330,330,898316,6327,657857,604100
1670,345,343,897980,6320,658200,674000
1671,333,346,897634,6320,658546,818100
1672,325,333,897300,6321,658879,893400
1673,352,342,896959,6320,659221,750600
1674,336,347,896628,6304,659568,661700
1675,285,318,896319,6295,659886,644100
1676,317,320,896017,6277,660206,585700
1677,346,346,895663,6285,660552,564900
1678,291,295,895365,6288,660847,655100
1679,314,306,895072,6275,661153,907000
1680,319,312,894734,6301,661465,909300
1681,325,360,894415,6260,661825,702500
1682,305,324,894110,6241,662149,676600
1683,319,302,893791,6258,662451,664600
1684,340,341,893441,6267,662792,616800
1685,316,323,893126,6259,663115,692700
1686,338,349,892801,6235,663464,823400
1687,320,347,892476,6213,663811,887000
1688,301,319,892188,6182,664130,762500
1689,328,294,891848,6228,664424,674900
1690,315,336,891526,6214,664760,667100
1691,316,328,891226,6186,665088,653400
1692,308,338,890914,6160,665426,594100
1693,300,318,890606,6150,665744,644800
1694,324,324,890283,6149,666068,803400
1695,297,298,889995,6139,666366,951400
1696,307,324,889677,6133,666690,770300
1697,316,327,889365,6118,667017,884000
1698,352,345,889021,6117,667362,766600
1699,364,313,888642,6183,667675,649800
1700,336,334,888325,6166,668009,792900
1701,348,303,887969,6219,668312,828500
1702,357,315,887617,6256,668627,886400
1703,305,323,887288,6262,668950,790400
1704,318,316,886988,6246,669266,736100
1705,302,338,886676,6220,669604,765900
1706,334,317,886343,6236,669921,609600
1707,343,319,886022,6238,670240,733700
1708,354,317,885672,6271,670557,946900
1709,329,309,885329,6305,670866,846600
1710,322,311,884995,6328,671177,758200
1711,329,366,884675,6282,671543,710400
1712,298,329,884376,6252,671872,733300
1713,352,339,884034,6255,672211,657400
1714,303,305,883720,6264,672516,674500
1715,364,357,883360,6267,672873,970700
1716,345,321,883016,6290,673194,885700
1717,330,327,882678,6301,673521,764700
1718,345,305,882343,6331,673826,758600
1719,339,335,882019,6320,674161,736900
1720,338,344,881661,6334,674505,652800
1721,329,325,881332,6338,674830,781300
1722,376,365,880973,6332,675195,935500
1723,356,342,880604,6359,675537,860300
1724,317,295,880280,6388,675832,694800
1725,350,340,879953,6375,676172,669300
1726,346,335,879583,6410,676507,670300
1727,346,298,879258,6437,676805,642500
1728,362,377,878886,6432,677182,811500
1729,355,313,878538,6467,677495,903000
1730,364,370,878179,6456,677865,861300
1731,335,309,877808,6518,678174,752500
1732,329,345,877495,6486,678519,743400
1733,334,321,877169,6491,678840,719500
1734,357,357,876805,6498,679197,662600
1735,352,356,876449,6498,679553,784800
1736,349,343,876111,6493,679896,861900
1737,377,314,875751,6539,680210,863400
1738,355,332,875373,6585,680542,708200
1739,366,315,875006,6637,680857,661400
1740,351,324,874665,6654,681181,650200
1741,346,328,874318,6673,681509,625200
1742,335,354,873984,6653,681863,634800
1743,316,363,873656,6618,682226,660900
1744,394,345,873287,6642,682571,821800
1745,362,361,872914,6654,682932,845500
1746,358,357,872550,6661,683289,684000
1747,365,359,872183,6669,683648,669200
1748,323,334,871850,6668,683982,656700
1749,327,345,871534,6639,684327,611300
1750,343,369,871184,6620,684696,624600
1751,343,337,870842,6625,685033,689600
1752,343,351,870511,6605,685384,833800
1753,328,352,870165,6599,685736,815400
1754,344,379,869826,6559,686115,683200
1755,347,311,869493,6581,686426,646100
1756,336,344,869152,6578,686770,630000
1757,319,368,868823,6539,687138,823400
1758,389,337,868449,6576,687475,637100
1759,357,317,868086,6622,687792,803900
1760,357,349,867713,6646,688141,802100
1761,393,346,867333,6680,688487,727300
1762,374,333,866960,6720,688820,657400
1763,386,307,866595,6778,689127,646400
1764,344,324,866241,6808,689451,620400
1765,365,345,865875,6829,689796,638300
1766,363,349,865515,6840,690145,727200
1767,344,360,865158,6837,690505,740300
1768,334,344,864832,6819,690849,901700
1769,370,337,864454,6860,691186,775400
1770,354,355,864107,6852,691541,709900
1771,383,334,863735,6890,691875,729600
1772,349,359,863369,6897,692234,692600
1773,335,365,863045,6856,692599,580000
1774,348,333,862691,6877,692932,718500
1775,327,360,862354,6854,693292,820100
1776,340,362,862016,6830,693654,810800
1777,351,357,861658,6831,694011,661400
1778,349,382,861312,6795,694393,691300
1779,351,334,860982,6791,694727,660200
1780,344,348,860613,6812,695075,621700
1781,346,368,860275,6782,695443,798800
1782,327,356,859942,6759,695799,857900
1783,336,366,859605,6730,696165,837700
1784,336,354,859274,6707,696519,703000
1785,342,350,858936,6695,696869,700600
1786,335,334,858599,6698,697203,699400
1787,320,318,858266,6713,697521,690900
1788,304,352,857967,6660,697873,604500
1789,324,306,857663,6658,698179,626900
1790,279,372,857365,6584,698551,792600
1791,327,334,857039,6576,698885,832700
1792,352,309,856707,6599,699194,779700
1793,352,338,856356,6612,699532,730200
1794,317,359,856027,6582,699891,681800
1795,312,373,855710,6526,700264,615100
1796,296,341,855403,6492,700605,825600
1797,322,341,855085,6469,700946,818100
1798,356,319,854733,6502,701265,823100
1799,299,316,854438,6481,701581,703800
1800,302,316,854130,6473,701897,708500
1801,302,305,853827,6471,702202,763600
1802,335,331,853508,6459,702533,678100
1803,341,315,853169,6483,702848,652800
1804,312,341,852836,6475,703189,660000
1805,352,345,852505,6461,703534,830200
1806,338,328,852165,6473,703862,802100
1807,365,322,851801,6515,704184,725000
1808,342,369,851455,6492,704553,839800
1809,343,344,851110,6493,704897,686100
1810,311,337,850799,6467,705234,734100
1811,341,341,850451,6474,705575,628500
1812,321,334,850123,6468,705909,818000
1813,328,308,849800,6483,706217,785100
1814,356,338,849448,6497,706555,752100
1815,346,326,849109,6510,706881,734800
1816,352,327,848754,6538,707208,724500
1817,323,329,848444,6519,707537,647500
1818,308,327,848113,6523,707864,948100
1819,333,319,847778,6539,708183,893900
1820,336,292,847459,6566,708475,981200
1821,335,329,847131,6565,708804,1040900
1822,340,330,846788,6578,709134,759900
1823,319,361,846445,6560,709495,733200
1824,349,318,846116,6571,709813,708600
1825,319,332,845785,6570,710145,676500
1826,337,341,845447,6567,710486,845900
1827,302,351,845154,6509,710837,801000
1828,306,343,844840,6480,711180,685900
1829,337,337,844501,6482,711517,647000
1830,331,363,844188,6432,711880,657200
1831,327,325,843842,6453,712205,630300
1832,349,328,843519,6448,712533,728600
1833,309,361,843192,6414,712894,743800
1834,346,303,842841,6462,713197,879600
1835,348,325,842502,6476,713522,793800
1836,341,351,842153,6474,713873,692600
1837,334,333,841823,6471,714206,674600
1838,329,330,841487,6477,714536,620900
1839,314,323,841170,6471,714859,597100
1840,349,330,840826,6485,715189,710300
1841,333,355,840490,6466,715544,906100
1842,329,316,840174,6466,715860,1037100
1843,324,327,839842,6471,716187,775900
1844,340,305,839513,6495,716492,698600
1845,311,338,839184,6486,716830,705200
1846,315,356,838872,6442,717186,615600
1847,304,329,838565,6420,717515,733900
1848,299,334,838269,6382,717849,954300
1849,350,304,837932,6415,718153,918500
1850,316,345,837592,6410,718498,741800
1851,298,342,837302,6358,718840,703500
1852,325,303,836979,6378,719143,710800
1853,313,335,836656,6366,719478,627300
1854,324,327,836346,6349,719805,615200
1855,330,324,836021,6350,720129,728500
1856,302,334,835713,6324,720463,878100
1857,310,326,835405,6306,720789,761800
1858,347,339,835063,6309,721128,668300
1859,316,316,834739,6317,721444,684200
1860,318,296,834417,6343,721740,661400
1861,373,321,834066,6373,722061,632500
1862,345,320,833702,6417,722381,700100
1863,377,347,833345,6427,722728,774700
1864,318,342,833007,6423,723070,802100
1865,341,313,832677,6440,723383,791600
1866,332,323,832345,6449,723706,680300
1867,351,327,831990,6477,724033,643400
1868,353,329,831642,6496,724362,604800
1869,328,310,831315,6513,724672,618800
1870,325,345,830987,6496,725017,618900
1871,355,335,830643,6505,725352,867900
1872,322,314,830307,6527,725666,814200
1873,337,344,829975,6515,726010,677200
1874,342,327,829650,6513,726337,660000
1875,348,378,829287,6498,726715,643300
1876,347,356,828935,6494,727071,659400
1877,376,347,828568,6514,727418,610500
1878,338,331,828218,6533,727749,659300
1879,373,366,827865,6520,728115,816900
1880,375,324,827480,6581,728439,925700
1881,363,352,827113,6596,728791,696100
1882,388,346,826720,6643,729137,691300
1883,360,353,826357,6653,729490,720800
1884,342,328,826031,6651,729818,639300
1885,348,366,825672,6644,730184,792400
1886,353,349,825318,6649,730533,801800
1887,345,344,824981,6642,730877,767300
1888,316,359,824643,6621,731236,763100
1889,372,362,824293,6609,731598,698000
1890,331,331,823955,6616,731929,652900
1891,330,320,823621,6630,732249,664300
1892,353,352,823285,6614,732601,637300
1893,335,359,822926,6614,732960,682300
1894,312,362,822610,6568,733322,879400
1895,306,323,822300,6555,733645,827900
1896,361,367,821948,6540,734012,731100
1897,387,336,821577,6575,734348,733300
1898,368,315,821201,6636,734663,756200
1899,373,328,820833,6676,734991,701300
1900,354,356,820473,6680,735347,696200
1901,358,345,820122,6686,735692,904300
1902,356,368,819771,6669,736060,953600
1903,355,342,819391,6707,736402,730900
1904,353,350,819058,6690,736752,779200
1905,323,352,818739,6657,737104,671700
1906,305,368,818412,6616,737472,699800
1907,363,352,818075,6601,737824,680400
1908,315,337,817755,6584,738161,823600
1909,343,307,817412,6620,738468,798100
1910,332,361,817077,6594,738829,744600
1911,341,344,816731,6596,739173,669300
1912,325,343,816414,6570,739516,685100
1913,363,339,816064,6581,739855,675400
1914,326,325,815704,6616,740180,641400
1915,348,344,815373,6603,740524,643200
1916,335,350,815030,6596,740874,825200
1917,319,319,814691,6616,741193,797600
1918,340,354,814368,6585,741547,732500
1919,326,335,814041,6577,741882,666100
1920,322,360,813713,6545,742242,651900
1921,341,346,813385,6527,742588,648400
1922,328,357,813045,6510,742945,583100
1923,320,343,812719,6493,743288,679200
1924,351,322,812393,6497,743610,819100
1925,361,346,812023,6521,743956,818900
1926,331,368,811688,6488,744324,727500
1927,327,339,811374,6463,744663,670100
1928,359,344,811017,6476,745007,636200
1929,326,347,810677,6469,745354,650500
1930,338,363,810340,6443,745717,590500
1931,365,351,809989,6443,746068,877500
1932,340,302,809634,6496,746370,823400
1933,358,347,809297,6486,746717,791700
1934,355,327,808938,6518,747044,668100
1935,325,370,808596,6490,747414,681700
1936,358,336,808241,6509,747750,715400
1937,303,320,807940,6490,748070,591600
1938,318,304,807635,6491,748374,695800
1939,337,340,807280,6506,748714,867700
1940,320,343,806971,6472,749057,783100
1941,328,356,806633,6454,749413,719900
1942,333,318,806313,6456,749731,750900
1943,355,326,805949,6494,750057,685000
1944,338,322,805614,6507,750379,649500
1945,334,338,805293,6490,750717,635500
1946,301,350,804966,6467,751067,790400
1947,328,327,804650,6456,751394,899700
1948,310,297,804326,6483,751691,829400
1949,321,350,804001,6458,752041,721500
1950,320,346,803688,6425,752387,681900
1951,347,343,803353,6417,752730,658600
1952,368,337,802996,6437,753067,621800
1953,329,331,802633,6469,753398,603800
1954,311,326,802360,6416,753724,803400
1955,350,358,802005,6413,754082,825200
1956,318,347,801660,6411,754429,748900
1957,322,355,801357,6359,754784,757400
1958,318,342,801032,6342,755126,682200
1959,323,304,800710,6360,755430,700900
1960,347,310,800356,6404,755740,633500
1961,337,321,800029,6410,756061,707300
1962,322,362,799705,6372,756423,833600
1963,346,345,799361,6371,756768,865700
1964,342,311,799011,6410,757079,710100
1965,335,348,798681,6392,757427,657400
1966,345,344,798344,6385,757771,687100
1967,348,341,797998,6390,758112,595800
1968,327,304,797667,6417,758416,762700
1969,322,321,797354,6409,758737,890200
1970,331,368,797008,6387,759105,878400
1971,324,334,796680,6381,759439,782400
1972,341,369,796358,6334,759808,702300
1973,372,333,795984,6375,760141,648300
1974,312,326,795645,6388,760467,710600
1975,362,288,795309,6436,760755,860800
1976,360,306,794945,6494,761061,829700
1977,376,331,794585,6523,761392,786300
1978,371,324,794210,6574,761716,766400
1979,343,345,793853,6586,762061,739700
1980,386,337,793473,6629,762398,691800
1981,362,325,793097,6680,762723,714200
1982,342,362,792761,6654,763085,662700
1983,349,312,792415,6688,763397,781800
1984,361,341,792060,6702,763738,884200
1985,342,350,791719,6693,764088,825200
1986,350,350,791362,6700,764438,749800
1987,328,342,791034,6686,764780,725500
1988,357,332,790675,6713,765112,762900
1989,361,355,790329,6704,765467,969000
1990,354,342,789959,6732,765809,923300
1991,316,346,789632,6713,766155,880300
1992,361,393,789297,6655,766548,748800
1993,351,332,788938,6682,766880,758800
1994,312,339,788603,6678,767219,720600
1995,343,354,788275,6652,767573,725200
1996,367,367,787910,6650,767940,777600
1997,333,349,787591,6620,768289,874400
1998,342,347,787228,6636,768636,820300
1999,338,338,786896,6630,768974,821300
2000,302,339,786582,6605,769313,761000
2001,308,323,786279,6585,769636,768100
2002,321,326,785965,6573,769962,666900
2003,314,360,785652,6526,770322,793200
2004,325,351,785316,6511,770673,1016800
2005,320,311,785005,6511,770984,930500
2006,336,362,784669,6485,771346,737100
2007,344,331,784330,6493,771677,744100
2008,313,380,784020,6423,772057,692200
2009,339,334,783670,6439,772391,659900
2010,329,351,783329,6429,772742,777600
2011,336,303,783003,6452,773045,845700
2012,341,311,782672,6472,773356,801900
2013,312,336,782351,6457,773692,755700
2014,335,355,782018,6435,774047,739300
2015,341,284,781689,6480,774331,717600
2016,342,305,781335,6529,774636,854200
2017,362,321,780968,6575,774957,769500
2018,354,346,780636,6561,775303,884300
2019,352,329,780268,6600,775632,872700
2020,340,367,779922,6579,775999,804500
2021,391,347,779554,6600,776346,690400
2022,361,355,779183,6616,776701,658300
2023,349,338,778836,6625,777039,681300
2024,349,371,778500,6590,777410,876700
2025,334,325,778132,6633,777735,903700
2026,340,351,777802,6612,778086,822900
2027,332,310,777463,6641,778396,747000
2028,357,404,777116,6584,778800,718100
2029,353,350,776764,6586,779150,673100
2030,355,360,776410,6580,779510,643500
2031,350,316,776072,6602,779826,897400
2032,328,350,775740,6584,780176,911800
2033,333,318,775396,6610,780494,904000
2034,346,342,775065,6599,780836,754600
2035,319,364,774731,6569,781200,703800
2036,324,352,774406,6542,781552,665600
2037,351,307,774060,6581,781859,610200
2038,369,359,773692,6590,782218,614900
2039,322,336,773373,6573,782554,683400
2040,344,330,772999,6617,782884,809500
2041,349,315,772668,6633,783199,869700
2042,302,353,772355,6593,783552,730500
2043,305,353,772063,6532,783905,699400
2044,302,350,771766,6479,784255,691200
2045,350,335,771421,6489,784590,646000
2046,320,349,771092,6469,784939,763000
2047,318,333,770787,6441,785272,911700
2048,335,325,770433,6470,785597,867800
2049,348,307,770085,6511,785904,815100
2050,337,335,769759,6502,786239,765300
2051,352,295,769415,6551,786534,683800
2052,334,351,769069,6546,786885,633700
2053,323,328,768749,6538,787213,746400
2054,332,352,768409,6526,787565,867100
2055,319,337,768080,6518,787902,820100
2056,327,337,767774,6487,788239,753100
2057,352,327,767429,6505,788566,685100
2058,354,338,767070,6526,788904,649900
2059,311,330,766751,6515,789234,693200
2060,365,367,766377,6522,789601,646700
2061,350,359,766039,6501,789960,723700
2062,338,385,765692,6463,790345,894400
2063,360,352,765349,6454,790697,830000
2064,315,363,765027,6413,791060,782000
2065,332,345,764689,6406,791405,714000
2066,303,346,764377,6372,791751,725300
2067,325,311,764068,6370,792062,674600
2068,363,321,763715,6402,792383,643100
2069,374,360,763336,6421,792743,841300
2070,317,345,762999,6413,793088,953300
2071,336,317,762682,6413,793405,800600
2072,300,364,762356,6375,793769,765800
2073,324,336,762035,6360,794105,712200
2074,361,323,761686,6386,794428,695200
2075,330,364,761359,6349,794792,686500
2076,315,340,761047,6321,795132,960300
2077,358,295,760682,6391,795427,947600
2078,327,309,760355,6409,795736,844000
2079,351,324,760006,6434,796060,742600
2080,314,323,759698,6419,796383,718600
2081,318,327,759381,6409,796710,636400
2082,321,320,759052,6418,797030,667200
2083,355,321,758700,6449,797351,899800
2084,339,330,758364,6455,797681,770300
2085,304,341,758045,6433,798022,747700
2086,345,333,757711,6434,798355,671900
2087,348,337,757372,6436,798692,692200
2088,324,347,757039,6422,799039,679500
2089,364,353,756687,6421,799392,791000
2090,322,340,756346,6422,799732,897900
2091,361,340,755985,6443,800072,835700
2092,362,324,755643,6461,800396,722700
2093,335,319,755292,6493,800715,721000
2094,374,332,754929,6524,801047,741400
2095,327,342,754601,6510,801389,625700
2096,322,333,754273,6505,801722,885900
2097,322,311,753952,6515,802033,907800
2098,391,345,753584,6538,802378,889100
2099,366,358,753195,6569,802736,750900
2100,371,324,752838,6602,803060,707100
2101,366,315,752450,6675,803375,683300
2102,372,334,752103,6688,803709,674700
2103,344,338,751740,6713,804047,617800
2104,377,373,751357,6723,804420,789800
2105,358,345,751021,6714,804765,945300
2106,324,344,750703,6688,805109,951600
2107,360,337,750324,6730,805446,775100
2108,346,334,749975,6745,805780,709100
2109,322,326,749660,6734,806106,671600
2110,342,333,749305,6756,806439,634000
2111,349,370,748975,6716,806809,917100
2112,364,319,748609,6763,807128,992100
2113,374,361,748232,6779,807489,848100
2114,346,354,747877,6780,807843,759800
2115,328,370,747569,6718,808213,707500
2116,351,357,747210,6720,808570,759000
2117,336,366,746864,6700,808936,780100
2118,357,329,746506,6729,809265,1117800
2119,356,324,746144,6767,809589,910900
2120,358,342,745799,6770,809931,763900
2121,381,329,745415,6825,810260,728500
2122,348,361,745071,6808,810621,689100
2123,384,350,744691,6838,810971,751400
2124,383,326,744313,6890,811297,672700
2125,356,391,743945,6867,811688,866300
2126,316,384,743625,6803,812072,989900
2127,345,383,743287,6758,812455,840700
2128,371,331,742915,6799,812786,839200
2129,372,358,742548,6808,813144,721800
2130,355,350,742175,6831,813494,1017800
2131,348,383,741841,6782,813877,1008100
2132,353,356,741478,6789,814233,957800
2133,355,332,741123,6812,814565,759100
2134,332,367,740789,6779,814932,753200
2135,346,366,740447,6755,815298,803000
2136,366,353,740090,6759,815651,690000
2137,378,351,739720,6778,816002,726300
2138,377,373,739318,6807,816375,958500
2139,335,388,738980,6757,816763,940000
2140,358,363,738648,6726,817126,803500
2141,380,369,738260,6745,817495,720600
2142,364,358,737904,6743,817853,712400
2143,358,339,737541,6767,818192,672500
2144,350,351,737169,6788,818543,797700
2145,310,348,736862,6747,818891,1036000
2146,338,382,736526,6701,819273,838500
2147,358,337,736189,6701,819610,821200
2148,332,337,735850,6703,819947,768800
2149,352,352,735506,6695,820299,684300
2150,338,321,735152,6728,820620,662300
2151,335,356,734807,6717,820976,695500
2152,357,381,734456,6687,821357,957900
2153,341,342,734126,6675,821699,884800
2154,294,403,733827,6571,822102,764200
2155,324,331,733507,6560,822433,722500
2156,336,299,733177,6591,822732,709800
2157,383,315,732792,6661,823047,683800
2158,339,357,732449,6647,823404,768300
2159,335,339,732115,6642,823743,925000
2160,342,331,731779,6647,824074,879800
2161,355,299,731435,6692,824373,807400
2162,353,324,731053,6750,824697,726300
2163,366,345,730695,6763,825042,714600
2164,360,333,730354,6771,825375,668200
2165,353,359,729984,6782,825734,848200
2166,343,338,729642,6786,826072,950000
2167,362,386,729289,6753,826458,824200
2168,362,397,728922,6723,826855,745900
2169,371,372,728548,6725,827227,739400
2170,350,341,728191,6741,827568,670600
2171,333,334,727863,6735,827902,643700
2172,367,311,727505,6782,828213,686200
2173,367,348,727129,6810,828561,1005000
2174,358,347,726771,6821,828908,887000
2175,385,362,726402,6828,829270,834500
2176,370,351,726014,6865,829621,706000
2177,366,363,725653,6863,829984,645700
2178,360,367,725295,6854,830351,615100
2179,329,352,724956,6841,830703,692100
2180,382,368,724592,6837,831071,894100
2181,382,406,724207,6816,831477,936000
2182,368,324,723835,6864,831801,790300
2183,333,346,723502,6851,832147,723400
2184,350,368,723157,6828,832515,691900
2185,393,370,722765,6850,832885,732000
2186,385,338,722372,6905,833223,706900
2187,351,375,722014,6888,833598,882100
2188,355,388,721659,6855,833986,908600
2189,331,354,721337,6823,834340,824100
2190,353,369,720983,6808,834709,737200
2191,360,369,720632,6790,835078,641400
2192,322,335,720297,6790,835413,643400
2193,357,368,719945,6774,835781,794800
2194,354,364,719581,6774,836145,890400
2195,334,335,719242,6778,836480,930400
2196,393,345,718863,6812,836825,736100
2197,394,377,718485,6813,837202,706600
2198,335,375,718118,6805,837577,684700
2199,362,373,717760,6790,837950,650500
2200,326,342,717437,6771,838292,864500
2201,360,342,717083,6783,838634,928100
2202,354,337,716730,6799,838971,916300
2203,378,368,716351,6810,839339,720400
2204,381,378,715989,6794,839717,719000
2205,373,359,715609,6815,840076,682900
2206,371,361,715228,6835,840437,683100
2207,350,344,714879,6840,840781,797800
2208,360,375,714531,6813,841156,900700
2209,309,341,714196,6807,841497,853400
2210,337,341,713879,6783,841838,791900
2211,340,326,713522,6814,842164,736800
2212,342,354,713176,6806,842518,762400
2213,380,401,712819,6762,842919,656000
2214,387,347,712431,6803,843266,829600
2215,383,361,712041,6832,843627,898400
2216,345,360,711700,6813,843987,964200
2217,354,321,711347,6845,844308,762200
2218,396,323,710965,6904,844631,712700
2219,380,339,710575,6955,844970,719400
2220,356,362,710198,6970,845332,720400
2221,357,325,709855,6988,845657,759600
2222,346,368,709508,6967,846025,950500
2223,363,357,709142,6976,846382,1026500
2224,367,374,708784,6960,846756,816700
2225,378,370,708384,6990,847126,763700
2226,333,346,708062,6966,847472,743000
2227,332,346,707741,6941,847818,668700
2228,357,332,707374,6976,848150,658200
2229,331,347,707047,6956,848497,876500
2230,356,377,706705,6921,848874,822700
2231,360,403,706322,6901,849277,734500
2232,350,350,705971,6902,849627,683000
2233,372,362,705589,6922,849989,641200
2234,346,323,705256,6932,850312,579200
2235,336,323,704909,6956,850635,580300
2236,342,366,704583,6916,851001,748200
2237,345,367,704229,6903,851368,863800
2238,352,360,703895,6877,851728,782200
2239,354,346,703527,6899,852074,721600
2240,318,376,703206,6844,852450,769500
2241,340,345,702875,6830,852795,688800
2242,332,359,702524,6822,853154,600400
2243,317,398,702225,6723,853552,688500
2244,329,336,701873,6739,853888,843000
2245,346,338,701562,6712,854226,849500
2246,333,304,701213,6757,854530,860000
2247,336,359,700874,6737,854889,761500
2248,346,310,700522,6779,855199,744200
2249,350,349,700165,6787,855548,684000
2250,360,353,699827,6772,855901,674100
2251,365,345,699464,6790,856246,860500
2252,340,342,699114,6798,856588,818000
2253,351,345,698771,6796,856933,708600
2254,401,381,698364,6822,857314,763000
2255,375,346,697987,6853,857660,676900
2256,375,349,697627,6864,858009,662600
2257,368,354,697252,6885,858363,613500
2258,337,376,696907,6854,858739,673500
2259,375,366,696539,6856,859105,873000
2260,351,388,696195,6812,859493,814600
2261,389,363,695807,6837,859856,736200
2262,360,355,695443,6846,860211,734000
2263,333,358,695097,6834,860569,641500
2264,339,336,694757,6838,860905,606800
2265,355,339,694404,6852,861244,815200
2266,396,353,694029,6874,861597,821800
2267,351,378,693663,6862,861975,960900
2268,368,342,693303,6880,862317,858900
2269,366,374,692936,6873,862691,750700
2270,383,384,692536,6889,863075,761800
2271,363,344,692203,6878,863419,670800
2272,349,346,691824,6911,863765,698900
2273,364,365,691456,6914,864130,938900
2274,385,346,691089,6935,864476,960800
2275,387,363,690714,6947,864839,762000
2276,365,348,690340,6973,865187,732200
2277,351,369,689982,6962,865556,670100
2278,376,344,689605,6995,865900,609400
2279,382,359,689224,7017,866259,658000
2280,354,363,688864,7014,866622,764900
2281,382,345,688504,7029,866967,871300
2282,406,381,688109,7043,867348,840000
2283,360,357,687726,7069,867705,671100
2284,384,337,687348,7110,868042,685700
2285,401,404,686958,7096,868446,624000
2286,403,326,686537,7191,868772,651900
2287,378,358,686159,7211,869130,699900
2288,368,371,685783,7216,869501,1188100
2289,371,372,685408,7219,869873,881700
2290,376,374,685052,7201,870247,772800
2291,372,398,684681,7174,870645,741600
2292,387,346,684288,7221,870991,688600
2293,391,376,683898,7235,871367,642400
2294,397,361,683508,7264,871728,684000
2295,421,395,683092,7285,872123,846100
2296,370,340,682710,7327,872463,825000
2297,387,383,682337,7317,872846,707100
2298,361,367,681943,7344,873213,666600
2299,368,378,681591,7318,873591,670800
2300,379,385,681202,7322,873976,606400
2301,371,387,680834,7303,874363,794800
2302,383,352,680453,7332,874715,956800
2303,356,403,680083,7299,875118,839800
2304,333,386,679768,7228,875504,702400
2305,364,379,679407,7210,875883,688200
2306,334,357,679068,7192,876240,660700
2307,335,375,678708,7177,876615,685800
2308,367,339,678371,7175,876954,594600
2309,380,398,677995,7153,877352,784000
2310,345,361,677635,7152,877713,853100
2311,382,364,677264,7159,878077,781500
2312,365,378,676898,7147,878455,731600
2313,413,357,676483,7205,878812,707500
2314,323,350,676141,7197,879162,648300
2315,369,351,675792,7195,879513,646800
2316,387,376,675399,7212,879889,633200
2317,370,378,675034,7199,880267,893900
2318,383,402,674656,7175,880669,853400
2319,398,370,674259,7202,881039,788600
2320,383,404,673868,7189,881443,814600
2321,388,383,673489,7185,881826,718000
2322,364,404,673097,7173,882230,673500
2323,363,339,672746,7185,882569,672300
2324,377,385,672379,7167,882954,838600
2325,376,357,672007,7182,883311,936200
2326,371,361,671625,7203,883672,757500
2327,367,377,671267,7184,884049,707800
2328,406,391,670873,7187,884440,744300
2329,392,364,670459,7237,884804,996100
2330,401,385,670079,7232,885189,726100
2331,379,384,669698,7229,885573,903200
2332,375,358,669313,7256,885931,918100
2333,358,389,668950,7230,886320,729100
2334,374,361,668576,7243,886681,982500
2335,386,369,668210,7240,887050,736700
2336,374,351,667811,7288,887401,871400
2337,393,351,667420,7328,887752,1044300
2338,370,402,667059,7287,888154,903500
2339,366,357,666684,7305,888511,867300
2340,386,373,666309,7307,888884,768600
2341,410,338,665882,7396,889222,1437300
2342,357,377,665534,7367,889599,819700
2343,408,363,665146,7392,889962,889600
2344,351,385,664762,7391,890347,1008500
2345,378,409,664423,7321,890756,799800
2346,339,391,664038,7315,891147,802600
2347,362,384,663682,7287,891531,691500
2348,358,400,663334,7235,891931,684000
2349,392,368,662972,7229,892299,910500
2350,354,384,662590,7227,892683,784400
2351,391,381,662191,7245,893064,728800
2352,371,374,661827,7235,893438,692700
2353,380,377,661451,7234,893815,651900
2354,339,393,661106,7186,894208,650600
2355,356,368,660754,7170,894576,665500
2356,359,345,660391,7188,894921,838900
2357,395,394,660013,7172,895315,720900
2358,340,381,659662,7142,895696,698700
2359,363,377,659294,7133,896073,664200
2360,339,357,658951,7119,896430,656600
2361,383,357,658581,7132,896787,631600
2362,334,336,658239,7138,897123,597400
2363,351,365,657884,7128,897488,630100
2364,369,370,657528,7114,897858,767000
2365,335,386,657185,7071,898244,797500
2366,354,355,656834,7067,898599,866400
2367,339,377,656502,7022,898976,875500
2368,321,358,656160,7006,899334,819600
2369,358,365,655807,6994,899699,744800
2370,345,344,655468,6989,900043,847800
2371,358,346,655111,7000,900389,689200
2372,359,356,654765,6990,900745,841400
2373,339,375,654417,6963,901120,775600
2374,360,329,654057,6994,901449,764200
2375,336,357,653711,6983,901806,778800
2376,407,352,653317,7025,902158,769300
2377,367,350,652956,7036,902508,710600
2378,416,369,652523,7100,902877,811800
2379,361,373,652166,7084,903250,823500
2380,368,391,651799,7060,903641,760900
2381,344,376,651449,7034,904017,743700
2382,345,357,651110,7016,904374,720600
2383,382,385,650734,7007,904759,761400
2384,360,362,650359,7020,905121,636400
2385,342,355,650028,6996,905476,622000
2386,362,374,649662,6988,905850,730200
2387,366,333,649310,7007,906183,767200
2388,395,344,648924,7049,906527,778000
2389,355,386,648527,7060,906913,690200
2390,344,363,648212,7012,907276,701000
2391,344,376,647863,6985,907652,833200
2392,349,376,647511,6961,908028,632000
2393,330,364,647180,6928,908392,753800
2394,335,313,646837,6958,908705,734200
2395,358,370,646482,6943,909075,725800
2396,345,313,646144,6968,909388,716000
2397,344,380,645797,6935,909768,762500
2398,388,338,645409,6985,910106,732200
2399,327,368,645077,6949,910474,719700
2400,322,357,644736,6933,910831,605800
2401,376,353,644394,6922,911184,638400
2402,378,384,644012,6920,911568,759400
2403,339,349,643679,6904,911917,705800
2404,336,327,643322,6934,912244,703300
2405,409,366,642928,6962,912610,720200
2406,384,377,642549,6964,912987,803800
2407,375,361,642147,7005,913348,665100
2408,394,371,641782,6999,913719,717700
2409,353,364,641404,7013,914083,721000
2410,359,356,641062,6999,914439,770000
2411,379,358,640689,7014,914797,777400
2412,357,350,640318,7035,915147,738200
2413,397,400,639932,7021,915547,949700
2414,369,354,639567,7032,915901,701000
2415,368,355,639193,7051,916256,698300
2416,380,348,638809,7087,916604,714100
2417,375,343,638440,7113,916947,873400
2418,383,379,638047,7127,917326,860800
2419,361,344,637692,7138,917670,746100
2420,411,359,637292,7179,918029,702000
2421,336,348,636927,7196,918377,717500
2422,377,363,636577,7183,918740,615400
2423,338,347,636223,7190,919087,670400
2424,325,381,635904,7128,919468,884300
2425,396,369,635530,7133,919837,854500
2426,351,394,635157,7112,920231,780900
2427,357,332,634789,7148,920563,734800
2428,369,357,634430,7150,920920,826800
2429,344,384,634086,7110,921304,653600
2430,385,360,633700,7136,921664,755700
2431,347,379,633358,7099,922043,1053400
2432,371,379,632991,7087,922422,941300
2433,379,390,632599,7089,922812,774300
2434,373,361,632239,7088,923173,743600
2435,376,381,631860,7086,923554,623200
2436,371,376,631479,7091,923930,629400
2437,372,339,631112,7119,924269,684700
2438,331,359,630780,7092,924628,850200
2439,352,376,630427,7069,925004,848500
2440,324,355,630099,7042,925359,773600
2441,370,344,629724,7073,925703,648200
2442,370,341,629364,7092,926044,682300
2443,366,384,629003,7069,926428,691500
2444,356,376,628632,7064,926804,943100
2445,341,368,628298,7030,927172,878100
2446,320,368,627950,7010,927540,905400
2447,373,357,627612,6991,927897,827100
2448,367,361,627239,7003,928258,675100
2449,343,352,626903,6987,928610,681700
2450,350,390,626547,6953,929000,675900
2451,374,342,626173,6985,929342,832200
2452,375,354,625796,7008,929696,905200
2453,373,352,625419,7033,930048,815200
2454,388,346,625045,7061,930394,727000
2455,390,400,624666,7040,930794,702100
2456,403,387,624247,7072,931181,681200
2457,357,390,623873,7056,931571,626100
2458,378,356,623516,7057,931927,596400
2459,392,360,623120,7093,932287,701500
2460,350,366,622780,7067,932653,859800
2461,359,362,622410,7075,933015,930900
2462,389,344,622020,7121,933359,765500
2463,384,374,621631,7136,933733,678700
2464,372,368,621274,7125,934101,738000
2465,364,383,620905,7111,934484,724300
2466,359,350,620524,7142,934834,670000
2467,335,328,620206,7132,935162,859800
2468,344,367,619851,7120,935529,922400
2469,352,355,619493,7123,935884,871000
2470,401,357,619118,7141,936241,710600
2471,378,360,618730,7169,936601,777800
2472,387,372,618334,7193,936973,623800
2473,384,341,617965,7221,937314,666800
2474,371,343,617584,7259,937657,854000
2475,401,397,617197,7249,938054,958700
2476,364,374,616820,7252,938428,772900
2477,328,380,616493,7199,938808,697100
2478,344,368,616159,7165,939176,659100
2479,350,364,615787,7173,939540,676500
2480,387,388,615425,7147,939928,805300
2481,359,372,615067,7133,940300,943000
2482,357,391,614713,7096,940691,892800
2483,361,369,614347,7093,941060,784200
2484,366,366,613965,7109,941426,722900
2485,366,393,613608,7073,941819,700600
2486,356,352,613261,7068,942171,647000
2487,335,380,612922,7027,942551,844200
2488,319,364,612586,6999,942915,993500
2489,359,377,612254,6954,943292,945800
2490,396,382,611839,6987,943674,816200
2491,376,346,611467,7013,944020,690600
2492,346,352,611112,7016,944372,741200
2493,355,349,610780,6999,944721,689200
2494,355,342,610399,7038,945063,677200
2495,360,377,610050,7010,945440,850400
2496,368,397,609682,6981,945837,850600
2497,370,345,609311,7007,946182,702700
2498,353,363,608963,6992,946545,764100
2499,379,355,608580,7020,946900,706900
2500,373,363,608213,7024,947263,665300
2501,383,407,607834,6996,947670,810800
2502,372,362,607451,7017,948032,872400
2503,384,353,607075,7040,948385,828000
2504,335,360,606732,7023,948745,727600
2505,360,334,606384,7037,949079,746000
2506,387,376,605998,7047,949455,676000
2507,369,371,605610,7064,949826,634000
2508,389,395,605237,7042,950221,640100
2509,383,375,604843,7061,950596,760500
2510,359,352,604482,7070,950948,897400
2511,425,376,604072,7104,951324,829200
2512,392,365,603671,7140,951689,739000
2513,366,348,603301,7162,952037,699700
2514,376,331,602922,7210,952368,641000
2515,386,368,602556,7208,952736,641600
2516,388,362,602155,7247,953098,657400
2517,393,387,601760,7255,953485,789600
2518,400,371,601377,7267,953856,777400
2519,400,366,600958,7320,954222,892900
2520,362,376,600585,7317,954598,715900
2521,383,368,600219,7315,954966,749600
2522,349,361,599845,7328,955327,666500
2523,363,357,599502,7314,955684,872700
2524,377,398,599129,7289,956082,884900
2525,374,362,598747,7309,956444,879200
2526,357,392,598401,7263,956836,719900
2527,354,389,598048,7227,957225,682700
2528,370,374,597686,7215,957599,668100
2529,358,364,597321,7216,957963,694000
2530,360,419,596942,7176,958382,618500
2531,390,377,596569,7172,958759,684200
2532,362,367,596213,7161,959126,835200
2533,350,381,595850,7143,959507,814300
2534,377,394,595466,7133,959901,822900
2535,365,354,595103,7142,960255,715300
2536,369,355,594748,7142,960610,745400
2537,380,378,594382,7130,960988,674700
2538,379,370,593988,7154,961358,717200
2539,390,376,593602,7164,961734,922300
2540,360,394,593236,7136,962128,931700
2541,395,357,592838,7177,962485,800900
2542,402,378,592432,7205,962863,698000
2543,368,391,592054,7192,963254,728900
2544,393,367,591695,7184,963621,678500
2545,369,315,591312,7252,963936,708500
2546,380,382,590922,7260,964318,868900
2547,339,349,590578,7255,964667,1019000
2548,371,337,590202,7294,965004,732100
2549,397,389,589832,7275,965393,747600
2550,365,368,589457,7282,965761,692600
2551,379,372,589081,7286,966133,659700
2552,342,377,588729,7261,966510,671700
2553,351,358,588394,7238,966868,827800
2554,363,409,588009,7214,967277,802900
2555,341,378,587664,7181,967655,710600
2556,385,380,587282,7183,968035,658700
2557,361,364,586942,7159,968399,662700
2558,345,366,586584,7151,968765,628900
2559,363,377,586211,7147,969142,641700
2560,361,402,585862,7094,969544,808700
2561,343,385,585518,7053,969929,855300
2562,352,372,585158,7041,970301,833900
2563,329,414,584822,6963,970715,714800
2564,355,354,584485,6946,971069,696800
2565,346,339,584135,6957,971408,683100
2566,351,337,583781,6974,971745,610400
2567,341,382,583447,6926,972127,663100
2568,365,384,583068,6921,972511,834500
2569,400,338,582692,6959,972849,846100
2570,395,373,582289,6989,973222,775400
2571,375,383,581916,6979,973605,718900
2572,404,353,581513,7029,973958,698100
2573,394,331,581127,7084,974289,651600
2574,333,359,580770,7082,974648,875600
2575,321,354,580453,7045,975002,857700
2576,400,352,580065,7081,975354,811800
2577,392,395,579667,7084,975749,758800
2578,337,382,579333,7036,976131,726400
2579,392,329,578930,7110,976460,662600
2580,367,361,578577,7102,976821,679000
2581,369,355,578193,7131,977176,651500
2582,366,390,577845,7089,977566,803100
2583,354,365,577478,7091,977931,950800
2584,399,346,577087,7136,978277,887100
2585,390,374,576701,7148,978651,731700
2586,377,370,576308,7171,979021,742900
2587,353,390,575952,7137,979411,729000
2588,373,381,575583,7125,979792,661300
2589,342,397,575237,7074,980189,692400
2590,364,377,574887,7047,980566,910100
2591,388,351,574506,7077,980917,955900
2592,370,361,574127,7095,981278,965500
2593,370,351,573762,7109,981629,730200
2594,358,361,573399,7111,981990,749200
2595,381,402,573027,7081,982392,726900
2596,415,355,572605,7148,982747,890800
2597,408,331,572214,7208,983078,1073100
2598,385,383,571812,7227,983461,813600
2599,372,369,571459,7211,983830,721000
2600,389,393,571039,7238,984223,698400
2601,362,371,570689,7217,984594,673000
2602,374,365,570299,7242,984959,685100
2603,393,352,569931,7258,985311,881100
2604,373,381,569559,7249,985692,867100
2605,350,365,569189,7254,986057,755900
2606,392,361,568810,7272,986418,633700
2607,373,399,568424,7259,986817,677900
2608,385,362,568059,7262,987179,616900
2609,407,400,567631,7290,987579,589400
2610,404,396,567235,7290,987975,780100
2611,368,358,566878,7289,988333,924000
2612,346,359,566513,7295,988692,889900
2613,367,338,566162,7308,989030,708100
2614,401,385,565756,7329,989415,659100
2615,368,380,565381,7324,989795,681400
2616,396,372,565002,7331,990167,703100
2617,384,367,564590,7376,990534,724500
2618,395,370,564213,7383,990904,856200
2619,385,356,563834,7406,991260,878000
2620,385,378,563439,7423,991638,837000
2621,387,378,563052,7432,992016,721800
2622,339,391,562715,7378,992407,669000
2623,361,368,562359,7366,992775,628300
2624,416,376,561962,7387,993151,761400
2625,373,364,561569,7416,993515,888500
2626,362,378,561213,7394,993893,806800
2627,362,356,560835,7416,994249,746400
2628,367,376,560467,7408,994625,693900
2629,374,382,560094,7399,995007,715000
2630,380,376,559725,7392,995383,682400
2631,361,366,559352,7399,995749,864900
2632,388,413,558979,7359,996162,885200
2633,356,385,558616,7337,996547,904800
2634,366,373,558247,7333,996920,814900
2635,383,385,557870,7325,997305,700700
2636,340,378,557506,7311,997683,686000
2637,363,333,557152,7332,998016,698000
2638,347,352,556806,7326,998368,830500
2639,326,346,556491,7295,998714,888400
2640,401,396,556108,7282,999110,892400
2641,401,378,555701,7311,999488,791500
2642,343,340,555334,7338,999828,688400
2643,365,384,554972,7316,1000212,660900
2644,360,356,554618,7314,1000568,672800
2645,388,387,554237,7308,1000955,883700
2646,348,396,553883,7266,1001351,901200
2647,353,382,553531,7236,1001733,828300
2648,323,371,553194,7202,1002104,725600
2649,344,359,552862,7175,1002463,714600
2650,380,382,552468,7187,1002845,780100
2651,347,350,552133,7172,1003195,678800
2652,368,367,551764,7174,1003562,857200
2653,344,362,551405,7171,1003924,881600
2654,353,367,551081,7128,1004291,841700
2655,359,358,550716,7135,1004649,742800
2656,375,390,550335,7126,1005039,681300
2657,373,350,549960,7151,1005389,766000
2658,331,366,549626,7119,1005755,647400
2659,334,347,549296,7102,1006102,600100
2660,383,368,548922,7108,1006470,671600
2661,339,391,548574,7065,1006861,857000
2662,376,352,548200,7087,1007213,827300
2663,361,369,547851,7067,1007582,757400
2664,368,352,547474,7092,1007934,700200
2665,369,375,547110,7081,1008309,737400
2666,413,337,546690,7164,1008646,645400
2667,361,363,546311,7180,1009009,714300
2668,381,391,545951,7149,1009400,887500
2669,355,414,545588,7098,1009814,865700
2670,394,361,545190,7135,1010175,853200
2671,382,387,544815,7123,1010562,707100
2672,383,370,544439,7129,1010932,698300
2673,355,377,544072,7119,1011309,707900
2674,375,373,543709,7109,1011682,705200
2675,373,350,543329,7139,1012032,1135700
2676,346,379,542990,7099,1012411,939500
2677,362,362,542631,7096,1012773,961200
2678,341,380,542282,7065,1013153,817000
2679,370,338,541902,7107,1013491,800000
2680,375,351,541545,7113,1013842,791000
2681,343,364,541188,7106,1014206,863100
2682,357,366,540823,7105,1014572,874400
2683,344,371,540503,7054,1014943,852600
2684,342,377,540148,7032,1015320,835100
2685,367,374,539781,7025,1015694,757800
2686,331,354,539441,7011,1016048,703200
2687,380,348,539076,7028,1016396,626200
2688,371,357,538697,7050,1016753,971500
2689,345,389,538357,7001,1017142,1166900
2690,318,385,538021,6952,1017527,809300
2691,344,368,537711,6894,1017895,711600
2692,336,366,537337,6902,1018261,709300
2693,348,359,536991,6889,1018620,637400
2694,389,359,536639,6882,1018979,741300
2695,337,348,536283,6890,1019327,932100
2696,367,347,535920,6906,1019674,815900
2697,351,331,535568,6927,1020005,750000
2698,382,340,535190,6965,1020345,715900
2699,368,363,534820,6972,1020708,641300
2700,365,369,534438,6985,1021077,671800
2701,380,386,534085,6952,1021463,729600
2702,389,376,533680,6981,1021839,871300
2703,374,347,533306,7008,1022186,826100
2704,346,371,532955,6988,1022557,760600
2705,367,371,532601,6971,1022928,752400
2706,369,385,532211,6976,1023313,694300
2707,381,358,531845,6984,1023671,675600
2708,364,384,531483,6962,1024055,836400
2709,377,333,531095,7017,1024388,1020700
2710,353,385,530744,6983,1024773,1103500
2711,410,322,530368,7037,1025095,802000
2712,352,358,529985,7062,1025453,785700
2713,395,367,529588,7092,1025820,749300
2714,384,356,529210,7114,1026176,734700
2715,365,355,528863,7106,1026531,858300
2716,373,371,528479,7119,1026902,1310300
2717,363,357,528110,7131,1027259,767600
2718,352,339,527762,7140,1027598,753000
2719,355,362,527399,7141,1027960,779200
2720,370,370,527033,7137,1028330,650300
2721,325,364,526695,7111,1028694,752500
2722,354,381,526348,7077,1029075,1145900
2723,372,369,525984,7072,1029444,944400
2724,379,354,525623,7079,1029798,879500
2725,340,360,525266,7076,1030158,764700
2726,379,343,524892,7107,1030501,743300
2727,343,358,524533,7108,1030859,852800
2728,342,353,524194,7094,1031212,1081700
2729,346,373,523850,7065,1031585,997300
2730,366,341,523497,7077,1031926,862500
2731,372,383,523117,7074,1032309,811500
2732,393,371,522733,7087,1032680,767500
2733,373,342,522351,7127,1033022,735600
2734,362,365,521992,7121,1033387,891300
2735,363,402,521606,7105,1033789,1147100
2736,361,371,521271,7069,1034160,1102300
2737,383,395,520883,7062,1034555,782500
2738,387,347,520505,7093,1034902,712700
2739,343,339,520154,7105,1035241,700000
2740,373,385,519763,7111,1035626,1035400
2741,372,370,519403,7101,1035996,1082900
2742,353,357,519053,7094,1036353,865100
2743,380,365,518667,7115,1036718,848300
2744,353,369,518318,7095,1037087,788900
2745,363,371,517957,7085,1037458,776300
2746,359,378,517612,7052,1037836,807000
2747,377,339,517223,7102,1038175,1112000
2748,363,371,516853,7101,1038546,981300
2749,407,367,516462,7125,1038913,823600
2750,371,384,516077,7126,1039297,840100
2751,357,354,515725,7124,1039651,778400
2752,363,387,515340,7122,1040038,861400
2753,366,377,514993,7092,1040415,1310600
2754,374,359,514619,7107,1040774,1078300
2755,358,362,514247,7117,1041136,923500
2756,349,353,513914,7097,1041489,899000
2757,377,362,513535,7114,1041851,851400
2758,383,415,513156,7078,1042266,1399400
2759,370,354,512781,7099,1042620,1223000
2760,350,400,512433,7047,1043020,1050300
2761,377,345,512055,7080,1043365,890600
2762,364,371,511680,7084,1043736,750800
2763,367,365,511326,7073,1044101,918200
2764,359,390,510966,7043,1044491,988100
2765,381,379,510592,7038,1044870,753100
2766,369,375,510210,7045,1045245,694100
2767,363,426,509856,6973,1045671,783900
2768,371,393,509482,6954,1046064,745700
2769,390,358,509092,6986,1046422,1033200
2770,381,344,508707,7027,1046766,950000
2771,407,404,508321,7009,1047170,897400
2772,368,387,507959,6984,1047557,758900
2773,375,378,507583,6982,1047935,704600
2774,371,363,507187,7015,1048298,748200
2775,406,380,506802,7020,1048678,696600
2776,371,340,506418,7064,1049018,743600
2777,393,361,506029,7092,1049379,847100
2778,381,339,505634,7148,1049718,816700
2779,392,359,505272,7151,1050077,819900
2780,397,389,504864,7170,1050466,714500
2781,374,364,504471,7199,1050830,709600
2782,386,333,504107,7230,1051163,605000
2783,388,405,503714,7218,1051568,867400
2784,397,361,503309,7262,1051929,884300
2785,408,408,502894,7269,1052337,835300
2786,389,395,502520,7248,1052732,755000
2787,427,359,502090,7319,1053091,680200
2788,368,367,501714,7328,1053458,673000
2789,379,385,501325,7332,1053843,632100
2790,393,341,500949,7367,1054184,635900
2791,375,386,500565,7365,1054570,698500
2792,382,391,500188,7351,1054961,891600
2793,371,389,499826,7324,1055350,928100
2794,364,372,499468,7310,1055722,690400
2795,372,369,499066,7343,1056091,697300
2796,357,373,498712,7324,1056464,692000
2797,383,376,498354,7306,1056840,615300
2798,395,357,497953,7350,1057197,741600
2799,347,386,497599,7318,1057583,944600
2800,347,382,497252,7283,1057965,838500
2801,363,352,496895,7288,1058317,801500
2802,384,375,496497,7311,1058692,713800
2803,362,374,496146,7288,1059066,717400
2804,372,369,495767,7298,1059435,622800
2805,397,387,495363,7315,1059822,741200
2806,399,398,494979,7301,1060220,969400
2807,393,387,494579,7314,1060607,962400
2808,382,350,494201,7342,1060957,745300
2809,377,405,493823,7315,1061362,682400
2810,346,382,493473,7283,1061744,660700
2811,367,399,493091,7266,1062143,656500
2812,371,381,492751,7225,1062524,776900
2813,371,403,492389,7184,1062927,947400
2814,381,348,491986,7239,1063275,825400
2815,390,412,491595,7218,1063687,783100
2816,383,416,491222,7175,1064103,709400
2817,365,373,490859,7165,1064476,736200
2818,382,356,490474,7194,1064832,703100
2819,384,365,490082,7221,1065197,776700
2820,363,370,489720,7213,1065567,813700
2821,363,347,489362,7224,1065914,824500
2822,378,365,488986,7235,1066279,762700
2823,374,387,488600,7234,1066666,682000
2824,380,388,488234,7212,1067054,658200
2825,385,361,487851,7234,1067415,649000
2826,375,369,487475,7241,1067784,671200
2827,343,362,487103,7251,1068146,718300
2828,363,360,486757,7237,1068506,863900
2829,364,374,486386,7234,1068880,820400
2830,363,363,486031,7226,1069243,768800
2831,344,386,485678,7193,1069629,721400
2832,370,374,485333,7164,1070003,770800
2833,342,384,484968,7145,1070387,639100
2834,340,366,484638,7109,1070753,646300
2835,355,360,484283,7104,1071113,824500
2836,361,395,483926,7066,1071508,831100
2837,364,378,483551,7063,1071886,819800
2838,327,360,483213,7041,1072246,803400
2839,368,362,482848,7044,1072608,764900
2840,358,348,482498,7046,1072956,683800
2841,375,382,482125,7037,1073338,744800
2842,324,389,481792,6981,1073727,947800
2843,325,349,481484,6940,1074076,900900
2844,359,362,481120,6942,1074438,810900
2845,353,346,480757,6959,1074784,754400
2846,413,370,480357,6989,1075154,772900
2847,351,343,480003,7000,1075497,728500
2848,330,351,479675,6977,1075848,761300
2849,374,380,479298,6974,1076228,893200
2850,384,338,478903,7031,1076566,876500
2851,353,361,478556,7017,1076927,716200
2852,389,361,478166,7046,1077288,719000
2853,384,389,477791,7032,1077677,676900
2854,382,366,477406,7051,1078043,666100
2855,361,376,477038,7043,1078419,717400
2856,341,352,476703,7026,1078771,911300
2857,366,384,476324,7021,1079155,1102400
2858,356,337,475977,7031,1079492,769000
2859,363,353,475606,7049,1079845,768600
2860,361,352,475249,7054,1080197,744500
2861,382,385,474873,7045,1080582,648900
2862,370,377,474502,7039,1080959,712800
2863,365,368,474149,7024,1081327,949800
2864,375,357,473764,7052,1081684,955700
2865,395,342,473377,7097,1082026,761900
2866,376,382,472987,7105,1082408,727000
2867,388,354,472599,7139,1082762,654900
2868,360,368,472258,7112,1083130,709600
2869,382,388,471852,7130,1083518,804800
2870,366,370,471480,7132,1083888,985400
2871,394,387,471122,7103,1084275,807900
2872,352,374,470734,7117,1084649,764500
2873,342,349,470417,7085,1084998,783800
2874,385,364,470023,7115,1085362,695600
2875,413,367,469605,7166,1085729,678400
2876,379,352,469227,7192,1086081,806000
2877,386,386,468846,7187,1086467,1118100
2878,404,378,468449,7206,1086845,972700
2879,398,357,468051,7247,1087202,915600
2880,381,425,467669,7204,1087627,732900
2881,385,370,467268,7235,1087997,693900
2882,369,396,466909,7198,1088393,700500
2883,400,360,466515,7232,1088753,919500
2884,368,362,466143,7242,1089115,898600
2885,400,398,465759,7228,1089513,829200
2886,334,361,465396,7230,1089874,732400
2887,363,391,465037,7198,1090265,708700
2888,401,393,464655,7187,1090658,721100
2889,377,374,464256,7212,1091032,711000
2890,358,407,463909,7152,1091439,860000
2891,364,321,463547,7193,1091760,976400
2892,364,392,463180,7168,1092152,768700
2893,378,392,462800,7156,1092544,722800
2894,378,346,462420,7190,1092890,703000
2895,357,370,462056,7184,1093260,726800
2896,333,351,461712,7177,1093611,697400
2897,367,356,461363,7170,1093967,940000
2898,369,383,461019,7131,1094350,879700
2899,366,310,460619,7221,1094660,805300
2900,372,378,460258,7204,1095038,722000
2901,358,369,459904,7189,1095407,678000
2902,367,360,459540,7193,1095767,626300
2903,405,375,459140,7218,1096142,818700
2904,365,378,458758,7222,1096520,868200
2905,353,370,458407,7203,1096890,906600
2906,382,401,458039,7170,1097291,801700
2907,380,356,457643,7210,1097647,700500
2908,381,368,457283,7202,1098015,642500
2909,365,373,456905,7207,1098388,620900
2910,390,375,456529,7208,1098763,630300
2911,406,384,456117,7236,1099147,728700
2912,384,368,455732,7253,1099515,845900
2913,392,367,455333,7285,1099882,805700
2914,352,371,454973,7274,1100253,726600
2915,339,374,454637,7236,1100627,1003100
2916,377,377,454258,7238,1101004,759600
2917,370,377,453890,7229,1101381,712400
2918,386,372,453520,7227,1101753,787500
2919,359,335,453141,7271,1102088,884600
2920,372,346,452782,7284,1102434,819000
2921,384,361,452390,7315,1102795,720500
2922,398,393,451991,7321,1103188,740200
2923,384,362,451609,7341,1103550,744500
2924,391,403,451208,7339,1103953,680200
2925,389,377,450838,7332,1104330,753300
2926,382,438,450439,7293,1104768,866100
2927,387,374,450056,7302,1105142,787100
2928,357,408,449698,7252,1105550,708300
2929,380,370,449334,7246,1105920,775100
2930,388,379,448964,7237,1106299,742600
2931,417,388,448528,7285,1106687,644000
2932,395,412,448138,7263,1107099,740200
2933,365,377,447761,7263,1107476,876200
2934,409,380,447348,7296,1107856,906000
2935,365,367,446982,7295,1108223,793900
2936,363,382,446608,7287,1108605,705700
2937,339,372,446277,7246,1108977,682200
2938,364,356,445925,7242,1109333,608700
2939,349,356,445560,7251,1109689,750900
2940,361,379,445201,7231,1110068,822900
2941,372,374,444844,7214,1110442,983300
2942,349,411,444478,7169,1110853,740000
2943,311,355,444164,7128,1111208,692800
2944,358,410,443818,7064,1111618,676600
2945,375,355,443438,7089,1111973,635000
2946,358,398,443088,7041,1112371,847700
2947,374,356,442711,7062,1112727,909200
2948,375,367,442351,7055,1113094,840400
2949,380,357,441958,7091,1113451,715400
2950,383,366,441577,7106,1113817,654000
2951,389,370,441203,7110,1114187,673400
2952,383,366,440810,7137,1114553,668300
2953,365,391,440429,7127,1114944,636400
2954,376,374,440075,7107,1115318,759400
2955,419,349,439658,7175,1115667,862100
2956,389,400,439260,7173,1116067,887000
2957,354,354,438883,7196,1116421,778900
2958,363,348,438542,7189,1116769,739900
2959,425,371,438121,7239,1117140,758900
2960,358,378,437748,7234,1117518,695200
2961,417,379,437357,7246,1117897,832100
2962,375,352,436961,7290,1118249,847200
2963,382,340,436593,7318,1118589,872200
2964,411,378,436185,7348,1118967,698500
2965,405,426,435755,7352,1119393,724900
2966,360,414,435402,7291,1119807,764300
2967,348,378,435057,7258,1120185,696100
2968,385,352,434684,7279,1120537,736700
2969,357,387,434305,7271,1120924,858500
2970,359,374,433958,7244,1121298,869900
2971,378,391,433579,7232,1121689,766200
2972,357,334,433207,7270,1122023,679800
2973,418,385,432831,7261,1122408,695500
2974,389,399,432416,7277,1122807,693700
2975,390,398,432022,7273,1123205,735200
2976,339,372,431680,7243,1123577,935000
2977,367,421,431311,7191,1123998,897800
2978,368,363,430958,7181,1124361,748900
2979,349,376,430597,7166,1124737,695500
2980,404,372,430192,7199,1125109,733700
2981,358,379,429830,7182,1125488,662100
2982,389,375,429463,7174,1125863,705100
2983,371,363,429082,7192,1126226,938600
2984,360,416,428715,7143,1126642,1048100
2985,365,343,428356,7159,1126985,769100
2986,386,386,427968,7161,1127371,790700
2987,408,347,427559,7223,1127718,745500
2988,392,376,427192,7214,1128094,779500
2989,387,357,426782,7267,1128451,773800
2990,392,387,426382,7280,1128838,918700
2991,382,372,426018,7272,1129210,825200
2992,386,362,425624,7304,1129572,730000
2993,396,375,425227,7326,1129947,658000
2994,392,367,424851,7335,1130314,754900
2995,378,383,424471,7332,1130697,649500
2996,382,382,424074,7347,1131079,660100
2997,425,387,423662,7372,1131466,926100
2998,394,389,423249,7396,1131855,806700
2999,401,387,422863,7395,1132242,746600
3000,403,352,422453,7453,1132594,736900
3001,417,402,422043,7461,1132996,709000
3002,456,401,421590,7513,1133397,723100
3003,398,373,421180,7550,1133770,742800
3004,395,407,420788,7535,1134177,778600
3005,388,384,420414,7525,1134561,732500
3006,393,395,419997,7547,1134956,690000
3007,385,372,419633,7539,1135328,700100
3008,396,388,419233,7551,1135716,730300
3009,401,374,418821,7589,1136090,708300
3010,399,394,418407,7609,1136484,680300
3011,427,408,418012,7596,1136892,770800
3012,444,420,417564,7624,1137312,712000
3013,417,420,417161,7607,1137732,714500
3014,400,382,416736,7650,1138114,712500
3015,425,412,416328,7646,1138526,687200
3016,416,424,415908,7642,1138950,677500
3017,454,403,415461,7686,1139353,623700
3018,420,426,415035,7686,1139779,637700
3019,386,406,414645,7670,1140185,698700
3020,417,367,414229,7719,1140552,754600
3021,447,398,413800,7750,1140950,783600
3022,389,375,413402,7773,1141325,733200
3023,437,392,412956,7827,1141717,799900
3024,392,430,412557,7796,1142147,779000
3025,392,410,412152,7791,1142557,701800
3026,397,409,411764,7770,1142966,693100
3027,392,424,411388,7722,1143390,818900
3028,405,405,410968,7737,1143795,784200
3029,356,375,410606,7724,1144170,746600
3030,356,412,410255,7663,1144582,773700
3031,374,374,409877,7667,1144956,750500
3032,379,389,409505,7650,1145345,706400
3033,384,408,409114,7633,1145753,772500
3034,402,405,408734,7608,1146158,840400
3035,388,380,408350,7612,1146538,848400
3036,390,416,407936,7610,1146954,827400
3037,389,381,407538,7627,1147335,728600
3038,406,375,407164,7626,1147710,780600
3039,365,351,406767,7672,1148061,661000
3040,414,395,406377,7667,1148456,789900
3041,402,432,405965,7647,1148888,785300
3042,394,370,405575,7667,1149258,776500
3043,388,386,405179,7677,1149644,758700
3044,395,429,404772,7655,1150073,729500
3045,442,382,404353,7692,1150455,749100
3046,401,397,403937,7711,1150852,630400
3047,413,345,403540,7763,1151197,640300
3048,451,399,403096,7808,1151596,684700
3049,399,409,402694,7801,1152005,761700
3050,417,377,402275,7843,1152382,787900
3051,416,407,401839,7872,1152789,757200
3052,385,405,401455,7851,1153194,728600
3053,415,422,401037,7847,1153616,777900
3054,410,421,400639,7824,1154037,656000
3055,384,376,400261,7826,1154413,742100
3056,402,415,399834,7838,1154828,806800
3057,415,436,399435,7801,1155264,826100
3058,399,411,399041,7784,1155675,707400
3059,416,410,398638,7777,1156085,772400
3060,406,405,398212,7798,1156490,781900
3061,372,369,397835,7806,1156859,706100
3062,415,367,397427,7847,1157226,880900
3063,404,394,397011,7869,1157620,883600
3064,414,364,396613,7903,1157984,762600
3065,390,426,396210,7880,1158410,785200
3066,418,431,395812,7847,1158841,732100
3067,399,415,395397,7847,1159256,754500
3068,396,407,395019,7818,1159663,721000
3069,386,386,394619,7832,1160049,865000
3070,407,439,394229,7783,1160488,859200
3071,399,389,393817,7806,1160877,889700
3072,401,403,393407,7813,1161280,792300
3073,408,402,393039,7779,1161682,767300
3074,440,424,392587,7807,1162106,809900
3075,386,425,392172,7797,1162531,696500
3076,424,406,391751,7812,1162937,676300
3077,416,412,391359,7792,1163349,791500
3078,413,450,390930,7771,1163799,793300
3079,409,408,390530,7763,1164207,801700
3080,409,393,390105,7795,1164600,772700
3081,412,390,389714,7796,1164990,756300
3082,427,378,389271,7861,1165368,684200
3083,389,389,388876,7867,1165757,868300
3084,373,430,388492,7821,1166187,827700
3085,398,428,388106,7779,1166615,764300
3086,380,388,387731,7766,1167003,785800
3087,392,397,387333,7767,1167400,767400
3088,378,380,386947,7773,1167780,907700
3089,402,433,386552,7735,1168213,709600
3090,415,376,386150,7761,1168589,751100
3091,350,369,385796,7746,1168958,938500
3092,394,380,385418,7744,1169338,960300
3093,402,386,385012,7764,1169724,771500
3094,390,376,384600,7800,1170100,726200
3095,429,399,384178,7823,1170499,693800
3096,428,399,383732,7870,1170898,664900
3097,408,386,383341,7875,1171284,669500
3098,418,437,382919,7860,1171721,957700
3099,395,418,382536,7825,1172139,960300
3100,404,389,382123,7849,1172528,813500
3101,391,422,381734,7816,1172950,706800
3102,367,417,381355,7778,1173367,717400
3103,387,400,380998,7735,1173767,685800
3104,396,399,380583,7751,1174166,669700
3105,428,389,380169,7776,1174555,968900
3106,403,413,379769,7763,1174968,938100
3107,397,427,379365,7740,1175395,783200
3108,416,413,378948,7744,1175808,731200
3109,419,453,378528,7711,1176261,643600
3110,437,419,378084,7736,1176680,679300
3111,438,434,377672,7714,1177114,849400
3112,404,405,377244,7737,1177519,960900
3113,416,374,376844,7763,1177893,1109900
3114,401,427,376407,7773,1178320,776700
3115,441,393,375996,7791,1178713,720800
3116,444,434,375554,7799,1179147,814000
3117,424,393,375134,7826,1179540,718000
3118,381,412,374730,7818,1179952,973600
3119,419,385,374323,7840,1180337,977300
3120,422,413,373897,7853,1180750,864600
3121,429,447,373473,7830,1181197,759300
3122,405,413,373057,7833,1181610,707200
3123,388,393,372667,7830,1182003,744900
3124,387,410,372277,7810,1182413,662100
3125,437,407,371869,7811,1182820,847500
3126,423,413,371406,7861,1183233,796300
3127,410,407,371028,7832,1183640,881700
3128,418,391,370613,7856,1184031,817400
3129,404,397,370202,7870,1184428,745500
3130,376,407,369817,7848,1184835,682300
3131,400,411,369423,7831,1185246,835400
3132,401,404,369014,7836,1185650,867100
3133,409,411,368604,7835,1186061,886300
3134,346,408,368252,7779,1186469,762000
3135,419,386,367849,7796,1186855,709400
3136,403,402,367423,7820,1187257,740900
3137,370,406,367071,7766,1187663,701000
3138,390,417,366689,7731,1188080,857700
3139,405,403,366283,7734,1188483,867200
3140,394,381,365874,7762,1188864,792800
3141,414,389,365466,7781,1189253,823000
3142,407,397,365077,7773,1189650,763300
3143,364,405,364687,7758,1190055,715100
3144,407,370,364292,7783,1190425,660400
3145,383,424,363907,7744,1190849,848500
3146,422,411,363473,7767,1191260,1047300
3147,389,407,363088,7745,1191667,888300
3148,364,371,362723,7739,1192038,717300
3149,394,409,362331,7722,1192447,730800
3150,366,364,361966,7723,1192811,742500
3151,381,371,361600,7718,1193182,687300
3152,389,376,361199,7743,1193558,783700
3153,386,408,360824,7710,1193966,857400
3154,396,398,360435,7701,1194364,812300
3155,374,400,360056,7680,1194764,799200
3156,363,396,359668,7672,1195160,719500
3157,383,374,359290,7676,1195534,690500
3158,394,421,358898,7647,1195955,666800
3159,418,399,358472,7674,1196354,835200
3160,448,400,358043,7703,1196754,896000
3161,427,357,357618,7771,1197111,819900
3162,412,390,357202,7797,1197501,835300
3163,423,406,356778,7815,1197907,763600
3164,398,384,356375,7834,1198291,695300
3165,415,404,355969,7836,1198695,655800
3166,393,394,355567,7844,1199089,826900
3167,391,402,355177,7832,1199491,885300
3168,392,393,354791,7825,1199884,796100
3169,355,381,354431,7804,1200265,738800
3170,362,398,354059,7778,1200663,700200
3171,345,413,353694,7730,1201076,666900
3172,393,431,353332,7661,1201507,685400
3173,380,378,352940,7675,1201885,730900
3174,391,418,352563,7634,1202303,719400
3175,412,375,352154,7668,1202678,946500
3176,408,405,351753,7664,1203083,980100
3177,378,372,351365,7680,1203455,738900
3178,424,401,350953,7691,1203856,734300
3179,385,388,350553,7703,1204244,703800
3180,380,380,350165,7711,1204624,599100
3181,391,420,349785,7671,1205044,731600
3182,375,408,349411,7637,1205452,860600
3183,408,414,349003,7631,1205866,852200
3184,368,408,348620,7606,1206274,734300
3185,382,376,348245,7605,1206650,680300
3186,390,392,347863,7595,1207042,684400
3187,384,400,347482,7576,1207442,638900
3188,389,405,347080,7573,1207847,794900
3189,392,397,346696,7560,1208244,854400
3190,383,402,346301,7553,1208646,918100
3191,368,417,345945,7492,1209063,820600
3192,392,388,345542,7507,1209451,781000
3193,416,416,345140,7493,1209867,792600
3194,411,383,344732,7518,1210250,645100
3195,358,373,344369,7508,1210623,709400
3196,404,387,343949,7541,1211010,931100
3197,418,381,343545,7564,1211391,833100
3198,405,388,343135,7586,1211779,734800
3199,371,393,342750,7578,1212172,678900
3200,394,384,342375,7569,1212556,667700
3201,405,433,341954,7557,1212989,658900
3202,396,385,341559,7567,1213374,822400
3203,368,405,341205,7516,1213779,995500
3204,375,390,340827,7504,1214169,961800
3205,389,382,340449,7500,1214551,736900
3206,368,360,340071,7518,1214911,696400
3207,344,394,339716,7479,1215305,663600
3208,363,356,339353,7486,1215661,633200
3209,346,380,339012,7447,1216041,775700
3210,375,365,338642,7452,1216406,741900
3211,347,380,338292,7422,1216786,800000
3212,390,380,337912,7422,1217166,854300
3213,377,396,337530,7408,1217562,674200
3214,363,353,337157,7428,1217915,681800
3215,360,381,336802,7402,1218296,811100
3216,382,383,336420,7401,1218679,1063600
3217,385,376,336030,7415,1219055,1025300
3218,376,379,335667,7399,1219434,908100
3219,332,379,335315,7372,1219813,786100
3220,373,363,334958,7366,1220176,787100
3221,398,395,334550,7379,1220571,807500
3222,400,376,334178,7375,1220947,762000
3223,409,390,333762,7401,1221337,935100
3224,373,354,333373,7436,1221691,806900
3225,366,408,333007,7394,1222099,676300
3226,358,386,332640,7375,1222485,736500
3227,338,380,332300,7335,1222865,716600
3228,395,367,331936,7332,1223232,690800
3229,389,363,331539,7366,1223595,706500
3230,390,419,331143,7343,1224014,859300
3231,344,353,330789,7344,1224367,911400
3232,375,383,330413,7337,1224750,745300
3233,389,390,330019,7341,1225140,671600
3234,339,367,329687,7306,1225507,674300
3235,367,357,329316,7320,1225864,726100
3236,333,385,328984,7267,1226249,849300
3237,359,342,328623,7286,1226591,901000
3238,340,357,328278,7274,1226948,947200
3239,374,359,327926,7267,1227307,721900
3240,396,344,327528,7321,1227651,700100
3241,376,389,327163,7297,1228040,759200
3242,421,384,326729,7347,1228424,658500
3243,373,336,326354,7386,1228760,761700
3244,404,380,325958,7402,1229140,894300
3245,407,388,325539,7433,1229528,882400
3246,397,390,325155,7427,1229918,801500
3247,400,360,324724,7498,1230278,703200
3248,397,362,324331,7529,1230640,725600
3249,395,388,323952,7520,1231028,702600
3250,385,407,323581,7484,1231435,819900
3251,371,357,323213,7495,1231792,901400
3252,399,369,322804,7535,1232161,871500
3253,366,388,322437,7514,1232549,715000
3254,386,410,322063,7478,1232959,716600
3255,363,381,321684,7476,1233340,641000
3256,412,348,321290,7522,1233688,688500
3257,406,395,320874,7543,1234083,652500
3258,383,393,320486,7538,1234476,764600
3259,391,366,320099,7559,1234842,903200
3260,437,406,319662,7590,1235248,807500
3261,399,390,319261,7601,1235638,738300
3262,405,445,318853,7564,1236083,675100
3263,387,381,318459,7577,1236464,771200
3264,380,364,318082,7590,1236828,589000
3265,403,392,317679,7601,1237220,733100
3266,407,428,317297,7555,1237648,1000100
3267,423,416,316850,7586,1238064,823500
3268,388,346,316475,7615,1238410,716000
3269,374,407,316103,7580,1238817,680800
3270,381,394,315723,7566,1239211,772000
3271,358,400,315350,7539,1239611,705500
3272,383,382,314968,7539,1239993,733400
3273,387,389,314584,7534,1240382,886200
3274,395,364,314181,7573,1240746,832700
3275,387,379,313792,7583,1241125,722000
3276,386,403,313407,7565,1241528,671400
3277,418,400,313014,7558,1241928,685600
3278,384,381,312609,7582,1242309,609600
3279,408,387,312204,7600,1242696,785300
3280,380,380,311816,7608,1243076,866800
3281,372,402,311442,7580,1243478,897200
3282,396,353,311052,7617,1243831,786800
3283,358,363,310686,7620,1244194,707600
3284,364,390,310318,7598,1244584,691200
3285,394,374,309942,7600,1244958,699900
3286,379,389,309583,7570,1245347,843600
3287,376,382,309175,7596,1245729,948500
3288,372,399,308816,7556,1246128,840900
3289,384,378,308422,7572,1246506,761500
3290,384,375,308040,7579,1246881,701500
3291,335,399,307687,7533,1247280,709100
3292,361,383,307333,7504,1247663,683500
3293,363,399,306961,7477,1248062,769300
3294,362,403,306611,7424,1248465,835300
3295,377,349,306252,7434,1248814,1093600
3296,387,357,305856,7473,1249171,739400
3297,360,372,305505,7452,1249543,701300
3298,399,365,305119,7473,1249908,660800
3299,369,388,304715,7489,1250296,617800
3300,367,411,304355,7438,1250707,872200
3301,376,365,304006,7422,1251072,882700
3302,387,382,303601,7445,1251454,878700
3303,371,366,303219,7461,1251820,750900
3304,368,356,302862,7462,1252176,694000
3305,383,371,302480,7473,1252547,694700
3306,371,350,302109,7494,1252897,750600
3307,382,412,301714,7477,1253309,806000
3308,366,373,301367,7451,1253682,935800
3309,346,405,301003,7410,1254087,859800
3310,358,374,300649,7390,1254461,745400
3311,351,379,300286,7374,1254840,709800
3312,373,384,299944,7332,1255224,694700
3313,404,359,299547,7370,1255583,609100
3314,396,385,299144,7388,1255968,605900
3315,380,383,298751,7398,1256351,690100
3316,328,387,298410,7352,1256738,863200
3317,344,406,298081,7275,1257144,820700
3318,399,358,297683,7315,1257502,675300
3319,385,360,297305,7333,1257862,688400
3320,376,367,296906,7365,1258229,697900
3321,373,402,296538,7331,1258631,661500
3322,361,349,296177,7343,1258980,717900
3323,364,372,295813,7335,1259352,858800
3324,357,388,295463,7297,1259740,886700
3325,378,350,295089,7321,1260090,733000
3326,373,366,294720,7324,1260456,675800
3327,379,350,294337,7357,1260806,732000
3328,387,374,293954,7366,1261180,662400
3329,378,364,293568,7388,1261544,919400
3330,361,415,293194,7347,1261959,850200
3331,392,385,292830,7326,1262344,1135200
3332,391,378,292435,7343,1262722,798500
3333,397,370,292050,7358,1263092,768900
3334,361,372,291647,7389,1263464,730100
3335,368,383,291304,7349,1263847,662900
3336,373,339,290937,7377,1264186,695600
3337,396,382,290541,7391,1264568,856400
3338,376,371,290165,7396,1264939,932700
3339,411,350,289753,7458,1265289,797400
3340,387,394,289360,7457,1265683,747700
3341,368,365,288989,7463,1266048,707900
3342,406,380,288585,7487,1266428,654400
3343,394,397,288178,7497,1266825,672100
3344,372,362,287804,7509,1267187,841300
3345,387,410,287441,7462,1267597,862700
3346,351,394,287084,7425,1267991,895700
3347,376,400,286701,7408,1268391,725100
3348,375,379,286327,7403,1268770,708100
3349,387,386,285933,7411,1269156,756800
3350,367,396,285577,7371,1269552,728600
3351,387,343,285193,7412,1269895,944400
3352,385,401,284816,7388,1270296,875500
3353,383,368,284427,7409,1270664,769300
3354,383,357,284027,7452,1271021,702200
3355,390,374,283635,7470,1271395,660700
3356,349,399,283293,7413,1271794,683300
3357,394,400,282913,7393,1272194,822700
3358,385,348,282525,7433,1272542,923800
3359,333,380,282177,7401,1272922,965800
3360,342,380,281838,7360,1273302,753100
3361,358,377,281475,7346,1273679,718700
3362,378,423,281112,7286,1274102,663900
3363,341,350,280749,7299,1274452,662900
3364,363,354,280404,7290,1274806,816100
3365,374,380,280029,7285,1275186,1042400
3366,368,377,279653,7284,1275563,905300
3367,345,372,279317,7248,1275935,792600
3368,407,393,278912,7260,1276328,738000
3369,351,406,278552,7214,1276734,719600
3370,384,358,278187,7221,1277092,715600
3371,376,372,277801,7235,1277464,662400
3372,378,379,277418,7239,1277843,935700
3373,352,406,277049,7202,1278249,893200
3374,346,379,276711,7161,1278628,769500
3375,379,381,276346,7145,1279009,732200
3376,373,378,275950,7163,1279387,718600
3377,379,359,275583,7171,1279746,631100
3378,369,368,275229,7157,1280114,697200
3379,374,374,274847,7165,1280488,906900
3380,372,380,274481,7151,1280868,940800
3381,353,342,274108,7182,1281210,761300
3382,368,358,273753,7179,1281568,743800
3383,359,370,273383,7179,1281938,676500
3384,353,407,273043,7112,1282345,679100
3385,403,366,272652,7137,1282711,765700
3386,337,347,272299,7143,1283058,982600
3387,348,384,271953,7105,1283442,882300
3388,356,358,271592,7108,1283800,765600
3389,414,385,271183,7132,1284185,766400
3390,365,378,270818,7119,1284563,716100
3391,360,366,270450,7121,1284929,667900
3392,360,343,270084,7144,1285272,736500
3393,384,412,269715,7101,1285684,934400
3394,330,397,269372,7047,1286081,914800
3395,371,368,269014,7037,1286449,759100
3396,360,336,268656,7059,1286785,789100
3397,370,367,268288,7060,1287152,710700
3398,338,355,267929,7064,1287507,665200
3399,350,348,267594,7051,1287855,738600
3400,354,370,267250,7025,1288225,947500
3401,409,375,266847,7053,1288600,893400
3402,348,351,266482,7067,1288951,817500
3403,365,369,266124,7056,1289320,743200
3404,360,383,265764,7033,1289703,721800
3405,356,388,265405,7004,1290091,656200
3406,327,368,265061,6980,1290459,873100
3407,347,369,264727,6945,1290828,933200
3408,367,382,264369,6921,1291210,891900
3409,374,351,263997,6942,1291561,857100
3410,371,388,263620,6931,1291949,717000
3411,341,368,263269,6914,1292317,695100
3412,369,352,262898,6933,1292669,640700
3413,331,336,262580,6915,1293005,869400
3414,411,346,262178,6971,1293351,912400
3415,391,363,261786,7000,1293714,898600
3416,374,391,261386,7009,1294105,796400
3417,380,354,261027,7014,1294459,823900
3418,371,355,260638,7048,1294814,864600
3419,398,349,260247,7090,1295163,934200
3420,380,351,259871,7115,1295514,1003000
3421,396,325,259478,7183,1295839,1127300
3422,368,368,259110,7183,1296207,820700
3423,374,355,258733,7205,1296562,777300
3424,350,365,258386,7187,1296927,764900
3425,390,394,257991,7188,1297321,931900
3426,405,374,257593,7212,1297695,966000
3427,377,352,257216,7237,1298047,881900
3428,380,394,256826,7233,1298441,916700
3429,395,369,256440,7250,1298810,831000
3430,409,359,256031,7300,1299169,913100
3431,413,376,255626,7329,1299545,877900
3432,421,337,255197,7421,1299882,998600
3433,388,376,254809,7433,1300258,948000
3434,423,403,254394,7445,1300661,801900
3435,385,397,253996,7446,1301058,740900
3436,390,351,253615,7476,1301409,719200
3437,387,379,253222,7490,1301788,709000
3438,402,373,252836,7503,1302161,751100
3439,396,413,252442,7484,1302574,1017800
3440,396,399,252040,7487,1302973,903700
3441,386,379,251631,7517,1303352,791800
3442,364,373,251283,7492,1303725,780900
3443,341,371,250925,7479,1304096,786100
3444,395,376,250539,7489,1304472,739100
3445,343,421,250189,7418,1304893,941100
3446,364,417,249836,7354,1305310,948600
3447,373,409,249451,7330,1305719,838600
3448,373,410,249087,7284,1306129,766100
3449,363,371,248726,7274,1306500,692000
3450,360,344,248366,7290,1306844,728100
3451,381,355,247994,7307,1307199,675100
3452,358,360,247612,7329,1307559,1292700
3453,358,352,247250,7339,1307911,964800
3454,357,377,246895,7317,1308288,802100
3455,340,366,246563,7283,1308654,814900
3456,363,347,246202,7297,1309001,736200
3457,376,355,245825,7319,1309356,675300
3458,387,388,245449,7307,1309744,673300
3459,358,385,245072,7299,1310129,928200
3460,352,392,244724,7255,1310521,962900
3461,382,390,244357,7232,1310911,850500
3462,386,384,243961,7244,1311295,752200
3463,377,371,243597,7237,1311666,819900
3464,386,399,243201,7234,1312065,645800
3465,356,374,242841,7220,1312439,774800
3466,347,379,242489,7193,1312818,930400
3467,352,381,242152,7149,1313199,831300
3468,371,374,241777,7150,1313573,779000
3469,343,349,241431,7147,1313922,703300
3470,359,365,241084,7129,1314287,716800
3471,361,401,240708,7104,1314688,684300
3472,362,388,240352,7072,1315076,784600
3473,365,382,240002,7040,1315458,931000
3474,359,379,239625,7038,1315837,856300
3475,371,341,239255,7067,1316178,720000
3476,332,367,238922,7033,1316545,692400
3477,398,363,238528,7064,1316908,690600
3478,357,359,238159,7074,1317267,641400
3479,374,316,237803,7114,1317583,734200
3480,358,392,237430,7095,1317975,982600
3481,352,356,237085,7084,1318331,889700
3482,352,345,236732,7092,1318676,744800
3483,393,345,236332,7147,1319021,646200
3484,347,379,235986,7114,1319400,756500
3485,367,367,235629,7104,1319767,649700
3486,365,371,235260,7102,1320138,692500
3487,391,374,234874,7114,1320512,823700
3488,392,355,234501,7132,1320867,828800
3489,378,377,234101,7155,1321244,798500
3490,365,371,233732,7153,1321615,698300
3491,387,403,233352,7130,1322018,717100
3492,391,378,232970,7134,1322396,623200
3493,336,355,232609,7140,1322751,896500
3494,341,365,232260,7124,1323116,945600
3495,342,367,231933,7084,1323483,864200
3496,374,370,231576,7071,1323853,756800
3497,354,362,231188,7097,1324215,758100
3498,346,372,230860,7053,1324587,730100
3499,353,362,230518,7033,1324949,762600
3500,354,351,230159,7041,1325300,707400
3501,333,342,229821,7037,1325642,887000
3502,363,393,229457,7008,1326035,870300
3503,394,349,229054,7062,1326384,810600
3504,337,358,228721,7037,1326742,800900
3505,381,363,228361,7034,1327105,699700
3506,342,391,228001,7003,1327496,701400
3507,311,374,227687,6943,1327870,689100
3508,350,342,227337,6951,1328212,848600
3509,371,364,226984,6940,1328576,837700
3510,324,351,226653,6920,1328927,746300
3511,336,360,226311,6902,1329287,748400
3512,335,366,225970,6877,1329653,656900
3513,348,382,225632,6833,1330035,716500
3514,304,339,225312,6814,1330374,649600
3515,318,396,224986,6744,1330770,780600
3516,340,321,224654,6755,1331091,841100
3517,323,347,224331,6731,1331438,849200
3518,338,330,224003,6729,1331768,746300
3519,306,383,223685,6664,1332151,765400
3520,324,344,223365,6640,1332495,691100
3521,323,340,223042,6623,1332835,665700
3522,313,370,222724,6571,1333205,737500
3523,329,350,222414,6531,1333555,881500
3524,341,354,222074,6517,1333909,864700
3525,317,287,221745,6559,1334196,764000
3526,314,313,221438,6553,1334509,671400
3527,330,334,221079,6578,1334843,683500
3528,333,328,220754,6575,1335171,652500
3529,323,333,220438,6558,1335504,738900
3530,341,331,220100,6565,1335835,859200
3531,353,332,219753,6580,1336167,843900
3532,345,367,219410,6556,1336534,742700
3533,356,339,219063,6564,1336873,757900
3534,306,319,218751,6557,1337192,685800
3535,367,366,218378,6564,1337558,705100
3536,342,313,218038,6591,1337871,832200
3537,349,311,217696,6622,1338182,834300
3538,335,302,217344,6672,1338484,813500
3539,345,337,217035,6644,1338821,804100
3540,326,333,216678,6668,1339154,722800
3541,368,331,216314,6701,1339485,750200
3542,343,343,215977,6695,1339828,739800
3543,376,327,215606,6739,1340155,796600
3544,353,348,215227,6770,1340503,882800
3545,335,351,214918,6728,1340854,860700
3546,342,335,214590,6721,1341189,857800
3547,327,364,214239,6708,1341553,682600
3548,336,346,213894,6707,1341899,680000
3549,341,368,213558,6675,1342267,681200
3550,344,379,213219,6635,1342646,913900
3551,313,327,212893,6634,1342973,857300
3552,329,355,212580,6592,1343328,860200
3553,309,352,212253,6567,1343680,788600
3554,314,328,211936,6556,1344008,731500
3555,298,332,211641,6519,1344340,690300
3556,309,326,211336,6498,1344666,632200
3557,313,330,211020,6484,1344996,853700
3558,309,330,210729,6445,1345326,893400
3559,311,342,210422,6410,1345668,959800
3560,351,334,210081,6417,1346002,816100
3561,314,322,209742,6434,1346324,715600
3562,318,333,209429,6414,1346657,710000
3563,310,348,209115,6380,1347005,617700
3564,323,332,208792,6371,1347337,859800
3565,341,293,208455,6415,1347630,860400
3566,363,323,208092,6455,1347953,917200
3567,333,339,207768,6440,1348292,729400
3568,337,317,207415,6476,1348609,706600
3569,344,330,207077,6484,1348939,636700
3570,344,378,206739,6444,1349317,595500
3571,366,349,206385,6449,1349666,594600
3572,333,327,206025,6482,1349993,674700
3573,330,357,205715,6435,1350350,829700
3574,313,341,205386,6423,1350691,811200
3575,326,343,205052,6414,1351034,743000
3576,393,336,204683,6447,1351370,678300
3577,338,301,204344,6485,1351671,693200
3578,352,353,203991,6485,1352024,687400
3579,345,336,203649,6491,1352360,760100
3580,331,347,203305,6488,1352707,897200
3581,333,334,202991,6468,1353041,941200
3582,303,338,202660,6461,1353379,801700
3583,329,330,202354,6437,1353709,780700
3584,322,366,202024,6401,1354075,717300
3585,314,307,201697,6421,1354382,665200
3586,337,348,201364,6406,1354730,723500
3587,309,317,201061,6392,1355047,860100
3588,322,327,200729,6397,1355374,872800
3589,329,342,200420,6364,1355716,870400
3590,309,344,200094,6346,1356060,760200
3591,324,303,199774,6363,1356363,729900
3592,362,348,199414,6375,1356711,639800
3593,355,330,199078,6381,1357041,684900
3594,312,319,198748,6392,1357360,762300
3595,344,326,198415,6399,1357686,825000
3596,324,338,198076,6400,1358024,744900
3597,320,351,197771,6354,1358375,695100
3598,345,343,197418,6364,1358718,610300
3599,302,345,197112,6325,1359063,906300
3600,332,338,196774,6325,1359401,658000
3601,327,333,196458,6308,1359734,750300
3602,330,357,196115,6294,1360091,888400
3603,324,291,195794,6324,1360382,741000
3604,290,338,195491,6289,1360720,754500
3605,305,304,195185,6291,1361024,787000
3606,324,334,194893,6249,1361358,704400
3607,287,328,194581,6233,1361686,636900
3608,320,345,194263,6206,1362031,692700
3609,297,320,193967,6182,1362351,814300
3610,294,275,193679,6195,1362626,925600
3611,294,298,193384,6192,1362924,775100
3612,297,303,193096,6177,1363227,675400
3613,305,322,192786,6165,1363549,710300
3614,273,321,192507,6123,1363870,619300
3615,286,331,192227,6072,1364201,803200
3616,348,319,191897,6083,1364520,870400
3617,271,320,191615,6045,1364840,890600
3618,292,316,191312,6032,1365156,735300
3619,307,342,191015,5987,1365498,773000
3620,282,313,190717,5972,1365811,671500
3621,290,288,190432,5969,1366099,733700
3622,311,277,190112,6012,1366376,843900
3623,332,302,189793,6029,1366678,865900
3624,315,276,189479,6067,1366954,875500
3625,310,339,189174,6033,1367293,767800
3626,320,276,188842,6089,1367569,746700
3627,312,300,188538,6093,1367869,633200
3628,287,297,188257,6077,1368166,687300
3629,298,340,187952,6042,1368506,705600
3630,273,291,187676,6027,1368797,861500
3631,288,305,187396,6002,1369102,1064000
3632,310,306,187083,6009,1369408,864800
3633,306,303,186771,6018,1369711,695200
3634,276,309,186492,5988,1370020,678200
3635,300,289,186193,5998,1370309,688500
3636,286,282,185914,5995,1370591,839200
3637,296,302,185623,5984,1370893,833000
3638,252,296,185350,5961,1371189,800500
3639,302,288,185067,5956,1371477,774800
3640,313,318,184752,5953,1371795,676200
3641,325,332,184419,5954,1372127,723700
3642,299,290,184108,5975,1372417,617700
3643,298,347,183823,5913,1372764,631100
3644,298,300,183527,5909,1373064,698400
3645,289,318,183243,5875,1373382,847500
3646,300,317,182935,5866,1373699,906600
3647,257,280,182665,5856,1373979,725700
3648,307,301,182373,5847,1374280,655000
3649,274,292,182102,5826,1374572,699700
3650,313,300,181803,5825,1374872,625500
3651,292,316,181487,5825,1375188,783300
3652,305,296,181177,5839,1375484,857600
3653,289,287,180905,5824,1375771,842500
3654,300,325,180602,5802,1376096,707800
3655,282,335,180308,5761,1376431,669000
3656,259,311,180047,5711,1376742,726100
3657,277,285,179778,5695,1377027,673000
3658,321,328,179470,5675,1377355,649400
3659,250,280,179206,5659,1377635,698300
3660,265,277,178947,5641,1377912,858600
3661,275,294,178662,5632,1378206,865900
3662,272,284,178389,5621,1378490,733200
3663,275,306,178123,5581,1378796,679900
3664,270,300,177852,5552,1379096,681500
3665,312,291,177559,5554,1379387,640300
3666,291,262,177261,5590,1379649,724200
3667,293,313,176959,5579,1379962,901300
3668,278,316,176652,5570,1380278,835800
3669,258,321,176405,5496,1380599,738600
3670,296,271,176128,5502,1380870,756500
3671,292,312,175839,5479,1381182,683700
3672,280,290,175549,5479,1381472,651100
3673,294,276,175264,5488,1381748,935200
3674,286,315,174962,5475,1382063,885200
3675,295,264,174683,5490,1382327,1019300
3676,299,275,174377,5521,1382602,822000
3677,299,273,174082,5543,1382875,763900
3678,308,311,173783,5531,1383186,655500
3679,259,280,173495,5539,1383466,645900
3680,292,284,173232,5518,1383750,742400
3681,265,299,172948,5503,1384049,896600
3682,278,260,172688,5503,1384309,794100
3683,272,278,172397,5516,1384587,771200
3684,287,340,172114,5459,1384927,737200
3685,275,277,171848,5448,1385204,702700
3686,286,293,171552,5451,1385497,710900
3687,256,269,171300,5434,1385766,688500
3688,271,270,171012,5452,1386036,862400
3689,279,289,170753,5422,1386325,807800
3690,273,284,170484,5407,1386609,698400
3691,269,297,170216,5378,1386906,653100
3692,275,299,169932,5363,1387205,649000
3693,274,273,169664,5358,1387478,668900
3694,291,283,169372,5367,1387761,590000
3695,281,262,169099,5378,1388023,696400
3696,280,266,168806,5405,1388289,883800
3697,309,289,168519,5403,1388578,843300
3698,269,304,168224,5394,1388882,721900
3699,283,259,167949,5410,1389141,665800
3700,263,310,167675,5374,1389451,699600
3701,278,258,167404,5387,1389709,661500
3702,273,250,167130,5411,1389959,633500
3703,289,276,166831,5434,1390235,745200
3704,284,277,166554,5434,1390512,889600
3705,305,293,166263,5432,1390805,812400
3706,307,280,165945,5470,1391085,712700
3707,300,311,165655,5449,1391396,683600
3708,291,287,165360,5457,1391683,628000
3709,285,267,165065,5485,1391950,631000
3710,284,276,164802,5472,1392226,709500
3711,254,274,164525,5475,1392500,827500
3712,282,285,164256,5459,1392785,856400
3713,288,292,163975,5448,1393077,768500
3714,304,284,163676,5463,1393361,675500
3715,274,270,163393,5476,1393631,821800
3716,313,274,163089,5506,1393905,678800
3717,278,271,162800,5524,1394176,840200
3718,295,268,162496,5560,1394444,911300
3719,318,300,162178,5578,1394744,837800
3720,269,277,161904,5575,1395021,744100
3721,273,272,161627,5580,1395293,743500
3722,260,297,161383,5527,1395590,655900
3723,270,282,161107,5521,1395872,680300
3724,268,258,160834,5536,1396130,661600
3725,244,269,160590,5511,1396399,720700
3726,267,309,160336,5456,1396708,696700
3727,280,264,160036,5492,1396972,702200
3728,252,304,159782,5442,1397276,765000
3729,276,257,159518,5449,1397533,721000
3730,269,279,159253,5435,1397812,646000
3731,270,249,158983,5456,1398061,625600
3732,241,280,158742,5417,1398341,861700
3733,261,291,158481,5387,1398632,708700
3734,270,250,158204,5414,1398882,643600
3735,252,280,157957,5381,1399162,628500
3736,283,296,157679,5363,1399458,666900
3737,270,258,157399,5385,1399716,637800
3738,275,273,157133,5378,1399989,648700
3739,254,249,156891,5371,1400238,657400
3740,237,281,156627,5354,1400519,757100
3741,274,288,156368,5325,1400807,808700
3742,238,266,156119,5308,1401073,815900
3743,247,275,155868,5284,1401348,832900
3744,264,271,155619,5262,1401619,961800
3745,275,281,155339,5261,1401900,946300
3746,250,285,155075,5240,1402185,762700
3747,266,267,154815,5233,1402452,809100
3748,234,298,154579,5171,1402750,824200
3749,266,275,154309,5166,1403025,912100
3750,272,268,154056,5151,1403293,768900
3751,270,274,153809,5124,1403567,742500
3752,306,284,153492,5157,1403851,707900
3753,267,266,153206,5177,1404117,653000
3754,252,263,152957,5163,1404380,701400
3755,245,267,152697,5156,1404647,981400
3756,245,270,152475,5108,1404917,1049700
3757,282,265,152180,5138,1405182,869000
3758,265,275,151913,5130,1405457,707800
3759,242,246,151669,5128,1405703,847600
3760,260,276,151413,5108,1405979,870800
3761,274,294,151143,5084,1406273,1016500
3762,275,261,150869,5097,1406534,873500
3763,277,264,150597,5105,1406798,748500
3764,285,286,150316,5100,1407084,713200
3765,256,251,150038,5127,1407335,662100
3766,257,248,149793,5124,1407583,680000
3767,266,276,149533,5108,1407859,886500
3768,260,262,149260,5119,1408121,712100
3769,247,294,149014,5071,1408415,735300
3770,266,265,148762,5058,1408680,807000
3771,245,236,148502,5082,1408916,794600
3772,243,233,148252,5099,1409149,721700
3773,240,270,148022,5059,1409419,692900
3774,286,264,147738,5079,1409683,670700
3775,261,280,147487,5050,1409963,758300
3776,250,270,147218,5049,1410233,804500
3777,225,251,147002,5014,1410484,772300
3778,225,255,146777,4984,1410739,736700
3779,229,260,146550,4951,1410999,705800
3780,258,265,146293,4943,1411264,623100
3781,250,257,146047,4932,1411521,669400
3782,254,241,145784,4954,1411762,657500
3783,249,241,145545,4952,1412003,904000
3784,250,253,145282,4962,1412256,847700
3785,237,253,145045,4946,1412509,736200
3786,240,250,144803,4938,1412759,678900
3787,266,248,144528,4965,1413007,678500
3788,258,234,144294,4965,1413241,617300
3789,266,285,144037,4937,1413526,644100
3790,241,268,143778,4928,1413794,646900
3791,262,247,143533,4926,1414041,884000
3792,235,250,143280,4929,1414291,863600
3793,251,241,143037,4931,1414532,774900
3794,249,250,142790,4928,1414782,689300
3795,263,248,142531,4939,1415030,683700
3796,239,240,142267,4963,1415270,601900
3797,252,242,142036,4952,1415512,830600
3798,273,252,141778,4958,1415764,820200
3799,279,250,141474,5012,1416014,787900
3800,251,249,141225,5012,1416263,747200
3801,271,247,140962,5028,1416510,671700
3802,252,280,140702,5008,1416790,714100
3803,241,259,140453,4998,1417049,626400
3804,254,264,140198,4989,1417313,659700
3805,252,235,139949,5003,1417548,675600
3806,247,253,139704,4995,1417801,874400
3807,257,264,139461,4974,1418065,936900
3808,243,238,139210,4987,1418303,767400
3809,288,251,138932,5014,1418554,714000
3810,259,251,138656,5039,1418805,669300
3811,255,283,138402,5010,1419088,674300
3812,218,281,138186,4945,1419369,696100
3813,228,258,137959,4914,1419627,834100
3814,248,256,137706,4911,1419883,797200
3815,232,291,137482,4844,1420174,716600
3816,251,253,137217,4856,1420427,658100
3817,253,243,136973,4857,1420670,611100
3818,225,252,136736,4842,1420922,644500
3819,223,256,136516,4806,1421178,610300
3820,239,240,136285,4797,1421418,672500
3821,226,247,136051,4784,1421665,895100
3822,246,264,135822,4749,1421929,825600
3823,221,245,135599,4727,1422174,732700
3824,232,222,135362,4742,1422396,764200
3825,267,282,135122,4700,1422678,726100
3826,251,264,134846,4712,1422942,635200
3827,236,239,134613,4706,1423181,823000
3828,231,232,134374,4713,1423413,836300
3829,219,221,134160,4706,1423634,813700
3830,245,251,133912,4703,1423885,785400
3831,246,244,133687,4684,1424129,658000
3832,229,243,133442,4686,1424372,651300
3833,237,240,133191,4697,1424612,651400
3834,250,229,132947,4712,1424841,628500
3835,204,222,132751,4686,1425063,702500
3836,252,255,132490,4692,1425318,783000
3837,226,241,132266,4675,1425559,851200
3838,245,234,132012,4695,1425793,689300
3839,233,237,131789,4681,1426030,664800
3840,245,259,131541,4670,1426289,666500
3841,227,250,131327,4634,1426539,642100
3842,239,223,131081,4657,1426762,863600
3843,289,254,130817,4667,1427016,838800
3844,208,235,130573,4676,1427251,817200
3845,252,248,130322,4679,1427499,815700
3846,235,245,130092,4664,1427744,812100
3847,215,243,129871,4642,1427987,732500
3848,227,274,129652,4587,1428261,664200
3849,234,213,129415,4611,1428474,837400
3850,236,201,129179,4646,1428675,820600
3851,220,219,128966,4640,1428894,795000
3852,210,253,128741,4612,1429147,759300
3853,240,248,128512,4593,1429395,709800
3854,238,217,128271,4617,1429612,749300
3855,243,254,128024,4610,1429866,679500
3856,223,243,127800,4591,1430109,582400
3857,202,245,127602,4544,1430354,740900
3858,207,242,127384,4520,1430596,815600
3859,209,245,127184,4475,1430841,803700
3860,242,208,126958,4493,1431049,775200
3861,245,241,126697,4513,1431290,679500
3862,221,249,126481,4480,1431539,619400
3863,237,229,126238,4494,1431768,645400
3864,199,233,126036,4463,1432001,775800
3865,191,230,125841,4428,1432231,845400
3866,207,227,125635,4407,1432458,790000
3867,199,235,125444,4363,1432693,793900
3868,195,224,125257,4326,1432917,699800
3869,200,216,125043,4324,1433133,674900
3870,198,221,124833,4313,1433354,646700
3871,207,233,124643,4270,1433587,574300
3872,198,210,124435,4268,1433797,661500
3873,189,231,124245,4227,1434028,812500
3874,193,229,124056,4187,1434257,868800
3875,192,224,123864,4155,1434481,708900
3876,188,235,123681,4103,1434716,648500
3877,171,202,123504,4078,1434918,641400
3878,196,196,123319,4067,1435114,618300
3879,209,197,123108,4081,1435311,606600
3880,176,217,122923,4049,1435528,676700
3881,220,211,122707,4054,1435739,856500
3882,179,198,122526,4037,1435937,784100
3883,183,217,122333,4013,1436154,687700
3884,170,197,122170,3979,1436351,618400
3885,208,210,121967,3972,1436561,612600
3886,206,209,121762,3968,1436770,654700
3887,189,171,121561,3998,1436941,642600
3888,190,172,121381,4006,1437113,678400
3889,185,198,121178,4011,1437311,1075500
3890,173,179,121016,3994,1437490,902700
3891,185,190,120838,3982,1437680,762000
3892,173,216,120654,3950,1437896,735700
3893,193,211,120464,3929,1438107,652300
3894,222,204,120255,3934,1438311,664400
3895,182,191,120059,3939,1438502,676700
3896,201,225,119886,3887,1438727,804600
3897,187,209,119676,3888,1438936,803100
3898,153,207,119518,3839,1439143,687400
3899,169,202,119345,3810,1439345,635600
3900,186,200,119155,3800,1439545,667100
3901,165,202,118996,3757,1439747,675600
3902,180,191,118818,3744,1439938,630400
3903,162,178,118652,3732,1440116,673200
3904,182,195,118479,3710,1440311,728600
3905,153,183,118322,3684,1440494,842500
3906,172,181,118144,3681,1440675,739800
3907,146,182,117998,3645,1440857,672800
3908,158,181,117829,3633,1441038,636100
3909,156,182,117679,3601,1441220,633300
3910,141,168,117529,3583,1441388,863500
3911,161,195,117388,3529,1441583,896700
3912,168,195,117213,3509,1441778,809600
3913,157,193,117061,3468,1441971,752900
3914,189,208,116872,3449,1442179,664400
3915,187,180,116691,3450,1442359,690100
3916,158,163,116530,3448,1442522,631600
3917,174,193,116358,3427,1442715,586900
3918,148,177,116209,3399,1442892,635200
3919,147,173,116052,3383,1443065,878700
3920,158,182,115899,3354,1443247,819400
3921,168,157,115731,3365,1443404,723600
3922,152,191,115588,3317,1443595,688700
3923,132,176,115439,3290,1443771,632900
3924,153,158,115295,3276,1443929,580300
3925,151,179,115141,3251,1444108,557800
3926,160,156,114986,3250,1444264,667500
3927,149,164,114832,3240,1444428,813700
3928,157,174,114679,3219,1444602,899000
3929,143,169,114526,3203,1444771,758100
3930,150,149,114374,3206,1444920,710800
3931,156,176,114228,3176,1445096,653200
3932,140,157,114087,3160,1445253,647800
3933,131,167,113944,3136,1445420,811900
3934,145,153,113821,3106,1445573,840000
3935,170,153,113650,3124,1445726,817100
3936,180,156,113470,3148,1445882,731600
3937,181,184,113295,3139,1446066,676900
3938,172,167,113113,3154,1446233,687500
3939,162,143,112946,3178,1446376,704600
3940,155,177,112790,3157,1446553,610400
3941,168,179,112615,3153,1446732,766200
3942,160,179,112463,3126,1446911,856500
3943,147,160,112313,3116,1447071,799700
3944,134,169,112167,3093,1447240,687300
3945,151,172,112031,3057,1447412,643100
3946,175,147,111856,3085,1447559,654200
3947,166,161,111679,3101,1447720,591400
3948,152,151,111540,3089,1447871,863700
3949,171,163,111367,3099,1448034,842400
3950,144,184,111213,3069,1448218,837000
3951,161,169,111054,3059,1448387,742900
3952,169,148,110892,3073,1448535,802300
3953,141,161,110749,3055,1448696,695000
3954,168,172,110586,3046,1448868,692000
3955,157,159,110422,3051,1449027,781600
3956,134,148,110280,3045,1449175,865000
3957,165,168,110131,3026,1449343,790000
3958,154,162,109964,3031,1449505,763900
3959,151,145,109823,3027,1449650,704200
3960,138,163,109690,2997,1449813,690800
3961,155,179,109524,2984,1449992,610700
3962,159,153,109375,2980,1450145,594500
3963,136,161,109223,2971,1450306,665700
3964,138,150,109092,2952,1450456,883400
3965,126,144,108964,2936,1450600,832800
3966,161,150,108812,2938,1450750,732000
3967,145,149,108662,2939,1450899,679400
3968,136,146,108525,2930,1451045,625800
3969,134,137,108385,2933,1451182,639600
3970,151,144,108245,2929,1451326,620000
3971,128,161,108101,2912,1451487,664400
3972,137,153,107975,2885,1451640,833100
3973,128,141,107843,2876,1451781,894100
3974,128,143,107714,2862,1451924,692200
3975,153,136,107558,2882,1452060,664400
3976,160,148,107416,2876,1452208,679400
3977,144,160,107267,2865,1452368,637100
3978,160,143,107110,2879,1452511,749000
3979,114,172,106984,2833,1452683,797400
3980,122,134,106863,2820,1452817,784800
3981,148,136,106718,2829,1452953,728900
3982,148,159,106565,2823,1453112,637700
3983,131,135,106433,2820,1453247,723600
3984,119,144,106315,2794,1453391,603000
3985,138,143,106184,2782,1453534,596900
3986,124,127,106048,2791,1453661,683800
3987,133,128,105932,2779,1453789,780600
3988,120,151,105805,2755,1453940,773800
3989,135,148,105662,2750,1454088,725000
3990,125,155,105540,2717,1454243,690200
3991,141,161,105404,2692,1454404,611600
3992,154,143,105241,2712,1454547,636400
3993,132,140,105120,2693,1454687,587000
3994,135,134,104986,2693,1454821,675100
3995,151,143,104846,2690,1454964,908700
3996,142,133,104700,2703,1455097,968200
3997,155,135,104529,2739,1455232,804700
3998,142,144,104398,2726,1455376,791400
3999,133,141,104257,2726,1455517,748400
4000,144,150,104114,2719,1455667,679500
4001,136,150,103972,2711,1455817,683200
4002,149,165,103834,2684,1455982,1131000
4003,125,130,103700,2688,1456112,832300
4004,135,134,103566,2688,1456246,844800
4005,137,149,103436,2669,1456395,690600
4006,120,136,103302,2667,1456531,662000
4007,131,134,103181,2654,1456665,642300
4008,136,123,103050,2662,1456788,676800
4009,144,146,102907,2659,1456934,901600
4010,136,140,102769,2657,1457074,890000
4011,140,144,102624,2658,1457218,738700
4012,125,142,102491,2649,1457360,731400
4013,122,134,102374,2632,1457494,785600
4014,116,142,102258,2606,1457636,713300
4015,125,127,102141,2596,1457763,743500
4016,107,135,102018,2584,1457898,977000
4017,130,145,101900,2557,1458043,1028200
4018,113,144,101780,2533,1458187,828800
4019,137,125,101647,2541,1458312,823000
4020,123,118,101535,2535,1458430,715100
4021,105,147,101419,2504,1458577,644000
4022,136,124,101289,2510,1458701,816800
4023,139,118,101147,2534,1458819,1008600
4024,122,134,101017,2530,1458953,800600
4025,128,114,100898,2535,1459067,757400
4026,116,125,100783,2525,1459192,737900
4027,116,114,100661,2533,1459306,752100
4028,129,125,100530,2539,1459431,677800
4029,120,128,100415,2526,1459559,886600
4030,115,129,100310,2502,1459688,919400
4031,117,115,100183,2514,1459803,812300
4032,137,122,100043,2532,1459925,805400
4033,140,138,99899,2538,1460063,749500
4034,135,119,99783,2535,1460182,685200
4035,115,118,99648,2552,1460300,668200
4036,114,132,99528,2540,1460432,871400
4037,133,128,99409,2531,1460560,949400
4038,113,112,99291,2537,1460672,832100
4039,111,146,99173,2509,1460818,753600
4040,117,144,99070,2468,1460962,701300
4041,139,138,98934,2466,1461100,752200
4042,121,118,98805,2477,1461218,801600
4043,149,142,98664,2476,1461360,850100
4044,126,127,98535,2478,1461487,957900
4045,115,131,98418,2464,1461618,857700
4046,118,129,98295,2458,1461747,797400
4047,138,139,98159,2455,1461886,793200
4048,145,123,98018,2473,1462009,791900
4049,145,120,97883,2488,1462129,798200
4050,154,137,97717,2517,1462266,1234100
4051,132,133,97579,2522,1462399,1019400
4052,125,119,97453,2529,1462518,902700
4053,126,122,97334,2526,1462640,920400
4054,122,108,97212,2540,1462748,765700
4055,132,117,97082,2553,1462865,905900
4056,149,139,96922,2574,1463004,1112400
4057,140,167,96796,2533,1463171,982200
4058,135,113,96652,2564,1463284,905500
4059,132,115,96528,2573,1463399,923100
4060,135,119,96390,2592,1463518,1026000
4061,140,127,96249,2606,1463645,1049500
4062,128,121,96119,2615,1463766,903400
4063,136,133,95990,2611,1463899,747600
4064,133,129,95854,2618,1464028,724100
4065,130,143,95718,2611,1464171,625700
4066,134,147,95594,2588,1464318,661700
4067,155,116,95437,2629,1464434,788800
4068,119,139,95316,2611,1464573,800500
4069,122,126,95194,2607,1464699,1922500
4070,115,133,95070,2598,1464832,802400
4071,143,121,94940,2607,1464953,707600
4072,113,128,94817,2602,1465081,697700
4073,139,149,94685,2585,1465230,693300
4074,124,156,94554,2560,1465386,806700
4075,127,120,94432,2562,1465506,785400
4076,115,129,94320,2545,1465635,829100
4077,114,132,94199,2534,1465767,691400
4078,120,137,94077,2519,1465904,653700
4079,113,136,93962,2498,1466040,631600
4080,110,138,93856,2466,1466178,599200
4081,117,130,93737,2455,1466308,689500
4082,110,131,93635,2426,1466439,803600
4083,110,111,93520,2430,1466550,760200
4084,117,128,93409,2413,1466678,675000
4085,114,141,93285,2396,1466819,636400
4086,111,129,93170,2382,1466948,632100
4087,110,107,93083,2362,1467055,643900
4088,113,117,92951,2377,1467172,573300
4089,97,116,92853,2359,1467288,642900
4090,105,127,92761,2324,1467415,941700
4091,109,113,92637,2335,1467528,825600
4092,110,111,92538,2323,1467639,685200
4093,108,115,92428,2318,1467754,693900
4094,102,117,92329,2300,1467871,598100
4095,105,116,92218,2295,1467987,613200
4096,124,117,92099,2297,1468104,845300
4097,119,124,91973,2299,1468228,816900
4098,95,108,91874,2290,1468336,831000
4099,93,128,91786,2250,1468464,698200
4100,115,114,91672,2250,1468578,629800
4101,107,115,91568,2239,1468693,674800
4102,110,114,91449,2244,1468807,857800
4103,115,107,91347,2239,1468914,812800
4104,104,124,91237,2225,1469038,707500
4105,114,109,91138,2215,1469147,836600
4106,105,100,91013,2240,1469247,848000
4107,106,132,90906,2215,1469379,774900
4108,116,91,90794,2236,1469470,666600
4109,110,121,90687,2222,1469591,1021100
4110,121,116,90577,2216,1469707,752000
4111,117,127,90447,2219,1469834,751700
4112,99,120,90350,2196,1469954,719600
4113,124,110,90229,2207,1470064,776700
4114,118,100,90104,2232,1470164,797600
4115,121,135,89991,2210,1470299,730000
4116,111,117,89875,2209,1470416,947300
4117,107,126,89767,2191,1470542,818900
4118,102,104,89662,2192,1470646,718300
4119,113,98,89554,2202,1470744,938700
4120,105,127,89447,2182,1470871,1059300
4121,116,122,89330,2177,1470993,759400
4122,91,127,89245,2135,1471120,696900
4123,98,105,89139,2136,1471225,940800
4124,104,118,89039,2118,1471343,816100
4125,95,100,88940,2117,1471443,753700
4126,89,109,88855,2093,1471552,838100
4127,113,126,88753,2069,1471678,988300
4128,105,118,88633,2071,1471796,830100
4129,91,106,88546,2052,1471902,708500
4130,97,104,88445,2049,1472006,917400
4131,101,128,88349,2017,1472134,839000
4132,111,113,88230,2023,1472247,735600
4133,92,97,88137,2019,1472344,641000
4134,100,97,88037,2022,1472441,1039500
4135,113,108,87930,2021,1472549,893600
4136,99,99,87828,2024,1472648,688900
4137,87,94,87733,2025,1472742,953500
4138,105,105,87635,2018,1472847,792800
4139,108,118,87532,2003,1472965,653600
4140,89,105,87441,1989,1473070,602300
4141,101,108,87339,1983,1473178,840300
4142,100,102,87245,1975,1473280,825000
4143,91,101,87153,1966,1473381,606100
4144,108,122,87045,1952,1473503,606200
4145,92,101,86951,1945,1473604,1070200
4146,106,105,86844,1947,1473709,825700
4147,93,111,86749,1931,1473820,845600
4148,91,101,86662,1917,1473921,1040200
4149,127,94,86533,1952,1474015,870800
4150,108,104,86426,1955,1474119,744000
4151,116,109,86304,1968,1474228,982800
4152,102,97,86196,1979,1474325,827800
4153,95,94,86107,1974,1474419,850700
4154,121,98,85996,1987,1474517,999600
4155,121,92,85871,2020,1474609,842500
4156,126,109,85753,2029,1474718,695100
4157,130,93,85621,2068,1474811,873400
4158,119,102,85495,2092,1474913,848700
4159,117,107,85385,2095,1475020,725200
4160,115,114,85272,2094,1475134,608400
4161,118,99,85150,2117,1475233,709000
4162,121,100,85028,2139,1475333,874100
4163,115,114,84905,2148,1475447,818900
4164,103,114,84810,2129,1475561,716100
4165,104,90,84700,2149,1475651,826300
4166,121,104,84585,2160,1475755,811100
4167,120,123,84472,2150,1475878,755500
4168,106,109,84358,2155,1475987,630900
4169,130,118,84236,2159,1476105,854900
4170,96,125,84128,2142,1476230,758400
4171,94,113,84037,2120,1476343,683700
4172,118,124,83914,2119,1476467,730400
4173,115,108,83808,2117,1476575,895900
4174,100,112,83704,2109,1476687,784300
4175,111,102,83591,2120,1476789,631200
4176,94,103,83495,2113,1476892,597800
4177,109,128,83380,2100,1477020,809100
4178,109,105,83282,2093,1477125,652900
4179,127,104,83154,2117,1477229,565600
4180,106,113,83049,2109,1477342,729500
4181,101,104,82943,2111,1477446,830400
4182,81,108,82854,2092,1477554,680600
4183,112,114,82760,2072,1477668,556100
4184,121,92,82646,2094,1477760,603500
4185,122,104,82516,2120,1477864,827000
4186,116,102,82389,2145,1477966,687700
4187,103,99,82293,2142,1478065,589100
4188,99,125,82187,2123,1478190,556900
4189,117,103,82078,2129,1478293,780800
4190,93,110,81974,2123,1478403,742700
4191,101,118,81870,2109,1478521,744000
4192,111,106,81772,2101,1478627,603400
4193,89,125,81688,2060,1478752,673700
4194,110,99,81569,2080,1478851,764200
4195,118,117,81447,2085,1478968,652400
4196,87,98,81358,2076,1479066,619500
4197,96,110,81271,2053,1479176,653700
4198,114,119,81157,2048,1479295,876500
4199,107,94,81057,2054,1479389,636200
4200,97,102,80944,2065,1479491,561000
4201,100,115,80857,2037,1479606,630000
4202,101,111,80745,2038,1479717,838200
4203,119,101,80630,2052,1479818,644100
4204,99,101,80531,2050,1479919,579300
4205,102,99,80435,2047,1480018,539000
4206,91,109,80330,2043,1480127,817200
4207,114,121,80230,2022,1480248,679600
4208,106,128,80115,2009,1480376,715100
4209,105,106,80014,2004,1480482,586100
4210,103,93,79912,2013,1480575,742800
4211,100,80,79805,2040,1480655,765200
4212,126,101,79689,2055,1480756,630300
4213,122,124,79563,2057,1480880,576900
4214,108,110,79458,2052,1480990,581600
4215,110,99,79340,2071,1481089,826700
4216,111,102,79228,2081,1481191,656600
4217,102,92,79136,2081,1481283,600800
4218,93,98,79030,2089,1481381,565200
4219,94,111,78938,2070,1481492,743300
4220,117,122,78829,2057,1481614,710900
4221,114,94,78714,2078,1481708,604100
4222,106,107,78602,2083,1481815,568200
4223,103,107,78496,2082,1481922,735400
4224,113,101,78398,2079,1482023,721700
4225,87,100,78295,2082,1482123,651400
4226,97,98,78206,2073,1482221,579400
4227,111,106,78101,2072,1482327,584000
4228,101,120,77998,2055,1482447,828100
4229,98,100,77898,2055,1482547,637800
4230,103,103,77788,2062,1482650,565900
4231,120,102,77677,2071,1482752,773100
4232,106,114,77579,2055,1482866,829200
4233,115,116,77455,2063,1482982,704600
4234,96,98,77353,2067,1483080,608800
4235,84,99,77269,2052,1483179,696800
4236,93,102,77168,2051,1483281,866400
4237,89,117,77086,2016,1483398,671300
4238,98,92,76990,2020,1483490,607400
4239,100,120,76890,2000,1483610,692100
4240,104,92,76798,2000,1483702,812300
4241,94,101,76687,2010,1483803,725800
4242,95,109,76599,1989,1483912,659000
4243,80,85,76515,1988,1483997,656500
4244,90,93,76423,1987,1484090,828900
4245,91,102,76345,1963,1484192,754900
4246,91,105,76237,1966,1484297,722900
4247,95,105,76156,1942,1484402,994200
4248,100,107,76047,1944,1484509,775900
4249,101,94,75951,1946,1484603,683000
4250,100,92,75852,1953,1484695,612000
4251,101,112,75752,1941,1484807,806400
4252,85,98,75665,1930,1484905,746500
4253,101,108,75562,1925,1485013,647400
4254,81,93,75476,1918,1485106,646500
4255,80,98,75405,1891,1485204,803300
4256,86,88,75314,1894,1485292,727700
4257,88,102,75237,1869,1485394,621200
4258,99,96,75127,1883,1485490,591400
4259,77,73,75049,1888,1485563,770400
4260,94,94,74955,1888,1485657,740600
4261,86,110,74873,1860,1485767,641300
4262,94,108,74783,1842,1485875,571300
4263,90,114,74681,1830,1485989,797700
4264,109,111,74586,1814,1486100,738100
4265,89,79,74491,1830,1486179,694700
4266,107,95,74383,1843,1486274,622900
4267,108,104,74275,1847,1486378,827100
4268,87,101,74183,1838,1486479,738000
4269,101,100,74088,1833,1486579,608900
4270,99,92,73989,1840,1486671,618500
4271,91,95,73895,1839,1486766,801600
4272,94,91,73801,1842,1486857,710800
4273,97,90,73707,1846,1486947,657500
4274,79,99,73631,1823,1487046,583300
4275,90,93,73532,1829,1487139,824900
4276,106,82,73433,1846,1487221,710400
4277,92,95,73338,1846,1487316,679500
4278,89,95,73252,1837,1487411,564500
4279,110,81,73135,1873,1487492,807300
4280,93,106,73042,1860,1487598,719600
4281,82,85,72972,1845,1487683,607700
4282,82,87,72884,1846,1487770,540300
4283,80,71,72797,1862,1487841,746200
4284,86,102,72722,1835,1487943,685500
4285,86,106,72627,1824,1488049,644000
4286,99,93,72529,1829,1488142,603200
4287,92,103,72443,1812,1488245,774900
4288,85,97,72351,1807,1488342,668400
4289,99,109,72264,1785,1488451,637400
4290,77,86,72182,1781,1488537,620900
4291,85,94,72095,1774,1488631,750500
4292,83,106,72011,1752,1488737,666300
4293,91,108,71917,1738,1488845,667200
4294,86,99,71836,1720,1488944,567300
4295,77,80,71753,1723,1489024,709100
4296,71,82,71682,1712,1489106,734900
4297,104,91,71579,1724,1489197,810600
4298,78,103,71500,1700,1489300,671900
4299,103,87,71409,1704,1489387,855800
4300,74,90,71322,1701,1489477,844100
4301,74,96,71246,1681,1489573,619700
4302,80,86,71164,1677,1489659,619300
4303,81,76,71091,1674,1489735,815000
4304,95,116,70996,1653,1489851,676600
4305,89,95,70904,1650,1489946,620800
4306,74,78,70824,1652,1490024,691800
4307,70,90,70758,1628,1490114,786000
4308,82,94,70676,1616,1490208,735700
4309,75,100,70598,1594,1490308,683100
4310,71,85,70528,1579,1490393,852200
4311,66,82,70466,1559,1490475,705500
4312,61,71,70395,1559,1490546,728200
4313,77,79,70328,1547,1490625,712000
4314,70,73,70253,1549,1490698,821800
4315,58,95,70197,1510,1490793,682400
4316,75,76,70124,1507,1490869,652800
4317,70,87,70051,1493,1490956,679700
4318,77,76,69978,1490,1491032,765700
4319,80,76,69907,1485,1491108,707300
4320,78,77,69824,1491,1491185,622900
4321,84,61,69742,1512,1491246,644000
4322,78,61,69657,1536,1491307,663800
4323,63,102,69593,1498,1491409,732000
4324,86,77,69501,1513,1491486,829500
4325,80,99,69430,1485,1491585,806600
4326,76,74,69351,1490,1491659,685600
4327,85,70,69265,1506,1491729,666700
4328,74,75,69195,1501,1491804,959900
4329,79,88,69120,1488,1491892,798900
4330,82,88,69030,1490,1491980,702300
4331,77,85,68953,1482,1492065,721800
4332,75,69,68876,1490,1492134,728700
4333,79,61,68802,1503,1492195,751200
4334,70,68,68730,1507,1492263,612800
4335,72,58,68664,1515,1492321,810500
4336,83,89,68581,1509,1492410,735800
4337,81,84,68493,1513,1492494,643500
4338,67,60,68428,1518,1492554,784500
4339,76,84,68353,1509,1492638,866200
4340,98,87,68262,1513,1492725,708800
4341,93,64,68167,1544,1492789,613200
4342,87,76,68077,1558,1492865,673700
4343,87,84,67989,1562,1492949,752800
4344,91,86,67899,1566,1493035,702000
4345,77,82,67826,1557,1493117,643300
4346,78,77,67738,1568,1493194,767000
4347,89,69,67651,1586,1493263,744400
4348,80,73,67576,1588,1493336,739100
4349,70,80,67494,1590,1493416,605800
4350,84,90,67424,1570,1493506,783500
4351,80,83,67338,1573,1493589,719200
4352,89,74,67259,1578,1493663,609200
4353,66,87,67191,1559,1493750,798400
4354,84,85,67099,1566,1493835,801100
4355,84,76,67013,1576,1493911,642700
4356,84,87,66938,1564,1493998,613700
4357,92,83,66847,1572,1494081,609800
4358,79,100,66761,1558,1494181,838300
4359,78,89,66687,1543,1494270,715400
4360,94,95,66593,1542,1494365,611000
4361,64,76,66523,1536,1494441,736900
4362,91,76,66445,1538,1494517,728200
4363,72,82,66360,1541,1494599,641600
4364,78,70,66286,1545,1494669,584100
4365,74,82,66208,1541,1494751,824100
4366,74,56,66135,1558,1494807,751800
4367,82,75,66051,1567,1494882,646100
4368,88,83,65967,1568,1494965,564900
4369,77,85,65889,1561,1495050,822400
4370,75,70,65819,1561,1495120,680200
4371,78,81,65742,1557,1495201,632700
4372,87,77,65646,1576,1495278,696800
4373,80,76,65564,1582,1495354,793200
4374,83,77,65486,1583,1495431,677800
4375,63,94,65419,1556,1495525,613200
4376,80,81,65344,1550,1495606,603300
4377,71,82,65276,1536,1495688,802400
4378,68,86,65197,1529,1495774,670400
4379,68,69,65137,1520,1495843,665800
4380,81,83,65056,1518,1495926,840400
4381,77,83,64979,1512,1496009,789000
4382,73,78,64908,1505,1496087,707000
4383,69,81,64829,1503,1496168,599600
4384,73,99,64763,1470,1496267,787600
4385,73,68,64690,1475,1496335,710100
4386,73,65,64615,1485,1496400,734700
4387,78,75,64540,1485,1496475,867700
4388,87,65,64448,1512,1496540,777600
4389,93,86,64357,1517,1496626,658400
4390,72,82,64283,1509,1496708,702400
4391,86,74,64202,1516,1496782,870600
4392,98,85,64105,1528,1496867,687900
4393,78,82,64021,1530,1496949,659300
4394,75,78,63948,1525,1497027,898700
4395,91,100,63860,1513,1497127,780200
4396,79,83,63776,1514,1497210,631900
4397,61,82,63710,1498,1497292,684200
4398,90,82,63624,1502,1497374,792700
4399,82,83,63542,1501,1497457,720100
4400,69,75,63471,1497,1497532,619600
4401,85,67,63390,1511,1497599,878700
4402,75,84,63328,1489,1497683,727300
4403,78,74,63236,1507,1497757,657600
4404,80,78,63156,1509,1497835,646500
4405,88,84,63076,1505,1497919,820100
4406,88,81,62982,1518,1498000,663900
4407,79,85,62906,1509,1498085,669500
4408,87,84,62822,1509,1498169,890600
4409,70,77,62747,1507,1498246,845700
4410,79,55,62668,1531,1498301,695600
4411,78,53,62587,1559,1498354,750200
4412,61,84,62528,1534,1498438,752800
4413,70,84,62460,1518,1498522,693100
4414,72,88,62388,1502,1498610,634300
4415,81,89,62313,1488,1498699,898800
4416,72,75,62229,1497,1498774,813600
4417,83,81,62144,1501,1498855,657200
4418,70,86,62079,1480,1498941,694700
4419,94,84,61998,1477,1499025,774400
4420,75,83,61912,1480,1499108,740300
4421,83,87,61828,1477,1499195,641700
4422,74,76,61754,1475,1499271,933500
4423,78,76,61682,1471,1499347,754600
4424,86,61,61591,1501,1499408,648900
4425,101,108,61499,1485,1499516,980000
4426,81,81,61409,1494,1499597,787300
4427,94,75,61313,1515,1499672,702100
4428,94,68,61228,1532,1499740,708800
4429,85,96,61146,1518,1499836,853400
4430,95,79,61043,1542,1499915,740100
4431,89,80,60957,1548,1499995,640500
4432,73,76,60879,1550,1500071,942100
4433,81,79,60805,1545,1500150,735100
4434,78,73,60719,1558,1500223,644400
4435,95,75,60623,1579,1500298,725600
4436,82,93,60545,1564,1500391,825900
4437,75,78,60471,1560,1500469,693700
4438,78,80,60390,1561,1500549,672600
4439,90,77,60308,1566,1500626,930900
4440,90,88,60212,1574,1500714,737000
4441,74,79,60135,1572,1500793,632300
4442,72,74,60061,1572,1500867,635900
4443,84,87,59975,1571,1500954,750800
4444,74,78,59901,1567,1501032,694000
4445,65,81,59836,1551,1501113,594300
4446,81,69,59767,1551,1501182,808100
4447,93,82,59682,1554,1501264,740200
4448,85,79,59581,1576,1501343,578800
4449,70,86,59510,1561,1501429,853900
4450,86,77,59429,1565,1501506,814500
4451,59,73,59362,1559,1501579,658800
4452,104,75,59269,1577,1501654,590200
4453,78,79,59182,1585,1501733,692600
4454,74,82,59104,1581,1501815,709700
4455,77,79,59032,1574,1501894,702500
4456,76,75,58956,1575,1501969,605300
4457,70,73,58894,1564,1502042,820800
4458,74,79,58816,1563,1502121,718100
4459,76,76,58742,1561,1502197,644100
4460,78,95,58657,1551,1502292,633800
4461,75,68,58582,1558,1502360,802300
4462,69,74,58513,1553,1502434,692300
4463,62,81,58450,1535,1502515,643600
4464,80,85,58381,1519,1502600,836700
4465,60,67,58303,1530,1502667,720200
4466,83,76,58235,1522,1502743,647500
4467,64,83,58158,1516,1502826,654400
4468,75,58,58094,1522,1502884,800800
4469,82,86,58007,1523,1502970,643500
4470,80,73,57940,1517,1503043,623600
4471,106,68,57828,1561,1503111,843400
4472,99,86,57734,1569,1503197,701800
4473,85,89,57642,1572,1503286,662600
4474,85,81,57561,1572,1503367,690000
4475,88,84,57469,1580,1503451,796800
4476,100,73,57367,1609,1503524,668300
4477,77,78,57292,1606,1503602,619000
4478,90,75,57209,1614,1503677,834700
4479,72,87,57123,1613,1503764,741600
4480,79,89,57049,1598,1503853,654400
4481,72,65,56977,1605,1503918,715600
4482,80,78,56894,1610,1503996,794500
4483,75,77,56825,1602,1504073,631000
4484,74,90,56755,1582,1504163,585800
4485,80,93,56673,1571,1504256,708000
4486,75,82,56586,1576,1504338,696600
4487,71,86,56523,1553,1504424,675900
4488,81,83,56443,1550,1504507,652800
4489,66,90,56371,1532,1504597,835500
4490,79,79,56301,1523,1504676,667200
4491,66,78,56229,1517,1504754,589800
4492,77,83,56157,1506,1504837,756500
4493,62,66,56085,1512,1504903,734100
4494,69,76,56025,1496,1504979,631900
4495,77,81,55944,1496,1505060,803700
4496,72,72,55875,1493,1505132,904600
4497,65,81,55815,1472,1505213,720700
4498,82,79,55732,1476,1505292,711200
4499,72,83,55651,1474,1505375,874200
4500,72,73,55585,1467,1505448,729800
4501,57,66,55520,1466,1505514,664100
4502,59,72,55465,1449,1505586,738600
4503,74,72,55391,1451,1505658,783600
4504,77,88,55316,1438,1505746,774400
4505,69,82,55247,1425,1505828,761900
4506,69,75,55177,1420,1505903,892500
4507,77,82,55106,1409,1505985,754100
4508,65,57,55036,1422,1506042,641800
4509,67,76,54975,1407,1506118,771200
4510,87,83,54879,1420,1506201,751100
4511,58,73,54816,1410,1506274,611800
4512,54,67,54763,1396,1506341,642500
4513,64,67,54702,1390,1506408,758900
4514,79,78,54624,1390,1506486,646500
4515,56,66,54572,1376,1506552,577700
4516,70,72,54502,1374,1506624,816700
4517,73,67,54425,1384,1506691,758900
4518,62,84,54362,1363,1506775,667300
4519,74,71,54292,1362,1506846,685000
4520,73,78,54222,1354,1506924,853700
4521,61,77,54154,1345,1507001,660000
4522,74,71,54086,1342,1507072,586700
4523,75,74,54012,1342,1507146,784100
4524,74,62,53934,1358,1507208,737100
4525,69,68,53861,1363,1507276,580400
4526,65,71,53795,1358,1507347,676800
4527,63,81,53737,1335,1507428,955100
4528,85,68,53661,1343,1507496,675200
4529,69,54,53581,1369,1507550,611000
4530,80,72,53509,1369,1507622,808600
4531,86,80,53424,1374,1507702,719300
4532,67,79,53344,1375,1507781,558500
4533,65,80,53287,1352,1507861,544300
4534,57,74,53221,1344,1507935,800200
4535,78,61,53149,1355,1507996,650600
4536,64,59,53079,1366,1508055,612000
4537,63,61,53016,1368,1508116,740500
4538,65,74,52957,1353,1508190,737800
4539,73,54,52885,1371,1508244,642800
4540,82,77,52796,1383,1508321,568500
4541,78,81,52729,1369,1508402,652500
4542,57,64,52662,1372,1508466,681200
4543,74,59,52597,1378,1508525,649000
4544,73,70,52524,1381,1508595,577700
4545,69,65,52455,1385,1508660,693400
4546,77,85,52379,1376,1508745,663800
4547,65,85,52306,1364,1508830,770600
4548,63,72,52240,1358,1508902,763700
4549,71,66,52171,1361,1508968,778300
4550,75,65,52099,1368,1509033,658500
4551,66,68,52034,1365,1509101,547500
4552,67,60,51961,1378,1509161,795600
4553,81,70,51880,1389,1509231,733500
4554,75,78,51806,1385,1509309,616600
4555,65,65,51746,1380,1509374,594700
4556,70,66,51677,1383,1509440,910400
4557,80,80,51599,1381,1509520,677800
4558,91,70,51512,1398,1509590,566800
4559,72,69,51430,1411,1509659,635300
4560,77,85,51359,1397,1509744,736400
4561,78,75,51278,1403,1509819,659600
4562,71,72,51205,1404,1509891,557000
4563,71,68,51135,1406,1509959,601200
4564,65,71,51073,1397,1510030,741300
4565,74,73,50991,1406,1510103,657700
4566,70,72,50925,1400,1510175,571700
4567,75,72,50845,1408,1510247,771500
4568,69,69,50780,1404,1510316,718800
4569,80,80,50703,1401,1510396,662600
4570,70,83,50631,1390,1510479,580900
4571,71,71,50565,1385,1510550,794800
4572,73,75,50494,1381,1510625,732000
4573,84,62,50405,1408,1510687,575000
4574,76,72,50330,1411,1510759,546400
4575,70,80,50264,1397,1510839,783700
4576,79,65,50187,1409,1510904,747100
4577,69,68,50112,1416,1510972,625500
4578,59,86,50051,1391,1511058,634600
4579,61,83,49988,1371,1511141,867200
4580,76,73,49917,1369,1511214,653300
4581,72,71,49841,1374,1511285,583200
4582,69,73,49772,1370,1511358,758700
4583,72,70,49697,1375,1511428,695800
4584,73,81,49634,1357,1511509,619800
4585,62,65,49563,1363,1511574,557700
4586,52,65,49512,1349,1511639,785300
4587,72,75,49451,1335,1511714,733400
4588,65,77,49375,1334,1511791,610000
4589,83,59,49294,1356,1511850,635300
4590,80,59,49224,1367,1511909,771100
4591,79,75,49137,1379,1511984,689300
4592,65,51,49071,1394,1512035,587700
4593,71,79,48996,1390,1512114,744000
4594,77,66,48914,1406,1512180,689800
4595,87,68,48831,1421,1512248,614800
4596,74,77,48764,1411,1512325,595800
4597,69,76,48696,1403,1512401,804600
4598,85,67,48607,1425,1512468,692700
4599,67,63,48537,1432,1512531,601700
4600,64,74,48472,1423,1512605,680000
4601,77,61,48396,1438,1512666,675300
4602,73,78,48322,1434,1512744,658300
4603,60,77,48261,1418,1512821,561900
4604,67,81,48207,1391,1512902,709000
4605,77,67,48131,1400,1512969,673500
4606,78,78,48049,1404,1513047,655900
4607,72,77,47970,1406,1513124,536300
4608,67,92,47908,1376,1513216,743500
4609,84,68,47826,1390,1513284,804100
4610,58,69,47767,1380,1513353,660100
4611,66,71,47691,1385,1513424,577700
4612,69,67,47634,1375,1513491,852700
4613,72,67,47557,1385,1513558,609000
4614,73,66,47487,1389,1513624,568800
4615,76,70,47404,1402,1513694,633700
4616,63,72,47338,1396,1513766,750200
4617,67,55,47277,1402,1513821,664500
4618,67,70,47210,1399,1513891,562700
4619,70,84,47134,1391,1513975,756600
4620,60,69,47074,1382,1514044,686900
4621,59,53,47020,1383,1514097,614300
4622,73,76,46949,1378,1514173,571100
4623,76,67,46872,1388,1514240,767800
4624,68,57,46799,1404,1514297,686900
4625,79,67,46728,1408,1514364,587500
4626,72,71,46650,1415,1514435,568100
4627,67,77,46586,1402,1514512,752300
4628,56,79,46527,1382,1514591,626300
4629,51,72,46475,1362,1514663,604300
4630,64,84,46415,1338,1514747,753100
4631,64,61,46350,1342,1514808,766100
4632,46,64,46300,1328,1514872,616400
4633,48,71,46253,1304,1514943,533000
4634,47,67,46209,1281,1515010,764900
4635,62,72,46152,1266,1515082,817500
4636,75,60,46075,1283,1515142,653800
4637,55,53,46019,1286,1515195,770900
4638,56,67,45965,1273,1515262,770200
4639,53,57,45902,1279,1515319,698500
4640,53,65,45853,1263,1515384,688600
4641,62,50,45797,1269,1515434,863300
4642,58,72,45739,1255,1515506,806300
4643,56,68,45680,1246,1515574,596100
4644,65,70,45612,1244,1515644,616800
4645,62,62,45554,1240,1515706,717400
4646,52,60,45500,1234,1515766,654400
4647,63,67,45434,1233,1515833,552400
4648,54,60,45381,1226,1515893,602300
4649,53,59,45332,1216,1515952,746100
4650,62,61,45269,1218,1516013,672400
4651,59,69,45205,1213,1516082,567600
4652,56,59,45147,1212,1516141,852400
4653,58,52,45094,1213,1516193,684100
4654,60,56,45027,1224,1516249,592100
4655,56,72,44977,1202,1516321,551700
4656,51,80,44926,1173,1516401,789500
4657,58,61,44859,1179,1516462,682700
4658,58,67,44808,1163,1516529,565800
4659,48,66,44760,1145,1516595,642600
4660,48,62,44711,1132,1516657,800400
4661,49,50,44666,1127,1516707,675800
4662,54,60,44609,1124,1516767,593900
4663,40,68,44570,1095,1516835,803700
4664,41,39,44524,1102,1516874,708900
4665,52,63,44483,1080,1516937,575200
4666,67,53,44414,1096,1516990,542200
4667,55,64,44357,1089,1517054,781600
4668,64,60,44300,1086,1517114,691600
4669,49,59,44240,1087,1517173,585900
4670,60,60,44183,1084,1517233,733700
4671,59,52,44121,1094,1517285,792400
4672,42,57,44083,1075,1517342,627700
4673,53,55,44022,1081,1517397,556100
4674,66,49,43965,1089,1517446,795500
4675,75,54,43897,1103,1517500,746600
4676,44,65,43839,1096,1517565,582800
4677,49,56,43793,1086,1517621,779700
4678,56,58,43740,1081,1517679,779000
4679,55,54,43687,1080,1517733,664700
4680,62,43,43626,1098,1517776,603600
4681,59,64,43564,1096,1517840,784200
4682,58,61,43506,1093,1517901,806900
4683,56,68,43448,1083,1517969,622000
4684,51,56,43394,1081,1518025,700100
4685,56,55,43338,1082,1518080,717900
4686,48,47,43294,1079,1518127,618600
4687,54,61,43242,1070,1518188,554900
4688,55,43,43186,1083,1518231,725500
4689,49,59,43132,1078,1518290,682300
4690,47,60,43090,1060,1518350,638700
4691,58,62,43028,1060,1518412,582300
4692,61,53,42973,1062,1518465,788400
4693,65,48,42907,1080,1518513,675100
4694,51,51,42852,1084,1518564,582000
4695,49,52,42802,1082,1518616,724100
4696,61,52,42751,1081,1518668,809500
4697,57,45,42688,1099,1518713,654700
4698,49,48,42634,1105,1518761,588600
4699,58,63,42579,1097,1518824,840200
4700,61,57,42517,1102,1518881,790000
4701,42,69,42477,1073,1518950,665800
4702,51,49,42427,1074,1518999,1057000
4703,55,60,42367,1074,1519059,733800
4704,58,56,42315,1070,1519115,725000
4705,52,56,42260,1069,1519171,952300
4706,58,58,42205,1066,1519229,861500
4707,52,53,42149,1069,1519282,737000
4708,47,55,42106,1057,1519337,1060700
4709,57,59,42048,1056,1519396,842900
4710,53,44,41991,1069,1519440,661700
4711,47,56,41943,1061,1519496,1045000
4712,53,45,41890,1069,1519541,781100
4713,52,56,41841,1062,1519597,652700
4714,43,53,41796,1054,1519650,892500
4715,39,62,41753,1035,1519712,905100
4716,46,55,41713,1020,1519767,795900
4717,60,46,41655,1032,1519813,976400
4718,55,58,41602,1027,1519871,907000
4719,55,58,41545,1026,1519929,811100
4720,55,50,41492,1029,1519979,944600
4721,54,66,41433,1022,1520045,753400
4722,59,52,41373,1030,1520097,774200
4723,51,52,41322,1029,1520149,772900
4724,66,63,41256,1032,1520212,709100
4725,51,66,41205,1017,1520278,811700
4726,56,72,41158,992,1520350,747000
4727,45,49,41100,1001,1520399,633600
4728,53,56,41052,993,1520455,591900
4729,55,48,40998,999,1520503,733100
4730,52,54,40950,993,1520557,708500
4731,57,40,40889,1014,1520597,598800
4732,68,61,40823,1019,1520658,548400
4733,49,61,40772,1009,1520719,792600
4734,58,61,40713,1007,1520780,752000
4735,49,53,40664,1003,1520833,625000
4736,45,63,40621,983,1520896,627100
4737,51,49,40568,987,1520945,791400
4738,45,66,40520,969,1521011,625600
4739,42,41,40477,971,1521052,570600
4740,42,50,40436,962,1521102,623200
4741,45,45,40392,961,1521147,711600
4742,51,45,40346,962,1521192,621100
4743,64,52,40283,973,1521244,566700
4744,51,53,40232,971,1521297,779200
4745,40,56,40186,961,1521353,785100
4746,53,46,40138,963,1521399,567800
4747,50,54,40082,965,1521453,551200
4748,45,45,40043,959,1521498,770400
4749,44,58,39992,952,1521556,665100
4750,55,53,39942,949,1521609,560600
4751,47,45,39890,956,1521654,696500
4752,47,40,39843,963,1521694,758000
4753,46,62,39801,943,1521756,617000
4754,55,59,39744,941,1521815,568300
4755,52,45,39694,946,1521860,828600
4756,51,58,39641,941,1521918,712800
4757,43,48,39596,938,1521966,628200
4758,59,45,39542,947,1522011,528500
4759,43,57,39496,936,1522068,768200
4760,41,45,39458,929,1522113,649300
4761,39,45,39416,926,1522158,634900
4762,47,42,39374,926,1522200,638200
4763,40,44,39326,930,1522244,734200
4764,36,58,39291,907,1522302,684400
4765,52,35,39244,919,1522337,582500
4766,43,52,39199,912,1522389,693600
4767,35,56,39161,894,1522445,754900
4768,54,43,39115,897,1522488,637300
4769,31,51,39074,887,1522539,611400
4770,35,60,39043,858,1522599,833900
4771,37,46,39005,850,1522645,651200
4772,43,44,38961,850,1522689,553700
4773,47,48,38917,846,1522737,577800
4774,41,51,38869,843,1522788,777000
4775,46,42,38835,835,1522830,695800
4776,37,41,38787,842,1522871,610700
4777,42,38,38752,839,1522909,863400
4778,45,36,38701,854,1522945,730700
4779,35,43,38663,849,1522988,626100
4780,36,58,38636,818,1523046,650700
4781,48,50,38584,820,1523096,775900
4782,27,43,38557,804,1523139,668300
4783,46,42,38514,805,1523181,616600
4784,46,36,38467,816,1523217,869500
4785,36,39,38430,814,1523256,764200
4786,44,40,38394,810,1523296,632000
4787,42,40,38349,815,1523336,813200
4788,31,57,38311,796,1523393,727600
4789,45,31,38271,805,1523424,627700
4790,30,47,38238,791,1523471,769600
4791,39,42,38200,787,1523513,793100
4792,49,47,38158,782,1523560,675600
4793,37,40,38109,791,1523600,617000
4794,29,40,38081,779,1523640,925000
4795,46,41,38042,777,1523681,647900
4796,36,34,38001,784,1523715,588100
4797,36,50,37961,774,1523765,606700
4798,40,43,37926,766,1523808,645900
4799,38,34,37892,766,1523842,567400
4800,48,41,37838,779,1523883,542900
4801,48,31,37791,795,1523914,559700
4802,51,42,37742,802,1523956,569700
4803,39,31,37704,809,1523987,681900
4804,45,34,37663,816,1524021,698400
4805,46,53,37616,810,1524074,721500
4806,43,55,37568,803,1524129,686200
4807,52,50,37519,802,1524179,680900
4808,55,51,37463,807,1524230,636300
4809,45,47,37418,805,1524277,724500
4810,63,34,37356,833,1524311,691800
4811,59,49,37297,843,1524360,625400
4812,52,48,37247,845,1524408,879300
4813,49,54,37199,839,1524462,667600
4814,51,45,37146,847,1524507,681700
4815,43,37,37099,857,1524544,645700
4816,53,49,37042,865,1524593,643400
4817,41,49,37010,848,1524642,652100
4818,38,28,36968,862,1524670,604100
4819,42,46,36927,857,1524716,645200
4820,33,36,36890,858,1524752,646800
4821,46,58,36849,841,1524810,643900
4822,35,44,36808,838,1524854,668900
4823,43,40,36768,838,1524894,655500
4824,38,44,36730,832,1524938,685300
4825,33,40,36695,827,1524978,570800
4826,41,40,36659,823,1525018,637500
4827,42,55,36616,811,1525073,653000
4828,47,42,36578,807,1525115,676000
4829,41,40,36524,821,1525155,739700
4830,46,46,36481,818,1525201,678800
4831,43,42,36444,813,1525243,709500
4832,42,40,36396,821,1525283,575800
4833,38,36,36355,826,1525319,660900
4834,50,41,36305,835,1525360,642900
4835,54,47,36254,839,1525407,656100
4836,38,54,36219,820,1525461,651300
4837,54,55,36169,815,1525516,695600
4838,44,30,36115,839,1525546,662800
4839,50,36,36071,847,1525582,609700
4840,46,48,36022,848,1525630,634500
4841,41,45,35983,842,1525675,641200
4842,41,46,35937,842,1525721,723600
4843,52,44,35890,845,1525765,712800
4844,49,47,35842,846,1525812,710900
4845,31,30,35806,852,1525842,676400
4846,49,36,35757,865,1525878,625400
4847,33,49,35717,856,1525927,662700
4848,39,53,35687,833,1525980,616100
4849,32,38,35649,833,1526018,671800
4850,42,43,35610,829,1526061,671800
4851,39,59,35570,810,1526120,684700
4852,33,30,35540,810,1526150,708700
4853,38,53,35502,795,1526203,901000
4854,37,49,35462,786,1526252,896700
4855,35,45,35429,774,1526297,776300
4856,33,38,35398,767,1526335,878000
4857,43,31,35356,778,1526366,704000
4858,47,40,35309,785,1526406,744500
4859,39,43,35269,782,1526449,744800
4860,30,40,35236,775,1526489,747600
4861,35,33,35202,776,1526522,789100
4862,41,48,35166,764,1526570,712100
4863,35,37,35127,766,1526607,709400
4864,28,38,35096,759,1526645,844200
4865,52,35,35052,768,1526680,731300
4866,51,46,34997,777,1526726,753500
4867,36,50,34961,763,1526776,698100
4868,35,28,34925,771,1526804,600100
4869,44,32,34885,779,1526836,656500
4870,41,41,34839,784,1526877,854600
4871,36,43,34806,774,1526920,758700
4872,38,37,34762,781,1526957,686000
4873,31,33,34734,776,1526990,681000
4874,34,39,34702,769,1527029,740700
4875,31,37,34669,765,1527066,662600
4876,45,51,34627,756,1527117,733500
4877,35,51,34589,743,1527168,681900
4878,38,37,34548,747,1527205,640600
4879,36,39,34512,744,1527244,771400
4880,21,45,34490,721,1527289,682900
4881,29,32,34461,718,1527321,713500
4882,25,36,34438,705,1527357,643800
4883,40,21,34406,716,1527378,673200
4884,32,39,34369,714,1527417,699000
4885,27,28,34341,714,1527445,666300
4886,35,33,34308,714,1527478,669300
4887,30,31,34274,717,1527509,699300
4888,24,43,34250,698,1527552,639100
4889,32,30,34223,695,1527582,682400
4890,43,41,34180,697,1527623,764200
4891,40,38,34136,703,1527661,644400
4892,29,39,34110,690,1527700,596600
4893,39,36,34071,693,1527736,684300
4894,31,35,34036,693,1527771,625500
4895,34,39,34003,687,1527810,696300
4896,41,40,33968,682,1527850,690700
4897,31,36,33932,682,1527886,645800
4898,33,35,33897,682,1527921,678600
4899,36,40,33863,676,1527961,664600
4900,40,33,33820,686,1527994,664700
4901,25,23,33794,689,1528017,679200
4902,40,36,33761,686,1528053,759400
4903,28,29,33734,684,1528082,702500
4904,40,37,33692,689,1528119,672700
4905,33,34,33657,690,1528153,619700
4906,28,42,33627,678,1528195,647900
4907,24,37,33601,667,1528232,633000
4908,28,32,33577,659,1528264,694100
4909,31,28,33543,665,1528292,700300
4910,29,35,33515,658,1528327,664000
4911,34,32,33485,656,1528359,666900
4912,38,38,33449,654,1528397,815400
4913,42,27,33405,671,1528424,781000
4914,36,37,33369,670,1528461,722000
4915,36,29,33330,680,1528490,607300
4916,44,30,33293,687,1528520,710500
4917,35,36,33252,692,1528556,679300
4918,40,40,33211,693,1528596,661300
4919,36,38,33175,691,1528634,636400
4920,45,36,33134,696,1528670,666300
4921,39,32,33093,705,1528702,658700
4922,44,28,33049,721,1528730,776300
4923,39,32,33004,734,1528762,670700
4924,37,50,32973,715,1528812,792600
4925,39,32,32939,717,1528844,690600
4926,29,42,32900,714,1528886,757700
4927,33,37,32869,708,1528923,711600
4928,35,36,32839,702,1528959,638200
4929,42,30,32794,717,1528989,665000
4930,33,38,32765,708,1529027,695200
4931,37,33,32719,721,1529060,641100
4932,31,25,32689,726,1529085,611000
4933,23,40,32662,713,1529125,682300
4934,31,43,32639,693,1529168,633100
4935,33,28,32608,696,1529196,630900
4936,23,27,32584,693,1529223,726500
4937,29,40,32553,684,1529263,676700
4938,23,39,32529,669,1529302,776700
4939,31,41,32504,653,1529343,638000
4940,34,38,32467,652,1529381,653100
4941,17,28,32446,645,1529409,680200
4942,20,32,32421,638,1529441,666500
4943,27,31,32400,628,1529472,680700
4944,33,38,32371,619,1529510,695800
4945,22,34,32345,611,1529544,625400
4946,31,37,32316,603,1529581,621300
4947,32,38,32285,596,1529619,673400
4948,38,34,32246,601,1529653,674900
4949,28,27,32220,600,1529680,595200
4950,24,32,32192,596,1529712,659600
4951,31,35,32160,593,1529747,679700
4952,20,32,32141,580,1529779,599500
4953,32,27,32111,583,1529806,668200
4954,24,26,32082,586,1529832,701700
4955,24,31,32060,577,1529863,677200
4956,25,28,32034,575,1529891,640000
4957,22,33,32014,562,1529924,662600
4958,25,34,31987,555,1529958,665300
4959,37,25,31955,562,1529983,598100
4960,29,22,31925,570,1530005,682400
4961,38,32,31887,576,1530037,644800
4962,34,36,31848,579,1530073,655100
4963,32,28,31817,582,1530101,633700
4964,27,28,31792,579,1530129,729900
4965,23,29,31769,573,1530158,760000
4966,34,24,31735,583,1530182,668300
4967,31,19,31708,591,1530201,643900
4968,26,37,31681,581,1530238,701600
4969,28,34,31658,570,1530272,870000
4970,48,27,31603,598,1530299,702100
4971,34,27,31564,610,1530326,690500
4972,19,24,31547,603,1530350,624600
4973,23,29,31526,595,1530379,734600
4974,30,32,31498,591,1530411,684700
4975,38,40,31461,588,1530451,671100
4976,24,32,31433,584,1530483,650900
4977,28,31,31404,582,1530514,644300
4978,26,28,31386,572,1530542,674000
4979,33,34,31348,576,1530576,582700
4980,30,32,31322,570,1530608,659900
4981,24,26,31293,573,1530634,685400
4982,28,31,31262,573,1530665,706100
4983,30,31,31239,565,1530696,700800
4984,19,31,31211,562,1530727,670700
4985,34,37,31185,551,1530764,686000
4986,26,26,31157,553,1530790,586300
4987,23,26,31133,551,1530816,691300
4988,26,30,31108,546,1530846,629600
4989,24,27,31084,543,1530873,673400
4990,30,33,31055,539,1530906,636500
4991,26,40,31030,524,1530946,668400
4992,22,31,31007,516,1530977,724000
4993,23,24,30981,518,1531001,804100
4994,31,23,30953,523,1531024,665600
4995,23,29,30926,521,1531053,753100
4996,24,20,30901,526,1531073,583300
4997,23,27,30880,520,1531100,645500
4998,26,19,30855,526,1531119,634800
4999,25,38,30827,516,1531157,661400
5000,20,22,30808,513,1531179,685400
5001,31,24,30776,521,1531203,677900
5002,31,25,30749,523,1531228,698500
5003,33,27,30719,526,1531255,598900
5004,28,30,30686,529,1531285,662500
5005,26,31,30660,524,1531316,639300
5006,33,30,30631,523,1531346,659000
5007,27,28,30603,523,1531374,620500
5008,25,33,30573,520,1531407,647200
5009,27,23,30548,522,1531430,685800
5010,36,25,30511,534,1531455,600100
5011,27,21,30484,540,1531476,661400
5012,29,29,30462,533,1531505,747700
5013,29,18,30425,552,1531523,734200
5014,38,36,30396,545,1531559,1033400
5015,22,32,30365,544,1531591,774500
5016,31,29,30336,544,1531620,608900
5017,20,33,30316,531,1531653,692700
5018,29,32,30286,529,1531685,683000
5019,36,24,30252,539,1531709,737000
5020,26,21,30225,545,1531730,885900
5021,20,28,30205,537,1531758,739600
5022,18,23,30185,534,1531781,684200
5023,35,22,30154,543,1531803,731400
5024,31,33,30120,544,1531836,709200
5025,28,35,30095,534,1531871,704300
5026,31,27,30063,539,1531898,671700
5027,33,39,30036,527,1531937,776100
5028,31,28,30003,532,1531965,764200
5029,33,31,29969,535,1531996,825000
5030,26,21,29939,544,1532017,741600
5031,28,30,29914,539,1532047,747800
5032,31,33,29881,539,1532080,655800
5033,35,27,29845,548,1532107,723300
5034,17,32,29827,534,1532139,734400
5035,22,19,29804,538,1532158,622800
5036,28,28,29776,538,1532186,738800
5037,31,32,29754,528,1532218,730900
5038,27,22,29720,540,1532240,666000
5039,26,25,29696,539,1532265,734200
5040,35,28,29659,548,1532293,680700
5041,30,38,29628,541,1532331,676300
5042,36,23,29595,551,1532354,710000
5043,35,39,29565,542,1532393,760700
5044,27,32,29531,544,1532425,640800
5045,25,27,29511,537,1532452,711800
5046,34,27,29474,547,1532479,698500
5047,31,34,29443,544,1532513,697300
5048,40,25,29405,557,1532538,742000
5049,38,30,29369,563,1532568,742900
5050,23,29,29338,565,1532597,675200
5051,31,36,29312,555,1532633,727400
5052,30,37,29278,552,1532670,786300
5053,27,30,29255,545,1532700,655700
5054,26,23,29226,551,1532723,725800
5055,22,30,29205,542,1532753,709400
5056,24,24,29180,543,1532777,703000
5057,29,22,29155,546,1532799,688000
5058,25,29,29125,547,1532828,690100
5059,28,32,29097,543,1532860,670100
5060,27,21,29068,551,1532881,814000
5061,20,25,29053,541,1532906,726000
5062,17,28,29030,536,1532934,713300
5063,26,27,29007,532,1532961,620200
5064,25,15,28984,540,1532976,627000
5065,26,28,28961,535,1533004,787200
5066,32,32,28928,536,1533036,625600
5067,22,25,28905,534,1533061,640500
5068,20,18,28883,538,1533079,650400
5069,22,27,28862,532,1533106,675600
5070,27,24,28838,532,1533130,716500
5071,25,24,28809,537,1533154,671300
5072,25,29,28781,536,1533183,662000
5073,24,27,28758,532,1533210,562800
5074,29,32,28737,521,1533242,675000
5075,21,21,28711,526,1533263,627000
5076,27,28,28681,528,1533291,670900
5077,34,32,28652,525,1533323,638600
5078,29,26,28622,529,1533349,670900
5079,31,31,28591,529,1533380,658300
5080,34,32,28557,531,1533412,581200
5081,27,26,28535,527,1533438,653400
5082,26,26,28503,533,1533464,669500
5083,31,25,28475,536,1533489,779000
5084,24,22,28446,543,1533511,727400
5085,32,29,28417,543,1533540,648900
5086,25,34,28390,536,1533574,661000
5087,24,24,28366,536,1533598,732000
5088,23,29,28345,528,1533627,696400
5089,26,21,28316,536,1533648,661100
5090,32,27,28292,533,1533675,722300
5091,27,32,28260,533,1533707,686900
5092,27,29,28231,533,1533736,726100
5093,22,25,28206,533,1533761,587800
5094,18,34,28190,515,1533795,693200
5095,21,24,28171,510,1533819,692300
5096,25,14,28147,520,1533833,595800
5097,28,37,28116,514,1533870,641200
5098,26,30,28098,502,1533900,690200
5099,20,20,28069,511,1533920,635000
5100,34,25,28040,515,1533945,771300
5101,24,29,28013,513,1533974,677200
5102,31,22,27985,519,1533996,698000
5103,25,24,27958,522,1534020,595600
5104,32,25,27928,527,1534045,678000
5105,23,35,27897,523,1534080,736800
5106,34,28,27874,518,1534108,625300
5107,18,15,27854,523,1534123,730100
5108,28,29,27827,521,1534152,678400
5109,35,34,27794,520,1534186,704600
5110,22,19,27764,531,1534205,741100
5111,19,19,27742,534,1534224,792800
5112,29,24,27717,535,1534248,647500
5113,26,26,27691,535,1534274,737100
5114,35,29,27655,542,1534303,746600
5115,25,30,27633,534,1534333,661900
5116,28,29,27600,538,1534362,698600
5117,27,29,27584,525,1534391,652500
5118,22,35,27556,518,1534426,677400
5119,28,25,27529,520,1534451,820400
5120,26,29,27502,518,1534480,758400
5121,23,24,27477,519,1534504,777000
5122,22,30,27455,511,1534534,893000
5123,28,36,27431,499,1534570,660200
5124,31,35,27400,495,1534605,680300
5125,27,25,27371,499,1534630,593100
5126,18,26,27351,493,1534656,653400
5127,28,30,27327,487,1534686,707500
5128,25,30,27293,491,1534716,665500
5129,19,23,27278,483,1534739,689800
5130,27,25,27253,483,1534764,742000
5131,37,27,27218,491,1534791,663400
5132,26,33,27191,485,1534824,728500
5133,27,26,27166,484,1534850,758400
5134,19,22,27145,483,1534872,709600
5135,34,28,27111,489,1534900,689100
5136,27,32,27082,486,1534932,802400
5137,26,27,27056,485,1534959,785700
5138,21,13,27035,493,1534972,702000
5139,18,25,27014,489,1534997,742500
5140,28,26,26991,486,1535023,704600
5141,30,37,26962,478,1535060,801200
5142,22,34,26937,469,1535094,727400
5143,24,34,26912,460,1535128,680300
5144,19,22,26893,457,1535150,609500
5145,20,20,26876,454,1535170,714200
5146,19,16,26857,457,1535186,730600
5147,23,24,26830,460,1535210,954600
5148,16,25,26813,452,1535235,733000
5149,18,33,26799,433,1535268,727800
5150,18,23,26777,432,1535291,729500
5151,21,22,26755,432,1535313,758500
5152,19,18,26737,432,1535331,718600
5153,21,26,26723,420,1535357,749500
5154,16,14,26703,426,1535371,774400
5155,25,29,26680,420,1535400,748100
5156,23,32,26657,411,1535432,692900
5157,24,23,26628,417,1535455,754400
5158,8,13,26620,412,1535468,755100
5159,19,25,26601,406,1535493,811000
5160,23,17,26587,403,1535510,793300
5161,19,24,26561,405,1535534,707400
5162,19,21,26541,404,1535555,771900
5163,22,24,26517,404,1535579,670600
5164,21,22,26498,401,1535601,722500
5165,13,29,26484,386,1535630,742500
5166,21,23,26466,381,1535653,762500
5167,15,12,26450,385,1535665,700300
5168,18,14,26433,388,1535679,734000
5169,22,22,26411,388,1535701,688100
5170,16,18,26394,387,1535719,765600
5171,18,19,26380,382,1535738,811200
5172,20,29,26355,378,1535767,685300
5173,15,18,26340,375,1535785,648400
5174,19,16,26324,375,1535801,693300
5175,16,21,26303,375,1535822,680200
5176,15,16,26292,370,1535838,680300
5177,21,21,26270,371,1535859,685200
5178,18,24,26250,367,1535883,667700
5179,17,20,26234,363,1535903,686600
5180,17,14,26215,368,1535917,682600
5181,13,22,26203,358,1535939,672300
5182,15,21,26192,348,1535960,669700
5183,13,17,26178,345,1535977,710700
5184,17,26,26161,336,1536003,712600
5185,9,17,26147,333,1536020,683300
5186,20,21,26130,329,1536041,597300
5187,13,23,26114,322,1536064,729700
5188,19,18,26100,318,1536082,770400
5189,16,18,26081,319,1536100,621700
5190,16,19,26066,315,1536119,685800
5191,16,13,26052,316,1536132,653200
5192,16,16,26037,315,1536148,667100
5193,21,18,26017,317,1536166,685200
5194,22,17,25994,323,1536183,644900
5195,15,10,25982,325,1536193,684400
5196,15,21,25960,326,1536214,733900
5197,20,21,25941,324,1536235,679700
5198,16,6,25925,334,1536241,687000
5199,21,21,25907,331,1536262,703600
5200,23,16,25884,338,1536278,738100
5201,19,13,25860,349,1536291,697100
5202,21,21,25845,343,1536312,658200
5203,16,13,25826,349,1536325,694600
5204,19,23,25806,346,1536348,665200
5205,17,12,25789,351,1536360,783600
5206,19,18,25769,353,1536378,899300
5207,20,18,25756,348,1536396,685500
5208,17,21,25734,349,1536417,702600
5209,18,22,25715,346,1536439,710700
5210,18,16,25695,350,1536455,788900
5211,17,22,25682,341,1536477,709600
5212,28,19,25660,344,1536496,707900
5213,23,17,25633,354,1536513,772800
5214,19,21,25611,355,1536534,725600
5215,21,21,25589,356,1536555,841100
5216,27,14,25562,369,1536569,703000
5217,22,16,25543,372,1536585,724900
5218,20,17,25522,376,1536602,764000
5219,15,18,25502,378,1536620,915800
5220,26,21,25481,378,1536641,4209400
5221,25,25,25457,377,1536666,1818300
5222,22,24,25434,376,1536690,2875600
5223,15,25,25416,369,1536715,1342800
5224,27,18,25392,375,1536733,1516100
5225,28,23,25369,375,1536756,860000
5226,21,28,25343,373,1536784,789800
5227,17,21,25324,371,1536805,701100
5228,18,19,25306,370,1536824,714700
5229,14,16,25288,372,1536840,794900
5230,24,20,25266,374,1536860,1416000
5231,18,12,25247,381,1536872,878200
5232,22,21,25233,374,1536893,883400
5233,23,14,25208,385,1536907,834300
5234,18,20,25191,382,1536927,729400
5235,19,14,25168,391,1536941,844300
5236,14,17,25152,390,1536958,887400
5237,18,24,25135,383,1536982,674200
5238,16,18,25122,378,1537000,642000
5239,17,23,25106,371,1537023,747600
5240,21,29,25083,365,1537052,698600
5241,18,18,25066,364,1537070,596800
5242,13,18,25048,364,1537088,721600
5243,17,13,25032,367,1537101,662900
5244,16,21,25016,362,1537122,614500
5245,19,14,24997,367,1537136,738600
5246,15,24,24983,357,1537160,752300
5247,16,18,24967,355,1537178,625800
5248,11,15,24956,351,1537193,712400
5249,18,11,24939,357,1537204,728000
5250,15,12,24922,362,1537216,575500
5251,15,22,24906,356,1537238,721000
5252,6,21,24899,342,1537259,725000
5253,9,15,24894,332,1537274,569400
5254,15,15,24882,329,1537289,719600
5255,9,15,24865,331,1537304,807700
5256,5,21,24862,313,1537325,718300
5257,12,12,24850,313,1537337,763700
5258,9,11,24841,311,1537348,727400
5259,13,16,24830,306,1537364,668100
5260,15,16,24817,303,1537380,765600
5261,10,21,24804,295,1537401,708400
5262,11,19,24794,286,1537420,697000
5263,8,13,24783,284,1537433,840700
5264,13,17,24776,274,1537450,703700
5265,20,17,24755,278,1537467,723000
5266,13,7,24740,286,1537474,776100
5267,14,15,24725,286,1537489,629000
5268,14,18,24712,281,1537507,661300
5269,10,19,24701,273,1537526,791100
5270,6,11,24693,270,1537537,622200
5271,12,15,24681,267,1537552,704100
5272,7,11,24673,264,1537563,765900
5273,6,7,24667,263,1537570,657400
5274,10,8,24661,261,1537578,797000
5275,12,14,24648,260,1537592,761300
5276,12,11,24638,259,1537603,636900
5277,7,13,24629,255,1537616,729300
5278,9,21,24622,241,1537637,740500
5279,9,13,24610,240,1537650,641600
5280,11,8,24600,242,1537658,805100
5281,3,11,24596,235,1537669,883800
5282,9,13,24588,230,1537682,803500
5283,6,12,24580,226,1537694,1044000
5284,14,12,24569,225,1537706,831500
5285,6,12,24560,222,1537718,663000
5286,9,8,24553,221,1537726,948100
5287,10,13,24542,219,1537739,737000
5288,16,13,24526,222,1537752,727800
5289,16,9,24511,228,1537761,835300
5290,9,7,24502,230,1537768,700700
5291,9,13,24494,225,1537781,946800
5292,12,13,24482,224,1537794,789200
5293,12,13,24469,224,1537807,652900
5294,7,13,24463,217,1537820,828600
5295,12,11,24451,218,1537831,725500
5296,5,8,24442,219,1537839,698700
5297,16,6,24432,223,1537845,1109300
5298,9,12,24420,223,1537857,811300
5299,11,14,24408,221,1537871,966300
5300,6,12,24402,215,1537883,692000
5301,14,14,24394,209,1537897,605000
5302,11,7,24378,218,1537904,832000
5303,10,7,24367,222,1537911,708200
5304,13,7,24355,227,1537918,563000
5305,9,20,24345,217,1537938,768500
5306,12,13,24333,216,1537951,727300
5307,3,14,24328,207,1537965,586800
5308,10,7,24321,207,1537972,578600
5309,10,13,24310,205,1537985,719300
5310,9,15,24301,199,1538000,592200
5311,4,12,24297,191,1538012,554400
5312,5,7,24291,190,1538019,915900
5313,4,5,24287,189,1538024,661000
5314,5,10,24282,184,1538034,583000
5315,5,11,24278,177,1538045,801500
5316,1,7,24275,173,1538052,691600
5317,2,7,24274,167,1538059,552900
5318,6,9,24269,163,1538068,657900
5319,7,1,24265,166,1538069,703900
5320,6,7,24255,169,1538076,600700
5321,4,11,24250,163,1538087,721900
5322,4,7,24246,160,1538094,750100
5323,4,7,24243,156,1538101,632100
5324,1,10,24242,147,1538111,567000
5325,0,6,24241,142,1538117,812200
5326,3,11,24240,132,1538128,636400
5327,4,6,24235,131,1538134,543300
5328,8,4,24228,134,1538138,788800
5329,3,3,24224,135,1538141,689000
5330,2,7,24223,129,1538148,690300
5331,3,3,24218,131,1538151,811300
5332,5,6,24213,130,1538157,665700
5333,4,3,24211,129,1538160,616000
5334,4,10,24208,122,1538170,586000
5335,4,9,24203,118,1538179,779000
5336,2,8,24199,114,1538187,619400
5337,4,4,24196,113,1538191,805200
5338,4,4,24193,112,1538195,749400
5339,4,4,24188,113,1538199,631000
5340,6,7,24184,110,1538206,617800
5341,3,3,24179,112,1538209,760800
5342,8,7,24173,111,1538216,849300
5343,7,9,24167,108,1538225,659200
5344,3,6,24161,108,1538231,559400
5345,6,12,24155,102,1538243,783900
5346,3,5,24151,101,1538248,695300
5347,0,5,24151,96,1538253,615100
5348,2,7,24150,90,1538260,849200
5349,4,3,24146,91,1538263,669200
5350,4,1,24141,95,1538264,646700
5351,8,2,24135,99,1538266,873700
5352,5,4,24129,101,1538270,690300
5353,5,6,24124,100,1538276,601100
5354,4,6,24119,99,1538282,957000
5355,5,4,24115,99,1538286,712400
5356,6,8,24111,95,1538294,634900
5357,6,5,24103,98,1538299,867100
5358,3,3,24099,99,1538302,666300
5359,2,2,24099,97,1538304,595400
5360,5,3,24094,99,1538307,873900
5361,2,12,24091,90,1538319,701700
5362,3,8,24087,86,1538327,602300
5363,6,4,24083,86,1538331,865600
5364,4,12,24077,80,1538343,713700
5365,5,6,24072,79,1538349,589600
5366,2,5,24072,74,1538354,803600
5367,8,7,24065,74,1538361,657300
5368,3,3,24060,76,1538364,587800
5369,7,7,24053,76,1538371,718800
5370,1,3,24051,75,1538374,883900
5371,10,5,24044,77,1538379,659100
5372,6,3,24037,81,1538382,675900
5373,3,6,24032,80,1538388,705500
5374,1,6,24031,75,1538394,625900
5375,6,4,24026,76,1538398,821800
5376,6,3,24021,78,1538401,799000
5377,5,2,24015,82,1538403,674100
5378,8,6,24007,84,1538409,662600
5379,2,4,24004,83,1538413,814900
5380,3,4,24002,81,1538417,698100
5381,5,6,23997,80,1538423,669700
5382,3,3,23993,81,1538426,774600
5383,4,4,23989,81,1538430,672600
5384,10,6,23981,83,1538436,731300
5385,1,4,23978,82,1538440,746900
5386,4,4,23976,80,1538444,613300
5387,2,6,23972,78,1538450,780800
5388,3,5,23970,75,1538455,771200
5389,4,6,23965,74,1538461,636300
5390,4,3,23962,74,1538464,550300
5391,4,5,23958,73,1538469,771200
5392,5,3,23953,75,1538472,605400
5393,1,2,23952,74,1538474,558100
5394,2,3,23949,74,1538477,758500
5395,4,4,23947,72,1538481,762300
5396,4,4,23942,73,1538485,562300
5397,0,2,23941,72,1538487,643200
5398,2,3,23939,71,1538490,736900
5399,3,5,23936,69,1538495,611400
5400,2,3,23935,67,1538498,730600
5401,3,3,23931,68,1538501,726700
5402,4,4,23928,67,1538505,619600
5403,3,4,23926,65,1538509,786500
5404,3,5,23921,65,1538514,696200
5405,1,1,23921,64,1538515,624100
5406,3,1,23917,67,1538516,572400
5407,4,4,23915,65,1538520,798400
5408,3,4,23911,65,1538524,637100
5409,6,3,23907,66,1538527,580900
5410,0,3,23904,66,1538530,863900
5411,5,3,23901,66,1538533,652600
5412,2,2,23897,68,1538535,603600
5413,1,5,23897,63,1538540,705400
5414,4,2,23894,64,1538542,678700
5415,1,3,23891,64,1538545,636200
5416,2,3,23891,61,1538548,612200
5417,0,1,23889,62,1538549,731200
5418,0,1,23889,61,1538550,622000
5419,0,2,23889,59,1538552,556300
5420,1,1,23888,59,1538553,798500
5421,0,4,23888,55,1538557,600600
5422,0,6,23888,49,1538563,556900
5423,0,1,23888,48,1538564,760100
5424,1,2,23888,46,1538566,745900
5425,0,4,23887,43,1538570,573400
5426,0,1,23887,42,1538571,718000
5427,0,3,23887,39,1538574,653700
5428,0,0,23887,39,1538574,574700
5429,0,2,23887,37,1538576,665000
5430,1,2,23886,36,1538578,734200
5431,0,3,23886,33,1538581,596800
5432,0,1,23886,32,1538582,549100
5433,0,2,23886,30,1538584,786000
5434,0,2,23886,28,1538586,638600
5435,0,3,23886,25,1538589,586800
5436,0,1,23886,24,1538590,807300
5437,0,0,23886,24,1538590,674200
5438,0,1,23886,23,1538591,566800
5439,0,3,23886,20,1538594,595800
5440,0,1,23886,19,1538595,705300
5441,0,0,23886,19,1538595,655700
5442,0,0,23886,19,1538595,727700
5443,0,1,23886,18,1538596,835700
5444,0,1,23886,17,1538597,628600
5445,0,0,23886,17,1538597,621400
5446,0,0,23886,17,1538597,717200
5447,0,0,23886,17,1538597,607200
5448,0,0,23886,17,1538597,832200
5449,0,1,23886,16,1538598,739500
5450,0,1,23886,15,1538599,641600
5451,0,1,23886,14,1538600,664300
5452,0,1,23886,13,1538601,760500
5453,0,0,23886,13,1538601,611200
5454,0,1,23886,12,1538602,541600
5455,0,1,23886,11,1538603,770300
5456,0,0,23886,11,1538603,629000
5457,0,1,23886,10,1538604,540000
5458,0,0,23886,10,1538604,794500
5459,0,0,23886,10,1538604,735200
5460,0,0,23886,10,1538604,585000
5461,0,2,23886,8,1538606,637500
5462,0,0,23886,8,1538606,688700
5463,0,0,23886,8,1538606,605600
5464,0,0,23886,8,1538606,701100
5465,0,0,23886,8,1538606,727300
5466,0,0,23886,8,1538606,592000
5467,0,0,23886,8,1538606,538400
5468,0,0,23886,8,1538606,917800
5469,0,0,23886,8,1538606,677400
5470,0,0,23886,8,1538606,538200
5471,0,0,23886,8,1538606,822700
5472,0,2,23886,6,1538608,643800
5473,0,0,23886,6,1538608,558200
5474,0,0,23886,6,1538608,795600
5475,0,2,23886,4,1538610,707900
5476,0,0,23886,4,1538610,587200
5477,0,0,23886,4,1538610,831700
5478,0,0,23886,4,1538610,705100
5479,0,0,23886,4,1538610,725900
5480,0,0,23886,4,1538610,870200
5481,0,0,23886,4,1538610,714500
5482,0,0,23886,4,1538610,578000
5483,0,2,23886,2,1538612,716600
5484,0,0,23886,2,1538612,733800
5485,0,0,23886,2,1538612,646600
5486,0,0,23886,2,1538612,759600
5487,0,1,23886,1,1538613,758200
5488,0,1,23886,0,1538614,584000
