Tick,NewlyInfected,NewlyRecovered,TotalSusceptible,TotalInfected,TotalRecovered,StepTimeNanos
0,2,0,999993,7,0,1404200
1,3,1,999991,8,1,661800
2,0,2,999990,7,3,615300
3,1,1,999989,7,4,570000
4,1,0,999988,8,4,459700
5,2,0,999987,9,4,455400
6,1,0,999985,11,4,414000
7,4,1,999981,14,5,409300
8,5,2,999976,17,7,384800
9,6,2,999970,21,9,341300
10,9,3,999961,27,12,390800
11,4,1,999960,27,13,373400
12,9,1,999950,36,14,329600
13,6,6,999942,38,20,390800
14,7,2,999935,43,22,362100
15,5,1,999932,45,23,410900
16,7,2,999924,51,25,367600
17,7,6,999916,53,31,362500
18,8,5,999908,56,36,386800
19,11,5,999899,60,41,357300
20,6,4,999892,63,45,330500
21,10,5,999881,69,50,346900
22,10,5,999873,72,55,352800
23,9,3,999863,79,58,356800
24,5,2,999860,80,60,383100
25,18,2,999841,97,62,357600
26,12,12,999827,99,74,331800
27,16,4,999811,111,78,359600
28,13,6,999799,117,84,364300
29,17,5,999785,126,89,344100
30,17,8,999766,137,97,343800
31,14,1,999751,151,98,326000
32,19,11,999736,155,109,365200
33,14,6,999719,166,115,352400
34,23,7,999695,183,122,547600
35,18,6,999678,194,128,490800
36,19,15,999659,198,143,423900
37,17,10,999642,205,153,411700
38,21,14,999619,214,167,413000
39,22,15,999602,216,182,343100
40,26,12,999573,233,194,375200
41,22,15,999551,240,209,330300
42,22,20,999529,242,229,325400
43,24,14,999506,251,243,357800
44,21,7,999488,262,250,355700
45,21,14,999464,272,264,370500
46,24,13,999440,283,277,320600
47,32,12,999410,301,289,318000
48,30,19,999377,315,308,306300
49,20,16,999358,318,324,329900
50,25,11,999330,335,335,354500
51,36,15,999298,352,350,359100
52,33,17,999262,371,367,308500
53,38,19,999226,388,386,316000
54,21,20,999206,388,406,332900
55,22,15,999184,395,421,331900
56,30,14,999154,411,435,317800
57,27,26,999128,411,461,345100
58,14,20,999110,409,481,309600
59,25,29,999085,405,510,327600
60,26,24,999058,408,534,357300
61,27,18,999032,416,552,361900
62,23,19,999011,418,571,423000
63,23,21,998988,420,592,341200
64,27,21,998961,426,613,344700
65,40,30,998920,437,643,355300
66,38,29,998885,443,672,347600
67,43,21,998841,466,693,333300
68,50,18,998794,495,711,375500
69,46,31,998748,510,742,337200
70,42,34,998707,517,776,327700
71,29,29,998674,521,805,386700
72,45,29,998626,540,834,402100
73,35,24,998593,549,858,376000
74,45,29,998548,565,887,347400
75,46,28,998503,582,915,314600
76,59,31,998453,601,946,334400
77,48,32,998401,621,978,362700
78,47,37,998350,635,1015,379500
79,41,31,998310,644,1046,400500
80,47,29,998266,659,1075,403500
81,47,34,998215,676,1109,449000
82,49,27,998166,698,1136,358100
83,49,37,998119,708,1173,377200
84,60,28,998059,740,1201,332700
85,56,38,998004,757,1239,364400
86,64,42,997936,783,1281,363200
87,63,35,997876,808,1316,325200
88,58,45,997815,824,1361,332500
89,63,49,997756,834,1410,332200
90,74,50,997682,858,1460,335000
91,71,48,997611,881,1508,369500
92,73,39,997536,917,1547,361300
93,63,39,997472,942,1586,305700
94,64,50,997409,955,1636,297400
95,57,52,997356,956,1688,329100
96,69,60,997283,969,1748,321600
97,61,55,997224,973,1803,322400
98,77,61,997150,986,1864,369800
99,69,50,997078,1008,1914,349600
100,69,43,997010,1033,1957,341800
101,83,57,996933,1053,2014,329100
102,66,55,996863,1068,2069,446900
103,61,66,996797,1068,2135,356600
104,77,42,996720,1103,2177,323500
105,92,60,996634,1129,2237,381000
106,67,39,996567,1157,2276,325500
107,80,60,996486,1178,2336,325600
108,85,60,996404,1200,2396,351800
109,91,66,996316,1222,2462,349500
110,82,69,996223,1246,2531,326700
111,77,71,996148,1250,2602,343600
112,72,64,996076,1258,2666,314400
113,66,85,996008,1241,2751,321800
114,65,70,995945,1234,2821,333400
115,84,68,995865,1246,2889,333200
116,83,62,995779,1270,2951,338900
117,77,81,995707,1261,3032,334300
118,86,67,995615,1286,3099,345300
119,88,64,995532,1305,3163,294600
120,71,65,995458,1314,3228,318400
121,86,75,995377,1320,3303,325300
122,81,87,995289,1321,3390,348800
123,91,70,995200,1340,3460,339700
124,78,73,995119,1348,3533,321200
125,80,83,995042,1342,3616,314000
126,85,62,994962,1360,3678,344800
127,107,61,994859,1402,3739,325800
128,102,76,994749,1436,3815,310300
129,111,87,994639,1459,3902,313400
130,91,77,994551,1470,3979,294400
131,102,68,994448,1505,4047,325600
132,105,69,994348,1536,4116,306100
133,76,70,994262,1552,4186,331100
134,97,75,994168,1571,4261,340800
135,95,94,994072,1573,4355,337100
136,120,75,993962,1608,4430,301600
137,109,89,993849,1632,4519,281900
138,122,82,993722,1677,4601,324200
139,107,91,993611,1697,4692,335800
140,107,88,993511,1709,4780,318000
141,96,96,993417,1707,4876,367700
142,90,88,993325,1711,4964,318000
143,116,75,993209,1752,5039,320400
144,96,96,993106,1759,5135,359000
145,119,91,992994,1780,5226,328000
146,117,84,992875,1815,5310,355900
147,122,104,992753,1833,5414,303200
148,108,99,992647,1840,5513,336100
149,112,94,992529,1864,5607,350700
150,101,86,992432,1875,5693,340300
151,111,99,992321,1887,5792,321000
152,133,100,992196,1912,5892,354600
153,129,100,992059,1949,5992,336500
154,121,100,991934,1974,6092,342200
155,104,87,991837,1984,6179,363200
156,119,105,991721,1995,6284,321200
157,139,106,991579,2031,6390,302300
158,117,105,991462,2043,6495,333100
159,110,105,991350,2050,6600,320100
160,102,95,991249,2056,6695,284500
161,155,99,991090,2116,6794,370400
162,141,100,990954,2152,6894,354100
163,127,122,990827,2157,7016,355300
164,140,117,990682,2185,7133,369500
165,114,115,990574,2178,7248,342100
166,137,121,990440,2191,7369,317300
167,124,114,990308,2209,7483,331200
168,142,119,990172,2226,7602,343000
169,132,116,990040,2242,7718,346300
170,124,130,989920,2232,7848,314900
171,145,91,989775,2286,7939,333600
172,150,115,989624,2322,8054,321700
173,128,107,989491,2348,8161,303300
174,143,121,989349,2369,8282,322200
175,161,129,989192,2397,8411,301100
176,137,113,989047,2429,8524,316200
177,138,120,988912,2444,8644,287900
178,138,130,988775,2451,8774,344100
179,124,124,988647,2455,8898,309400
180,137,143,988511,2448,9041,327200
181,169,106,988345,2508,9147,335400
182,131,131,988215,2507,9278,312900
183,120,140,988092,2490,9418,340300
184,132,111,987959,2512,9529,308600
185,155,115,987802,2554,9644,325700
186,147,152,987661,2543,9796,307100
187,147,139,987509,2556,9935,336700
188,169,125,987350,2590,10060,330400
189,156,140,987184,2616,10200,330900
190,145,144,987044,2612,10344,311100
191,146,116,986904,2636,10460,329800
192,160,110,986746,2684,10570,315600
193,164,145,986579,2706,10715,370500
194,152,144,986432,2709,10859,323300
195,145,147,986275,2719,11006,321800
196,169,154,986114,2726,11160,301600
197,166,150,985935,2755,11310,387600
198,180,149,985774,2767,11459,340800
199,174,164,985593,2784,11623,386200
200,153,150,985438,2789,11773,331900
201,162,144,985283,2800,11917,327100
202,188,162,985087,2834,12079,346000
203,156,146,984929,2846,12225,341300
204,169,133,984770,2872,12358,332200
205,154,154,984605,2883,12512,332000
206,171,144,984440,2904,12656,320400
207,168,141,984271,2932,12797,372900
208,161,144,984109,2950,12941,362400
209,186,139,983929,2991,13080,329700
210,144,154,983769,2997,13234,326400
211,151,179,983629,2958,13413,353200
212,175,146,983452,2989,13559,355800
213,171,158,983286,2997,13717,319600
214,157,155,983127,3001,13872,331500
215,168,162,982960,3006,14034,320200
216,160,144,982794,3028,14178,300700
217,150,160,982646,3016,14338,339300
218,152,167,982491,3004,14505,339300
219,167,147,982336,3012,14652,321800
220,147,157,982180,3011,14809,372700
221,183,173,981993,3025,14982,352600
222,176,162,981827,3029,15144,333200
223,187,180,981639,3037,15324,330100
224,196,159,981447,3070,15483,333700
225,180,157,981259,3101,15640,327100
226,161,165,981096,3099,15805,313300
227,176,145,980916,3134,15950,334200
228,180,144,980752,3154,16094,333000
229,203,176,980553,3177,16270,381100
230,165,155,980374,3201,16425,377000
231,199,173,980182,3220,16598,365900
232,183,140,979993,3269,16738,340100
233,165,178,979835,3249,16916,335400
234,160,175,979662,3247,17091,352400
235,186,185,979480,3244,17276,464200
236,182,179,979310,3235,17455,369400
237,171,165,979131,3249,17620,384200
238,201,182,978936,3262,17802,398500
239,193,159,978735,3304,17961,356700
240,177,167,978561,3311,18128,324700
241,188,171,978372,3329,18299,335900
242,184,177,978190,3334,18476,343800
243,171,168,978006,3350,18644,339500
244,184,157,977835,3364,18801,327800
245,179,172,977656,3371,18973,317500
246,213,160,977453,3414,19133,342200
247,199,162,977236,3469,19295,344000
248,195,187,977053,3465,19482,311600
249,212,194,976842,3482,19676,340400
250,185,163,976651,3510,19839,332700
251,183,192,976467,3502,20031,371800
252,202,184,976268,3517,20215,351900
253,189,176,976080,3529,20391,378800
254,223,201,975865,3543,20592,365800
255,194,195,975658,3555,20787,320000
256,192,179,975466,3568,20966,343300
257,178,205,975283,3546,21171,332100
258,222,218,975084,3527,21389,335000
259,193,171,974874,3566,21560,320500
260,206,167,974671,3602,21727,329800
261,197,181,974476,3616,21908,331800
262,196,195,974271,3626,22103,351800
263,226,188,974047,3662,22291,313100
264,219,186,973837,3686,22477,296500
265,209,195,973622,3706,22672,310900
266,221,185,973411,3732,22857,404700
267,222,190,973183,3770,23047,333000
268,229,194,972957,3802,23241,339300
269,225,199,972736,3824,23440,341700
270,190,206,972537,3817,23646,344500
271,232,203,972303,3848,23849,327400
272,219,189,972084,3878,24038,334600
273,206,220,971869,3873,24258,337500
274,239,182,971655,3905,24440,325800
275,211,222,971434,3904,24662,330700
276,215,216,971219,3903,24878,303800
277,217,250,970997,3875,25128,340000
278,218,188,970782,3902,25316,347200
279,238,187,970544,3953,25503,312200
280,242,214,970304,3979,25717,312200
281,257,200,970046,4037,25917,352900
282,274,195,969768,4120,26112,328000
283,204,175,969562,4151,26287,310900
284,249,254,969327,4132,26541,315200
285,234,218,969093,4148,26759,310600
286,212,202,968873,4166,26961,313200
287,216,208,968652,4179,27169,328000
288,239,223,968422,4186,27392,327900
289,238,234,968179,4195,27626,311100
290,221,221,967959,4194,27847,316600
291,207,242,967757,4154,28089,476800
292,200,217,967547,4147,28306,353900
293,217,210,967338,4146,28516,337100
294,217,241,967118,4125,28757,359400
295,221,201,966901,4141,28958,337300
296,205,216,966685,4141,29174,321000
297,236,218,966459,4149,29392,330300
298,230,196,966222,4190,29588,385100
299,219,231,966008,4173,29819,317000
300,227,234,965781,4166,30053,307900
301,242,207,965551,4189,30260,359300
302,249,214,965282,4244,30474,354900
303,198,229,965088,4209,30703,323300
304,233,191,964867,4239,30894,308600
305,274,228,964588,4290,31122,312600
306,260,212,964330,4336,31334,353500
307,263,238,964075,4353,31572,335200
308,241,243,963828,4357,31815,333500
309,264,217,963569,4399,32032,335100
310,232,234,963326,4408,32266,326000
311,247,236,963078,4420,32502,355600
312,222,223,962842,4433,32725,327300
313,259,252,962598,4425,32977,324900
314,206,263,962390,4370,33240,308100
315,246,259,962151,4350,33499,339500
316,230,196,961912,4393,33695,342500
317,224,237,961683,4385,33932,316600
318,233,224,961458,4386,34156,336700
319,244,236,961214,4394,34392,325800
320,231,237,960982,4389,34629,338600
321,226,209,960766,4396,34838,315300
322,246,231,960522,4409,35069,321700
323,243,247,960266,4418,35316,315400
324,246,233,960019,4432,35549,305800
325,277,224,959749,4478,35773,352500
326,268,224,959486,4517,35997,338000
327,232,215,959247,4541,36212,356800
328,254,226,958996,4566,36438,313000
329,258,245,958735,4582,36683,345600
330,272,236,958467,4614,36919,317100
331,257,238,958206,4637,37157,339000
332,229,243,957977,4623,37400,331500
333,269,221,957711,4668,37621,459800
334,266,233,957438,4708,37854,335400
335,279,205,957176,4765,38059,341200
336,229,237,956925,4779,38296,354300
337,249,251,956682,4771,38547,365600
338,294,266,956409,4778,38813,338300
339,265,254,956128,4805,39067,309400
340,274,272,955861,4800,39339,355800
341,282,250,955579,4832,39589,351000
342,258,241,955322,4848,39830,300200
343,298,256,955026,4888,40086,313200
344,297,260,954719,4935,40346,317500
345,284,255,954432,4967,40601,325600
346,278,262,954165,4972,40863,304600
347,305,282,953853,5002,41145,375800
348,278,280,953580,4995,41425,367000
349,276,280,953296,4999,41705,329400
350,275,280,953025,4990,41985,315600
351,299,253,952733,5029,42238,336300
352,268,248,952457,5057,42486,322200
353,302,250,952155,5109,42736,335600
354,285,250,951876,5138,42986,330700
355,261,252,951607,5155,43238,330500
356,258,269,951353,5140,43507,353600
357,281,248,951070,5175,43755,346100
358,304,264,950774,5207,44019,346700
359,271,274,950499,5208,44293,341700
360,297,243,950210,5254,44536,384300
361,294,258,949911,5295,44794,378400
362,280,278,949621,5307,45072,389800
363,294,268,949332,5328,45340,352100
364,282,274,949046,5340,45614,381500
365,306,267,948741,5378,45881,394200
366,306,278,948434,5407,46159,348100
367,313,270,948133,5438,46429,340300
368,295,297,947832,5442,46726,371600
369,297,268,947531,5475,46994,345800
370,263,294,947262,5450,47288,324300
371,302,277,946977,5458,47565,357100
372,294,264,946686,5485,47829,335400
373,271,303,946399,5469,48132,354300
374,316,265,946087,5516,48397,357400
375,267,270,945812,5521,48667,326300
376,294,263,945537,5533,48930,342200
377,305,306,945221,5543,49236,349000
378,292,288,944930,5546,49524,333000
379,294,316,944642,5518,49840,340200
380,317,293,944320,5547,50133,351200
381,309,302,944011,5554,50435,330500
382,273,309,943735,5521,50744,333500
383,269,273,943465,5518,51017,331600
384,271,266,943192,5525,51283,333600
385,316,249,942881,5587,51532,345100
386,297,294,942585,5589,51826,323900
387,320,293,942260,5621,52119,346200
388,322,299,941944,5638,52418,347300
389,308,301,941641,5640,52719,357100
390,325,277,941317,5687,52996,337600
391,316,315,940987,5702,53311,414500
392,316,298,940686,5705,53609,381500
393,297,310,940386,5695,53919,379300
394,309,301,940075,5705,54220,370900
395,306,300,939777,5703,54520,344400
396,327,303,939441,5736,54823,335100
397,326,297,939119,5761,55120,365400
398,304,290,938800,5790,55410,353200
399,281,271,938531,5788,55681,338700
400,313,285,938228,5806,55966,346800
401,303,289,937899,5846,56255,364900
402,297,288,937612,5845,56543,340200
403,320,284,937303,5870,56827,322200
404,323,313,936970,5890,57140,332200
405,335,283,936653,5924,57423,340200
406,322,312,936319,5946,57735,376400
407,317,328,936007,5930,58063,363900
408,289,316,935703,5918,58379,332600
409,332,309,935380,5932,58688,340500
410,300,282,935082,5948,58970,346800
411,344,306,934732,5992,59276,343100
412,322,334,934406,5984,59610,324100
413,321,324,934089,5977,59934,344100
414,303,298,933785,5983,60232,334400
415,316,308,933472,5988,60540,352100
416,328,333,933144,5983,60873,357700
417,322,289,932821,6017,61162,346200
418,284,331,932534,5973,61493,346300
419,321,306,932223,5978,61799,346300
420,325,322,931894,5985,62121,341600
421,290,292,931606,5981,62413,360100
422,332,307,931271,6009,62720,348500
423,357,298,930928,6054,63018,321700
424,345,317,930569,6096,63335,397700
425,330,287,930244,6134,63622,324900
426,354,330,929883,6165,63952,355100
427,356,365,929529,6154,64317,350700
428,338,262,929194,6227,64579,326600
429,319,305,928874,6242,64884,352400
430,370,314,928502,6300,65198,344300
431,380,342,928127,6333,65540,336000
432,357,336,927772,6352,65876,346600
433,329,317,927434,6373,66193,357000
434,337,328,927089,6390,66521,421800
435,335,317,926768,6394,66838,365200
436,342,321,926421,6420,67159,370700
437,343,301,926082,6458,67460,409800
438,354,344,925733,6463,67804,463300
439,339,343,925391,6462,68147,356700
440,351,303,925039,6511,68450,360000
441,369,300,924668,6582,68750,358500
442,329,342,924328,6580,69092,363800
443,372,308,923971,6629,69400,354300
444,326,345,923637,6618,69745,325200
445,318,347,923318,6590,70092,348600
446,329,340,922988,6580,70432,395800
447,316,339,922679,6550,70771,393600
448,353,332,922335,6562,71103,405600
449,359,346,921978,6573,71449,371500
450,324,388,921638,6525,71837,367900
451,326,340,921318,6505,72177,352100
452,344,320,920971,6532,72497,358900
453,358,335,920616,6552,72832,361600
454,361,362,920250,6556,73194,355700
455,368,353,919887,6566,73547,412400
456,330,345,919572,6536,73892,371500
457,337,329,919220,6559,74221,374200
458,330,359,918882,6538,74580,382800
459,326,336,918556,6528,74916,418900
460,377,307,918183,6594,75223,386900
461,330,341,917847,6589,75564,376900
462,341,314,917521,6601,75878,314100
463,325,336,917203,6583,76214,334200
464,337,327,916850,6609,76541,374200
465,382,355,916486,6618,76896,363000
466,319,321,916151,6632,77217,349700
467,374,328,915790,6665,77545,331700
468,383,386,915394,6675,77931,327400
469,381,328,915019,6722,78259,360100
470,360,337,914646,6758,78596,406600
471,398,345,914250,6809,78941,331700
472,372,338,913881,6840,79279,329900
473,390,377,913505,6839,79656,313600
474,361,336,913130,6878,79992,339100
475,350,328,912785,6895,80320,377000
476,393,350,912386,6944,80670,379900
477,379,330,912009,6991,81000,346400
478,367,341,911649,7010,81341,344300
479,368,400,911281,6978,81741,340000
480,358,341,910926,6992,82082,318700
481,363,386,910551,6981,82468,489900
482,382,356,910190,6986,82824,336200
483,338,362,909826,6988,83186,340800
484,365,385,909473,6956,83571,345200
485,362,366,909100,6963,83937,332000
486,392,328,908717,7018,84265,314100
487,358,355,908350,7030,84620,339800
488,383,349,907979,7052,84969,339200
489,361,385,907609,7037,85354,376600
490,421,339,907202,7105,85693,349700
491,374,383,906815,7109,86076,318300
492,379,355,906444,7125,86431,319500
493,390,386,906054,7129,86817,343300
494,453,392,905609,7182,87209,363800
495,410,389,905190,7212,87598,362400
496,399,370,904796,7236,87968,353800
497,398,386,904389,7257,88354,353800
498,410,384,903997,7265,88738,359300
499,410,360,903577,7325,89098,352000
500,362,403,903192,7307,89501,354600
501,394,391,902810,7298,89892,360000
502,394,380,902420,7308,90272,421600
503,371,400,902052,7276,90672,335300
504,383,347,901670,7311,91019,331500
505,380,379,901272,7330,91398,336000
506,363,385,900920,7297,91783,340600
507,385,397,900539,7281,92180,330100
508,392,366,900151,7303,92546,335900
509,365,383,899777,7294,92929,319400
510,377,390,899404,7277,93319,375700
511,376,378,899025,7278,93697,378700
512,375,394,898656,7253,94091,351900
513,366,347,898291,7271,94438,393000
514,355,386,897921,7255,94824,342300
515,381,360,897558,7258,95184,353600
516,376,386,897169,7261,95570,337600
517,335,378,896839,7213,95948,361700
518,367,400,896484,7168,96348,319900
519,419,361,896061,7230,96709,481300
520,388,385,895665,7241,97094,360000
521,405,385,895271,7250,97479,347300
522,356,361,894901,7259,97840,343600
523,381,365,894528,7267,98205,363600
524,385,384,894139,7272,98589,394400
525,400,347,893753,7311,98936,489900
526,404,386,893345,7333,99322,364300
527,351,375,892975,7328,99697,372900
528,343,421,892636,7246,100118,344300
529,376,375,892281,7226,100493,391100
530,375,383,891894,7230,100876,347400
531,391,384,891497,7243,101260,458300
532,364,393,891134,7213,101653,358900
533,361,362,890760,7225,102015,340200
534,383,344,890384,7257,102359,332100
535,380,370,890018,7253,102729,340300
536,379,361,889639,7271,103090,385500
537,363,400,889262,7248,103490,388500
538,381,383,888891,7236,103873,371400
539,413,426,888480,7221,104299,366000
540,375,346,888099,7256,104645,382900
541,358,375,887742,7238,105020,351000
542,343,381,887403,7196,105401,338400
543,354,353,887046,7200,105754,336300
544,400,339,886655,7252,106093,356600
545,422,405,886237,7265,106498,331900
546,404,343,885822,7337,106841,462300
547,391,412,885448,7299,107253,345400
548,404,383,885024,7340,107636,342100
549,367,355,884650,7359,107991,323900
550,390,366,884273,7370,108357,359300
551,385,383,883877,7383,108740,354300
552,387,375,883497,7388,109115,347000
553,390,372,883102,7411,109487,349100
554,415,366,882692,7455,109853,383200
555,408,414,882293,7440,110267,358200
556,397,365,881889,7479,110632,343700
557,399,413,881494,7461,111045,377200
558,384,365,881098,7492,111410,351300
559,395,394,880698,7498,111804,359600
560,404,417,880303,7476,112221,353900
561,386,390,879913,7476,112611,511000
562,365,362,879565,7462,112973,378200
563,401,425,879159,7443,113398,356300
564,384,379,878765,7458,113777,352400
565,380,423,878390,7410,114200,350800
566,373,361,878025,7414,114561,388900
567,391,371,877630,7438,114932,387100
568,410,377,877214,7477,115309,354400
569,440,364,876782,7545,115673,379700
570,399,385,876377,7565,116058,377400
571,394,390,875967,7585,116448,328800
572,402,410,875593,7549,116858,319400
573,387,373,875198,7571,117231,347600
574,386,361,874810,7598,117592,349700
575,377,397,874435,7576,117989,322200
576,428,373,874011,7627,118362,444500
577,402,395,873608,7635,118757,379300
578,421,417,873175,7651,119174,377100
579,385,365,872785,7676,119539,362100
580,416,351,872370,7740,119890,368000
581,432,412,871957,7741,120302,319700
582,429,409,871527,7762,120711,366400
583,436,414,871078,7797,121125,359600
584,429,391,870658,7826,121516,376600
585,426,391,870238,7855,121907,381100
586,403,400,869824,7869,122307,380000
587,397,419,869438,7836,122726,407100
588,434,383,868992,7899,123109,422400
589,421,387,868578,7926,123496,389000
590,440,380,868127,7997,123876,523200
591,457,427,867691,8006,124303,384000
592,421,427,867255,8015,124730,380800
593,418,442,866832,7996,125172,427500
594,446,426,866405,7997,125598,367500
595,432,417,865963,8022,126015,346300
596,430,427,865540,8018,126442,372200
597,419,440,865115,8003,126882,381300
598,384,422,864724,7972,127304,370700
599,422,404,864307,7985,127708,418800
600,413,395,863889,8008,128103,416800
601,385,425,863507,7965,128528,344300
602,444,438,863067,7967,128966,341100
603,364,405,862697,7932,129371,353600
604,420,453,862277,7899,129824,473200
605,415,393,861853,7930,130217,354700
606,437,403,861435,7945,130620,345600
607,434,419,860997,7964,131039,343700
608,422,415,860563,7983,131454,399500
609,416,426,860155,7965,131880,413400
610,434,452,859719,7949,132332,393300
611,464,418,859262,7988,132750,386100
612,426,420,858845,7985,133170,437600
613,423,405,858411,8014,133575,404600
614,390,409,858017,7999,133984,372600
615,415,429,857605,7982,134413,374300
616,374,428,857221,7938,134841,382300
617,427,400,856800,7959,135241,332100
618,418,420,856388,7951,135661,499300
619,407,416,855978,7945,136077,368700
620,471,437,855507,7979,136514,333900
621,385,419,855112,7955,136933,326400
622,418,392,854699,7976,137325,390500
623,420,418,854280,7977,137743,368500
624,439,385,853847,8025,138128,350900
625,458,443,853392,8037,138571,385800
626,447,440,852942,8047,139011,390000
627,431,431,852518,8040,139442,357900
628,434,413,852070,8075,139855,353700
629,463,411,851612,8122,140266,335600
630,467,453,851143,8138,140719,363500
631,418,425,850730,8126,141144,370400
632,433,407,850287,8162,141551,359700
633,436,422,849869,8158,141973,400900
634,421,405,849425,8197,142378,353300
635,459,470,848978,8174,142848,380200
636,447,425,848542,8185,143273,400300
637,495,421,848044,8262,143694,379600
638,461,407,847570,8329,144101,398000
639,428,451,847154,8294,144552,351300
640,415,461,846726,8261,145013,383700
641,429,411,846306,8270,145424,381800
642,480,437,845829,8310,145861,358800
643,493,443,845349,8347,146304,380000
644,457,472,844880,8344,146776,376000
645,456,399,844417,8408,147175,387400
646,475,430,843936,8459,147605,369000
647,470,455,843466,8474,148060,413100
648,433,442,843031,8467,148502,392300
649,486,426,842553,8519,148928,399700
650,441,417,842111,8544,149345,426400
651,452,390,841668,8597,149735,404500
652,403,454,841252,8559,150189,368100
653,495,435,840764,8612,150624,364800
654,455,443,840305,8628,151067,346700
655,460,407,839853,8673,151474,344600
656,498,434,839355,8737,151908,350500
657,496,482,838866,8744,152390,450600
658,489,452,838378,8780,152842,353200
659,441,427,837923,8808,153269,340500
660,465,449,837469,8813,153718,358800
661,463,454,837004,8824,154172,418900
662,514,460,836491,8877,154632,406500
663,393,494,836088,8786,155126,353500
664,450,485,835632,8757,155611,356300
665,439,419,835202,8768,156030,371200
666,439,421,834757,8792,156451,369800
667,464,455,834307,8787,156906,350000
668,430,462,833861,8771,157368,347200
669,439,496,833424,8712,157864,347600
670,464,440,832968,8728,158304,324800
671,455,463,832519,8714,158767,341200
672,491,442,832025,8766,159209,342500
673,452,436,831572,8783,159645,409300
674,485,458,831081,8816,160103,383700
675,437,425,830652,8820,160528,353900
676,432,453,830214,8805,160981,489800
677,479,489,829742,8788,161470,362700
678,497,434,829225,8871,161904,354300
679,457,456,828788,8852,162360,365200
680,443,461,828336,8843,162821,403600
681,485,428,827862,8889,163249,389800
682,457,453,827388,8910,163702,342500
683,441,491,826945,8862,164193,363200
684,479,469,826486,8852,164662,343900
685,464,463,826015,8860,165125,398500
686,471,466,825535,8874,165591,404000
687,500,470,825065,8874,166061,376000
688,431,464,824601,8874,166525,346900
689,451,457,824156,8862,166982,365000
690,401,472,823744,8802,167454,540000
691,457,453,823299,8794,167907,358700
692,423,476,822868,8749,168383,379000
693,404,456,822479,8682,168839,359400
694,388,434,822072,8655,169273,359500
695,411,462,821669,8596,169735,345800
696,425,488,821244,8533,170223,369300
697,423,429,820822,8526,170652,405400
698,443,429,820388,8531,171081,350400
699,445,450,819945,8524,171531,330700
700,429,425,819510,8534,171956,358200
701,475,443,819023,8578,172399,317700
702,470,458,818572,8571,172857,332700
703,452,457,818109,8577,173314,339300
704,477,434,817648,8604,173748,364000
705,474,450,817167,8635,174198,450200
706,484,442,816686,8674,174640,348300
707,460,421,816221,8718,175061,354300
708,434,442,815777,8720,175503,365600
709,495,480,815304,8713,175983,383000
710,445,441,814844,8732,176424,341200
711,476,454,814371,8751,176878,412500
712,462,443,813909,8770,177321,398200
713,472,460,813434,8785,177781,404200
714,461,479,812972,8768,178260,343800
715,468,433,812516,8791,178693,348700
716,460,429,812034,8844,179122,328300
717,490,476,811565,8837,179598,356800
718,480,449,811082,8871,180047,399800
719,527,461,810568,8924,180508,604500
720,486,460,810067,8965,180968,403100
721,510,481,809559,8992,181449,388100
722,450,481,809103,8967,181930,520000
723,482,443,808641,8986,182373,378600
724,447,487,808170,8970,182860,394700
725,502,442,807668,9030,183302,377000
726,451,424,807216,9058,183726,370000
727,477,447,806743,9084,184173,392100
728,478,461,806263,9103,184634,342200
729,476,482,805777,9107,185116,349900
730,480,503,805321,9060,185619,406600
731,494,445,804814,9122,186064,379800
732,479,474,804346,9116,186538,374700
733,479,496,803867,9099,187034,450300
734,441,461,803416,9089,187495,417500
735,522,509,802902,9094,188004,381500
736,490,442,802400,9154,188446,375600
737,477,464,801936,9154,188910,401300
738,491,472,801442,9176,189382,410600
739,493,520,800955,9143,189902,419000
740,486,437,800457,9204,190339,398200
741,487,455,799986,9220,190794,375300
742,476,434,799497,9275,191228,379300
743,497,466,799007,9299,191694,351400
744,475,470,798531,9305,192164,364300
745,475,424,798049,9363,192588,370600
746,454,459,797604,9349,193047,363400
747,425,469,797177,9307,193516,414200
748,457,491,796702,9291,194007,411500
749,456,509,796246,9238,194516,404300
750,424,462,795829,9193,194978,407900
751,461,445,795366,9211,195423,407600
752,500,448,794869,9260,195871,360600
753,475,524,794398,9207,196395,358800
754,489,464,793904,9237,196859,353600
755,466,462,793435,9244,197321,333400
756,485,483,792959,9237,197804,347000
757,485,501,792481,9214,198305,339600
758,501,482,791968,9245,198787,353300
759,478,463,791487,9263,199250,382800
760,434,483,791057,9210,199733,360000
761,432,503,790621,9143,200236,638000
762,451,447,790189,9128,200683,459200
763,424,436,789742,9139,201119,422900
764,524,496,789234,9151,201615,494900
765,451,474,788769,9142,202089,365700
766,434,468,788326,9117,202557,399300
767,427,475,787902,9066,203032,362300
768,457,482,787453,9033,203514,325400
769,479,453,786983,9050,203967,376900
770,418,486,786555,8992,204453,367100
771,449,465,786104,8978,204918,332800
772,460,447,785652,8983,205365,335600
773,429,453,785216,8966,205818,352200
774,444,452,784774,8956,206270,374400
775,458,494,784318,8918,206764,473700
776,471,435,783855,8946,207199,342400
777,456,476,783392,8933,207675,367600
778,445,433,782942,8950,208108,357500
779,442,459,782502,8931,208567,356600
780,444,450,782060,8923,209017,368900
781,437,462,781631,8890,209479,353300
782,474,461,781166,8894,209940,347400
783,496,477,780660,8923,210417,366400
784,495,458,780168,8957,210875,386700
785,482,436,779676,9013,211311,373600
786,453,453,779224,9012,211764,352100
787,456,463,778771,9002,212227,346700
788,441,457,778332,8984,212684,393700
789,477,480,777853,8983,213164,365000
790,414,458,777426,8952,213622,394800
791,447,503,776987,8888,214125,345700
792,471,423,776531,8921,214548,383600
793,466,441,776053,8958,214989,373700
794,445,465,775590,8956,215454,345900
795,473,499,775135,8912,215953,371200
796,419,424,774704,8919,216377,382800
797,437,489,774286,8848,216866,350300
798,444,434,773846,8854,217300,343500
799,440,408,773396,8896,217708,382400
800,416,434,772975,8883,218142,406100
801,425,465,772548,8845,218607,361100
802,459,468,772091,8834,219075,375200
803,466,424,771635,8866,219499,329800
804,449,464,771173,8864,219963,350900
805,414,441,770771,8825,220404,397100
806,439,496,770328,8772,220900,370700
807,420,454,769904,8742,221354,356200
808,433,442,769466,8738,221796,370200
809,402,476,769070,8658,222272,402000
810,435,430,768631,8667,222702,380000
811,395,429,768235,8634,223131,352800
812,418,456,767824,8589,223587,346700
813,424,461,767396,8556,224048,355300
814,424,426,766974,8552,224474,370300
815,428,462,766553,8511,224936,375000
816,443,430,766104,8530,225366,531400
817,430,481,765674,8479,225847,357800
818,388,420,765283,8450,226267,371500
819,443,440,764839,8454,226707,348900
820,432,466,764410,8417,227173,350000
821,452,444,763962,8421,227617,372800
822,438,390,763524,8469,228007,366300
823,413,460,763102,8431,228467,343200
824,411,445,762709,8379,228912,375700
825,447,438,762246,8404,229350,354700
826,438,443,761808,8399,229793,348600
827,448,411,761369,8427,230204,359000
828,421,432,760947,8417,230636,341400
829,440,471,760508,8385,231107,338000
830,431,451,760067,8375,231558,527900
831,447,406,759619,8417,231964,367000
832,450,414,759178,8444,232378,383700
833,402,404,758763,8455,232782,356900
834,437,417,758324,8477,233199,365200
835,485,430,757857,8514,233629,347200
836,499,402,757352,8617,234031,350200
837,440,455,756911,8603,234486,369200
838,435,453,756485,8576,234939,363100
839,405,461,756077,8523,235400,343200
840,413,436,755655,8509,235836,324400
841,423,414,755237,8513,236250,374500
842,430,421,754799,8530,236671,398300
843,401,431,754391,8507,237102,364800
844,430,427,753983,8488,237529,368300
845,425,438,753549,8484,237967,331900
846,459,446,753085,8502,238413,348600
847,435,464,752653,8470,238877,342900
848,476,412,752175,8536,239289,339200
849,439,441,751746,8524,239730,352000
850,446,471,751296,8503,240201,345900
851,396,477,750898,8424,240678,385500
852,411,437,750480,8405,241115,334300
853,430,457,750060,8368,241572,328000
854,393,454,749671,8303,242026,348300
855,462,434,749194,8346,242460,345800
856,442,431,748763,8346,242891,340600
857,451,415,748309,8385,243306,347900
858,430,430,747879,8385,243736,340100
859,402,427,747475,8362,244163,355900
860,439,415,747045,8377,244578,358000
861,406,423,746633,8366,245001,358900
862,403,413,746219,8367,245414,396300
863,450,456,745796,8334,245870,347900
864,481,469,745300,8361,246339,357800
865,435,428,744860,8373,246767,362900
866,437,441,744428,8364,247208,387800
867,433,450,744007,8335,247658,372800
868,362,427,743625,8290,248085,374800
869,414,430,743214,8271,248515,375000
870,469,439,742759,8287,248954,379100
871,458,424,742296,8326,249378,351000
872,474,435,741820,8367,249813,353700
873,404,425,741409,8353,250238,348500
874,420,435,740981,8346,250673,353700
875,439,428,740554,8345,251101,363100
876,460,404,740083,8412,251505,353600
877,436,461,739659,8375,251966,381400
878,460,432,739208,8394,252398,375000
879,459,455,738756,8391,252853,366600
880,400,458,738337,8352,253311,348100
881,470,465,737876,8348,253776,376600
882,455,409,737408,8407,254185,343700
883,443,430,736982,8403,254615,437900
884,389,404,736577,8404,255019,411400
885,415,438,736168,8375,255457,391200
886,413,429,735741,8373,255886,351000
887,427,443,735321,8350,256329,362200
888,425,462,734895,8314,256791,376200
889,406,454,734488,8267,257245,359000
890,384,418,734103,8234,257663,356800
891,467,408,733649,8280,258071,370400
892,443,429,733209,8291,258500,349400
893,424,402,732777,8321,258902,372000
894,413,436,732372,8290,259338,412800
895,431,387,731943,8332,259725,353200
896,396,400,731536,8339,260125,380700
897,422,418,731113,8344,260543,383000
898,403,418,730714,8325,260961,424500
899,405,416,730303,8320,261377,356500
900,459,412,729842,8369,261789,346100
901,412,422,729444,8345,262211,347400
902,442,420,729006,8363,262631,351200
903,488,409,728516,8444,263040,335800
904,485,427,728033,8500,263467,355000
905,463,433,727565,8535,263900,364400
906,461,466,727099,8535,264366,361800
907,436,437,726661,8536,264803,376200
908,444,461,726226,8510,265264,388500
909,441,437,725773,8526,265701,361100
910,459,435,725326,8538,266136,361800
911,466,429,724851,8584,266565,350500
912,456,391,724398,8646,266956,369600
913,438,475,723953,8616,267431,351800
914,448,431,723494,8644,267862,360700
915,446,414,723077,8647,268276,359200
916,487,461,722580,8683,268737,359800
917,434,445,722149,8669,269182,351200
918,439,453,721693,8672,269635,390200
919,464,441,721250,8674,270076,360600
920,430,448,720801,8675,270524,370700
921,432,437,720374,8665,270961,359500
922,473,440,719909,8690,271401,375800
923,452,474,719461,8664,271875,428900
924,429,422,719022,8681,272297,393200
925,403,452,718620,8631,272749,370100
926,396,437,718224,8590,273186,347000
927,387,431,717825,8558,273617,385500
928,431,450,717409,8524,274067,394800
929,357,441,717043,8449,274508,396600
930,438,414,716618,8460,274922,390400
931,472,441,716132,8505,275363,355000
932,402,434,715726,8477,275797,385000
933,432,443,715316,8444,276240,409900
934,421,414,714878,8468,276654,362100
935,439,448,714440,8458,277102,365300
936,458,415,714000,8483,277517,360400
937,434,415,713556,8512,277932,366200
938,403,426,713140,8502,278358,349100
939,430,435,712713,8494,278793,379100
940,429,473,712289,8445,279266,344300
941,431,448,711863,8423,279714,364100
942,466,463,711385,8438,280177,393500
943,378,410,711014,8399,280587,357000
944,394,430,710623,8360,281017,349600
945,413,435,710199,8349,281452,342300
946,367,463,709837,8248,281915,382800
947,439,456,709400,8229,282371,337100
948,417,413,708989,8227,282784,355000
949,416,452,708577,8187,283236,368200
950,409,448,708152,8164,283684,368500
951,409,422,707746,8148,284106,365800
952,488,405,707266,8223,284511,347800
953,448,419,706824,8246,284930,357800
954,412,427,706388,8255,285357,510300
955,416,434,705976,8233,285791,353300
956,443,469,705548,8192,286260,367300
957,419,393,705130,8217,286653,368100
958,435,437,704693,8217,287090,339100
959,388,437,704302,8171,287527,358200
960,419,438,703884,8151,287965,364400
961,445,452,703446,8137,288417,402300
962,431,416,703011,8156,288833,400300
963,401,436,702605,8126,289269,396400
964,422,425,702181,8125,289694,385700
965,413,432,701766,8108,290126,357400
966,415,372,701351,8151,290498,363400
967,381,428,700969,8105,290926,354100
968,416,400,700549,8125,291326,339600
969,389,456,700159,8059,291782,365000
970,421,400,699756,8062,292182,372200
971,418,403,699335,8080,292585,372600
972,413,408,698924,8083,292993,375200
973,427,430,698510,8067,293423,365700
974,407,445,698075,8057,293868,332700
975,437,404,697639,8089,294272,351900
976,410,436,697234,8058,294708,369900
977,388,427,696858,8007,295135,388600
978,404,417,696447,8001,295552,368300
979,419,431,696016,8001,295983,356500
980,423,375,695600,8042,296358,368500
981,428,428,695180,8034,296786,364600
982,403,382,694777,8055,297168,341900
983,416,395,694360,8077,297563,404400
984,431,390,693924,8123,297953,375300
985,434,426,693507,8114,298379,357800
986,450,432,693048,8141,298811,363000
987,460,435,692595,8159,299246,396300
988,484,438,692113,8203,299684,365100
989,440,449,691673,8194,300133,377300
990,456,458,691205,8204,300591,353700
991,452,410,690752,8247,301001,368800
992,458,413,690318,8268,301414,384500
993,464,430,689825,8331,301844,380900
994,442,423,689385,8348,302267,360100
995,503,447,688912,8374,302714,351400
996,418,456,688470,8360,303170,354500
997,458,418,688019,8393,303588,380100
998,457,428,687546,8438,304016,400700
999,445,401,687097,8486,304417,371900
1000,404,440,686705,8438,304857,348000
1001,455,432,686253,8458,305289,360100
1002,480,454,685768,8489,305743,403600
1003,418,452,685360,8445,306195,365400
1004,470,424,684892,8489,306619,350400
1005,473,422,684397,8562,307041,381700
1006,444,474,683963,8522,307515,365300
1007,453,455,683517,8513,307970,362000
1008,457,435,683060,8535,308405,506100
1009,440,428,682612,8555,308833,352900
1010,475,468,682127,8572,309301,355000
1011,426,422,681703,8574,309723,346300
1012,441,472,681271,8534,310195,357700
1013,448,426,680830,8549,310621,379200
1014,455,408,680366,8605,311029,377200
1015,449,446,679923,8602,311475,373600
1016,455,460,679453,8612,311935,383800
1017,448,445,679029,8591,312380,381900
1018,433,447,678578,8595,312827,409400
1019,460,419,678135,8619,313246,376700
1020,410,450,677723,8581,313696,363500
1021,408,426,677309,8569,314122,382200
1022,467,475,676838,8565,314597,357300
1023,416,450,676417,8536,315047,346600
1024,447,447,675979,8527,315494,362800
1025,506,444,675486,8576,315938,354800
1026,462,445,675005,8612,316383,359200
1027,473,447,674531,8639,316830,350000
1028,475,435,674056,8679,317265,357800
1029,458,467,673598,8670,317732,375300
1030,453,428,673153,8687,318160,365100
1031,448,427,672711,8702,318587,363200
1032,458,477,672254,8682,319064,356000
1033,438,468,671802,8666,319532,341100
1034,494,460,671319,8689,319992,372800
1035,485,432,670827,8749,320424,371800
1036,418,435,670403,8738,320859,336600
1037,425,474,669979,8688,321333,331700
1038,427,472,669552,8643,321805,365000
1039,402,453,669154,8588,322258,358300
1040,474,477,668696,8569,322735,351000
1041,448,454,668236,8575,323189,356600
1042,426,447,667804,8560,323636,373000
1043,456,480,667341,8543,324116,405500
1044,394,455,666950,8479,324571,357100
1045,419,449,666527,8453,325020,344700
1046,391,445,666135,8400,325465,384700
1047,404,435,665734,8366,325900,352700
1048,384,441,665343,8316,326341,353800
1049,427,406,664926,8327,326747,305900
1050,409,406,664517,8330,327153,328800
1051,432,428,664096,8323,327581,367500
1052,475,439,663615,8365,328020,329700
1053,420,431,663191,8358,328451,345900
1054,449,451,662750,8348,328902,351900
1055,416,432,662321,8345,329334,335600
1056,424,437,661892,8337,329771,362600
1057,437,397,661467,8365,330168,449600
1058,429,439,661046,8347,330607,317000
1059,424,404,660608,8381,331011,318900
1060,438,434,660177,8378,331445,336000
1061,393,439,659777,8339,331884,342300
1062,420,447,659358,8311,332331,329600
1063,448,439,658918,8312,332770,326900
1064,464,410,658448,8372,333180,349800
1065,488,450,657961,8409,333630,337900
1066,444,425,657521,8424,334055,366800
1067,412,433,657114,8398,334488,337400
1068,439,406,656671,8435,334894,365400
1069,458,469,656211,8426,335363,335700
1070,449,420,655758,8459,335783,345700
1071,469,440,655301,8476,336223,346300
1072,462,443,654831,8503,336666,332900
1073,437,449,654391,8494,337115,417400
1074,502,479,653898,8508,337594,380200
1075,423,455,653460,8491,338049,365800
1076,464,438,653020,8493,338487,358300
1077,450,440,652554,8519,338927,356000
1078,460,412,652094,8567,339339,380300
1079,444,434,651656,8571,339773,364800
1080,444,397,651208,8622,340170,342000
1081,465,421,650748,8661,340591,340400
1082,448,408,650288,8713,340999,354300
1083,450,447,649850,8704,341446,360800
1084,408,466,649421,8667,341912,361400
1085,477,457,648968,8663,342369,331700
1086,467,459,648487,8685,342828,336300
1087,421,466,648077,8629,343294,334500
1088,434,442,647638,8626,343736,348900
1089,444,470,647184,8610,344206,365900
1090,445,440,646744,8610,344646,392600
1091,387,457,646359,8538,345103,372900
1092,427,459,645929,8509,345562,329200
1093,443,469,645497,8472,346031,344400
1094,419,433,645066,8470,346464,345400
1095,430,432,644636,8468,346896,339700
1096,450,454,644185,8465,347350,328400
1097,453,445,643735,8470,347795,344200
1098,432,451,643295,8459,348246,325200
1099,446,437,642857,8460,348683,322300
1100,436,448,642435,8434,349131,338600
1101,460,436,641964,8469,349567,349500
1102,404,442,641563,8428,350009,355000
1103,401,418,641150,8423,350427,334900
1104,440,443,640712,8418,350870,338400
1105,446,430,640266,8434,351300,315700
1106,402,449,639865,8386,351749,321700
1107,416,437,639466,8348,352186,331700
1108,462,430,638998,8386,352616,332400
1109,433,420,638551,8413,353036,337800
1110,490,454,638077,8433,353490,346200
1111,430,400,637648,8462,353890,353600
1112,454,434,637186,8490,354324,319400
1113,482,457,636705,8514,354781,355200
1114,413,419,636288,8512,355200,325800
1115,460,427,635833,8540,355627,331000
1116,465,432,635370,8571,356059,332200
1117,427,404,634936,8601,356463,357600
1118,471,454,634475,8608,356917,335300
1119,447,482,634021,8580,357399,336400
1120,436,422,633580,8599,357821,320400
1121,449,438,633141,8600,358259,346200
1122,414,414,632731,8596,358673,316100
1123,447,372,632285,8670,359045,338000
1124,443,452,631836,8667,359497,333200
1125,428,483,631399,8621,359980,344000
1126,458,438,630953,8629,360418,324800
1127,446,463,630510,8609,360881,334000
1128,470,443,630020,8656,361324,336900
1129,453,451,629580,8645,361775,337000
1130,427,422,629154,8649,362197,321400
1131,435,465,628709,8629,362662,334100
1132,442,451,628268,8619,363113,356600
1133,427,433,627850,8604,363546,324700
1134,410,460,627426,8568,364006,361800
1135,451,444,626989,8561,364450,338100
1136,439,471,626546,8533,364921,332100
1137,440,416,626116,8547,365337,352500
1138,426,415,625676,8572,365752,327900
1139,422,465,625249,8534,366217,340400
1140,394,445,624859,8479,366662,353800
1141,432,436,624437,8465,367098,366300
1142,407,427,624023,8452,367525,391700
1143,457,443,623585,8447,367968,355000
1144,439,439,623137,8456,368407,367400
1145,442,445,622692,8456,368852,352900
1146,471,415,622211,8522,369267,318100
1147,431,467,621783,8483,369734,336100
1148,442,448,621344,8474,370182,360400
1149,417,441,620928,8449,370623,369200
1150,424,419,620504,8454,371042,382200
1151,464,424,620037,8497,371466,345000
1152,447,431,619606,8497,371897,343000
1153,461,438,619134,8531,372335,366500
1154,432,389,618696,8580,372724,316000
1155,502,433,618199,8644,373157,354700
1156,443,427,617753,8663,373584,356300
1157,458,472,617307,8637,374056,362500
1158,478,443,616818,8683,374499,377200
1159,481,441,616334,8726,374940,406200
1160,445,447,615898,8715,375387,361200
1161,463,445,615421,8747,375832,371100
1162,487,448,614950,8770,376280,367200
1163,482,468,614478,8774,376748,324200
1164,447,433,614012,8807,377181,329000
1165,465,441,613547,8831,377622,330600
1166,389,436,613147,8795,378058,349100
1167,398,429,612762,8751,378487,350200
1168,458,485,612301,8727,378972,357600
1169,472,450,611840,8738,379422,398500
1170,473,438,611352,8788,379860,404800
1171,461,440,610886,8814,380300,384700
1172,467,457,610439,8804,380757,384600
1173,449,448,609982,8813,381205,391700
1174,474,396,609513,8886,381601,357800
1175,483,448,609028,8923,382049,364100
1176,486,510,608551,8890,382559,376300
1177,460,459,608079,8903,383018,366800
1178,425,473,607648,8861,383491,342800
1179,455,473,607204,8832,383964,319000
1180,462,419,606737,8880,384383,339800
1181,470,467,606272,8878,384850,341600
1182,457,487,605799,8864,385337,339400
1183,460,432,605349,8882,385769,422500
1184,493,437,604868,8926,386206,338600
1185,512,468,604361,8965,386674,346100
1186,499,468,603859,8999,387142,339200
1187,504,464,603347,9047,387606,326500
1188,485,436,602850,9108,388042,334400
1189,447,493,602399,9066,388535,346700
1190,431,462,601977,9026,388997,354200
1191,476,485,601504,9014,389482,352800
1192,462,503,601042,8973,389985,388300
1193,444,438,600597,8980,390423,364100
1194,435,477,600159,8941,390900,358000
1195,478,446,599684,8970,391346,380700
1196,421,461,599264,8929,391807,355200
1197,407,420,598854,8919,392227,385100
1198,411,479,598424,8870,392706,353000
1199,470,443,597973,8878,393149,392800
1200,426,442,597546,8863,393591,357500
1201,452,456,597094,8859,394047,351900
1202,450,464,596650,8839,394511,355300
1203,396,444,596228,8817,394955,358100
1204,408,457,595826,8762,395412,367000
1205,426,473,595402,8713,395885,339000
1206,381,437,595022,8656,396322,369100
1207,434,466,594587,8625,396788,346800
1208,457,467,594136,8609,397255,343500
1209,433,435,593715,8595,397690,339300
1210,437,400,593271,8639,398090,340400
1211,476,435,592806,8669,398525,354600
1212,472,484,592326,8665,399009,359000
1213,432,446,591895,8650,399455,361500
1214,431,462,591470,8613,399917,357700
1215,440,436,591023,8624,400353,351200
1216,415,418,590602,8627,400771,373300
1217,442,443,590168,8618,401214,407900
1218,465,475,589706,8605,401689,417200
1219,474,438,589228,8645,402127,359200
1220,485,422,588755,8696,402549,335800
1221,488,440,588263,8748,402989,354100
1222,457,445,587788,8778,403434,397500
1223,490,437,587304,8825,403871,368800
1224,433,428,586877,8824,404299,380600
1225,467,484,586404,8813,404783,343100
1226,474,472,585946,8799,405255,356800
1227,466,438,585473,8834,405693,386500
1228,445,487,585005,8815,406180,358100
1229,431,454,584589,8777,406634,365800
1230,479,472,584116,8778,407106,349900
1231,419,454,583697,8743,407560,361700
1232,433,495,583264,8681,408055,354200
1233,462,433,582800,8712,408488,368800
1234,440,423,582374,8715,408911,360800
1235,433,470,581917,8702,409381,356400
1236,432,395,581489,8735,409776,371400
1237,421,468,581063,8693,410244,357500
1238,450,427,580619,8710,410671,370600
1239,441,461,580190,8678,411132,330500
1240,436,469,579745,8654,411601,349000
1241,426,427,579321,8651,412028,354300
1242,421,445,578893,8634,412473,368200
1243,427,404,578485,8638,412877,330400
1244,430,432,578047,8644,413309,340400
1245,445,480,577586,8625,413789,335300
1246,431,439,577153,8619,414228,336300
1247,462,462,576703,8607,414690,348300
1248,412,453,576289,8568,415143,368100
1249,450,439,575834,8584,415582,352700
1250,445,418,575398,8602,416000,353200
1251,414,432,574983,8585,416432,348400
1252,485,441,574503,8624,416873,371000
1253,491,483,574008,8636,417356,359900
1254,481,461,573536,8647,417817,341400
1255,412,446,573110,8627,418263,345100
1256,448,441,572660,8636,418704,350000
1257,468,417,572208,8671,419121,345600
1258,437,468,571757,8654,419589,349900
1259,499,478,571271,8662,420067,340800
1260,424,458,570832,8643,420525,341300
1261,462,458,570370,8647,420983,412900
1262,463,419,569911,8687,421402,348400
1263,460,451,569468,8679,421853,399800
1264,454,440,569007,8700,422293,337500
1265,425,466,568582,8659,422759,371400
1266,431,439,568133,8669,423198,335200
1267,433,420,567691,8691,423618,378600
1268,484,450,567225,8707,424068,343900
1269,463,468,566758,8706,424536,338100
1270,472,436,566298,8730,424972,349700
1271,479,431,565806,8791,425403,351700
1272,464,458,565362,8777,425861,332500
1273,440,436,564897,8806,426297,367700
1274,499,452,564418,8833,426749,353600
1275,440,432,563968,8851,427181,340700
1276,464,472,563506,8841,427653,347000
1277,455,472,563050,8825,428125,334800
1278,472,441,562581,8853,428566,360700
1279,483,466,562103,8865,429032,327100
1280,461,474,561636,8858,429506,351200
1281,465,438,561161,8895,429944,330100
1282,410,485,560745,8826,430429,333600
1283,452,455,560306,8810,430884,310800
1284,457,425,559857,8834,431309,359200
1285,467,483,559376,8832,431792,347700
1286,459,465,558922,8821,432257,352600
1287,430,438,558491,8814,432695,339300
1288,443,433,558060,8812,433128,349400
1289,421,470,557623,8779,433598,337300
1290,424,449,557187,8766,434047,345000
1291,458,446,556739,8768,434493,346700
1292,434,407,556305,8795,434900,335700
1293,489,430,555811,8859,435330,358500
1294,512,481,555319,8870,435811,344800
1295,466,471,554850,8868,436282,355200
1296,444,441,554401,8876,436723,343200
1297,451,473,553947,8857,437196,365400
1298,422,464,553523,8817,437660,341500
1299,425,451,553109,8780,438111,343500
1300,439,421,552665,8803,438532,348900
1301,442,461,552222,8785,438993,345500
1302,424,444,551799,8764,439437,336900
1303,420,464,551383,8716,439901,356900
1304,417,433,550951,8715,440334,395400
1305,407,452,550549,8665,440786,373000
1306,455,427,550096,8691,441213,339200
1307,412,416,549688,8683,441629,348100
1308,429,447,549257,8667,442076,347700
1309,400,463,548858,8603,442539,366100
1310,421,446,548450,8565,442985,362300
1311,415,453,548023,8539,443438,353600
1312,395,395,547627,8540,443833,347100
1313,415,440,547209,8518,444273,354400
1314,459,435,546757,8535,444708,345700
1315,447,474,546321,8497,445182,340600
1316,451,403,545857,8558,445585,356200
1317,442,421,545414,8580,446006,357600
1318,497,456,544903,8635,446462,339600
1319,454,449,544461,8628,446911,348300
1320,494,440,543973,8676,447351,334700
1321,475,438,543495,8716,447789,347300
1322,470,459,543035,8717,448248,328300
1323,434,390,542591,8771,448638,351700
1324,479,428,542118,8816,449066,345500
1325,444,442,541670,8822,449508,345500
1326,454,455,541209,8828,449963,356400
1327,464,459,540747,8831,450422,354600
1328,448,447,540296,8835,450869,349400
1329,454,470,539845,8816,451339,338600
1330,459,449,539400,8812,451788,343500
1331,459,412,538932,8868,452200,345500
1332,501,468,538424,8908,452668,351300
1333,473,465,537953,8914,453133,387200
1334,439,469,537518,8880,453602,366300
1335,460,452,537061,8885,454054,358700
1336,479,449,536595,8902,454503,341900
1337,425,439,536145,8913,454942,369300
1338,495,456,535667,8935,455398,349700
1339,434,452,535225,8925,455850,330300
1340,428,430,534783,8937,456280,346400
1341,483,456,534320,8944,456736,338600
1342,472,480,533848,8936,457216,350300
1343,466,448,533385,8951,457664,356400
1344,456,486,532913,8937,458150,397800
1345,438,462,532489,8899,458612,355000
1346,429,464,532053,8871,459076,352000
1347,452,473,531598,8853,459549,383400
1348,460,445,531145,8861,459994,333400
1349,484,428,530652,8926,460422,376900
1350,422,427,530229,8922,460849,325000
1351,485,484,529752,8915,461333,344100
1352,464,455,529286,8926,461788,327900
1353,456,441,528829,8942,462229,344600
1354,478,465,528341,8965,462694,347000
1355,484,468,527882,8956,463162,354300
1356,429,459,527426,8953,463621,332900
1357,502,477,526944,8958,464098,362000
1358,452,445,526476,8981,464543,388300
1359,480,496,526005,8956,465039,402400
1360,479,495,525543,8923,465534,352600
1361,471,442,525055,8969,465976,352700
1362,473,475,524572,8977,466451,339400
1363,487,450,524101,8998,466901,337400
1364,427,450,523656,8993,467351,326000
1365,452,456,523224,8969,467807,369300
1366,462,437,522749,9007,468244,351300
1367,461,486,522305,8965,468730,333200
1368,497,460,521795,9015,469190,338400
1369,460,430,521332,9048,469620,343000
1370,450,488,520883,9009,470108,352600
1371,481,491,520392,9009,470599,347700
1372,526,507,519886,9008,471106,341100
1373,527,466,519371,9057,471572,367600
1374,481,447,518878,9103,472019,329200
1375,502,440,518377,9164,472459,336400
1376,487,468,517876,9197,472927,344000
1377,485,458,517407,9208,473385,345400
1378,461,466,516944,9205,473851,352900
1379,477,468,516464,9217,474319,384800
1380,425,447,516045,9189,474766,372300
1381,455,490,515574,9170,475256,456000
1382,506,492,515086,9166,475748,354800
1383,477,475,514598,9179,476223,339300
1384,482,427,514129,9221,476650,341600
1385,481,476,513648,9226,477126,323500
1386,541,469,513099,9306,477595,335200
1387,524,444,512586,9375,478039,334600
1388,500,492,512070,9399,478531,369500
1389,425,483,511639,9347,479014,342300
1390,483,447,511157,9382,479461,348200
1391,485,502,510689,9348,479963,344100
1392,452,487,510220,9330,480450,347600
1393,506,460,509717,9373,480910,376700
1394,483,468,509244,9378,481378,361700
1395,504,506,508738,9378,481884,352200
1396,490,441,508248,9427,482325,333700
1397,477,501,507769,9405,482826,364600
1398,501,516,507278,9380,483342,339300
1399,485,471,506788,9399,483813,323900
1400,458,544,506326,9317,484357,337000
1401,483,498,505840,9305,484855,327300
1402,484,469,505351,9325,485324,352400
1403,498,456,504868,9352,485780,361500
1404,472,475,504379,9366,486255,340300
1405,481,463,503906,9376,486718,339800
1406,492,528,503416,9338,487246,322300
1407,467,475,502944,9335,487721,338600
1408,502,515,502438,9326,488236,348600
1409,504,476,501948,9340,488712,346200
1410,483,486,501456,9346,489198,345600
1411,470,508,500994,9300,489706,331600
1412,459,503,500531,9260,490209,344000
1413,450,509,500071,9211,490718,342300
1414,515,513,499568,9201,491231,354500
1415,468,489,499101,9179,491720,345500
1416,439,502,498640,9138,492222,336200
1417,498,489,498151,9138,492711,330600
1418,512,443,497644,9202,493154,356400
1419,449,481,497188,9177,493635,405500
1420,478,490,496728,9147,494125,327000
1421,437,452,496285,9138,494577,345300
1422,473,493,495809,9121,495070,353800
1423,442,464,495362,9104,495534,330400
1424,446,413,494918,9135,495947,341500
1425,418,464,494490,9099,496411,347700
1426,425,478,494079,9032,496889,350400
1427,424,459,493653,8999,497348,345400
1428,469,429,493184,9039,497777,350900
1429,461,460,492720,9043,498237,327000
1430,486,472,492238,9053,498709,326600
1431,436,453,491784,9054,499162,353400
1432,487,478,491319,9041,499640,333500
1433,458,445,490869,9046,500085,342500
1434,459,467,490393,9055,500552,320500
1435,475,461,489921,9066,501013,359700
1436,421,470,489495,9022,501483,344600
1437,486,467,489014,9036,501950,345700
1438,474,474,488531,9045,502424,344400
1439,448,458,488081,9037,502882,346600
1440,477,464,487606,9048,503346,354900
1441,450,479,487166,9009,503825,356800
1442,475,464,486667,9044,504289,326400
1443,459,477,486225,9009,504766,335900
1444,468,436,485759,9039,505202,333200
1445,524,458,485250,9090,505660,333400
1446,493,427,484758,9155,506087,340900
1447,506,450,484234,9229,506537,354000
1448,519,443,483721,9299,506980,360800
1449,496,502,483226,9292,507482,336800
1450,492,475,482733,9310,507957,368700
1451,456,493,482275,9275,508450,360800
1452,482,504,481794,9252,508954,348000
1453,435,496,481370,9180,509450,337300
1454,474,485,480878,9187,509935,337400
1455,482,455,480401,9209,510390,384400
1456,460,490,479949,9171,510880,342200
1457,503,451,479444,9225,511331,359500
1458,432,466,479001,9202,511797,354800
1459,468,420,478542,9241,512217,340200
1460,433,486,478083,9214,512703,338700
1461,468,463,477636,9198,513166,352500
1462,471,456,477166,9212,513622,334900
1463,434,433,476718,9227,514055,340800
1464,485,489,476243,9213,514544,376200
1465,441,454,475802,9200,514998,371300
1466,447,474,475358,9170,515472,347800
1467,534,470,474839,9219,515942,343100
1468,444,485,474390,9183,516427,359500
1469,481,436,473909,9228,516863,328300
1470,443,478,473463,9196,517341,336600
1471,467,478,473005,9176,517819,321300
1472,530,479,472474,9228,518298,354700
1473,436,502,472027,9173,518800,340400
1474,464,449,471557,9194,519249,341400
1475,436,454,471121,9176,519703,342000
1476,459,465,470670,9162,520168,376600
1477,454,481,470216,9135,520649,363600
1478,460,486,469759,9106,521135,391100
1479,468,487,469294,9084,521622,445000
1480,449,459,468837,9082,522081,425500
1481,487,496,468342,9081,522577,384500
1482,474,479,467887,9057,523056,361000
1483,481,453,467400,9091,523509,370800
1484,473,471,466927,9093,523980,344900
1485,448,459,466463,9098,524439,351300
1486,444,448,466018,9095,524887,366900
1487,499,427,465527,9159,525314,342500
1488,419,459,465107,9120,525773,367000
1489,442,442,464664,9121,526215,376400
1490,431,488,464243,9054,526703,387500
1491,435,516,463800,8981,527219,416500
1492,481,449,463317,9015,527668,384700
1493,453,454,462868,9010,528122,351000
1494,482,503,462380,8995,528625,383300
1495,486,483,461902,8990,529108,358800
1496,452,478,461441,8973,529586,345800
1497,499,432,460960,9022,530018,355700
1498,506,473,460429,9080,530491,356800
1499,482,475,459961,9073,530966,377900
1500,487,483,459469,9082,531449,373400
1501,494,482,458981,9088,531931,359700
1502,457,444,458523,9102,532375,378400
1503,488,464,458038,9123,532839,352300
1504,489,454,457550,9157,533293,326500
1505,461,462,457083,9162,533755,362800
1506,493,503,456588,9154,534258,386200
1507,464,481,456140,9121,534739,344600
1508,501,478,455623,9160,535217,354000
1509,474,444,455155,9184,535661,368000
1510,447,446,454702,9191,536107,359000
1511,533,484,454172,9237,536591,367400
1512,465,462,453701,9246,537053,365700
1513,468,490,453247,9210,537543,396100
1514,488,511,452754,9192,538054,361300
1515,464,464,452290,9192,538518,368100
1516,471,466,451805,9211,538984,362400
1517,467,514,451353,9149,539498,369000
1518,478,468,450888,9146,539966,371700
1519,480,458,450397,9179,540424,395800
1520,526,457,449883,9236,540881,391200
1521,489,451,449386,9282,541332,406800
1522,503,468,448888,9312,541800,437300
1523,486,520,448389,9291,542320,363500
1524,529,442,447865,9373,542762,365200
1525,470,456,447377,9405,543218,352800
1526,486,518,446909,9355,543736,367100
1527,492,491,446425,9348,544227,364000
1528,501,481,445914,9378,544708,352700
1529,433,490,445476,9326,545198,354300
1530,456,494,445013,9295,545692,421000
1531,464,512,444563,9233,546204,439500
1532,449,480,444104,9212,546684,419700
1533,447,432,443661,9223,547116,374500
1534,449,490,443205,9189,547606,368800
1535,461,488,442751,9155,548094,370800
1536,470,461,442288,9157,548555,374700
1537,443,466,441835,9144,549021,365800
1538,465,460,441373,9146,549481,382600
1539,457,479,440912,9128,549960,348600
1540,466,462,440466,9112,550422,352900
1541,497,445,439948,9185,550867,381100
1542,460,474,439494,9165,551341,366800
1543,485,455,439001,9203,551796,379800
1544,510,467,438507,9230,552263,364800
1545,483,472,438027,9238,552735,358400
1546,501,510,437506,9249,553245,345500
1547,486,496,437027,9232,553741,336800
1548,504,550,436529,9180,554291,364500
1549,446,472,436070,9167,554763,322200
1550,457,474,435617,9146,555237,342300
1551,473,465,435140,9158,555702,352700
1552,492,441,434655,9202,556143,349600
1553,516,476,434147,9234,556619,353700
1554,496,462,433652,9267,557081,405100
1555,478,469,433170,9280,557550,343000
1556,492,479,432674,9297,558029,343600
1557,514,534,432169,9268,558563,346100
1558,501,460,431662,9315,559023,337300
1559,472,510,431184,9283,559533,409800
1560,447,470,430742,9255,560003,391800
1561,469,508,430275,9214,560511,354400
1562,480,464,429787,9238,560975,397900
1563,538,465,429259,9301,561440,343200
1564,481,481,428768,9311,561921,426000
1565,455,478,428315,9286,562399,490500
1566,517,459,427805,9337,562858,370700
1567,512,490,427292,9360,563348,376900
1568,472,481,426810,9361,563829,364500
1569,472,494,426341,9336,564323,345700
1570,518,458,425824,9395,564781,355800
1571,526,510,425305,9404,565291,369900
1572,484,505,424813,9391,565796,362100
1573,478,501,424342,9361,566297,360400
1574,457,454,423874,9375,566751,342900
1575,442,444,423450,9355,567195,360500
1576,468,475,422985,9345,567670,356100
1577,498,501,422464,9365,568171,347700
1578,472,443,422010,9376,568614,372300
1579,471,489,421537,9360,569103,352000
1580,515,485,421018,9394,569588,353800
1581,500,462,420518,9432,570050,369100
1582,477,475,420040,9435,570525,365900
1583,500,515,419551,9409,571040,371700
1584,487,489,419058,9413,571529,376800
1585,436,469,418622,9380,571998,357000
1586,516,506,418108,9388,572504,384000
1587,518,468,417590,9438,572972,361000
1588,474,485,417113,9430,573457,362000
1589,484,521,416630,9392,573978,381300
1590,453,434,416174,9414,574412,384300
1591,491,496,415693,9399,574908,363000
1592,468,516,415205,9371,575424,371500
1593,498,481,414715,9380,575905,400300
1594,464,454,414243,9398,576359,380600
1595,490,460,413758,9423,576819,394400
1596,501,505,413264,9412,577324,374900
1597,477,458,412789,9429,577782,383500
1598,477,447,412299,9472,578229,368600
1599,497,491,411804,9476,578720,398400
1600,516,479,411297,9504,579199,420700
1601,529,509,410776,9516,579708,435000
1602,512,465,410250,9577,580173,406300
1603,515,470,409729,9628,580643,394300
1604,512,488,409235,9634,581131,445600
1605,479,513,408748,9608,581644,375800
1606,507,487,408236,9633,582131,387700
1607,508,470,407718,9681,582601,393800
1608,481,535,407251,9613,583136,399600
1609,558,477,406698,9689,583613,368500
1610,496,496,406197,9694,584109,352300
1611,489,512,405706,9673,584621,405400
1612,498,485,405212,9682,585106,519600
1613,510,488,404707,9699,585594,363300
1614,536,508,404154,9744,586102,364600
1615,514,550,403652,9696,586652,376600
1616,481,545,403175,9628,587197,375300
1617,470,471,402694,9638,587668,376100
1618,492,493,402198,9641,588161,350100
1619,513,466,401686,9687,588627,367400
1620,515,496,401185,9692,589123,365200
1621,471,548,400698,9631,589671,347100
1622,503,492,400207,9630,590163,369200
1623,513,484,399698,9655,590647,364900
1624,508,499,399185,9669,591146,360300
1625,530,526,398653,9675,591672,362100
1626,533,476,398110,9742,592148,375300
1627,553,502,397564,9786,592650,383700
1628,524,518,397042,9790,593168,407200
1629,506,481,396530,9821,593649,367600
1630,475,496,396062,9793,594145,338100
1631,496,521,395575,9759,594666,354900
1632,526,494,395062,9778,595160,352000
1633,480,493,394546,9801,595653,359200
1634,549,503,394022,9822,596156,355000
1635,503,485,393516,9843,596641,358600
1636,511,521,393005,9833,597162,343700
1637,482,507,392512,9819,597669,334500
1638,484,506,392040,9785,598175,357700
1639,525,514,391504,9807,598689,351000
1640,548,501,390976,9834,599190,373700
1641,489,496,390473,9841,599686,418900
1642,511,523,389966,9825,600209,387500
1643,487,494,389473,9824,600703,423300
1644,468,524,389005,9768,601227,388400
1645,495,510,388502,9761,601737,395800
1646,497,508,388018,9737,602245,372300
1647,522,508,387499,9748,602753,379700
1648,512,528,386978,9741,603281,423700
1649,533,513,386450,9756,603794,401900
1650,500,486,385943,9777,604280,373600
1651,534,505,385408,9807,604785,366200
1652,500,471,384910,9834,605256,361400
1653,542,521,384369,9854,605777,396300
1654,552,510,383833,9880,606287,430000
1655,478,527,383334,9852,606814,449200
1656,483,508,382846,9832,607322,400000
1657,485,501,382362,9815,607823,379700
1658,528,521,381855,9801,608344,383800
1659,522,492,381327,9837,608836,415000
1660,512,494,380800,9870,609330,387600
1661,516,504,380293,9873,609834,362600
1662,516,518,379783,9865,610352,374100
1663,519,557,379263,9828,610909,417500
1664,524,527,378734,9830,611436,420500
1665,490,496,378242,9826,611932,398900
1666,506,518,377732,9818,612450,479000
1667,537,503,377208,9839,612953,434500
1668,536,511,376674,9862,613464,413300
1669,534,532,376141,9863,613996,490600
1670,518,465,375616,9923,614461,400000
1671,521,477,375101,9961,614938,417000
1672,513,500,374584,9978,615438,414800
1673,541,520,374045,9997,615958,497500
1674,506,545,373527,9970,616503,451100
1675,505,479,373030,9988,616982,415400
1676,516,529,372523,9966,617511,520900
1677,484,481,372029,9979,617992,432000
1678,528,525,371497,9986,618517,354700
1679,479,519,371018,9946,619036,373400
1680,525,509,370502,9953,619545,373800
1681,555,524,369940,9991,620069,344500
1682,489,494,369431,10006,620563,513800
1683,493,496,368951,9990,621059,349600
1684,551,489,368410,10042,621548,396700
1685,494,520,367912,10020,622068,357100
1686,502,512,367419,10001,622580,374000
1687,482,522,366935,9963,623102,392200
1688,510,520,366412,9966,623622,361300
1689,546,513,365885,9980,624135,403000
1690,523,558,365364,9943,624693,399600
1691,497,555,364853,9899,625248,375100
1692,492,513,364355,9884,625761,355800
1693,517,514,363836,9889,626275,364800
1694,471,484,363375,9866,626759,354400
1695,545,518,362831,9892,627277,346900
1696,485,500,362340,9883,627777,359300
1697,481,494,361852,9877,628271,390300
1698,493,526,361372,9831,628797,347200
1699,493,505,360880,9818,629302,381300
1700,495,518,360380,9800,629820,356300
1701,479,501,359894,9785,630321,361400
1702,480,508,359421,9750,630829,341700
1703,495,509,358924,9738,631338,345800
1704,513,525,358419,9718,631863,363700
1705,482,496,357941,9700,632359,356800
1706,481,486,357444,9711,632845,343700
1707,479,512,356956,9687,633357,387700
1708,500,492,356486,9665,633849,352800
1709,462,498,356002,9651,634347,364000
1710,494,475,355514,9664,634822,363100
1711,478,488,355028,9662,635310,338600
1712,482,461,354555,9674,635771,392300
1713,485,497,354068,9664,636268,500600
1714,491,502,353580,9650,636770,514600
1715,479,462,353111,9657,637232,506000
1716,492,459,352640,9669,637691,566200
1717,519,524,352084,9701,638215,470100
1718,521,507,351571,9707,638722,853400
1719,522,488,351047,9743,639210,428700
1720,517,432,350532,9826,639642,407600
1721,507,499,350015,9844,640141,415500
1722,489,506,349530,9823,640647,384100
1723,534,488,349006,9859,641135,410300
1724,511,501,348485,9879,641636,392700
1725,484,561,347992,9811,642197,376900
1726,472,521,347549,9733,642718,431400
1727,502,496,347034,9752,643214,544900
1728,506,508,346533,9745,643722,389400
1729,513,470,346011,9797,644192,395300
1730,500,457,345513,9838,644649,405700
1731,503,478,345013,9860,645127,386900
1732,534,507,344480,9886,645634,397300
1733,520,513,343955,9898,646147,1022500
1734,555,512,343399,9942,646659,424200
1735,485,502,342917,9922,647161,380600
1736,492,504,342422,9913,647665,392600
1737,489,512,341939,9884,648177,393500
1738,527,523,341401,9899,648700,355200
1739,489,537,340907,9856,649237,374900
1740,523,471,340394,9898,649708,370500
1741,522,501,339880,9911,650209,348900
1742,528,527,339347,9917,650736,330000
1743,538,527,338813,9924,651263,351700
1744,490,486,338308,9943,651749,349800
1745,487,513,337827,9911,652262,355100
1746,557,511,337287,9940,652773,356500
1747,486,510,336787,9930,653283,334100
1748,497,483,336285,9949,653766,338900
1749,486,512,335802,9920,654278,349100
1750,503,527,335317,9878,654805,360600
1751,504,504,334795,9896,655309,349100
1752,527,526,334267,9898,655835,426800
1753,487,495,333789,9881,656330,443900
1754,540,499,333245,9926,656829,387900
1755,489,473,332753,9945,657302,361100
1756,534,533,332229,9936,657835,381200
1757,515,496,331690,9979,658331,376800
1758,477,529,331218,9922,658860,363400
1759,464,493,330762,9885,659353,353300
1760,470,501,330292,9854,659854,361100
1761,498,527,329795,9824,660381,352800
1762,476,489,329319,9811,660870,331000
1763,475,504,328833,9793,661374,408800
1764,468,485,328370,9771,661859,373500
1765,521,503,327852,9786,662362,426400
1766,497,557,327356,9725,662919,369600
1767,477,496,326882,9703,663415,385200
1768,526,518,326355,9712,663933,365300
1769,470,534,325880,9653,664467,352200
1770,464,506,325434,9593,664973,340500
1771,515,508,324899,9620,665481,372100
1772,483,462,324423,9634,665943,354400
1773,491,502,323928,9627,666445,336500
1774,469,522,323453,9580,666967,411700
1775,436,482,323017,9534,667449,368400
1776,491,499,322520,9532,667948,330900
1777,506,463,322026,9563,668411,335200
1778,430,499,321599,9491,668910,355900
1779,511,436,321087,9567,669346,363900
1780,465,511,320620,9523,669857,339600
1781,469,460,320143,9540,670317,374400
1782,440,499,319700,9484,670816,413400
1783,465,483,319258,9443,671299,439600
1784,494,482,318752,9467,671781,417100
1785,463,511,318299,9409,672292,379700
1786,466,494,317835,9379,672786,375900
1787,479,500,317340,9374,673286,425200
1788,409,471,316932,9311,673757,410100
1789,458,470,316488,9285,674227,405500
1790,471,491,316011,9271,674718,391800
1791,449,500,315550,9232,675218,413500
1792,442,479,315099,9204,675697,448500
1793,485,526,314638,9139,676223,418600
1794,466,476,314151,9150,676699,412700
1795,397,478,313756,9067,677177,446800
1796,459,458,313306,9059,677635,464400
1797,433,447,312864,9054,678082,390800
1798,460,503,312419,8996,678585,390800
1799,452,449,311956,9010,679034,408200
1800,464,427,311508,9031,679461,365300
1801,498,424,311000,9115,679885,361600
1802,485,482,310510,9123,680367,355900
1803,446,458,310073,9102,680825,342900
1804,461,476,309614,9085,681301,350100
1805,469,446,309127,9126,681747,342300
1806,427,451,308696,9106,682198,341000
1807,429,507,308287,9008,682705,353300
1808,445,457,307835,9003,683162,381900
1809,506,477,307330,9031,683639,344900
1810,469,446,306865,9050,684085,367800
1811,435,443,306434,9038,684528,339600
1812,487,425,305942,9105,684953,373500
1813,426,502,305518,9027,685455,348100
1814,473,460,305046,9039,685915,347200
1815,444,471,304606,9008,686386,347000
1816,464,446,304128,9040,686832,364800
1817,465,504,303659,9005,687336,346800
1818,478,489,303200,8975,687825,365400
1819,495,510,302699,8966,688335,381300
1820,479,479,302213,8973,688814,345100
1821,435,448,301788,8950,689262,341000
1822,425,447,301347,8944,689709,374200
1823,445,445,300930,8916,690154,414100
1824,434,484,300472,8890,690638,363900
1825,440,478,300049,8835,691116,361100
1826,449,484,299585,8815,691600,358400
1827,413,467,299184,8749,692067,359700
1828,442,432,298731,8770,692499,343900
1829,448,452,298280,8769,692951,362400
1830,454,451,297822,8776,693402,357500
1831,477,455,297359,8784,693857,344700
1832,478,421,296879,8843,694278,351300
1833,448,450,296437,8835,694728,344500
1834,489,455,295944,8873,695183,356600
1835,472,445,295475,8897,695628,376000
1836,485,469,294990,8913,696097,346200
1837,512,479,294481,8943,696576,351000
1838,431,472,294043,8909,697048,365700
1839,467,430,293568,8954,697478,343800
1840,449,445,293113,8964,697923,361300
1841,458,469,292670,8938,698392,349400
1842,468,470,292198,8940,698862,337500
1843,492,502,291707,8929,699364,354500
1844,468,421,291242,8973,699785,348100
1845,479,434,290758,9023,700219,329300
1846,456,459,290303,9019,700678,351600
1847,446,442,289856,9024,701120,336400
1848,503,460,289369,9051,701580,351100
1849,509,435,288860,9125,702015,329600
1850,539,505,288313,9167,702520,332400
1851,486,456,287837,9187,702976,356000
1852,458,481,287370,9173,703457,330400
1853,476,471,286893,9179,703928,337400
1854,495,501,286392,9179,704429,348800
1855,519,465,285878,9228,704894,351700
1856,476,466,285399,9241,705360,374100
1857,503,467,284895,9278,705827,350400
1858,525,460,284366,9347,706287,336600
1859,481,474,283892,9347,706761,378100
1860,489,442,283398,9399,707203,337400
1861,487,472,282915,9410,707675,351700
1862,462,460,282449,9416,708135,368100
1863,507,469,281949,9447,708604,347400
1864,516,507,281443,9446,709111,352900
1865,503,535,280929,9425,709646,365900
1866,466,495,280459,9400,710141,339000
1867,502,487,279944,9428,710628,356800
1868,438,463,279509,9400,711091,331100
1869,476,472,279043,9394,711563,388200
1870,472,473,278574,9390,712036,380100
1871,457,455,278119,9390,712491,383200
1872,471,473,277651,9385,712964,350900
1873,473,483,277176,9377,713447,373000
1874,489,470,276685,9398,713917,359400
1875,449,514,276236,9333,714431,354300
1876,469,518,275757,9294,714949,398600
1877,471,483,275290,9278,715432,367200
1878,486,478,274801,9289,715910,362900
1879,454,476,274343,9271,716386,346400
1880,473,495,273873,9246,716881,356500
1881,439,476,273428,9215,717357,370500
1882,422,487,273026,9130,717844,388200
1883,464,478,272561,9117,718322,380300
1884,449,500,272090,9088,718822,386500
1885,425,442,271663,9073,719264,352600
1886,418,503,271252,8981,719767,350900
1887,452,485,270806,8942,720252,356300
1888,426,444,270382,8922,720696,365300
1889,430,437,269935,8932,721133,338900
1890,430,487,269518,8862,721620,370100
1891,419,448,269087,8845,722068,327900
1892,414,466,268688,8778,722534,355500
1893,413,464,268271,8731,722998,345500
1894,400,442,267862,8698,723440,379400
1895,438,461,267458,8641,723901,382500
1896,415,401,267020,8678,724302,391700
1897,406,482,266612,8604,724784,355000
1898,438,427,266175,8614,725211,370600
1899,403,409,265766,8614,725620,343100
1900,415,479,265364,8537,726099,377600
1901,391,428,264963,8510,726527,375900
1902,443,417,264521,8535,726944,369000
1903,431,432,264085,8539,727376,371800
1904,436,453,263646,8525,727829,361900
1905,429,435,263231,8505,728264,369700
1906,428,462,262799,8475,728726,361600
1907,398,419,262391,8464,729145,371000
1908,430,466,261980,8409,729611,360700
1909,430,412,261546,8431,730023,383200
1910,430,457,261118,8402,730480,392000
1911,421,460,260687,8373,730940,382500
1912,394,415,260284,8361,731355,377000
1913,421,470,259875,8300,731825,345000
1914,399,438,259464,8273,732263,351800
1915,382,426,259084,8227,732689,391400
1916,404,439,258690,8182,733128,379700
1917,383,378,258297,8197,733506,386200
1918,412,414,257901,8179,733920,354900
1919,411,411,257481,8188,734331,420200
1920,410,422,257079,8168,734753,423300
1921,408,406,256661,8180,735159,328100
1922,394,409,256278,8154,735568,414200
1923,405,416,255866,8150,735984,366800
1924,407,440,255476,8100,736424,354400
1925,396,422,255060,8094,736846,354800
1926,384,387,254674,8093,737233,341000
1927,366,426,254316,8025,737659,386200
1928,356,424,253945,7972,738083,363500
1929,410,396,253543,7978,738479,425800
1930,376,409,253170,7942,738888,375500
1931,359,424,252806,7882,739312,381400
1932,390,383,252429,7876,739695,366100
1933,345,377,252082,7846,740072,391400
1934,386,386,251686,7856,740458,373000
1935,360,434,251320,7788,740892,436900
1936,374,420,250949,7739,741312,341500
1937,359,358,250589,7741,741670,354000
1938,367,405,250220,7705,742075,359000
1939,339,434,249888,7603,742509,346000
1940,334,390,249545,7556,742899,336300
1941,351,389,249195,7517,743288,350700
1942,369,414,248829,7469,743702,314200
1943,348,390,248469,7439,744092,366800
1944,351,382,248135,7391,744474,478300
1945,333,376,247797,7353,744850,356500
1946,332,372,247465,7313,745222,453100
1947,349,377,247124,7277,745599,365800
1948,356,395,246761,7245,745994,335100
1949,324,360,246422,7224,746354,370200
1950,321,344,246116,7186,746698,356300
1951,338,353,245779,7170,747051,325000
1952,334,343,245446,7160,747394,335300
1953,314,384,245133,7089,747778,325900
1954,328,335,244799,7088,748113,368800
1955,315,375,244490,7022,748488,338800
1956,372,369,244126,7017,748857,344100
1957,298,354,243816,6973,749211,346600
1958,342,361,243470,6958,749572,360700
1959,355,357,243126,6945,749929,341700
1960,346,376,242785,6910,750305,387400
1961,316,386,242448,6861,750691,376300
1962,362,346,242090,6873,751037,348800
1963,290,326,241798,6839,751363,345500
1964,334,336,241474,6827,751699,357100
1965,305,352,241161,6788,752051,330300
1966,343,362,240830,6757,752413,357000
1967,325,357,240510,6720,752770,345200
1968,318,338,240180,6712,753108,369200
1969,330,319,239856,6717,753427,339200
1970,373,344,239483,6746,753771,339000
1971,321,339,239145,6745,754110,364200
1972,328,365,238829,6696,754475,347400
1973,352,332,238477,6716,754807,343300
1974,373,351,238101,6741,755158,342100
1975,369,297,237739,6806,755455,354300
1976,362,368,237384,6793,755823,352100
1977,360,344,237014,6819,756167,375800
1978,393,337,236628,6868,756504,354800
1979,347,378,236267,6851,756882,354800
1980,354,357,235917,6844,757239,365900
1981,346,342,235571,6848,757581,361300
1982,337,318,235234,6867,757899,363100
1983,360,317,234881,6903,758216,363800
1984,346,338,234527,6919,758554,372000
1985,407,348,234130,6968,758902,345800
1986,355,357,233781,6960,759259,364100
1987,364,389,233414,6938,759648,331700
1988,355,356,233047,6949,760004,383800
1989,352,358,232697,6941,760362,354000
1990,380,388,232318,6932,760750,439900
1991,349,361,231963,6926,761111,395700
1992,340,333,231624,6932,761444,408200
1993,405,375,231237,6944,761819,378100
1994,396,413,230828,6940,762232,387900
1995,373,351,230469,6948,762583,359100
1996,349,357,230096,6964,762940,360400
1997,380,343,229724,6993,763283,398500
1998,347,362,229368,6987,763645,413100
1999,372,371,229017,6967,764016,397300
2000,357,392,228649,6943,764408,392200
2001,381,357,228271,6964,764765,459800
2002,342,381,227922,6932,765146,437000
2003,327,357,227604,6893,765503,409600
2004,350,352,227244,6901,765855,441700
2005,346,342,226900,6903,766197,400600
2006,330,371,226575,6857,766568,423900
2007,390,381,226167,6884,766949,364100
2008,338,331,225849,6871,767280,400100
2009,373,361,225465,6894,767641,388100
2010,317,376,225158,6825,768017,350200
2011,338,392,224829,6762,768409,412500
2012,360,358,224451,6782,768767,375100
2013,323,351,224133,6749,769118,401400
2014,350,333,223785,6764,769451,393800
2015,350,349,223432,6768,769800,378600
2016,325,341,223106,6753,770141,376100
2017,352,365,222765,6729,770506,349300
2018,360,334,222396,6764,770840,353300
2019,346,348,222051,6761,771188,371100
2020,346,373,221698,6741,771561,363200
2021,332,339,221355,6745,771900,384300
2022,347,353,221019,6728,772253,381700
2023,368,359,220661,6727,772612,377800
2024,355,348,220302,6738,772960,372100
2025,354,350,219947,6743,773310,374900
2026,322,378,219616,6696,773688,357500
2027,339,328,219293,6691,774016,341300
2028,332,316,218956,6712,774332,341300
2029,330,378,218618,6672,774710,443000
2030,344,348,218294,6648,775058,374300
2031,329,337,217947,6658,775395,373900
2032,318,320,217629,6656,775715,445300
2033,343,355,217287,6643,776070,367200
2034,322,363,216961,6606,776433,372000
2035,334,337,216633,6597,776770,359300
2036,341,336,216289,6605,777106,424800
2037,291,319,215997,6578,777425,417700
2038,338,354,215671,6550,777779,367000
2039,352,317,215309,6595,778096,368000
2040,310,356,214999,6549,778452,389900
2041,314,317,214689,6542,778769,402900
2042,305,318,214389,6524,779087,485200
2043,324,335,214066,6512,779422,384400
2044,356,349,213706,6523,779771,405900
2045,343,344,213354,6531,780115,425600
2046,310,359,213055,6471,780474,423400
2047,341,307,212714,6505,780781,372900
2048,332,334,212378,6507,781115,389900
2049,334,357,212051,6477,781472,404300
2050,348,356,211693,6479,781828,410600
2051,342,350,211346,6476,782178,380700
2052,335,352,211026,6444,782530,404000
2053,309,313,210710,6447,782843,393400
2054,317,322,210399,6436,783165,416600
2055,314,353,210082,6400,783518,420300
2056,316,348,209767,6367,783866,445300
2057,320,338,209433,6363,784204,392100
2058,353,333,209093,6370,784537,374100
2059,303,319,208792,6352,784856,389500
2060,324,349,208449,6346,785205,386600
2061,339,332,208113,6350,785537,398600
2062,324,325,207791,6347,785862,405900
2063,299,359,207485,6294,786221,414700
2064,302,334,207197,6248,786555,412000
2065,303,319,206906,6220,786874,400000
2066,300,331,206592,6203,787205,413100
2067,303,343,206288,6164,787548,402800
2068,330,315,205962,6175,787863,367600
2069,339,321,205624,6192,788184,407800
2070,311,313,205313,6190,788497,365300
2071,318,319,204987,6197,788816,385600
2072,307,324,204684,6176,789140,394100
2073,300,270,204384,6206,789410,351000
2074,320,302,204057,6231,789712,371900
2075,289,323,203779,6186,790035,389000
2076,324,319,203446,6200,790354,381400
2077,321,325,203139,6182,790679,378700
2078,293,305,202829,6187,790984,389600
2079,328,318,202515,6183,791302,383300
2080,339,297,202167,6234,791599,394600
2081,301,324,201870,6207,791923,492000
2082,285,314,201589,6174,792237,452100
2083,301,324,201281,6158,792561,494700
2084,305,313,200986,6140,792874,491900
2085,310,308,200664,6154,793182,436300
2086,330,314,200332,6172,793496,437500
2087,314,348,200026,6130,793844,435700
2088,288,309,199730,6117,794153,449000
2089,348,329,199403,6115,794482,420100
2090,320,325,199082,6111,794807,442200
2091,314,311,198759,6123,795118,415000
2092,327,338,198429,6115,795456,417800
2093,277,305,198148,6091,795761,425100
2094,312,326,197836,6077,796087,400400
2095,322,313,197518,6082,796400,401100
2096,360,315,197169,6116,796715,394900
2097,289,325,196867,6093,797040,451400
2098,354,303,196521,6136,797343,450700
2099,345,307,196179,6171,797650,439200
2100,317,304,195853,6193,797954,465100
2101,317,310,195539,6197,798264,465600
2102,303,329,195222,6185,798593,460800
2103,287,310,194941,6156,798903,447200
2104,344,314,194603,6180,799217,449700
2105,313,306,194297,6180,799523,431500
2106,305,291,193980,6206,799814,440400
2107,351,326,193645,6215,800140,420000
2108,360,310,193270,6280,800450,441300
2109,319,328,192950,6272,800778,437400
2110,329,304,192628,6290,801082,443200
2111,351,329,192275,6314,801411,446600
2112,293,345,191982,6262,801756,451800
2113,310,324,191667,6253,802080,448400
2114,310,287,191353,6280,802367,466100
2115,338,323,191028,6282,802690,540300
2116,293,325,190721,6264,803015,498300
2117,313,317,190413,6255,803332,483000
2118,353,319,190074,6275,803651,468800
2119,294,306,189758,6285,803957,541000
2120,339,299,189437,6307,804256,474700
2121,321,328,189100,6316,804584,503700
2122,282,336,188831,6249,804920,489100
2123,300,319,188527,6234,805239,483900
2124,302,333,188228,6200,805572,428100
2125,302,328,187931,6169,805900,479300
2126,288,360,187632,6108,806260,423600
2127,312,313,187323,6104,806573,437500
2128,304,319,187025,6083,806892,432500
2129,295,318,186718,6072,807210,423900
2130,306,307,186423,6060,807517,447900
2131,318,294,186087,6102,807811,394700
2132,303,318,185801,6070,808129,440800
2133,326,318,185470,6083,808447,397200
2134,302,314,185164,6075,808761,445900
2135,326,312,184849,6078,809073,422200
2136,260,324,184571,6032,809397,445100
2137,311,321,184278,6004,809718,434500
2138,317,320,183958,6004,810038,513200
2139,334,309,183626,6027,810347,482900
2140,325,304,183298,6051,810651,472100
2141,288,300,183011,6038,810951,468800
2142,265,323,182744,5982,811274,462300
2143,274,313,182466,5947,811587,541700
2144,329,329,182130,5954,811916,507300
2145,294,315,181839,5930,812231,472400
2146,313,324,181527,5918,812555,436900
2147,267,304,181265,5876,812859,434300
2148,301,297,180971,5873,813156,502100
2149,281,283,180688,5873,813439,510100
2150,308,298,180369,5894,813737,524000
2151,318,300,180052,5911,814037,489900
2152,294,319,179760,5884,814356,499800
2153,305,296,179465,5883,814652,449700
2154,318,282,179137,5929,814934,432300
2155,323,310,178823,5933,815244,477900
2156,290,290,178528,5938,815534,474000
2157,339,300,178198,5968,815834,463300
2158,330,296,177862,6008,816130,447800
2159,287,340,177568,5962,816470,454700
2160,299,301,177267,5962,816771,439600
2161,280,319,176994,5916,817090,452700
2162,327,306,176662,5942,817396,434000
2163,293,330,176379,5895,817726,416000
2164,290,304,176097,5873,818030,448600
2165,286,357,175790,5823,818387,443200
2166,280,324,175515,5774,818711,446100
2167,291,294,175219,5776,819005,408500
2168,296,283,174923,5789,819288,492700
2169,301,272,174625,5815,819560,496300
2170,257,305,174360,5775,819865,449400
2171,276,284,174096,5755,820149,406500
2172,263,298,173836,5717,820447,459100
2173,289,344,173542,5667,820791,446000
2174,274,261,173258,5690,821052,474200
2175,300,286,172971,5691,821338,455400
2176,272,278,172696,5688,821616,431600
2177,272,292,172430,5662,821908,456800
2178,262,291,172164,5637,822199,500900
2179,271,302,171886,5613,822501,494700
2180,298,300,171597,5602,822801,424500
2181,262,275,171332,5592,823076,417900
2182,319,284,171015,5625,823360,445300
2183,278,272,170734,5634,823632,483700
2184,267,298,170471,5599,823930,407500
2185,289,279,170178,5613,824209,487500
2186,286,268,169887,5636,824477,485700
2187,280,296,169608,5619,824773,477000
2188,306,307,169308,5612,825080,426200
2189,286,289,169019,5612,825369,431100
2190,288,279,168733,5619,825648,448600
2191,319,252,168420,5680,825900,445000
2192,305,293,168122,5685,826193,424900
2193,275,276,167830,5701,826469,409600
2194,301,284,167526,5721,826753,415600
2195,297,279,167234,5734,827032,439700
2196,301,325,166931,5712,827357,452900
2197,310,306,166632,5705,827663,487300
2198,268,262,166354,5721,827925,461600
2199,306,289,166043,5743,828214,494900
2200,275,279,165771,5736,828493,445800
2201,288,310,165484,5713,828803,473500
2202,291,308,165198,5691,829111,418200
2203,279,303,164923,5663,829414,447100
2204,290,271,164628,5687,829685,383300
2205,303,303,164318,5694,829988,459700
2206,355,292,163979,5741,830280,433400
2207,284,299,163678,5743,830579,439000
2208,271,254,163427,5740,830833,469600
2209,260,291,163152,5724,831124,481700
2210,324,280,162838,5758,831404,404500
2211,300,309,162541,5746,831713,423600
2212,303,295,162229,5763,832008,420800
2213,291,312,161932,5748,832320,425800
2214,299,282,161639,5759,832602,422200
2215,259,326,161377,5695,832928,421400
2216,281,273,161090,5709,833201,422200
2217,287,320,160804,5675,833521,391400
2218,313,300,160503,5676,833821,369400
2219,264,294,160224,5661,834115,376200
2220,303,291,159938,5656,834406,404400
2221,282,311,159645,5638,834717,441700
2222,269,296,159382,5605,835013,390900
2223,274,272,159101,5614,835285,405500
2224,304,284,158800,5631,835569,444100
2225,260,260,158522,5649,835829,390500
2226,285,314,158257,5600,836143,414900
2227,296,286,157970,5601,836429,406800
2228,288,271,157678,5622,836700,381500
2229,280,301,157394,5605,837001,426800
2230,247,268,157144,5587,837269,377900
2231,261,286,156882,5563,837555,430800
2232,281,332,156599,5514,837887,417500
2233,297,294,156309,5510,838181,400200
2234,305,295,156001,5523,838476,445600
2235,274,276,155722,5526,838752,469400
2236,300,289,155436,5523,839041,398600
2237,291,274,155148,5537,839315,389000
2238,285,275,154846,5564,839590,391700
2239,304,295,154552,5563,839885,385900
2240,295,293,154247,5575,840178,392500
2241,301,285,153954,5583,840463,386800
2242,261,282,153688,5567,840745,363300
2243,270,272,153417,5566,841017,370600
2244,285,255,153133,5595,841272,392400
2245,280,285,152855,5588,841557,439800
2246,274,289,152591,5563,841846,373000
2247,275,276,152303,5575,842122,381600
2248,270,290,152032,5556,842412,392000
2249,295,291,151746,5551,842703,334000
2250,246,283,151485,5529,842986,364300
2251,272,284,151220,5510,843270,381800
2252,250,274,150962,5494,843544,362600
2253,267,303,150695,5458,843847,369400
2254,280,280,150421,5452,844127,357400
2255,294,274,150139,5460,844401,357000
2256,283,266,149854,5479,844667,366600
2257,289,271,149562,5500,844938,337800
2258,302,313,149262,5487,845251,362600
2259,261,272,148994,5483,845523,376500
2260,238,304,148755,5418,845827,360400
2261,244,289,148519,5365,846116,380800
2262,279,285,148229,5370,846401,350000
2263,264,260,147974,5365,846661,353400
2264,265,270,147702,5367,846931,375500
2265,241,247,147459,5363,847178,466200
2266,271,273,147193,5356,847451,397800
2267,282,270,146917,5362,847721,378500
2268,289,298,146627,5354,848019,403700
2269,254,260,146367,5354,848279,387000
2270,263,265,146090,5366,848544,372400
2271,260,267,145853,5336,848811,364100
2272,292,275,145568,5346,849086,355700
2273,276,272,145278,5364,849358,387700
2274,296,268,144976,5398,849626,362200
2275,318,287,144669,5418,849913,361500
2276,271,268,144387,5432,850181,362100
2277,269,298,144125,5396,850479,343300
2278,265,258,143863,5400,850737,381200
2279,289,263,143565,5435,851000,345900
2280,293,257,143272,5471,851257,370100
2281,278,286,142996,5461,851543,364600
2282,319,284,142673,5500,851827,362100
2283,287,298,142399,5476,852125,381000
2284,310,289,142088,5498,852414,359900
2285,308,316,141780,5490,852730,406300
2286,285,274,141495,5501,853004,368200
2287,290,264,141203,5529,853268,364600
2288,250,308,140936,5488,853576,348200
2289,269,281,140684,5459,853857,382400
2290,273,271,140409,5463,854128,349800
2291,270,277,140129,5466,854405,353700
2292,287,270,139856,5469,854675,347900
2293,270,262,139583,5480,854937,432400
2294,246,274,139326,5463,855211,411900
2295,271,301,139068,5420,855512,371800
2296,259,286,138800,5402,855798,366500
2297,288,304,138512,5386,856102,387900
2298,250,284,138264,5350,856386,378200
2299,253,268,138016,5330,856654,388200
2300,269,270,137747,5329,856924,396600
2301,256,286,137493,5297,857210,378800
2302,295,247,137202,5341,857457,356800
2303,260,282,136938,5323,857739,375200
2304,263,298,136679,5284,858037,347100
2305,274,264,136393,5306,858301,337000
2306,259,296,136147,5256,858597,406400
2307,277,268,135864,5271,858865,362900
2308,274,276,135590,5269,859141,365900
2309,266,260,135320,5279,859401,354500
2310,259,277,135063,5259,859678,369100
2311,265,283,134798,5241,859961,363700
2312,254,293,134527,5219,860254,386100
2313,223,273,134312,5161,860527,402900
2314,259,258,134051,5164,860785,350400
2315,245,234,133816,5165,861019,372900
2316,250,256,133572,5153,861275,358400
2317,272,244,133302,5179,861519,354500
2318,265,296,133030,5155,861815,354100
2319,222,250,132800,5135,862065,343100
2320,280,246,132525,5164,862311,332600
2321,240,255,132274,5160,862566,359300
2322,276,294,132004,5136,862860,370300
2323,244,221,131777,5142,863081,355200
2324,279,298,131483,5138,863379,373800
2325,298,267,131193,5161,863646,418000
2326,309,304,130882,5168,863950,398500
2327,240,272,130636,5142,864222,376000
2328,260,266,130381,5131,864488,398200
2329,286,245,130088,5179,864733,368200
2330,296,282,129802,5183,865015,402600
2331,272,278,129531,5176,865293,392600
2332,298,265,129238,5204,865558,367400
2333,281,282,128943,5217,865840,379200
2334,286,263,128656,5241,866103,361900
2335,242,253,128411,5233,866356,413900
2336,253,276,128159,5209,866632,374100
2337,244,259,127926,5183,866891,383000
2338,289,264,127640,5205,867155,359100
2339,270,278,127361,5206,867433,340100
2340,249,224,127111,5232,867657,331800
2341,257,279,126850,5214,867936,359200
2342,271,273,126578,5213,868209,341800
2343,270,279,126317,5195,868488,336100
2344,283,283,126031,5198,868771,332500
2345,272,262,125765,5202,869033,344800
2346,277,268,125488,5211,869301,351300
2347,265,281,125217,5201,869582,358200
2348,264,245,124960,5213,869827,334100
2349,274,277,124687,5209,870104,344100
2350,242,250,124429,5217,870354,339300
2351,264,280,124182,5184,870634,340300
2352,264,256,123912,5198,870890,366900
2353,279,249,123624,5237,871139,355700
2354,262,281,123365,5215,871420,349300
2355,253,243,123111,5226,871663,366000
2356,290,289,122823,5225,871952,356000
2357,277,258,122550,5240,872210,361300
2358,273,260,122282,5248,872470,365400
2359,267,267,122006,5257,872737,330100
2360,259,275,121756,5232,873012,344300
2361,254,251,121496,5241,873263,335600
2362,258,264,121232,5241,873527,349600
2363,290,270,120941,5262,873797,363300
2364,279,285,120678,5240,874082,351600
2365,249,238,120419,5261,874320,347100
2366,297,287,120129,5264,874607,373200
2367,260,303,119868,5222,874910,370600
2368,271,276,119595,5219,875186,391100
2369,268,236,119319,5259,875422,381900
2370,286,273,119050,5255,875695,383500
2371,235,284,118796,5225,875979,357700
2372,261,265,118548,5208,876244,340000
2373,281,262,118257,5237,876506,378800
2374,261,273,118001,5220,876779,371400
2375,284,243,117728,5250,877022,327100
2376,285,260,117437,5281,877282,339200
2377,275,276,117158,5284,877558,377200
2378,243,265,116923,5254,877823,394900
2379,276,259,116632,5286,878082,372600
2380,304,274,116333,5311,878356,396900
2381,239,284,116089,5271,878640,349600
2382,252,272,115835,5253,878912,465100
2383,286,273,115564,5251,879185,370800
2384,249,254,115299,5262,879439,378300
2385,257,262,115048,5251,879701,378400
2386,261,286,114779,5234,879987,365700
2387,247,280,114535,5198,880267,348200
2388,275,252,114271,5210,880519,388900
2389,239,268,114039,5174,880787,378600
2390,249,253,113777,5183,881040,355500
2391,247,271,113527,5162,881311,362900
2392,236,285,113280,5124,881596,349600
2393,249,259,113053,5092,881855,356500
2394,206,265,112835,5045,882120,352200
2395,243,252,112601,5027,882372,359900
2396,250,247,112338,5043,882619,375800
2397,240,269,112111,5001,882888,435700
2398,251,260,111858,4994,883148,356900
2399,241,256,111615,4981,883404,376300
2400,262,272,111350,4974,883676,367600
2401,265,231,111084,5009,883907,385500
2402,241,239,110844,5010,884146,364600
2403,275,291,110571,4992,884437,309200
2404,266,249,110307,5007,884686,348500
2405,254,240,110047,5027,884926,344400
2406,268,290,109784,5000,885216,365700
2407,278,270,109502,5012,885486,366700
2408,267,275,109242,4997,885761,361800
2409,273,264,108973,5002,886025,368900
2410,263,248,108712,5015,886273,389300
2411,275,252,108438,5037,886525,391800
2412,272,280,108154,5041,886805,365500
2413,251,235,107906,5054,887040,379400
2414,233,243,107669,5048,887283,364300
2415,234,250,107440,5027,887533,367200
2416,250,266,107193,5008,887799,375400
2417,255,245,106936,5020,888044,429600
2418,239,270,106688,4998,888314,469300
2419,234,247,106465,4974,888561,438000
2420,276,223,106185,5031,888784,367100
2421,257,290,105927,4999,889074,363300
2422,261,257,105665,5004,889331,347300
2423,259,245,105402,5022,889576,364100
2424,283,262,105127,5035,889838,351500
2425,238,287,104889,4986,890125,353300
2426,236,273,104642,4960,890398,482100
2427,226,267,104420,4915,890665,350200
2428,239,250,104194,4891,890915,345500
2429,252,261,103931,4893,891176,372400
2430,237,267,103692,4865,891443,356800
2431,245,248,103452,4857,891691,339500
2432,223,231,103229,4849,891922,360400
2433,237,231,102986,4861,892153,403800
2434,236,247,102758,4842,892400,361500
2435,266,275,102484,4841,892675,345700
2436,233,247,102248,4830,892922,378600
2437,250,227,102003,4848,893149,366000
2438,264,233,101739,4879,893382,362100
2439,281,250,101460,4908,893632,364200
2440,259,231,101196,4941,893863,348000
2441,242,265,100965,4907,894128,527000
2442,273,235,100697,4940,894363,352400
2443,251,251,100437,4949,894614,340400
2444,253,262,100196,4928,894876,380400
2445,262,259,99916,4949,895135,370300
2446,244,245,99677,4943,895380,369500
2447,270,241,99407,4972,895621,371100
2448,275,260,99134,4985,895881,368300
2449,261,266,98863,4990,896147,367600
2450,231,269,98640,4944,896416,381300
2451,289,268,98348,4968,896684,335700
2452,266,271,98078,4967,896955,342700
2453,288,263,97797,4985,897218,303600
2454,272,230,97522,5030,897448,343700
2455,268,283,97255,5014,897731,360700
2456,251,274,97010,4985,898005,434000
2457,245,249,96757,4989,898254,386600
2458,267,255,96501,4990,898509,399000
2459,289,256,96209,5026,898765,368700
2460,238,275,95970,4990,899040,365300
2461,247,261,95726,4973,899301,355500
2462,245,247,95476,4976,899548,334600
2463,287,264,95189,4999,899812,353500
2464,257,251,94928,5009,900063,343300
2465,249,259,94677,5001,900322,349700
2466,243,263,94441,4974,900585,334200
2467,240,260,94196,4959,900845,360900
2468,230,254,93965,4936,901099,342800
2469,240,251,93727,4923,901350,337900
2470,263,273,93468,4909,901623,336800
2471,252,269,93217,4891,901892,486600
2472,251,235,92960,4913,902127,364100
2473,267,279,92698,4896,902406,385500
2474,239,284,92455,4855,902690,354000
2475,270,252,92189,4869,902942,359600
2476,247,282,91947,4829,903224,364900
2477,257,241,91680,4855,903465,381600
2478,311,246,91381,4908,903711,335900
2479,252,240,91118,4931,903951,347600
2480,267,263,90861,4925,904214,339600
2481,266,246,90591,4949,904460,386500
2482,260,242,90322,4976,904702,345400
2483,270,253,90052,4993,904955,336500
2484,294,260,89769,5016,905215,368600
2485,283,282,89488,5015,905497,349800
2486,277,248,89208,5047,905745,442500
2487,281,233,88923,5099,905978,349700
2488,239,282,88680,5060,906260,367300
2489,240,236,88445,5059,906496,330400
2490,286,270,88173,5061,906766,357100
2491,253,260,87909,5065,907026,347000
2492,272,251,87632,5091,907277,368100
2493,257,261,87385,5077,907538,342000
2494,250,290,87125,5047,907828,342300
2495,266,261,86857,5054,908089,360400
2496,256,249,86606,5056,908338,354500
2497,275,261,86328,5073,908599,353900
2498,287,277,86052,5072,908876,355400
2499,275,288,85764,5072,909164,321500
2500,253,283,85509,5044,909447,432400
2501,267,221,85251,5081,909668,409900
2502,277,281,84974,5077,909949,395300
2503,246,243,84729,5079,910192,344300
2504,235,262,84483,5063,910454,373400
2505,269,258,84229,5059,910712,346500
2506,257,262,83958,5068,910974,369700
2507,223,262,83736,5028,911236,358500
2508,273,281,83459,5024,911517,336300
2509,262,280,83206,4997,911797,349900
2510,265,257,82938,5008,912054,361600
2511,247,262,82700,4984,912316,370900
2512,247,282,82438,4964,912598,349200
2513,252,275,82192,4935,912873,366500
2514,255,264,81938,4925,913137,342500
2515,250,275,81689,4899,913412,348600
2516,248,266,81443,4879,913678,361500
2517,244,245,81199,4878,913923,354100
2518,261,239,80933,4905,914162,384900
2519,219,234,80713,4891,914396,348200
2520,251,296,80457,4851,914692,321500
2521,257,228,80205,4875,914920,357800
2522,230,273,79969,4838,915193,348400
2523,234,237,79751,4819,915430,353800
2524,276,259,79470,4841,915689,357400
2525,243,261,79226,4824,915950,326400
2526,265,244,78958,4848,916194,349600
2527,243,245,78714,4847,916439,358500
2528,226,265,78487,4809,916704,368400
2529,214,228,78274,4794,916932,353100
2530,204,226,78070,4772,917158,357200
2531,215,229,77848,4765,917387,350000
2532,213,231,77647,4735,917618,355400
2533,204,259,77443,4680,917877,356400
2534,214,239,77222,4662,918116,348900
2535,223,235,76999,4650,918351,358500
2536,242,231,76762,4656,918582,354200
2537,194,237,76567,4614,918819,347000
2538,231,219,76337,4625,919038,344800
2539,233,237,76102,4623,919275,332700
2540,229,217,75877,4631,919492,348800
2541,241,236,75629,4643,919728,357800
2542,234,246,75394,4632,919974,378300
2543,217,214,75175,4637,920188,363500
2544,262,235,74926,4651,920423,390500
2545,217,227,74693,4657,920650,372000
2546,241,211,74469,4670,920861,383700
2547,230,274,74222,4643,921135,427700
2548,235,225,73991,4649,921360,367300
2549,209,246,73786,4608,921606,358000
2550,231,229,73545,4620,921835,359500
2551,231,231,73318,4616,922066,355300
2552,205,266,73108,4560,922332,359500
2553,233,229,72887,4552,922561,344000
2554,207,224,72675,4540,922785,343400
2555,220,237,72458,4520,923022,361800
2556,205,226,72249,4503,923248,355300
2557,239,241,72009,4502,923489,350700
2558,221,231,71785,4495,923720,371700
2559,222,226,71573,4481,923946,376800
2560,213,224,71356,4474,924170,363000
2561,205,223,71154,4453,924393,345500
2562,197,225,70953,4429,924618,350200
2563,202,204,70756,4422,924822,339800
2564,229,246,70521,4411,925068,363900
2565,214,258,70306,4368,925326,364600
2566,198,231,70113,4330,925557,372200
2567,183,203,69924,4316,925760,349000
2568,203,227,69718,4295,925987,369900
2569,209,206,69517,4290,926193,364100
2570,208,257,69303,4247,926450,353700
2571,176,227,69132,4191,926677,348200
2572,195,211,68937,4175,926888,358200
2573,194,195,68745,4172,927083,342100
2574,215,198,68517,4202,927281,351100
2575,238,230,68295,4194,927511,343100
2576,211,187,68078,4224,927698,326300
2577,204,221,67861,4220,927919,367400
2578,204,233,67669,4179,928152,434000
2579,224,200,67452,4196,928352,382200
2580,219,206,67236,4206,928558,353800
2581,225,219,66999,4224,928777,360500
2582,194,199,66814,4210,928976,368400
2583,187,227,66620,4177,929203,369200
2584,217,229,66412,4156,929432,391600
2585,208,208,66204,4156,929640,348300
2586,206,212,65990,4158,929852,356300
2587,211,204,65775,4169,930056,333400
2588,169,188,65607,4149,930244,356700
2589,198,231,65410,4115,930475,361400
2590,186,200,65227,4098,930675,369300
2591,190,223,65035,4067,930898,349500
2592,220,207,64816,4079,931105,370800
2593,190,204,64620,4071,931309,338600
2594,195,225,64425,4041,931534,339500
2595,228,238,64206,4022,931772,367300
2596,221,236,63979,4013,932008,364500
2597,205,205,63772,4015,932213,349400
2598,201,203,63574,4010,932416,342100
2599,208,182,63366,4036,932598,341200
2600,198,197,63168,4037,932795,357100
2601,179,184,62987,4034,932979,339900
2602,203,202,62789,4030,933181,333200
2603,196,216,62587,4016,933397,401000
2604,183,227,62407,3969,933624,339000
2605,180,217,62225,3934,933841,352200
2606,200,193,62023,3943,934034,350700
2607,167,216,61856,3894,934250,322400
2608,189,197,61674,3879,934447,351900
2609,189,185,61488,3880,934632,364100
2610,180,217,61308,3843,934849,379100
2611,165,208,61140,3803,935057,329700
2612,171,199,60961,3783,935256,338500
2613,192,178,60766,3800,935434,369200
2614,165,176,60608,3782,935610,387900
2615,168,205,60436,3749,935815,352300
2616,167,173,60272,3740,935988,337200
2617,164,193,60115,3704,936181,336100
2618,171,191,59935,3693,936372,348100
2619,181,193,59763,3672,936565,353300
2620,157,186,59608,3641,936751,354000
2621,163,175,59429,3645,936926,354700
2622,170,201,59267,3606,937127,356900
2623,151,188,59115,3570,937315,339000
2624,146,197,58963,3525,937512,352600
2625,141,172,58817,3499,937684,345700
2626,170,160,58653,3503,937844,350200
2627,175,194,58477,3485,938038,428100
2628,143,175,58338,3449,938213,364700
2629,162,171,58170,3446,938384,371100
2630,154,167,58019,3430,938551,386600
2631,152,164,57876,3409,938715,340000
2632,159,187,57703,3395,938902,358900
2633,158,147,57557,3394,939049,348300
2634,171,167,57381,3403,939216,357500
2635,151,158,57230,3396,939374,367200
2636,151,161,57084,3381,939535,334900
2637,172,180,56909,3376,939715,337200
2638,171,167,56734,3384,939882,385500
2639,136,167,56594,3357,940049,342500
2640,132,161,56468,3322,940210,350700
2641,154,159,56313,3318,940369,354400
2642,143,157,56167,3307,940526,351700
2643,151,173,56025,3276,940699,336700
2644,147,165,55873,3263,940864,364800
2645,158,183,55715,3238,941047,342800
2646,156,170,55564,3219,941217,332000
2647,174,180,55390,3213,941397,334000
2648,153,173,55234,3196,941570,365900
2649,139,197,55095,3138,941767,343700
2650,145,162,54950,3121,941929,359400
2651,153,161,54803,3107,942090,357500
2652,171,151,54623,3136,942241,351300
2653,140,154,54486,3119,942395,344800
2654,160,158,54332,3115,942553,344000
2655,153,162,54173,3112,942715,331600
2656,153,163,54019,3103,942878,356600
2657,175,159,53846,3117,943037,376700
2658,173,140,53671,3152,943177,362500
2659,156,157,53522,3144,943334,334700
2660,143,164,53373,3129,943498,365300
2661,146,192,53232,3078,943690,373600
2662,157,149,53071,3090,943839,370400
2663,165,155,52904,3102,943994,363500
2664,155,157,52747,3102,944151,359700
2665,164,144,52586,3119,944295,354600
2666,157,156,52438,3111,944451,379600
2667,167,162,52260,3127,944613,342600
2668,143,135,52111,3141,944748,360700
2669,162,169,51958,3125,944917,345200
2670,164,160,51788,3135,945077,358400
2671,161,183,51638,3102,945260,363800
2672,145,157,51489,3094,945417,408300
2673,139,149,51349,3085,945566,384700
2674,166,161,51187,3086,945727,326800
2675,150,145,51031,3097,945872,345300
2676,156,167,50875,3086,946039,374300
2677,167,163,50705,3093,946202,358100
2678,148,169,50561,3068,946371,351300
2679,143,167,50424,3038,946538,346800
2680,165,165,50251,3046,946703,364500
2681,144,147,50112,3038,946850,388000
2682,147,154,49966,3030,947004,387100
2683,141,148,49817,3031,947152,359700
2684,129,167,49690,2991,947319,364600
2685,139,148,49546,2987,947467,386600
2686,162,164,49390,2979,947631,368700
2687,139,145,49253,2971,947776,348700
2688,162,163,49096,2965,947939,349000
2689,148,154,48940,2967,948093,331900
2690,123,164,48820,2923,948257,351700
2691,157,160,48660,2923,948417,330800
2692,115,165,48545,2873,948582,360200
2693,125,147,48418,2853,948729,363400
2694,116,173,48294,2804,948902,371400
2695,125,142,48180,2776,949044,364300
2696,123,139,48051,2766,949183,339000
2697,154,129,47908,2780,949312,366700
2698,111,168,47789,2731,949480,362600
2699,115,127,47671,2722,949607,331600
2700,112,139,47558,2696,949746,332400
2701,155,128,47410,2716,949874,334200
2702,118,124,47288,2714,949998,334800
2703,113,129,47180,2693,950127,323900
2704,133,136,47050,2687,950263,345700
2705,115,151,46921,2665,950414,358200
2706,107,126,46823,2637,950540,345700
2707,105,153,46713,2594,950693,338500
2708,108,106,46603,2598,950799,362800
2709,98,117,46510,2574,950916,341400
2710,124,139,46382,2563,951055,341500
2711,109,115,46275,2555,951170,367100
2712,119,125,46161,2544,951295,348900
2713,126,125,46037,2543,951420,352300
2714,110,139,45919,2522,951559,362200
2715,112,120,45808,2513,951679,336700
2716,108,157,45699,2465,951836,338200
2717,102,118,45602,2444,951954,330200
2718,125,129,45475,2442,952083,338500
2719,124,126,45350,2441,952209,306800
2720,97,128,45249,2414,952337,352600
2721,108,98,45144,2421,952435,354600
2722,110,127,45032,2406,952562,369800
2723,99,112,44934,2392,952674,338800
2724,110,118,44826,2382,952792,359000
2725,124,138,44703,2367,952930,347200
2726,103,127,44592,2351,953057,333200
2727,114,116,44483,2344,953173,336400
2728,120,107,44359,2361,953280,358400
2729,98,123,44266,2331,953403,336900
2730,118,116,44147,2334,953519,340800
2731,106,119,44037,2325,953638,335800
2732,116,139,43924,2299,953777,365900
2733,98,116,43827,2280,953893,354200
2734,122,127,43706,2274,954020,413900
2735,105,126,43599,2255,954146,331200
2736,105,116,43496,2242,954262,317400
2737,102,121,43389,2228,954383,342900
2738,91,109,43301,2207,954492,331800
2739,117,121,43180,2207,954613,359900
2740,99,129,43092,2166,954742,368100
2741,112,102,42974,2182,954844,350000
2742,105,108,42870,2178,954952,345900
2743,113,116,42757,2175,955068,355400
2744,120,113,42639,2180,955181,378800
2745,95,108,42540,2171,955289,381200
2746,116,121,42429,2161,955410,345200
2747,107,108,42320,2162,955518,341700
2748,104,125,42212,2145,955643,344600
2749,91,105,42118,2134,955748,373200
2750,116,98,42009,2145,955846,376200
2751,110,108,41899,2147,955954,358100
2752,108,112,41792,2142,956066,359800
2753,133,112,41664,2158,956178,374900
2754,130,136,41528,2158,956314,395700
2755,109,113,41416,2157,956427,355800
2756,127,108,41298,2167,956535,370000
2757,93,126,41196,2143,956661,349800
2758,117,111,41083,2145,956772,346900
2759,105,102,40973,2153,956874,374400
2760,100,124,40875,2127,956998,340200
2761,85,112,40787,2103,957110,346900
2762,111,129,40678,2083,957239,363100
2763,94,111,40584,2066,957350,370400
2764,96,119,40491,2040,957469,368000
2765,109,101,40377,2053,957570,346000
2766,111,106,40282,2042,957676,351800
2767,99,120,40174,2030,957796,368000
2768,111,104,40065,2035,957900,362600
2769,94,111,39963,2026,958011,364000
2770,98,100,39867,2022,958111,357000
2771,108,121,39764,2004,958232,330800
2772,103,114,39660,1994,958346,350300
2773,111,98,39544,2012,958444,346700
2774,116,102,39433,2021,958546,340900
2775,118,113,39314,2027,958659,332300
2776,115,98,39191,2052,958757,398400
2777,87,97,39112,2034,958854,362200
2778,107,116,39005,2025,958970,367900
2779,94,109,38902,2019,959079,327800
2780,103,107,38807,2007,959186,347400
2781,89,111,38719,1984,959297,363300
2782,98,95,38617,1991,959392,341300
2783,95,111,38521,1976,959503,353300
2784,101,116,38419,1962,959619,382400
2785,95,102,38323,1956,959721,356500
2786,78,93,38247,1939,959814,346000
2787,97,107,38144,1935,959921,327400
2788,112,89,38042,1948,960010,330400
2789,83,95,37958,1937,960105,339000
2790,92,102,37863,1930,960207,350600
2791,97,87,37764,1942,960294,340500
2792,104,81,37666,1959,960375,367200
2793,100,106,37563,1956,960481,332500
2794,86,92,37477,1950,960573,334000
2795,89,83,37385,1959,960656,325500
2796,112,108,37278,1958,960764,330100
2797,101,126,37176,1934,960890,345900
2798,106,95,37069,1946,960985,331400
2799,101,112,36966,1937,961097,342600
2800,107,101,36860,1942,961198,350900
2801,109,96,36750,1956,961294,390300
2802,100,92,36653,1961,961386,363500
2803,106,96,36545,1973,961482,354100
2804,99,104,36441,1973,961586,364800
2805,101,92,36352,1970,961678,374800
2806,124,90,36223,2009,961768,353700
2807,106,80,36121,2031,961848,351100
2808,100,110,36018,2024,961958,348600
2809,103,87,35913,2042,962045,321800
2810,97,107,35815,2033,962152,341200
2811,108,99,35714,2035,962251,306100
2812,119,103,35598,2048,962354,433000
2813,112,99,35480,2067,962453,531300
2814,85,91,35390,2066,962544,354300
2815,95,115,35296,2045,962659,356900
2816,91,105,35212,2024,962764,358900
2817,98,101,35104,2031,962865,346200
2818,86,95,35021,2019,962960,367100
2819,88,107,34931,2002,963067,336400
2820,104,100,34839,1994,963167,380500
2821,102,112,34727,1994,963279,376600
2822,95,89,34638,1994,963368,378200
2823,95,107,34538,1987,963475,346500
2824,90,111,34442,1972,963586,355400
2825,128,97,34333,1984,963683,368100
2826,96,100,34224,1993,963783,367600
2827,92,93,34135,1989,963876,363700
2828,96,109,34034,1981,963985,360100
2829,100,105,33941,1969,964090,380500
2830,108,81,33827,2002,964171,380600
2831,92,107,33736,1986,964278,348500
2832,112,108,33634,1980,964386,374800
2833,100,96,33525,1993,964482,413700
2834,106,103,33421,1994,964585,351200
2835,84,97,33334,1984,964682,333900
2836,97,108,33237,1973,964790,361700
2837,95,100,33139,1971,964890,346400
2838,98,106,33048,1956,964996,362700
2839,89,97,32954,1953,965093,350100
2840,102,107,32851,1949,965200,345700
2841,82,97,32773,1930,965297,322800
2842,94,107,32672,1924,965404,351600
2843,99,99,32579,1918,965503,339100
2844,100,108,32479,1910,965611,370500
2845,99,92,32377,1920,965703,362800
2846,99,97,32283,1917,965800,316100
2847,98,113,32180,1907,965913,333300
2848,96,82,32085,1920,965995,318200
2849,89,111,31998,1896,966106,343900
2850,79,103,31921,1870,966209,332600
2851,84,99,31835,1857,966308,331300
2852,95,97,31734,1861,966405,345900
2853,90,69,31652,1874,966474,347200
2854,101,94,31551,1881,966568,345200
2855,106,85,31442,1905,966653,339200
2856,99,93,31347,1907,966746,375000
2857,93,94,31250,1910,966840,327700
2858,107,101,31140,1919,966941,334600
2859,108,91,31035,1933,967032,337400
2860,95,109,30940,1919,967141,345100
2861,90,90,30848,1921,967231,326400
2862,99,94,30757,1918,967325,337400
2863,103,88,30644,1943,967413,309400
2864,95,99,30553,1935,967512,347700
2865,95,103,30455,1930,967615,343500
2866,86,109,30372,1904,967724,410100
2867,105,78,30268,1930,967802,427300
2868,82,78,30188,1932,967880,353200
2869,103,114,30081,1925,967994,346300
2870,105,95,29975,1936,968089,383600
2871,80,98,29899,1914,968187,367800
2872,113,101,29787,1925,968288,337500
2873,95,101,29688,1923,968389,375400
2874,115,91,29576,1944,968480,349800
2875,99,112,29475,1933,968592,356700
2876,113,91,29366,1951,968683,363300
2877,103,93,29259,1965,968776,352300
2878,108,106,29155,1963,968882,370400
2879,105,97,29055,1966,968979,371000
2880,105,100,28938,1983,969079,346500
2881,105,96,28848,1977,969175,347200
2882,95,106,28740,1979,969281,361200
2883,93,107,28657,1955,969388,375700
2884,96,114,28549,1949,969502,397300
2885,107,105,28448,1945,969607,343800
2886,109,100,28344,1949,969707,335300
2887,88,107,28245,1941,969814,364900
2888,103,103,28148,1935,969917,413600
2889,97,117,28050,1916,970034,383200
2890,86,99,27968,1899,970133,421400
2891,96,114,27863,1890,970247,342200
2892,86,95,27777,1881,970342,344600
2893,101,90,27686,1882,970432,382100
2894,83,89,27589,1890,970521,334600
2895,72,90,27521,1868,970611,353700
2896,94,97,27428,1864,970708,358700
2897,87,85,27341,1866,970793,371400
2898,79,88,27263,1856,970881,365100
2899,109,77,27158,1884,970958,360500
2900,95,88,27064,1890,971046,369200
2901,109,95,26957,1902,971141,364300
2902,99,95,26855,1909,971236,352600
2903,105,101,26745,1918,971337,370000
2904,95,109,26652,1902,971446,387300
2905,95,100,26556,1898,971546,336200
2906,97,104,26462,1888,971650,356400
2907,82,109,26380,1861,971759,352400
2908,86,91,26286,1864,971850,352200
2909,93,95,26206,1849,971945,394400
2910,94,98,26108,1849,972043,348500
2911,84,93,26019,1845,972136,347100
2912,96,80,25926,1858,972216,352400
2913,84,93,25836,1855,972309,352800
2914,94,88,25749,1854,972397,356200
2915,100,98,25645,1860,972495,389500
2916,80,89,25564,1852,972584,436500
2917,93,111,25475,1830,972695,374100
2918,73,100,25402,1803,972795,349400
2919,87,106,25319,1780,972901,386100
2920,82,89,25228,1782,972990,347700
2921,94,96,25137,1777,973086,318600
2922,87,93,25049,1772,973179,355600
2923,94,92,24955,1774,973271,364300
2924,75,97,24880,1752,973368,368600
2925,78,91,24800,1741,973459,333000
2926,92,104,24712,1725,973563,380100
2927,55,87,24650,1700,973650,403600
2928,71,80,24580,1690,973730,373500
2929,89,69,24500,1701,973799,348100
2930,64,85,24427,1689,973884,414700
2931,78,85,24353,1678,973969,348200
2932,58,94,24293,1644,974063,404500
2933,65,87,24229,1621,974150,382300
2934,70,83,24160,1607,974233,370100
2935,68,78,24088,1601,974311,393700
2936,61,86,24028,1575,974397,352200
2937,56,69,23974,1560,974466,432200
2938,71,78,23905,1551,974544,356400
2939,67,83,23837,1536,974627,389600
2940,71,84,23769,1520,974711,339800
2941,69,64,23697,1528,974775,340700
2942,71,81,23627,1517,974856,369900
2943,78,69,23547,1528,974925,354200
2944,61,83,23488,1504,975008,348300
2945,68,76,23415,1501,975084,374100
2946,63,78,23356,1482,975162,343400
2947,70,71,23284,1483,975233,384300
2948,76,90,23211,1466,975323,359700
2949,82,77,23125,1475,975400,406300
2950,63,67,23063,1470,975467,341300
2951,72,70,22991,1472,975537,353600
2952,73,68,22922,1473,975605,369600
2953,93,85,22831,1479,975690,345600
2954,67,74,22761,1475,975764,364700
2955,72,72,22684,1480,975836,363500
2956,78,78,22615,1471,975914,359800
2957,73,71,22533,1482,975985,375200
2958,90,89,22446,1480,976074,350300
2959,81,74,22365,1487,976148,393900
2960,90,70,22279,1503,976218,339400
2961,86,77,22190,1515,976295,336800
2962,86,66,22106,1533,976361,351100
2963,77,73,22029,1537,976434,370500
2964,78,84,21958,1524,976518,354700
2965,93,96,21858,1528,976614,340500
2966,72,78,21787,1521,976692,356100
2967,77,93,21708,1507,976785,376900
2968,84,66,21629,1520,976851,360800
2969,76,55,21552,1542,976906,362200
2970,97,98,21455,1541,977004,384000
2971,94,99,21358,1539,977103,373500
2972,86,83,21269,1545,977186,359800
2973,78,77,21196,1541,977263,351400
2974,77,75,21112,1550,977338,375800
2975,74,76,21039,1547,977414,347400
2976,66,93,20971,1522,977507,361800
2977,59,91,20916,1486,977598,361300
2978,78,72,20839,1491,977670,351900
2979,79,77,20759,1494,977747,331700
2980,85,72,20679,1502,977819,353100
2981,82,83,20597,1501,977902,360400
2982,66,48,20525,1525,977950,374200
2983,77,89,20453,1508,978039,353200
2984,70,84,20380,1497,978123,342100
2985,84,79,20293,1505,978202,358100
2986,77,83,20214,1501,978285,356300
2987,70,68,20145,1502,978353,352200
2988,67,98,20084,1465,978451,338800
2989,73,89,20011,1449,978540,354900
2990,70,79,19938,1443,978619,334700
2991,62,81,19879,1421,978700,352600
2992,61,84,19817,1399,978784,335800
2993,57,73,19759,1384,978857,384300
2994,71,61,19690,1392,978918,354700
2995,58,63,19630,1389,978981,352000
2996,69,72,19561,1386,979053,369300
2997,65,64,19497,1386,979117,360500
2998,73,76,19426,1381,979193,429000
2999,57,68,19365,1374,979261,355700
3000,63,83,19299,1357,979344,363200
3001,49,80,19248,1328,979424,11861300
3002,59,78,19190,1308,979502,819300
3003,63,60,19131,1307,979562,753400
3004,40,77,19087,1274,979639,665400
3005,51,65,19039,1257,979704,630700
3006,61,74,18982,1240,979778,649600
3007,57,75,18923,1224,979853,576700
3008,52,60,18864,1223,979913,515000
3009,43,70,18822,1195,979983,482200
3010,53,61,18775,1181,980044,439500
3011,46,67,18728,1161,980111,445000
3012,51,55,18677,1157,980166,476900
3013,36,51,18641,1142,980217,436200
3014,47,63,18591,1129,980280,410800
3015,47,57,18543,1120,980337,417900
3016,48,57,18496,1110,980394,417100
3017,50,55,18444,1107,980449,392800
3018,54,51,18393,1107,980500,391900
3019,37,65,18354,1081,980565,379100
3020,60,66,18293,1076,980631,392100
3021,40,54,18255,1060,980685,401900
3022,43,52,18211,1052,980737,355600
3023,38,63,18175,1025,980800,388500
3024,54,45,18123,1032,980845,388700
3025,35,62,18083,1010,980907,383600
3026,42,54,18044,995,980961,408800
3027,44,53,18003,983,981014,448600
3028,34,53,17963,970,981067,450100
3029,32,45,17932,956,981112,434100
3030,35,38,17896,954,981150,420100
3031,29,69,17869,912,981219,409500
3032,50,50,17818,913,981269,364100
3033,45,48,17781,902,981317,381300
3034,52,41,17724,918,981358,365100
3035,29,45,17693,904,981403,376800
3036,36,46,17655,896,981449,356300
3037,28,40,17627,884,981489,358900
3038,40,47,17588,876,981536,361000
3039,46,42,17543,879,981578,406800
3040,27,42,17512,868,981620,384100
3041,40,49,17478,853,981669,352500
3042,39,44,17437,850,981713,358700
3043,32,27,17400,860,981740,368800
3044,37,42,17369,849,981782,358900
3045,29,37,17339,842,981819,387900
3046,37,47,17301,833,981866,398500
3047,40,38,17261,835,981904,400800
3048,35,38,17224,834,981942,404100
3049,30,36,17196,826,981978,468100
3050,38,37,17156,829,982015,365500
3051,21,37,17136,812,982052,379100
3052,24,29,17111,808,982081,375300
3053,30,41,17082,796,982122,351000
3054,24,35,17057,786,982157,377200
3055,27,44,17029,770,982201,504300
3056,34,48,16997,754,982249,491800
3057,28,32,16972,747,982281,462300
3058,20,38,16948,733,982319,426500
3059,39,32,16912,737,982351,380200
3060,34,32,16882,735,982383,368000
3061,27,43,16849,725,982426,401800
3062,26,39,16827,708,982465,348700
3063,18,47,16804,684,982512,403000
3064,33,33,16772,683,982545,407100
3065,26,36,16748,671,982581,396700
3066,28,27,16717,675,982608,342800
3067,27,37,16691,664,982645,340400
3068,23,35,16667,653,982680,348800
3069,26,35,16643,642,982715,360700
3070,20,36,16622,627,982751,356800
3071,19,35,16603,611,982786,379000
3072,9,32,16591,591,982818,370700
3073,16,24,16577,581,982842,360200
3074,18,37,16558,563,982879,349100
3075,22,34,16535,552,982913,394300
3076,12,22,16524,541,982935,413800
3077,20,21,16504,540,982956,374600
3078,21,26,16486,532,982982,356800
3079,13,28,16471,519,983010,321400
3080,32,35,16442,513,983045,360200
3081,14,20,16424,511,983065,339400
3082,13,22,16412,501,983087,353100
3083,11,25,16401,487,983112,359300
3084,14,16,16385,487,983128,382900
3085,14,28,16374,470,983156,395500
3086,27,23,16346,475,983179,364800
3087,20,27,16326,468,983206,339200
3088,20,15,16307,472,983221,363900
3089,24,21,16283,475,983242,359600
3090,19,30,16264,464,983272,399800
3091,20,27,16243,458,983299,360500
3092,18,19,16225,457,983318,405900
3093,20,19,16205,458,983337,347000
3094,34,22,16172,469,983359,360900
3095,19,26,16153,462,983385,333200
3096,18,17,16133,465,983402,369700
3097,18,24,16117,457,983426,335000
3098,18,26,16096,452,983452,372200
3099,12,19,16086,443,983471,368200
3100,18,27,16067,435,983498,360500
3101,19,21,16047,434,983519,386600
3102,20,15,16030,436,983534,352600
3103,22,12,16009,445,983546,339400
3104,16,23,15990,441,983569,345600
3105,12,31,15980,420,983600,323800
3106,23,28,15957,415,983628,354300
3107,18,28,15937,407,983656,334300
3108,18,14,15920,410,983670,337200
3109,14,27,15907,396,983697,347200
3110,11,20,15896,387,983717,330800
3111,12,23,15882,378,983740,310100
3112,14,17,15869,374,983757,306700
3113,18,16,15851,376,983773,349800
3114,16,19,15836,372,983792,326300
3115,13,30,15821,357,983822,322500
3116,7,12,15815,351,983834,331800
3117,12,20,15803,343,983854,421000
3118,12,21,15789,336,983875,319400
3119,14,19,15776,330,983894,336700
3120,17,18,15762,326,983912,322300
3121,11,17,15748,323,983929,321000
3122,10,18,15739,314,983947,318600
3123,12,11,15727,315,983958,305600
3124,14,15,15713,314,983973,331700
3125,16,19,15698,310,983992,314000
3126,12,22,15685,301,984014,327500
3127,10,13,15675,298,984027,325100
3128,14,11,15660,302,984038,326500
3129,6,9,15653,300,984047,329800
3130,16,12,15638,303,984059,327100
3131,5,17,15632,292,984076,330800
3132,5,16,15628,280,984092,328600
3133,9,11,15619,278,984103,328100
3134,6,12,15613,272,984115,350100
3135,6,12,15608,265,984127,308800
3136,10,14,15598,261,984141,290800
3137,11,16,15586,257,984157,374100
3138,13,14,15574,255,984171,337600
3139,10,15,15564,250,984186,343400
3140,10,10,15552,252,984196,307500
3141,10,12,15542,250,984208,345200
3142,8,7,15535,250,984215,324800
3143,14,8,15521,256,984223,314400
3144,10,15,15510,252,984238,317700
3145,9,12,15503,247,984250,318600
3146,4,15,15497,238,984265,330700
3147,12,15,15487,233,984280,330300
3148,6,6,15479,235,984286,331700
3149,10,9,15470,235,984295,323900
3150,4,19,15466,220,984314,337800
3151,8,12,15460,214,984326,337900
3152,6,9,15453,212,984335,295200
3153,5,12,15446,207,984347,326200
3154,4,9,15442,202,984356,324900
3155,3,9,15439,196,984365,334200
3156,4,7,15436,192,984372,314800
3157,0,9,15435,184,984381,324700
3158,4,10,15431,178,984391,328800
3159,2,9,15430,170,984400,312000
3160,4,12,15425,163,984412,335300
3161,4,9,15422,157,984421,334400
3162,2,9,15419,151,984430,312100
3163,1,8,15418,144,984438,327900
3164,4,15,15415,132,984453,336400
3165,2,11,15412,124,984464,344100
3166,1,8,15411,117,984472,323800
3167,1,7,15410,111,984479,345100
3168,1,4,15409,108,984483,310700
3169,1,5,15408,104,984488,319400
3170,2,7,15406,99,984495,333000
3171,2,7,15404,94,984502,324300
3172,4,5,15401,92,984507,350200
3173,1,7,15399,87,984514,335700
3174,1,9,15398,79,984523,316800
3175,0,2,15398,77,984525,328700
3176,0,0,15398,77,984525,324500
3177,0,6,15398,71,984531,356000
3178,0,2,15398,69,984533,314200
3179,1,5,15398,64,984538,298400
3180,0,3,15397,62,984541,337000
3181,0,3,15397,59,984544,323300
3182,2,3,15396,57,984547,372200
3183,1,2,15394,57,984549,322200
3184,0,4,15394,53,984553,335500
3185,1,3,15393,51,984556,317100
3186,0,3,15393,48,984559,361200
3187,0,2,15393,46,984561,313000
3188,1,5,15392,42,984566,314300
3189,1,6,15392,36,984572,329700
3190,0,2,15391,35,984574,351100
3191,0,2,15391,33,984576,315700
3192,0,1,15391,32,984577,348700
3193,0,3,15391,29,984580,316900
3194,0,0,15391,29,984580,344400
3195,0,1,15391,28,984581,322500
3196,0,0,15391,28,984581,305500
3197,0,2,15391,26,984583,315000
3198,0,1,15391,25,984584,348900
3199,0,0,15391,25,984584,331500
3200,0,0,15391,25,984584,317500
3201,0,2,15391,23,984586,313300
3202,0,0,15391,23,984586,311100
3203,0,0,15391,23,984586,323200
3204,0,0,15391,23,984586,347000
3205,0,0,15391,23,984586,330700
3206,0,2,15391,21,984588,331300
3207,0,0,15391,21,984588,314400
3208,0,3,15391,18,984591,335300
3209,0,2,15391,16,984593,343800
3210,0,0,15391,16,984593,383100
3211,0,0,15391,16,984593,317600
3212,0,2,15391,14,984595,326600
3213,1,1,15390,14,984596,303100
3214,0,1,15390,13,984597,318400
3215,0,1,15390,12,984598,325900
3216,0,0,15390,12,984598,319400
3217,0,0,15390,12,984598,320100
3218,0,0,15390,12,984598,325100
3219,0,2,15390,10,984600,344700
3220,0,0,15390,10,984600,326000
3221,0,0,15390,10,984600,312100
3222,0,2,15390,8,984602,341100
3223,0,0,15390,8,984602,329800
3224,0,0,15390,8,984602,346800
3225,0,2,15390,6,984604,351200
3226,0,1,15390,5,984605,343200
3227,0,1,15390,4,984606,339600
3228,0,0,15390,4,984606,382400
3229,0,0,15390,4,984606,324900
3230,0,0,15390,4,984606,340800
3231,0,1,15390,3,984607,322400
3232,0,1,15390,2,984608,340700
3233,0,0,15390,2,984608,354100
3234,0,0,15390,2,984608,351000
3235,0,0,15390,2,984608,355400
3236,0,1,15390,1,984609,336900
3237,0,0,15390,1,984609,328800
3238,0,0,15390,1,984609,329100
3239,0,0,15390,1,984609,338100
3240,0,0,15390,1,984609,323300
3241,0,0,15390,1,984609,339500
3242,0,0,15390,1,984609,329200
3243,0,0,15390,1,984609,357900
3244,0,0,15390,1,984609,343200
3245,0,0,15390,1,984609,349700
3246,0,0,15390,1,984609,366200
3247,0,0,15390,1,984609,348400
3248,0,0,15390,1,984609,327900
3249,0,0,15390,1,984609,319600
3250,0,1,15390,0,984610,311600
