Tick,NewlyInfected,NewlyRecovered,TotalSusceptible,TotalInfected,TotalRecovered,StepTimeNanos
0,2,0,2249994,6,0,2870900
1,2,0,2249993,7,0,1456000
2,4,1,2249987,12,1,1504900
3,2,0,2249985,14,1,1391800
4,4,0,2249983,16,1,1352500
5,4,0,2249977,22,1,1278400
6,7,1,2249971,27,2,1255500
7,7,3,2249965,30,5,1318200
8,7,1,2249960,34,6,1276700
9,14,3,2249946,45,9,1227900
10,8,6,2249936,49,15,1346200
11,14,3,2249924,58,18,1382700
12,7,3,2249916,63,21,1331600
13,6,3,2249908,68,24,1292600
14,11,6,2249897,73,30,1541200
15,13,4,2249890,76,34,1492100
16,8,4,2249879,83,38,1598500
17,10,6,2249867,89,44,1450800
18,9,8,2249856,92,52,1437900
19,9,2,2249851,95,54,1579500
20,9,3,2249842,101,57,1518500
21,13,6,2249833,104,63,1766200
22,12,4,2249815,118,67,1558700
23,19,7,2249801,125,74,1477600
24,16,13,2249780,133,87,1403300
25,19,10,2249764,139,97,1554700
26,13,8,2249750,145,105,1393600
27,19,8,2249732,155,113,1478100
28,20,7,2249718,162,120,1295300
29,17,7,2249695,178,127,1284400
30,23,12,2249675,186,139,1306200
31,18,7,2249656,198,146,1348400
32,19,15,2249633,206,161,1483100
33,17,10,2249617,212,171,1393300
34,36,13,2249586,230,184,1342600
35,31,12,2249550,254,196,1304600
36,29,15,2249520,269,211,1275200
37,30,19,2249492,278,230,1326700
38,23,16,2249466,288,246,1335300
39,18,16,2249453,285,262,1340500
40,24,16,2249426,296,278,1288300
41,22,21,2249407,294,299,1310800
42,31,14,2249378,309,313,1324200
43,34,17,2249338,332,330,1364600
44,25,15,2249312,343,345,1302600
45,29,18,2249284,353,363,1649600
46,32,18,2249254,365,381,1273100
47,32,20,2249225,374,401,1255100
48,35,22,2249187,390,423,1315300
49,23,22,2249166,389,445,1367400
50,27,18,2249137,400,463,1278200
51,34,22,2249106,409,485,1306700
52,41,22,2249064,429,507,1218700
53,48,23,2249022,448,530,1244300
54,45,32,2248976,462,562,1324200
55,36,20,2248935,483,582,1335800
56,55,24,2248887,507,606,1380800
57,44,24,2248836,534,630,1249300
58,31,28,2248807,535,658,1478000
59,40,23,2248770,549,681,1356700
60,38,22,2248729,568,703,1254800
61,53,28,2248676,593,731,1218000
62,49,29,2248629,611,760,1495700
63,54,37,2248574,629,797,1490500
64,54,32,2248522,649,829,2348600
65,52,29,2248475,667,858,1706900
66,44,36,2248420,686,894,1636600
67,62,38,2248367,701,932,1555900
68,56,28,2248311,729,960,1396000
69,79,40,2248240,760,1000,1445400
70,63,44,2248172,784,1044,1430100
71,61,36,2248107,813,1080,1368900
72,45,50,2248057,813,1130,1312500
73,58,33,2247999,838,1163,1274600
74,56,51,2247949,837,1214,1337200
75,55,43,2247888,855,1257,1227200
76,67,46,2247828,869,1303,1317300
77,56,41,2247769,887,1344,1400100
78,71,37,2247702,917,1381,1374100
79,76,50,2247629,940,1431,1443300
80,65,58,2247560,951,1489,1296200
81,80,41,2247478,992,1530,1429900
82,81,60,2247393,1017,1590,1390600
83,76,56,2247324,1030,1646,1245100
84,63,47,2247264,1043,1693,1373900
85,60,51,2247200,1056,1744,1417800
86,90,54,2247114,1088,1798,1396000
87,77,54,2247036,1112,1852,1313800
88,76,59,2246959,1130,1911,1518800
89,88,72,2246872,1145,1983,1335500
90,76,58,2246793,1166,2041,1304400
91,71,60,2246725,1174,2101,1300200
92,69,59,2246654,1186,2160,1309900
93,84,63,2246566,1211,2223,1407000
94,65,63,2246507,1207,2286,1518600
95,77,70,2246429,1215,2356,1334600
96,77,64,2246350,1230,2420,1428700
97,84,65,2246264,1251,2485,1462200
98,71,70,2246192,1253,2555,1427900
99,90,59,2246112,1274,2614,1690300
100,74,79,2246028,1279,2693,1393300
101,90,71,2245942,1294,2764,1488800
102,78,77,2245870,1289,2841,1771200
103,80,64,2245792,1303,2905,1514900
104,102,59,2245697,1339,2964,1344500
105,93,77,2245594,1365,3041,1338600
106,90,66,2245502,1391,3107,1391600
107,101,71,2245405,1417,3178,1514500
108,107,81,2245296,1445,3259,1392500
109,76,68,2245212,1461,3327,1296300
110,95,80,2245124,1469,3407,1276500
111,92,79,2245039,1475,3486,1299400
112,113,94,2244922,1498,3580,1275000
113,91,99,2244824,1497,3679,1283500
114,93,93,2244737,1491,3772,1355700
115,105,78,2244635,1515,3850,1266900
116,101,78,2244532,1540,3928,1205500
117,72,83,2244459,1530,4011,1204700
118,107,79,2244348,1562,4090,1255600
119,104,81,2244246,1583,4171,1443700
120,87,73,2244154,1602,4244,1466500
121,116,83,2244051,1622,4327,1326200
122,93,70,2243952,1651,4397,1335700
123,118,65,2243842,1696,4462,1558300
124,121,88,2243717,1733,4550,1559000
125,97,88,2243613,1749,4638,1478300
126,108,113,2243513,1736,4751,1381600
127,102,87,2243407,1755,4838,1360200
128,119,90,2243293,1779,4928,1409600
129,120,93,2243180,1799,5021,1322400
130,135,95,2243033,1851,5116,1384200
131,112,95,2242925,1864,5211,1284400
132,111,85,2242816,1888,5296,1397500
133,121,96,2242691,1917,5392,1330700
134,120,108,2242568,1932,5500,1393300
135,122,92,2242449,1959,5592,1331000
136,110,103,2242350,1955,5695,1361000
137,116,106,2242226,1973,5801,1470800
138,128,105,2242096,1998,5906,1292100
139,110,87,2241990,2017,5993,1240000
140,114,113,2241875,2019,6106,1239300
141,111,101,2241759,2034,6207,1276500
142,116,100,2241651,2042,6307,1235200
143,107,99,2241532,2062,6406,1361300
144,108,105,2241417,2072,6511,1276800
145,138,103,2241291,2095,6614,1200100
146,136,95,2241163,2128,6709,1209100
147,129,107,2241024,2160,6816,1322300
148,147,111,2240889,2184,6927,1335500
149,120,98,2240768,2207,7025,1207400
150,133,117,2240636,2222,7142,1256900
151,135,120,2240497,2241,7262,1422700
152,152,125,2240351,2262,7387,1347200
153,134,126,2240208,2279,7513,1376200
154,149,113,2240056,2318,7626,1280900
155,120,125,2239937,2312,7751,1318600
156,148,116,2239802,2331,7867,1237100
157,160,139,2239638,2356,8006,1248900
158,152,102,2239480,2412,8108,1343600
159,152,145,2239331,2416,8253,1396800
160,138,120,2239188,2439,8373,1448700
161,124,135,2239068,2424,8508,1448100
162,137,133,2238922,2437,8641,1541100
163,142,116,2238789,2454,8757,1468000
164,143,121,2238644,2478,8878,1504000
165,157,167,2238484,2471,9045,1338200
166,140,111,2238345,2499,9156,1432400
167,130,128,2238217,2499,9284,1531200
168,155,153,2238063,2500,9437,1462400
169,128,124,2237940,2499,9561,1375100
170,157,134,2237773,2532,9695,1445400
171,121,123,2237662,2520,9818,1459900
172,139,128,2237519,2535,9946,1330800
173,151,148,2237367,2539,10094,1342200
174,154,131,2237208,2567,10225,1562400
175,169,138,2237039,2598,10363,1513900
176,140,130,2236909,2598,10493,1444100
177,147,141,2236760,2606,10634,1406500
178,144,140,2236610,2616,10774,1460900
179,173,139,2236452,2635,10913,1461800
180,166,138,2236283,2666,11051,1298300
181,157,155,2236126,2668,11206,1333400
182,152,143,2235964,2687,11349,1227500
183,152,127,2235817,2707,11476,1226800
184,185,143,2235641,2740,11619,1269000
185,195,147,2235433,2801,11766,1324500
186,178,138,2235265,2831,11904,1223600
187,186,157,2235069,2870,12061,1495900
188,195,164,2234889,2886,12225,1412200
189,190,139,2234703,2933,12364,1276300
190,199,169,2234498,2969,12533,1297400
191,191,126,2234301,3040,12659,1237800
192,170,138,2234144,3059,12797,1271400
193,197,148,2233951,3104,12945,1252200
194,172,173,2233765,3117,13118,1315800
195,204,154,2233569,3159,13272,1331200
196,171,168,2233395,3165,13440,1436500
197,175,178,2233208,3174,13618,1298600
198,174,169,2233040,3173,13787,1332900
199,179,157,2232868,3188,13944,1220600
200,181,180,2232685,3191,14124,1221600
201,201,165,2232477,3234,14289,1193000
202,188,178,2232297,3236,14467,1367700
203,203,152,2232096,3285,14619,1297900
204,207,177,2231882,3322,14796,1300400
205,195,158,2231696,3350,14954,1179500
206,195,195,2231494,3357,15149,1287100
207,169,177,2231334,3340,15326,1329400
208,188,169,2231145,3360,15495,1400200
209,216,196,2230928,3381,15691,1440500
210,214,165,2230712,3432,15856,1544600
211,231,180,2230485,3479,16036,1673600
212,212,161,2230265,3538,16197,1407500
213,207,186,2230061,3556,16383,1516500
214,191,172,2229871,3574,16555,1401400
215,216,194,2229645,3606,16749,1506200
216,231,212,2229424,3615,16961,1527900
217,200,207,2229204,3628,17168,1395000
218,211,179,2229013,3640,17347,1385700
219,211,205,2228801,3647,17552,1355200
220,202,186,2228593,3669,17738,1300100
221,192,201,2228407,3654,17939,1355500
222,205,174,2228197,3690,18113,1228100
223,222,210,2227981,3696,18323,1256100
224,211,183,2227777,3717,18506,1208600
225,205,195,2227573,3726,18701,1392900
226,235,195,2227337,3767,18896,1363500
227,207,184,2227116,3804,19080,1302300
228,223,214,2226894,3812,19294,1321600
229,226,214,2226669,3823,19508,1279100
230,192,202,2226483,3807,19710,1456700
231,241,188,2226239,3863,19898,1363400
232,209,194,2226043,3865,20092,1312300
233,189,183,2225844,3881,20275,1327700
234,219,222,2225629,3874,20497,1296800
235,202,212,2225414,3877,20709,1285200
236,229,208,2225213,3870,20917,1290100
237,243,193,2224949,3941,21110,1273800
238,242,210,2224713,3967,21320,1431500
239,202,216,2224501,3963,21536,1315200
240,198,196,2224313,3955,21732,1264200
241,231,207,2224092,3969,21939,1324700
242,235,214,2223846,4001,22153,1319800
243,234,202,2223598,4047,22355,1228800
244,245,216,2223365,4064,22571,1288700
245,234,201,2223133,4095,22772,1213600
246,198,202,2222929,4097,22974,1232100
247,197,190,2222729,4107,23164,1152600
248,228,212,2222510,4114,23376,1299000
249,236,203,2222278,4143,23579,1214100
250,238,200,2222032,4189,23779,1338700
251,229,198,2221804,4219,23977,1324400
252,254,223,2221559,4241,24200,1290700
253,240,235,2221305,4260,24435,1185000
254,220,203,2221087,4275,24638,1216500
255,276,235,2220831,4296,24873,1179500
256,212,232,2220600,4295,25105,1210100
257,258,238,2220357,4300,25343,1227100
258,226,233,2220117,4307,25576,1268500
259,253,227,2219874,4323,25803,1223100
260,233,234,2219630,4333,26037,1142700
261,254,225,2219384,4354,26262,1237200
262,238,221,2219142,4375,26483,1363600
263,293,259,2218866,4392,26742,1269700
264,229,244,2218630,4384,26986,1296200
265,242,208,2218379,4427,27194,1204600
266,228,217,2218152,4437,27411,1316100
267,267,243,2217893,4453,27654,1324400
268,251,201,2217630,4515,27855,1325700
269,238,212,2217393,4540,28067,1298000
270,244,227,2217149,4557,28294,1273400
271,261,261,2216908,4537,28555,1475000
272,242,210,2216648,4587,28765,1315100
273,240,233,2216408,4594,28998,1354200
274,266,244,2216149,4609,29242,1279200
275,242,257,2215902,4599,29499,1237500
276,259,252,2215641,4608,29751,1212800
277,251,252,2215399,4598,30003,1272000
278,293,236,2215103,4658,30239,1250200
279,256,263,2214841,4657,30502,1185600
280,269,251,2214577,4670,30753,1217300
281,269,226,2214314,4707,30979,1218600
282,254,233,2214064,4724,31212,1284800
283,262,223,2213792,4773,31435,1282400
284,272,226,2213513,4826,31661,1182100
285,266,250,2213246,4843,31911,1271100
286,253,251,2213002,4836,32162,1235700
287,261,261,2212736,4841,32423,1180600
288,290,243,2212465,4869,32666,1229600
289,249,243,2212184,4907,32909,1253300
290,306,244,2211897,4950,33153,1176900
291,262,256,2211632,4959,33409,1255500
292,268,265,2211368,4958,33674,1181500
293,266,265,2211102,4959,33939,1363700
294,263,274,2210837,4950,34213,1296900
295,261,260,2210578,4949,34473,1178300
296,253,256,2210324,4947,34729,1249300
297,280,243,2210044,4984,34972,1272500
298,291,266,2209744,5018,35238,1156100
299,251,258,2209507,4997,35496,1277700
300,278,267,2209236,5001,35763,1155800
301,238,266,2208976,4995,36029,1283300
302,273,262,2208709,5000,36291,1320400
303,272,236,2208442,5031,36527,1133000
304,265,292,2208184,4997,36819,1251400
305,241,281,2207925,4975,37100,1118800
306,250,245,2207675,4980,37345,1111600
307,284,220,2207397,5038,37565,1167500
308,306,252,2207118,5065,37817,1183600
309,305,308,2206799,5076,38125,1198200
310,311,255,2206492,5128,38380,1283900
311,298,273,2206191,5156,38653,1179300
312,251,272,2205925,5150,38925,1173200
313,278,301,2205672,5102,39226,1253300
314,295,260,2205365,5149,39486,1326100
315,272,271,2205093,5150,39757,1356200
316,280,253,2204812,5178,40010,1254200
317,250,292,2204564,5134,40302,1261600
318,291,269,2204280,5149,40571,1327400
319,287,267,2203983,5179,40838,1327000
320,301,239,2203699,5224,41077,1336100
321,283,276,2203398,5249,41353,1278900
322,295,279,2203109,5259,41632,1319500
323,301,288,2202815,5265,41920,1212000
324,290,261,2202507,5312,42181,1160800
325,255,266,2202258,5295,42447,1157300
326,302,274,2201961,5318,42721,1418300
327,272,258,2201679,5342,42979,1192200
328,277,287,2201416,5318,43266,1205200
329,287,320,2201125,5289,43586,1151600
330,324,288,2200799,5327,43874,1090800
331,281,250,2200523,5353,44124,1203400
332,310,283,2200198,5395,44407,1175400
333,299,269,2199913,5411,44676,1189600
334,290,266,2199618,5440,44942,1324500
335,302,286,2199323,5449,45228,1303600
336,303,260,2199026,5486,45488,1391600
337,305,301,2198713,5498,45789,1533200
338,294,280,2198420,5511,46069,1390800
339,318,306,2198117,5508,46375,1558600
340,315,289,2197771,5565,46664,1222700
341,330,278,2197474,5584,46942,1339500
342,336,276,2197119,5663,47218,1231800
343,327,317,2196815,5650,47535,1140200
344,356,287,2196448,5730,47822,1193200
345,346,328,2196110,5740,48150,1175000
346,325,297,2195761,5792,48447,1404400
347,330,319,2195445,5789,48766,1222900
348,335,303,2195105,5826,49069,1208500
349,313,285,2194792,5854,49354,1271400
350,375,284,2194443,5919,49638,1375000
351,329,336,2194090,5936,49974,1356400
352,353,320,2193738,5968,50294,1291100
353,338,330,2193409,5967,50624,1313100
354,307,331,2193081,5964,50955,1447000
355,334,315,2192750,5980,51270,1480600
356,324,313,2192432,5985,51583,1446500
357,347,301,2192096,6020,51884,1404700
358,337,351,2191762,6003,52235,1402100
359,345,335,2191399,6031,52570,1393000
360,383,340,2191033,6057,52910,1408300
361,332,317,2190691,6082,53227,1301200
362,323,333,2190372,6068,53560,1350400
363,368,295,2190010,6135,53855,1266000
364,348,308,2189661,6176,54163,1310600
365,365,347,2189298,6192,54510,1358400
366,375,332,2188915,6243,54842,1296500
367,358,308,2188561,6289,55150,1286700
368,363,330,2188190,6330,55480,1251800
369,324,332,2187854,6334,55812,1331600
370,350,302,2187531,6355,56114,1424200
371,349,326,2187165,6395,56440,1372500
372,324,322,2186849,6389,56762,1428000
373,353,349,2186502,6387,57111,1640700
374,370,352,2186123,6414,57463,1482800
375,365,357,2185762,6418,57820,1305600
376,396,320,2185360,6500,58140,1483600
377,364,358,2185004,6498,58498,1337000
378,396,382,2184615,6505,58880,1325500
379,352,334,2184240,6546,59214,1377600
380,363,316,2183897,6573,59530,1257600
381,332,344,2183543,6583,59874,1346800
382,354,331,2183219,6576,60205,1332100
383,370,361,2182836,6598,60566,1340300
384,366,312,2182462,6660,60878,1209500
385,339,343,2182129,6650,61221,1303500
386,389,350,2181743,6686,61571,1258500
387,342,352,2181389,6688,61923,1288200
388,372,353,2181033,6691,62276,1384400
389,370,366,2180648,6710,62642,1528400
390,327,356,2180333,6669,62998,1593800
391,371,350,2179959,6693,63348,1415700
392,400,351,2179562,6739,63699,1382700
393,387,348,2179174,6779,64047,1270400
394,363,390,2178799,6764,64437,1356400
395,367,336,2178433,6794,64773,1327400
396,398,342,2178053,6832,65115,1372500
397,411,356,2177648,6881,65471,1429300
398,373,354,2177257,6918,65825,1371300
399,372,364,2176892,6919,66189,1354800
400,403,384,2176488,6939,66573,1330500
401,386,368,2176118,6941,66941,1261500
402,388,378,2175702,6979,67319,1413600
403,359,375,2175352,6954,67694,1404600
404,360,370,2174995,6941,68064,1267800
405,371,363,2174615,6958,68427,1220000
406,399,334,2174230,7009,68761,1210800
407,385,379,2173822,7038,69140,1344100
408,420,357,2173414,7089,69497,1441000
409,379,339,2173054,7110,69836,1359800
410,386,383,2172648,7133,70219,1215000
411,443,380,2172225,7176,70599,1613000
412,398,407,2171805,7189,71006,1389300
413,400,391,2171416,7187,71397,1322500
414,409,391,2171004,7208,71788,1214400
415,416,394,2170588,7230,72182,1160300
416,418,382,2170176,7260,72564,1129300
417,398,400,2169768,7268,72964,1255800
418,418,350,2169361,7325,73314,1237600
419,453,372,2168912,7402,73686,1213800
420,439,409,2168492,7413,74095,1478100
421,471,370,2168012,7523,74465,1309700
422,462,382,2167541,7612,74847,1298600
423,410,391,2167113,7649,75238,1604300
424,428,432,2166688,7642,75670,1623900
425,420,397,2166289,7644,76067,1491800
426,482,392,2165805,7736,76459,1398300
427,394,418,2165408,7715,76877,1551700
428,393,424,2164998,7701,77301,1550900
429,446,410,2164553,7736,77711,1536800
430,453,433,2164119,7737,78144,1398200
431,442,407,2163665,7784,78551,1375800
432,427,370,2163242,7837,78921,1436700
433,415,417,2162848,7814,79338,1420000
434,453,421,2162384,7857,79759,1432100
435,441,455,2161929,7857,80214,1453400
436,454,382,2161490,7914,80596,1425500
437,436,447,2161040,7917,81043,1487700
438,452,428,2160592,7937,81471,1341200
439,400,384,2160197,7948,81855,1262000
440,467,435,2159725,7985,82290,1208000
441,481,416,2159262,8032,82706,1327600
442,425,439,2158802,8053,83145,1254200
443,452,420,2158365,8070,83565,1572900
444,449,409,2157927,8099,83974,1287500
445,443,429,2157478,8119,84403,1250700
446,435,397,2157042,8158,84800,1257500
447,443,440,2156603,8157,85240,1284400
448,456,403,2156144,8213,85643,1315500
449,495,441,2155657,8259,86084,1255700
450,432,425,2155212,8279,86509,1233100
451,446,441,2154784,8266,86950,1274300
452,438,427,2154336,8287,87377,1191800
453,468,451,2153874,8298,87828,1094100
454,401,433,2153464,8275,88261,1092500
455,459,448,2153033,8258,88709,1099700
456,427,423,2152585,8283,89132,1172600
457,411,445,2152161,8262,89577,1141900
458,465,433,2151723,8267,90010,1124200
459,438,475,2151277,8238,90485,1108900
460,447,418,2150812,8285,90903,1089500
461,448,439,2150385,8273,91342,1079800
462,464,442,2149904,8312,91784,1117800
463,440,425,2149471,8320,92209,1163400
464,462,438,2149019,8334,92647,1094200
465,441,446,2148573,8334,93093,1084300
466,430,404,2148152,8351,93497,1144000
467,456,430,2147680,8393,93927,1157000
468,439,406,2147230,8437,94333,1153600
469,510,417,2146761,8489,94750,1200900
470,492,404,2146256,8590,95154,1082800
471,459,411,2145787,8648,95565,1053100
472,481,478,2145303,8654,96043,1061000
473,514,457,2144787,8713,96500,1090700
474,522,437,2144274,8789,96937,1095800
475,490,460,2143781,8822,97397,1145600
476,508,427,2143274,8902,97824,1092000
477,522,463,2142764,8949,98287,1138000
478,531,468,2142239,9006,98755,1136700
479,511,487,2141695,9063,99242,1132900
480,477,461,2141235,9062,99703,1151400
481,516,509,2140720,9068,100212,1111700
482,484,506,2140241,9041,100718,1418700
483,495,470,2139744,9068,101188,1237200
484,496,465,2139252,9095,101653,1143500
485,522,474,2138726,9147,102127,1136100
486,484,494,2138223,9156,102621,1258300
487,515,464,2137714,9201,103085,1129600
488,524,483,2137214,9218,103568,1156900
489,461,453,2136731,9248,104021,1086500
490,501,483,2136222,9274,104504,1106900
491,498,491,2135749,9256,104995,1190300
492,550,479,2135203,9323,105474,1106600
493,517,535,2134677,9314,106009,1070700
494,502,466,2134159,9366,106475,1057500
495,537,489,2133638,9398,106964,1154900
496,490,504,2133154,9378,107468,1072200
497,511,502,2132640,9390,107970,1116800
498,533,480,2132126,9424,108450,1187500
499,554,510,2131567,9473,108960,1210600
500,483,502,2131073,9465,109462,1189600
501,520,446,2130546,9546,109908,1161000
502,474,476,2130071,9545,110384,1180000
503,496,483,2129568,9565,110867,1168500
504,529,500,2129056,9577,111367,1081000
505,512,526,2128539,9568,111893,1094800
506,487,524,2128040,9543,112417,1156900
507,528,533,2127527,9523,112950,1065800
508,504,478,2127021,9551,113428,1080200
509,501,449,2126515,9608,113877,994300
510,538,491,2125988,9644,114368,1004100
511,499,479,2125487,9666,114847,1002700
512,525,477,2124966,9710,115324,1075000
513,534,524,2124423,9729,115848,1053900
514,523,557,2123907,9688,116405,1073000
515,515,506,2123369,9720,116911,1032500
516,520,488,2122853,9748,117399,1024000
517,495,501,2122369,9731,117900,985800
518,547,509,2121818,9773,118409,975500
519,538,534,2121282,9775,118943,1065000
520,545,482,2120744,9831,119425,992100
521,531,538,2120214,9823,119963,1069800
522,579,517,2119640,9880,120480,1092100
523,580,562,2119079,9879,121042,1011600
524,522,498,2118527,9933,121540,1042900
525,568,538,2117981,9941,122078,1037700
526,537,538,2117425,9959,122616,1102100
527,541,523,2116881,9980,123139,1234800
528,566,481,2116328,10052,123620,1147200
529,525,563,2115778,10039,124183,1080700
530,530,565,2115264,9988,124748,1054500
531,616,511,2114663,10078,125259,1067700
532,565,535,2114087,10119,125794,1027500
533,581,506,2113488,10212,126300,1147500
534,554,587,2112932,10181,126887,1008700
535,586,546,2112348,10219,127433,984500
536,574,516,2111795,10256,127949,999500
537,539,538,2111257,10256,128487,1002100
538,532,524,2110714,10275,129011,1067900
539,575,546,2110143,10300,129557,1044500
540,577,546,2109587,10310,130103,1048000
541,572,507,2108995,10395,130610,1046300
542,549,525,2108441,10424,131135,1009200
543,544,549,2107908,10408,131684,1029900
544,572,514,2107347,10455,132198,978800
545,614,530,2106727,10545,132728,1066300
546,556,541,2106163,10568,133269,1068700
547,565,487,2105597,10647,133756,1089600
548,530,564,2105048,10632,134320,1103100
549,579,593,2104493,10594,134913,1157000
550,568,552,2103947,10588,135465,1179100
551,547,528,2103379,10628,135993,1106100
552,515,553,2102853,10601,136546,1078600
553,564,558,2102295,10601,137104,1058600
554,536,559,2101755,10582,137663,1117400
555,555,567,2101195,10575,138230,1070700
556,526,521,2100669,10580,138751,1024500
557,559,536,2100112,10601,139287,1000800
558,594,549,2099534,10630,139836,1051000
559,555,538,2098966,10660,140374,1240600
560,560,579,2098417,10630,140953,1058700
561,525,556,2097874,10617,141509,1103000
562,534,576,2097344,10571,142085,1094000
563,614,582,2096740,10593,142667,998200
564,534,540,2096211,10582,143207,939800
565,542,518,2095643,10632,143725,1037700
566,577,492,2095074,10709,144217,1007300
567,577,574,2094498,10711,144791,1025300
568,544,538,2093956,10715,145329,1115000
569,531,518,2093432,10721,145847,1064900
570,523,588,2092890,10675,146435,1046800
571,531,572,2092365,10628,147007,1046900
572,552,541,2091823,10629,147548,989400
573,541,518,2091291,10643,148066,1004900
574,540,599,2090747,10588,148665,1036800
575,508,522,2090214,10599,149187,1109000
576,513,544,2089705,10564,149731,1073400
577,506,538,2089211,10520,150269,1076900
578,537,565,2088664,10502,150834,1852200
579,543,540,2088136,10490,151374,1067900
580,515,569,2087594,10463,151943,1024200
581,549,588,2087065,10404,152531,1063500
582,608,542,2086469,10458,153073,1053600
583,587,548,2085892,10487,153621,1054100
584,578,562,2085297,10520,154183,1063100
585,554,542,2084758,10517,154725,1055700
586,605,537,2084135,10603,155262,1095000
587,598,521,2083550,10667,155783,1088200
588,564,536,2082970,10711,156319,1129900
589,584,554,2082405,10722,156873,1060400
590,602,557,2081791,10779,157430,1072300
591,580,638,2081208,10724,158068,1049200
592,575,571,2080633,10728,158639,1053000
593,579,569,2080049,10743,159208,1064900
594,577,604,2079492,10696,159812,1056000
595,612,580,2078905,10703,160392,1098600
596,611,606,2078263,10739,160998,1051400
597,612,576,2077651,10775,161574,1078300
598,532,530,2077107,10789,162104,1267400
599,636,536,2076517,10843,162640,1187500
600,609,562,2075870,10928,163202,1144000
601,605,574,2075273,10951,163776,1197100
602,602,598,2074662,10964,164374,1065700
603,595,569,2074092,10965,164943,1023500
604,609,535,2073458,11064,165478,1027900
605,607,597,2072852,11073,166075,1129600
606,591,558,2072286,11081,166633,1193100
607,611,582,2071673,11112,167215,1065800
608,577,577,2071079,11129,167792,1098400
609,613,626,2070471,11111,168418,1057400
610,618,585,2069856,11141,169003,1155200
611,652,575,2069190,11232,169578,1006800
612,636,602,2068580,11240,170180,1008500
613,577,618,2067978,11224,170798,1045000
614,616,564,2067381,11257,171362,1073900
615,644,539,2066707,11392,171901,1261100
616,596,563,2066132,11404,172464,1106400
617,617,608,2065518,11410,173072,1055300
618,584,608,2064934,11386,173680,1138000
619,605,577,2064333,11410,174257,1135300
620,628,563,2063701,11479,174820,1265900
621,576,647,2063100,11433,175467,1374100
622,584,589,2062526,11418,176056,1268100
623,622,624,2061927,11393,176680,1231200
624,658,573,2061252,11495,177253,1256700
625,604,607,2060650,11490,177860,1131500
626,555,607,2060108,11425,178467,1098700
627,606,590,2059487,11456,179057,1135100
628,567,567,2058921,11455,179624,1085100
629,641,584,2058298,11494,180208,1041900
630,604,619,2057664,11509,180827,1033800
631,611,591,2057064,11518,181418,1007900
632,595,608,2056455,11519,182026,1001200
633,595,573,2055888,11513,182599,1058200
634,653,586,2055233,11582,183185,1017400
635,648,575,2054597,11643,183760,1063700
636,648,598,2053922,11720,184358,1061100
637,626,592,2053323,11727,184950,1058800
638,619,607,2052691,11752,185557,1007800
639,631,618,2052050,11775,186175,1077100
640,613,630,2051441,11754,186805,1059700
641,602,580,2050836,11779,187385,1089900
642,635,600,2050240,11775,187985,1092600
643,657,592,2049549,11874,188577,1151900
644,607,603,2048924,11896,189180,1124900
645,650,633,2048285,11902,189813,1112800
646,651,652,2047625,11910,190465,1140200
647,567,591,2047055,11889,191056,1094100
648,623,616,2046442,11886,191672,1092600
649,652,640,2045788,11900,192312,1148000
650,631,639,2045157,11892,192951,1090800
651,633,612,2044544,11893,193563,1108600
652,638,642,2043913,11882,194205,1030500
653,626,659,2043278,11858,194864,1064200
654,638,632,2042638,11866,195496,1118600
655,573,621,2042057,11826,196117,1174100
656,637,581,2041449,11853,196698,1188800
657,609,585,2040801,11916,197283,1145100
658,635,634,2040176,11907,197917,1190300
659,614,617,2039569,11897,198534,1159800
660,663,584,2038893,11989,199118,1138600
661,593,643,2038290,11949,199761,1145600
662,623,624,2037684,11931,200385,1110900
663,640,617,2037044,11954,201002,1109600
664,596,612,2036450,11936,201614,1111000
665,631,584,2035827,11975,202198,1209300
666,699,632,2035129,12041,202830,1167200
667,642,646,2034472,12052,203476,1277900
668,656,593,2033828,12103,204069,1095600
669,651,638,2033178,12115,204707,1095000
670,663,686,2032512,12095,205393,1108900
671,591,629,2031927,12051,206022,1040800
672,655,636,2031268,12074,206658,1030900
673,689,628,2030574,12140,207286,1145100
674,643,625,2029939,12150,207911,1065200
675,638,644,2029274,12171,208555,1045400
676,615,610,2028667,12168,209165,1141900
677,631,660,2028033,12142,209825,1049000
678,634,614,2027422,12139,210439,1085000
679,631,645,2026775,12141,211084,1074700
680,638,619,2026149,12148,211703,1078800
681,628,608,2025527,12162,212311,1161400
682,637,633,2024886,12170,212944,1129400
683,613,619,2024271,12166,213563,1100400
684,613,668,2023670,12099,214231,1053600
685,637,650,2023020,12099,214881,1073000
686,636,559,2022389,12171,215440,1087300
687,599,640,2021770,12150,216080,1118600
688,660,650,2021124,12146,216730,1125200
689,678,632,2020459,12179,217362,1043300
690,612,616,2019838,12184,217978,1140900
691,615,627,2019215,12180,218605,1041700
692,650,592,2018561,12242,219197,1015800
693,632,665,2017940,12198,219862,1046500
694,622,612,2017328,12198,220474,1099600
695,677,643,2016647,12236,221117,1133100
696,628,617,2016002,12264,221734,1419800
697,682,691,2015337,12238,222425,1303800
698,628,640,2014701,12234,223065,1309400
699,660,628,2014035,12272,223693,1133000
700,616,655,2013397,12255,224348,1164400
701,645,686,2012780,12186,225034,1295400
702,636,665,2012142,12159,225699,1314300
703,618,649,2011507,12145,226348,1186300
704,707,641,2010844,12167,226989,1228300
705,690,682,2010154,12175,227671,1157700
706,616,627,2009510,12192,228298,1061400
707,633,627,2008853,12222,228925,1033200
708,635,657,2008240,12178,229582,1027100
709,636,622,2007612,12184,230204,1033300
710,725,615,2006891,12290,230819,1161300
711,684,636,2006203,12342,231455,1049300
712,654,694,2005547,12304,232149,995000
713,690,589,2004873,12389,232738,1027700
714,694,658,2004176,12428,233396,994600
715,713,631,2003453,12520,234027,1030400
716,651,674,2002784,12515,234701,999300
717,704,645,2002104,12550,235346,983200
718,709,654,2001391,12609,236000,1072100
719,676,671,2000720,12609,236671,980000
720,683,641,2000031,12657,237312,986800
721,720,668,1999334,12686,237980,1020400
722,698,688,1998610,12722,238668,1008400
723,699,702,1997948,12682,239370,1027200
724,713,685,1997200,12745,240055,1034200
725,703,662,1996491,12792,240717,985000
726,688,694,1995834,12755,241411,989800
727,700,661,1995133,12795,242072,1002700
728,693,651,1994427,12850,242723,1113800
729,722,684,1993703,12890,243407,1028100
730,683,668,1993014,12911,244075,980200
731,686,619,1992336,12970,244694,984900
732,676,657,1991658,12991,245351,1018800
733,679,702,1990960,12987,246053,982100
734,694,646,1990287,13014,246699,985500
735,698,657,1989583,13061,247356,1004000
736,648,667,1988926,13051,248023,1006000
737,677,672,1988256,13049,248695,1055000
738,681,642,1987588,13075,249337,1054100
739,673,720,1986911,13032,250057,1108900
740,727,636,1986192,13115,250693,1067100
741,680,711,1985499,13097,251404,1024000
742,710,695,1984793,13108,252099,1025100
743,713,691,1984084,13126,252790,1039500
744,681,690,1983394,13126,253480,1067700
745,716,684,1982691,13145,254164,1019700
746,726,703,1981965,13168,254867,1055400
747,727,699,1981234,13200,255566,1077600
748,725,660,1980504,13270,256226,1064100
749,693,726,1979820,13228,256952,1152300
750,669,678,1979115,13255,257630,1049000
751,736,665,1978415,13290,258295,1166400
752,711,687,1977689,13329,258982,1204600
753,688,722,1977007,13289,259704,1136700
754,729,630,1976276,13390,260334,1065600
755,678,689,1975610,13367,261023,1044300
756,677,698,1974927,13352,261721,1066000
757,700,698,1974218,13363,262419,1009800
758,706,687,1973537,13357,263106,1144400
759,728,748,1972794,13352,263854,1039300
760,735,714,1972060,13372,264568,981000
761,666,712,1971385,13335,265280,1017300
762,754,739,1970622,13359,266019,1012000
763,702,649,1969930,13402,266668,1094700
764,689,707,1969250,13375,267375,1010000
765,689,669,1968565,13391,268044,996400
766,741,670,1967800,13486,268714,1019500
767,755,702,1967069,13515,269416,1051500
768,727,703,1966327,13554,270119,1009600
769,793,684,1965559,13638,270803,1076600
770,768,678,1964795,13724,271481,1057600
771,797,742,1964016,13761,272223,1080200
772,730,732,1963251,13794,272955,1049400
773,672,731,1962546,13768,273686,1013800
774,686,703,1961882,13729,274389,988100
775,699,666,1961175,13770,275055,1034800
776,730,732,1960459,13754,275787,1127300
777,728,708,1959727,13778,276495,1058500
778,705,749,1959022,13734,277244,1050400
779,699,718,1958322,13716,277962,1041500
780,717,709,1957619,13710,278671,1030100
781,678,686,1956917,13726,279357,1024200
782,717,702,1956222,13719,280059,1042900
783,722,698,1955474,13769,280757,1105300
784,755,718,1954764,13761,281475,1021700
785,734,733,1954016,13776,282208,1059000
786,734,703,1953262,13827,282911,1015700
787,771,727,1952517,13845,283638,1023000
788,707,691,1951774,13897,284329,1034700
789,769,684,1951042,13945,285013,1039500
790,701,716,1950312,13959,285729,1048900
791,704,696,1949627,13948,286425,1068800
792,701,717,1948915,13943,287142,1051000
793,697,720,1948217,13921,287862,1083000
794,770,730,1947471,13937,288592,1073700
795,710,740,1946735,13933,289332,1054400
796,730,734,1946028,13906,290066,1053200
797,817,753,1945187,13994,290819,1056700
798,690,719,1944497,13965,291538,1064300
799,715,706,1943802,13954,292244,1063300
800,694,754,1943077,13925,292998,1068500
801,774,759,1942330,13913,293757,1094600
802,722,677,1941596,13970,294434,1023600
803,657,684,1940946,13936,295118,1148500
804,711,716,1940241,13925,295834,1098900
805,750,699,1939495,13972,296533,1119000
806,690,671,1938806,13990,297204,1151800
807,718,716,1938077,14003,297920,1205700
808,705,704,1937366,14010,298624,1216300
809,772,768,1936603,14005,299392,1126000
810,685,706,1935917,13985,300098,1081500
811,723,755,1935187,13960,300853,1090200
812,645,708,1934524,13915,301561,1122100
813,714,681,1933829,13929,302242,1058300
814,704,743,1933094,13921,302985,1096600
815,737,714,1932386,13915,303699,1060200
816,724,714,1931663,13924,304413,1067900
817,684,706,1930964,13917,305119,1020800
818,711,724,1930267,13890,305843,1078400
819,740,738,1929531,13888,306581,1126600
820,719,723,1928808,13888,307304,1082000
821,761,747,1928062,13887,308051,1057100
822,742,690,1927322,13937,308741,1151400
823,819,730,1926514,14015,309471,1210900
824,768,748,1925735,14046,310219,1192800
825,728,706,1924984,14091,310925,1110800
826,741,721,1924274,14080,311646,1184000
827,789,744,1923472,14138,312390,1127300
828,735,761,1922755,14094,313151,1154200
829,728,719,1921988,14142,313870,1093500
830,743,718,1921282,14130,314588,1151100
831,780,755,1920501,14156,315343,1107900
832,766,786,1919697,14174,316129,1070900
833,734,720,1918988,14163,316849,1050600
834,754,748,1918224,14179,317597,1138300
835,730,749,1917503,14151,318346,1083700
836,772,724,1916723,14207,319070,1069400
837,705,711,1916004,14215,319781,1247900
838,782,757,1915239,14223,320538,1305700
839,780,782,1914479,14201,321320,1186200
840,765,771,1913704,14205,322091,1160700
841,739,728,1912937,14244,322819,1127500
842,777,718,1912181,14282,323537,1112600
843,796,712,1911372,14379,324249,1083900
844,719,700,1910667,14384,324949,1121200
845,769,810,1909907,14334,325759,1193400
846,715,719,1909171,14351,326478,1210100
847,766,732,1908421,14369,327210,1152000
848,838,752,1907580,14458,327962,1275800
849,734,719,1906834,14485,328681,1163900
850,751,742,1906101,14476,329423,1240300
851,754,733,1905339,14505,330156,1190300
852,747,767,1904613,14464,330923,1171400
853,719,714,1903863,14500,331637,1137200
854,797,760,1903071,14532,332397,1167100
855,681,753,1902380,14470,333150,1141400
856,777,749,1901636,14465,333899,1153100
857,778,775,1900858,14468,334674,1376000
858,823,761,1900033,14532,335435,1307500
859,813,737,1899209,14619,336172,1377200
860,808,753,1898405,14670,336925,1441600
861,756,764,1897642,14669,337689,1287200
862,747,775,1896908,14628,338464,1251100
863,805,729,1896075,14732,339193,1175800
864,746,790,1895343,14674,339983,1185700
865,755,778,1894587,14652,340761,1242000
866,776,766,1893836,14637,341527,1125200
867,720,809,1893082,14582,342336,1113200
868,788,766,1892318,14580,343102,1122500
869,796,728,1891529,14641,343830,1169800
870,783,749,1890729,14692,344579,1349600
871,729,773,1889996,14652,345352,1135400
872,751,817,1889226,14605,346169,1146200
873,814,743,1888420,14668,346912,1170000
874,795,772,1887631,14685,347684,1143100
875,811,777,1886827,14712,348461,1175100
876,743,750,1886096,14693,349211,1163100
877,788,724,1885317,14748,349935,1276700
878,784,754,1884526,14785,350689,1189200
879,761,765,1883761,14785,351454,1221300
880,694,824,1883042,14680,352278,1209000
881,772,739,1882285,14698,353017,1224700
882,785,764,1881495,14724,353781,1207200
883,829,795,1880702,14722,354576,1166200
884,759,721,1879899,14804,355297,1186300
885,739,733,1879184,14786,356030,1098300
886,822,809,1878363,14798,356839,1125500
887,810,778,1877550,14833,357617,1117000
888,750,766,1876808,14809,358383,1176100
889,781,804,1876007,14806,359187,1149100
890,768,776,1875236,14801,359963,1052000
891,764,748,1874492,14797,360711,1050400
892,787,772,1873682,14835,361483,1144800
893,806,792,1872887,14838,362275,1098000
894,808,761,1872073,14891,363036,1107000
895,829,798,1871251,14915,363834,1126000
896,832,813,1870424,14929,364647,1204600
897,792,779,1869626,14948,365426,1194900
898,778,745,1868857,14972,366171,1103100
899,806,768,1868051,15010,366939,1103500
900,835,806,1867222,15033,367745,1069300
901,765,757,1866417,15081,368502,1204200
902,834,822,1865619,15057,369324,1205400
903,815,758,1864783,15135,370082,1166000
904,810,808,1863995,15115,370890,1194000
905,828,755,1863170,15185,371645,1199900
906,823,818,1862342,15195,372463,1149100
907,879,835,1861470,15232,373298,1133700
908,812,799,1860652,15251,374097,1094600
909,891,792,1859808,15303,374889,1156600
910,831,781,1858936,15394,375670,1117800
911,825,769,1858107,15454,376439,1071000
912,849,834,1857269,15458,377273,1082500
913,844,801,1856408,15518,378074,1125600
914,802,757,1855607,15562,378831,1117500
915,849,849,1854777,15543,379680,1352300
916,860,789,1853915,15616,380469,1189300
917,859,818,1853060,15653,381287,1160600
918,839,792,1852214,15707,382079,1070300
919,843,802,1851384,15735,382881,1064900
920,840,823,1850517,15779,383704,1074500
921,916,827,1849630,15839,384531,1046300
922,831,845,1848776,15848,385376,1089100
923,819,767,1847976,15881,386143,1260500
924,793,851,1847154,15852,386994,1162700
925,808,834,1846317,15855,387828,1194400
926,849,870,1845506,15796,388698,1062900
927,859,827,1844631,15844,389525,1030700
928,842,824,1843796,15855,390349,1090600
929,885,801,1842966,15884,391150,1005000
930,842,856,1842044,15950,392006,1046800
931,814,823,1841252,15919,392829,1052400
932,869,795,1840393,15983,393624,1084100
933,884,820,1839493,16063,394444,1049400
934,804,779,1838701,16076,395223,1097500
935,858,830,1837841,16106,396053,1054700
936,779,871,1837052,16024,396924,1033800
937,830,827,1836229,16020,397751,1073800
938,889,819,1835362,16068,398570,1057500
939,862,849,1834491,16090,399419,1063600
940,876,881,1833626,16074,400300,1092800
941,808,825,1832804,16071,401125,1113800
942,902,797,1831907,16171,401922,1045000
943,860,860,1831046,16172,402782,1129300
944,852,823,1830186,16209,403605,1052300
945,828,791,1829363,16241,404396,1089100
946,848,858,1828527,16219,405254,1028400
947,871,841,1827654,16251,406095,1070700
948,840,852,1826782,16271,406947,1094800
949,888,884,1825921,16248,407831,1043800
950,856,813,1825072,16284,408644,1020500
951,840,880,1824191,16285,409524,1073400
952,948,864,1823294,16318,410388,1061300
953,896,832,1822361,16419,411220,1117600
954,846,825,1821530,16425,412045,1230900
955,892,818,1820639,16498,412863,1101300
956,868,853,1819784,16500,413716,1181700
957,881,883,1818899,16502,414599,1199000
958,848,853,1818062,16486,415452,1090500
959,861,832,1817154,16562,416284,1055000
960,879,862,1816335,16519,417146,1073500
961,868,809,1815436,16609,417955,1162900
962,894,860,1814551,16634,418815,1089300
963,929,875,1813606,16704,419690,1121800
964,892,893,1812739,16678,420583,1117900
965,838,863,1811868,16686,421446,1054000
966,920,880,1810972,16702,422326,1090100
967,903,837,1810059,16778,423163,1107400
968,868,858,1809202,16777,424021,1042800
969,834,929,1808356,16694,424950,1023600
970,897,876,1807459,16715,425826,1008100
971,891,883,1806580,16711,426709,1085000
972,909,895,1805683,16713,427604,1078300
973,845,851,1804800,16745,428455,1032300
974,906,804,1803900,16841,429259,1062500
975,872,873,1803061,16807,430132,1085500
976,898,927,1802142,16799,431059,1022900
977,914,852,1801250,16839,431911,1078300
978,856,922,1800359,16808,432833,1039700
979,845,889,1799526,16752,433722,1133900
980,878,845,1798644,16789,434567,1083000
981,895,894,1797764,16775,435461,1204400
982,895,854,1796838,16847,436315,1098200
983,993,908,1795883,16894,437223,1155000
984,896,898,1795000,16879,438121,1073500
985,880,837,1794097,16945,438958,1124300
986,847,845,1793252,16945,439803,1119800
987,891,865,1792360,16972,440668,1066700
988,869,869,1791476,16987,441537,1101300
989,837,836,1790618,17009,442373,1093100
990,867,819,1789798,17010,443192,1077900
991,888,867,1788913,17028,444059,1147300
992,918,902,1787963,17076,444961,1101800
993,848,908,1787119,17012,445869,1105100
994,886,831,1786266,17034,446700,1056200
995,903,910,1785356,17034,447610,1125400
996,834,893,1784497,17000,448503,1129900
997,874,898,1783650,16949,449401,1113800
998,871,841,1782773,16985,450242,1084600
999,855,900,1781910,16948,451142,1095900
1000,852,840,1781031,16987,451982,1105400
1001,862,875,1780189,16954,452857,1163200
1002,885,862,1779288,16993,453719,1096600
1003,859,868,1778420,16993,454587,1074300
1004,878,880,1777567,16966,455467,1087900
1005,939,885,1776642,17006,456352,1082900
1006,893,879,1775745,17024,457231,1119600
1007,866,886,1774868,17015,458117,1093100
1008,878,882,1774012,16989,458999,1050900
1009,848,888,1773150,16963,459887,1086000
1010,877,930,1772255,16928,460817,1123600
1011,867,901,1771379,16903,461718,1164900
1012,891,867,1770508,16907,462585,1165800
1013,818,826,1769691,16898,463411,1062400
1014,849,863,1768861,16865,464274,1255300
1015,891,899,1767962,16865,465173,1097700
1016,863,837,1767086,16904,466010,1072000
1017,925,854,1766165,16971,466864,1072100
1018,883,836,1765286,17014,467700,1057800
1019,872,863,1764396,17041,468563,1100600
1020,873,867,1763521,17049,469430,1128500
1021,881,907,1762655,17008,470337,1076700
1022,879,871,1761765,17027,471208,1130500
1023,924,858,1760882,17052,472066,1066600
1024,938,906,1759930,17098,472972,1077100
1025,820,896,1759088,17044,473868,1083200
1026,932,895,1758181,17056,474763,1086500
1027,914,883,1757260,17094,475646,1075200
1028,861,913,1756381,17060,476559,1138700
1029,862,886,1755542,17013,477445,1028100
1030,902,880,1754625,17050,478325,989000
1031,857,927,1753744,17004,479252,986900
1032,859,861,1752909,16978,480113,1016200
1033,876,870,1752025,16992,480983,1155800
1034,886,912,1751151,16954,481895,1225100
1035,902,881,1750227,16997,482776,1232800
1036,857,855,1749393,16976,483631,1131900
1037,863,862,1748536,16971,484493,1107400
1038,889,872,1747655,16980,485365,1172400
1039,883,863,1746728,17044,486228,1201200
1040,892,908,1745867,16997,487136,1100400
1041,881,876,1744974,17014,488012,1074800
1042,872,901,1744082,17005,488913,1066800
1043,864,881,1743239,16967,489794,1099500
1044,878,839,1742379,16988,490633,1105700
1045,899,901,1741478,16988,491534,1138300
1046,881,900,1740584,16982,492434,1061600
1047,868,877,1739715,16974,493311,1016400
1048,913,863,1738813,17013,494174,1063800
1049,810,818,1737999,17009,494992,1008500
1050,875,893,1737101,17014,495885,1077900
1051,909,914,1736201,17000,496799,1021000
1052,869,844,1735313,17044,497643,1129300
1053,854,860,1734467,17030,498503,1050300
1054,886,861,1733593,17043,499364,1036100
1055,926,899,1732683,17054,500263,1039800
1056,852,891,1731816,17030,501154,1020300
1057,904,899,1730926,17021,502053,1016800
1058,966,809,1729980,17158,502862,1066900
1059,983,903,1728981,17254,503765,1134800
1060,878,918,1728088,17229,504683,1069700
1061,897,912,1727196,17209,505595,1085200
1062,898,996,1726313,17096,506591,1080800
1063,946,880,1725363,17166,507471,1210600
1064,926,914,1724417,17198,508385,1182900
1065,916,872,1723534,17209,509257,1165100
1066,932,886,1722591,17266,510143,1148100
1067,893,858,1721697,17302,511001,1244000
1068,885,914,1720800,17285,511915,1306400
1069,901,899,1719898,17288,512814,1297700
1070,917,867,1718996,17323,513681,1385800
1071,936,893,1718075,17351,514574,1423600
1072,921,945,1717119,17362,515519,1315500
1073,880,909,1716243,17329,516428,1276000
1074,882,897,1715360,17315,517325,1255500
1075,853,903,1714508,17264,518228,1204200
1076,925,892,1713594,17286,519120,1276000
1077,904,891,1712689,17300,520011,1178900
1078,949,880,1711734,17375,520891,1156300
1079,958,909,1710771,17429,521800,1174900
1080,838,957,1709923,17320,522757,1134700
1081,906,933,1709023,17287,523690,1150200
1082,872,882,1708157,17271,524572,1085600
1083,862,854,1707293,17281,525426,1126300
1084,960,904,1706358,17312,526330,1103600
1085,906,954,1705452,17264,527284,1135800
1086,882,879,1704551,17286,528163,1217600
1087,816,889,1703707,17241,529052,1250100
1088,903,965,1702821,17162,530017,1172800
1089,956,889,1701885,17209,530906,1137700
1090,864,892,1701012,17190,531798,1078800
1091,928,863,1700102,17237,532661,1058500
1092,967,858,1699127,17354,533519,1147000
1093,946,865,1698165,17451,534384,1062300
1094,910,867,1697272,17477,535251,1090900
1095,960,898,1696320,17531,536149,1046100
1096,869,912,1695416,17523,537061,1014700
1097,936,889,1694492,17558,537950,1050200
1098,882,890,1693617,17543,538840,1029700
1099,894,914,1692722,17524,539754,1090600
1100,980,937,1691724,17585,540691,1083700
1101,923,891,1690823,17595,541582,1089600
1102,892,891,1689943,17584,542473,1082800
1103,933,923,1689000,17604,543396,1040500
1104,935,912,1688083,17609,544308,1006700
1105,991,867,1687095,17730,545175,994900
1106,926,868,1686135,17822,546043,1049400
1107,990,903,1685170,17884,546946,991200
1108,987,917,1684181,17956,547863,1046400
1109,1003,952,1683186,17999,548815,1036900
1110,914,913,1682256,18016,549728,1115900
1111,927,891,1681344,18037,550619,1044600
1112,953,921,1680376,18084,551540,1075300
1113,927,929,1679445,18086,552469,1138500
1114,924,969,1678496,18066,553438,1157900
1115,949,924,1677596,18042,554362,1332800
1116,974,1046,1676626,17966,555408,1351300
1117,949,898,1675637,18057,556306,1257300
1118,889,958,1674755,17981,557264,1199200
1119,929,943,1673828,17965,558207,1225600
1120,924,950,1672889,17954,559157,1387600
1121,978,947,1671949,17947,560104,1269900
1122,930,944,1670984,17968,561048,1154700
1123,933,912,1670066,17974,561960,1202800
1124,894,989,1669184,17867,562949,1224000
1125,993,956,1668188,17907,563905,1191200
1126,925,927,1667256,17912,564832,1156500
1127,924,939,1666313,17916,565771,1208700
1128,901,937,1665419,17873,566708,1495800
1129,939,941,1664489,17862,567649,1535600
1130,893,908,1663614,17829,568557,1398500
1131,889,953,1662713,17777,569510,1383500
1132,903,948,1661810,17732,570458,1388000
1133,901,886,1660901,17755,571344,1292700
1134,929,917,1659973,17766,572261,1502500
1135,909,874,1659070,17795,573135,1300000
1136,940,893,1658121,17851,574028,1379600
1137,920,942,1657211,17819,574970,1248000
1138,928,913,1656272,17845,575883,1249100
1139,894,938,1655377,17802,576821,1231100
1140,964,944,1654413,17822,577765,1171000
1141,932,957,1653493,17785,578722,1213300
1142,941,918,1652547,17813,579640,1237800
1143,897,941,1651643,17776,580581,1303700
1144,953,945,1650718,17756,581526,1574900
1145,826,907,1649856,17711,582433,1456500
1146,870,949,1648985,17633,583382,1664900
1147,912,908,1648080,17630,584290,1443300
1148,982,934,1647112,17664,585224,1349200
1149,921,915,1646185,17676,586139,1320700
1150,944,894,1645231,17736,587033,1271100
1151,899,920,1644331,17716,587953,1270300
1152,888,918,1643449,17680,588871,1233400
1153,854,906,1642588,17635,589777,1503000
1154,913,935,1641647,17641,590712,1471200
1155,903,883,1640768,17637,591595,1426900
1156,888,903,1639852,17650,592498,1325900
1157,991,892,1638887,17723,593390,1244800
1158,956,921,1637940,17749,594311,1273300
1159,940,919,1636994,17776,595230,1291600
1160,850,894,1636144,17732,596124,1268800
1161,905,931,1635253,17692,597055,1317100
1162,923,911,1634322,17712,597966,1184700
1163,911,960,1633405,17669,598926,1150400
1164,846,872,1632535,17667,599798,1280500
1165,909,943,1631658,17601,600741,1239900
1166,912,951,1630741,17567,601692,1236300
1167,920,901,1629835,17572,602593,1317100
1168,973,881,1628895,17631,603474,1206200
1169,957,902,1627922,17702,604376,1261300
1170,915,957,1627009,17658,605333,1399700
1171,997,940,1626005,17722,606273,1551600
1172,909,922,1625076,17729,607195,1430200
1173,944,925,1624105,17775,608120,1395600
1174,955,917,1623204,17759,609037,1450300
1175,991,909,1622195,17859,609946,1354200
1176,947,944,1621247,17863,610890,1611800
1177,904,908,1620355,17847,611798,1355000
1178,931,975,1619396,17831,612773,1327700
1179,973,957,1618438,17832,613730,1231500
1180,926,890,1617511,17869,614620,1223300
1181,942,884,1616563,17933,615504,1262100
1182,984,954,1615578,17964,616458,1254700
1183,959,942,1614631,17969,617400,1435400
1184,925,945,1613689,17966,618345,1295100
1185,924,914,1612769,17972,619259,1217700
1186,982,900,1611809,18032,620159,1302400
1187,949,895,1610857,18089,621054,1292900
1188,950,916,1609884,18146,621970,1254000
1189,946,903,1608946,18181,622873,1217100
1190,963,887,1607977,18263,623760,1153200
1191,1013,954,1606980,18306,624714,1203500
1192,1010,997,1605995,18294,625711,1174700
1193,923,901,1605040,18348,626612,1250500
1194,958,962,1604074,18352,627574,1157500
1195,999,947,1603117,18362,628521,1211100
1196,917,903,1602190,18386,629424,1475600
1197,951,980,1601226,18370,630404,1305500
1198,979,959,1600271,18366,631363,1691200
1199,899,935,1599332,18370,632298,1686100
1200,1037,941,1598322,18439,633239,1521800
1201,921,918,1597387,18456,634157,1411200
1202,976,1006,1596396,18441,635163,1477200
1203,924,974,1595469,18394,636137,1515700
1204,927,953,1594577,18333,637090,1400300
1205,925,983,1593632,18295,638073,1731400
1206,962,934,1592662,18331,639007,1405700
1207,965,959,1591704,18330,639966,1357200
1208,985,919,1590709,18406,640885,1299600
1209,936,951,1589803,18361,641836,1476700
1210,953,952,1588830,18382,642788,1461400
1211,1015,969,1587827,18416,643757,1484400
1212,911,989,1586896,18358,644746,1591800
1213,905,928,1585990,18336,645674,1554000
1214,946,883,1585064,18379,646557,1646100
1215,914,1003,1584145,18295,647560,1484400
1216,931,969,1583207,18264,648529,1501000
1217,862,986,1582330,18155,649515,1546200
1218,915,885,1581405,18195,650400,1607100
1219,907,959,1580519,18122,651359,1566800
1220,938,973,1579598,18070,652332,1588900
1221,870,985,1578677,18006,653317,1366700
1222,920,923,1577799,17961,654240,1387400
1223,932,950,1576854,17956,655190,1579300
1224,857,953,1575983,17874,656143,1316600
1225,912,952,1575102,17803,657095,1412600
1226,921,898,1574175,17832,657993,1517900
1227,885,967,1573273,17767,658960,1479800
1228,918,964,1572371,17705,659924,1290600
1229,924,916,1571433,17727,660840,1184300
1230,927,909,1570506,17745,661749,1286600
1231,888,898,1569618,17735,662647,1315500
1232,895,921,1568730,17702,663568,1224400
1233,868,916,1567860,17656,664484,1473000
1234,909,916,1566956,17644,665400,1400200
1235,897,893,1566053,17654,666293,1272600
1236,869,903,1565176,17628,667196,1183800
1237,860,918,1564325,17561,668114,1320100
1238,896,913,1563430,17543,669027,1273800
1239,873,932,1562564,17477,669959,1236800
1240,892,910,1561685,17446,670869,1236400
1241,926,907,1560757,17467,671776,1239100
1242,915,866,1559805,17553,672642,1240600
1243,935,916,1558890,17552,673558,1268700
1244,905,898,1557994,17550,674456,1254000
1245,928,872,1557083,17589,675328,1349200
1246,858,854,1556195,17623,676182,1270900
1247,905,976,1555291,17551,677158,1339500
1248,928,978,1554346,17518,678136,1591400
1249,876,909,1553477,17478,679045,1334300
1250,958,911,1552523,17521,679956,1255100
1251,977,932,1551559,17553,680888,1254400
1252,905,916,1550667,17529,681804,1282600
1253,907,900,1549714,17582,682704,1281800
1254,959,1000,1548791,17505,683704,1289400
1255,945,870,1547839,17587,684574,1295500
1256,961,906,1546866,17654,685480,1242800
1257,939,994,1545951,17575,686474,1276200
1258,985,907,1544952,17667,687381,1338300
1259,886,871,1544061,17687,688252,1236200
1260,883,852,1543179,17717,689104,1262100
1261,921,899,1542276,17721,690003,1219800
1262,911,957,1541364,17676,690960,1335900
1263,911,902,1540446,17692,691862,1200900
1264,857,899,1539554,17685,692761,1240200
1265,890,920,1538677,17642,693681,1207600
1266,891,910,1537801,17608,694591,1177700
1267,914,935,1536896,17578,695526,1233300
1268,868,925,1536039,17510,696451,1330800
1269,879,868,1535168,17513,697319,1198200
1270,890,909,1534246,17526,698228,1337100
1271,874,881,1533382,17509,699109,1273600
1272,903,928,1532468,17495,700037,1315000
1273,886,956,1531578,17429,700993,1391500
1274,851,908,1530745,17354,701901,1446200
1275,876,956,1529848,17295,702857,1442400
1276,897,878,1528952,17313,703735,1245900
1277,956,899,1528031,17335,704634,1431300
1278,906,892,1527107,17367,705526,1349400
1279,930,890,1526178,17406,706416,1294600
1280,928,890,1525248,17446,707306,1264600
1281,928,920,1524311,17463,708226,1348900
1282,895,881,1523408,17485,709107,1295200
1283,897,959,1522522,17412,710066,1295200
1284,890,905,1521613,17416,710971,1352400
1285,906,901,1520711,17417,711872,1311100
1286,857,855,1519872,17401,712727,1278700
1287,909,952,1518961,17360,713679,1261200
1288,955,957,1518001,17363,714636,1259000
1289,843,883,1517151,17330,715519,1216400
1290,937,861,1516264,17356,716380,1205300
1291,947,890,1515300,17430,717270,1357100
1292,921,905,1514359,17466,718175,1340900
1293,895,900,1513486,17439,719075,1249600
1294,855,881,1512587,17457,719956,1296600
1295,847,957,1511726,17361,720913,1171800
1296,936,874,1510827,17386,721787,1187200
1297,898,884,1509937,17392,722671,1246400
1298,927,943,1509007,17379,723614,1206900
1299,826,900,1508177,17309,724514,1148500
1300,863,866,1507312,17308,725380,1140000
1301,875,918,1506431,17271,726298,1229900
1302,918,918,1505520,17264,727216,1286200
1303,896,905,1504630,17249,728121,1339300
1304,913,920,1503735,17224,729041,1322700
1305,897,871,1502809,17279,729912,1194500
1306,956,860,1501846,17382,730772,1217100
1307,892,912,1500975,17341,731684,1106300
1308,892,900,1500072,17344,732584,1165600
1309,887,871,1499197,17348,733455,1165500
1310,910,917,1498259,17369,734372,1145400
1311,890,914,1497393,17321,735286,1163800
1312,884,896,1496497,17321,736182,1149200
1313,908,924,1495587,17307,737106,1155500
1314,966,945,1494629,17320,738051,1180500
1315,855,908,1493766,17275,738959,1160100
1316,934,867,1492857,17317,739826,1146500
1317,952,888,1491891,17395,740714,1214000
1318,937,883,1490967,17436,741597,1194500
1319,905,881,1490053,17469,742478,1218700
1320,863,931,1489171,17420,743409,1166700
1321,853,961,1488303,17327,744370,1122400
1322,859,891,1487480,17259,745261,1192800
1323,852,950,1486609,17180,746211,1155200
1324,827,873,1485760,17156,747084,1094500
1325,875,890,1484900,17126,747974,1065600
1326,890,895,1484013,17118,748869,1215600
1327,900,910,1483138,17083,749779,1131500
1328,891,859,1482246,17116,750638,1221000
1329,929,952,1481322,17088,751590,1308200
1330,945,918,1480383,17109,752508,1186900
1331,894,909,1479488,17095,753417,1206900
1332,936,904,1478511,17168,754321,1123800
1333,918,905,1477590,17184,755226,1077100
1334,890,896,1476727,17151,756122,1203500
1335,922,853,1475805,17220,756975,1116300
1336,877,868,1474927,17230,757843,1132100
1337,901,904,1474020,17233,758747,1246800
1338,918,859,1473092,17302,759606,1246300
1339,955,868,1472130,17396,760474,1339500
1340,912,871,1471235,17420,761345,1335700
1341,965,891,1470267,17497,762236,1258800
1342,980,917,1469303,17544,763153,1292200
1343,959,873,1468332,17642,764026,1396000
1344,934,890,1467408,17676,764916,1349400
1345,1005,963,1466407,17714,765879,1320100
1346,963,894,1465455,17772,766773,1386200
1347,884,942,1464545,17740,767715,1481100
1348,907,889,1463648,17748,768604,1315500
1349,940,913,1462717,17766,769517,1368700
1350,916,926,1461772,17785,770443,1185300
1351,993,982,1460825,17750,771425,1503900
1352,882,959,1459901,17715,772384,1249600
1353,915,904,1458980,17732,773288,1127000
1354,970,847,1458022,17843,774135,1223200
1355,924,990,1457080,17795,775125,1313400
1356,937,879,1456170,17826,776004,1166900
1357,1001,954,1455176,17866,776958,1153800
1358,899,936,1454275,17831,777894,1197300
1359,958,944,1453293,17869,778838,1139700
1360,950,986,1452338,17838,779824,1155100
1361,931,901,1451421,17854,780725,1135800
1362,912,919,1450493,17863,781644,1299000
1363,920,915,1449605,17836,782559,1290000
1364,944,930,1448676,17835,783489,1293500
1365,910,908,1447729,17874,784397,1168900
1366,926,956,1446813,17834,785353,1181100
1367,868,917,1445930,17800,786270,1214700
1368,908,885,1445027,17818,787155,1110200
1369,867,929,1444155,17761,788084,1252500
1370,895,915,1443258,17743,788999,1138500
1371,920,907,1442356,17738,789906,1115700
1372,879,869,1441468,17757,790775,1186800
1373,942,935,1440537,17753,791710,1271800
1374,904,969,1439637,17684,792679,1195800
1375,961,924,1438666,17731,793603,1366800
1376,918,929,1437749,17719,794532,1258600
1377,888,953,1436862,17653,795485,1147800
1378,944,903,1435927,17685,796388,1176300
1379,961,904,1434964,17744,797292,1244700
1380,976,913,1433983,17812,798205,1195000
1381,938,857,1433053,17885,799062,1084200
1382,928,935,1432125,17878,799997,1216800
1383,977,872,1431163,17968,800869,1274500
1384,983,920,1430170,18041,801789,1268900
1385,953,922,1429237,18052,802711,1249400
1386,895,952,1428332,18005,803663,1522300
1387,923,919,1427399,18019,804582,1200700
1388,877,932,1426504,17982,805514,1287600
1389,943,906,1425545,18035,806420,1270600
1390,968,929,1424606,18045,807349,1184700
1391,965,941,1423646,18064,808290,1123100
1392,911,960,1422716,18034,809250,1371200
1393,945,1013,1421778,17959,810263,1449500
1394,927,939,1420850,17948,811202,1193100
1395,910,947,1419966,17885,812149,1312300
1396,994,911,1418988,17952,813060,1331000
1397,941,902,1418010,18028,813962,1377800
1398,986,934,1417027,18077,814896,1384000
1399,999,960,1416021,18123,815856,1306900
1400,954,921,1415063,18160,816777,1198900
1401,928,924,1414135,18164,817701,1178100
1402,932,899,1413214,18186,818600,1296000
1403,920,915,1412283,18202,819515,1282300
1404,991,1005,1411314,18166,820520,1255800
1405,943,932,1410363,18185,821452,1219000
1406,915,874,1409442,18232,822326,1098500
1407,977,986,1408459,18229,823312,1151900
1408,965,988,1407503,18197,824300,1285300
1409,987,926,1406498,18276,825226,1207800
1410,930,913,1405570,18291,826139,1110600
1411,937,939,1404626,18296,827078,1231100
1412,934,928,1403698,18296,828006,1321400
1413,981,907,1402739,18348,828913,1140700
1414,967,955,1401773,18359,829868,1098500
1415,963,985,1400807,18340,830853,1223600
1416,927,937,1399876,18334,831790,1259100
1417,899,980,1398951,18279,832770,1186600
1418,906,969,1398055,18206,833739,1385000
1419,936,982,1397114,18165,834721,1263700
1420,901,951,1396215,18113,835672,1295400
1421,874,953,1395355,18020,836625,1245800
1422,916,882,1394436,18057,837507,1293300
1423,904,923,1393514,18056,838430,1197200
1424,891,935,1392618,18017,839365,1158300
1425,969,958,1391693,17984,840323,1327200
1426,937,922,1390749,18006,841245,1347400
1427,941,909,1389825,18021,842154,1409700
1428,941,978,1388852,18016,843132,1389300
1429,963,947,1387900,18021,844079,1419100
1430,913,942,1386968,18011,845021,1333000
1431,919,926,1386054,17999,845947,1616700
1432,859,951,1385201,17901,846898,1561800
1433,910,909,1384312,17881,847807,1773200
1434,920,919,1383380,17894,848726,1649700
1435,932,913,1382446,17915,849639,1399800
1436,937,955,1381483,17923,850594,1402800
1437,915,938,1380577,17891,851532,1503600
1438,825,935,1379725,17808,852467,1487900
1439,937,920,1378827,17786,853387,1402600
1440,960,877,1377863,17873,854264,1359400
1441,876,911,1376972,17853,855175,1351600
1442,885,932,1376102,17791,856107,1273500
1443,890,952,1375212,17729,857059,1303800
1444,889,896,1374300,17745,857955,1267400
1445,897,899,1373411,17735,858854,1466000
1446,924,903,1372531,17712,859757,1347800
1447,890,979,1371614,17650,860736,1412900
1448,913,898,1370704,17662,861634,1243500
1449,937,885,1369776,17705,862519,1197800
1450,887,912,1368875,17694,863431,1316900
1451,921,948,1367954,17667,864379,1321200
1452,870,879,1367075,17667,865258,1370900
1453,870,872,1366203,17667,866130,1559100
1454,888,912,1365322,17636,867042,1774500
1455,895,920,1364437,17601,867962,1496100
1456,871,934,1363545,17559,868896,1511600
1457,914,931,1362640,17533,869827,1425000
1458,895,964,1361731,17478,870791,1358400
1459,845,872,1360909,17428,871663,1216300
1460,893,893,1360003,17441,872556,1387600
1461,887,890,1359121,17433,873446,1294300
1462,869,966,1358237,17351,874412,1297000
1463,833,844,1357423,17321,875256,1384000
1464,879,897,1356549,17298,876153,1269200
1465,809,892,1355728,17227,877045,1401100
1466,890,909,1354834,17212,877954,1275400
1467,866,887,1353959,17200,878841,1144300
1468,884,916,1353078,17165,879757,1322000
1469,878,855,1352222,17166,880612,1228700
1470,853,887,1351357,17144,881499,1331000
1471,842,857,1350499,17145,882356,1248200
1472,826,811,1349675,17158,883167,1295200
1473,819,899,1348867,17067,884066,1223100
1474,835,888,1348012,17034,884954,1248200
1475,920,948,1347103,16995,885902,1176800
1476,885,872,1346237,16989,886774,1199400
1477,903,880,1345342,17004,887654,1211300
1478,908,871,1344449,17026,888525,1193800
1479,876,907,1343543,17025,889432,1139600
1480,909,950,1342624,16994,890382,1207300
1481,888,844,1341741,17033,891226,1200100
1482,861,878,1340871,17025,892104,1272900
1483,887,883,1340001,17012,892987,1303300
1484,828,908,1339162,16943,893895,1352900
1485,899,854,1338284,16967,894749,1355700
1486,884,970,1337385,16896,895719,1432500
1487,907,864,1336478,16939,896583,1440600
1488,846,888,1335625,16904,897471,1358300
1489,786,892,1334846,16791,898363,1426100
1490,871,842,1333964,16831,899205,1481400
1491,881,871,1333103,16821,900076,1723300
1492,865,914,1332193,16817,900990,1468100
1493,879,824,1331356,16830,901814,1420500
1494,880,845,1330474,16867,902659,1450300
1495,893,885,1329597,16859,903544,1291000
1496,814,856,1328740,16860,904400,1294200
1497,875,870,1327880,16850,905270,1328200
1498,835,877,1327043,16810,906147,1314800
1499,860,835,1326165,16853,906982,1197100
1500,854,929,1325339,16750,907911,1220900
1501,853,862,1324455,16772,908773,1220000
1502,852,840,1323641,16746,909613,1130400
1503,905,874,1322727,16786,910487,1097100
1504,896,884,1321824,16805,911371,1171300
1505,869,828,1320962,16839,912199,1288500
1506,867,883,1320072,16846,913082,1211600
1507,862,902,1319232,16784,913984,1133700
1508,849,845,1318381,16790,914829,1164000
1509,936,830,1317457,16884,915659,1199200
1510,877,851,1316567,16923,916510,1133100
1511,913,867,1315678,16945,917377,1155700
1512,905,898,1314757,16968,918275,1116900
1513,894,845,1313878,17002,919120,1158300
1514,874,884,1312984,17012,920004,1219900
1515,935,882,1312079,17035,920886,1133100
1516,905,873,1311161,17080,921759,1111100
1517,858,885,1310273,17083,922644,1199400
1518,933,880,1309374,17102,923524,1238500
1519,867,877,1308488,17111,924401,1181700
1520,892,893,1307573,17133,925294,1273200
1521,929,883,1306672,17151,926177,1155300
1522,876,854,1305788,17181,927031,1245800
1523,932,900,1304883,17186,927931,1293900
1524,907,895,1303968,17206,928826,1251200
1525,883,878,1303072,17224,929704,1272300
1526,893,863,1302201,17232,930567,1245300
1527,899,986,1301279,17168,931553,1235400
1528,894,916,1300417,17114,932469,1230600
1529,916,895,1299492,17144,933364,1218100
1530,895,863,1298558,17215,934227,1123400
1531,875,849,1297710,17214,935076,1134100
1532,912,849,1296795,17280,935925,1207200
1533,846,815,1295945,17315,936740,1131100
1534,857,874,1295092,17294,937614,1133000
1535,851,942,1294229,17215,938556,1186500
1536,848,905,1293373,17166,939461,1218700
1537,875,866,1292516,17157,940327,1186100
1538,885,861,1291625,17187,941188,1178400
1539,858,882,1290750,17180,942070,1186200
1540,906,927,1289882,17121,942997,21109700
1541,880,897,1288975,17131,943894,1836900
1542,897,908,1288111,17087,944802,1536000
1543,842,887,1287246,17065,945689,1485800
1544,850,871,1286412,17028,946560,1361400
1545,846,892,1285546,17002,947452,1448100
1546,887,867,1284671,17010,948319,1290500
1547,880,891,1283796,16994,949210,1297300
1548,885,821,1282881,17088,950031,1312100
1549,843,907,1282025,17037,950938,1260200
1550,901,873,1281161,17028,951811,1312400
1551,872,924,1280276,16989,952735,1200900
1552,911,914,1279374,16977,953649,1305300
1553,962,910,1278412,17029,954559,1269900
1554,892,902,1277523,17016,955461,1295500
1555,884,871,1276621,17047,956332,1321800
1556,827,871,1275792,17005,957203,1434300
1557,882,918,1274914,16965,958121,1127800
1558,852,864,1274054,16961,958985,1250800
1559,887,879,1273192,16944,959864,1338400
1560,845,885,1272328,16923,960749,1390400
1561,890,836,1271468,16947,961585,1208600
1562,984,914,1270498,17003,962499,1313300
1563,875,864,1269570,17067,963363,1251300
1564,859,881,1268730,17026,964244,1272700
1565,852,883,1267867,17006,965127,1123000
1566,820,866,1267028,16979,965993,1180900
1567,865,887,1266171,16949,966880,1389700
1568,844,855,1265353,16912,967735,1227500
1569,870,907,1264489,16869,968642,1190900
1570,838,856,1263623,16879,969498,1174800
1571,879,919,1262749,16834,970417,1391100
1572,913,877,1261861,16845,971294,1264400
1573,845,889,1260989,16828,972183,1331700
1574,868,865,1260149,16803,973048,1241500
1575,791,934,1259336,16682,973982,1254900
1576,821,914,1258503,16601,974896,1274400
1577,798,849,1257733,16522,975745,1232500
1578,785,818,1256922,16515,976563,1293000
1579,839,805,1256082,16550,977368,1448000
1580,859,880,1255234,16518,978248,1335500
1581,795,838,1254419,16495,979086,1347300
1582,884,865,1253567,16482,979951,1434800
1583,826,834,1252737,16478,980785,1296900
1584,880,816,1251865,16534,981601,1450300
1585,879,860,1250972,16567,982461,1275900
1586,855,888,1250101,16550,983349,1235900
1587,816,875,1249289,16487,984224,1203800
1588,853,841,1248429,16506,985065,1196300
1589,854,863,1247565,16507,985928,1332600
1590,776,883,1246803,16386,986811,1291600
1591,872,840,1245935,16414,987651,1201000
1592,835,849,1245104,16396,988500,1176300
1593,842,862,1244257,16381,989362,1124700
1594,814,840,1243439,16359,990202,1212800
1595,764,908,1242670,16220,991110,1423100
1596,821,858,1241847,16185,991968,1182100
1597,821,805,1241058,16169,992773,1207200
1598,794,813,1240235,16179,993586,1298400
1599,810,854,1239429,16131,994440,1271600
1600,845,855,1238598,16107,995295,1338200
1601,832,796,1237766,16143,996091,1272400
1602,824,860,1236927,16122,996951,1232200
1603,829,835,1236109,16105,997786,1213600
1604,843,813,1235261,16140,998599,1196200
1605,822,833,1234447,16121,999432,1243500
1606,824,846,1233617,16105,1000278,1430200
1607,784,899,1232847,15976,1001177,1444600
1608,803,830,1232048,15945,1002007,1432100
1609,796,818,1231237,15938,1002825,1321900
1610,819,843,1230409,15923,1003668,1376200
1611,837,876,1229584,15872,1004544,1251600
1612,817,912,1228742,15802,1005456,1296300
1613,827,836,1227943,15765,1006292,1398800
1614,764,842,1227168,15698,1007134,1377600
1615,851,828,1226328,15710,1007962,1220500
1616,822,849,1225516,15673,1008811,1105800
1617,856,833,1224663,15693,1009644,1111100
1618,812,833,1223839,15684,1010477,1056900
1619,816,821,1223019,15683,1011298,1067200
1620,810,807,1222203,15692,1012105,1022600
1621,818,817,1221407,15671,1012922,1059000
1622,746,784,1220624,15670,1013706,1058200
1623,803,795,1219852,15647,1014501,1131900
1624,836,842,1219008,15649,1015343,1097200
1625,848,837,1218156,15664,1016180,1208000
1626,860,835,1217297,15688,1017015,1214200
1627,799,816,1216490,15679,1017831,1238700
1628,814,783,1215692,15694,1018614,1379500
1629,799,792,1214878,15716,1019406,1168100
1630,847,834,1214030,15730,1020240,1295200
1631,799,861,1213248,15651,1021101,1221200
1632,813,814,1212432,15653,1021915,1239000
1633,846,804,1211563,15718,1022719,1143700
1634,799,776,1210771,15734,1023495,1082200
1635,796,853,1209983,15669,1024348,1045200
1636,749,772,1209214,15666,1025120,1131300
1637,766,900,1208451,15529,1026020,1068600
1638,814,753,1207633,15594,1026773,1102600
1639,801,837,1206855,15535,1027610,1185100
1640,810,782,1206019,15589,1028392,1046200
1641,795,807,1205226,15575,1029199,1076900
1642,810,844,1204411,15546,1030043,1144900
1643,841,829,1203625,15503,1030872,1150400
1644,820,849,1202755,15524,1031721,1104200
1645,784,826,1201987,15466,1032547,1234900
1646,767,812,1201229,15412,1033359,1265900
1647,835,761,1200394,15486,1034120,1164700
1648,765,755,1199596,15529,1034875,1080000
1649,758,834,1198844,15447,1035709,1058700
1650,803,831,1198045,15415,1036540,1087000
1651,782,817,1197267,15376,1037357,1162400
1652,810,794,1196452,15397,1038151,1182200
1653,835,770,1195631,15448,1038921,1082900
1654,865,841,1194795,15443,1039762,1114900
1655,798,799,1193973,15466,1040561,1127800
1656,753,806,1193207,15426,1041367,1343900
1657,799,797,1192417,15419,1042164,1190700
1658,800,805,1191647,15384,1042969,1303700
1659,808,794,1190797,15440,1043763,1184200
1660,787,790,1190010,15437,1044553,1169300
1661,764,776,1189246,15425,1045329,1224600
1662,776,795,1188473,15403,1046124,1176700
1663,781,796,1187680,15400,1046920,1230300
1664,814,842,1186859,15379,1047762,1123800
1665,767,811,1186097,15330,1048573,1050900
1666,828,783,1185308,15336,1049356,1089700
1667,736,806,1184554,15284,1050162,1073000
1668,790,803,1183781,15254,1050965,1052000
1669,775,865,1182988,15182,1051830,1173700
1670,770,773,1182209,15188,1052603,1144400
1671,791,805,1181409,15183,1053408,1125000
1672,815,783,1180602,15207,1054191,1161900
1673,774,763,1179809,15237,1054954,1154200
1674,788,802,1179049,15195,1055756,1149300
1675,761,766,1178280,15198,1056522,1262100
1676,752,790,1177539,15149,1057312,1234300
1677,802,839,1176732,15117,1058151,1244100
1678,762,749,1175959,15141,1058900,1238500
1679,741,831,1175222,15047,1059731,1223700
1680,814,777,1174405,15087,1060508,1119000
1681,809,830,1173607,15055,1061338,1292200
1682,744,738,1172834,15090,1062076,1320800
1683,816,802,1172055,15067,1062878,1115200
1684,819,809,1171228,15085,1063687,1213500
1685,837,764,1170400,15149,1064451,1286500
1686,738,731,1169665,15153,1065182,1168300
1687,828,821,1168835,15162,1066003,1242700
1688,754,760,1168043,15194,1066763,1082200
1689,798,758,1167257,15222,1067521,1199300
1690,802,793,1166448,15238,1068314,1110500
1691,814,766,1165658,15262,1069080,1112700
1692,829,802,1164846,15272,1069882,1132500
1693,809,783,1164013,15322,1070665,1118500
1694,816,767,1163205,15363,1071432,1326400
1695,837,800,1162372,15396,1072232,1182000
1696,797,841,1161562,15365,1073073,1198400
1697,822,772,1160759,15396,1073845,1240400
1698,876,761,1159912,15482,1074606,1133300
1699,842,783,1159052,15559,1075389,1102400
1700,818,839,1158219,15553,1076228,1119600
1701,800,822,1157424,15526,1077050,1014000
1702,831,804,1156580,15566,1077854,1140500
1703,814,808,1155765,15573,1078662,1080700
1704,750,839,1154982,15517,1079501,1080800
1705,789,866,1154230,15403,1080367,1066400
1706,777,776,1153446,15411,1081143,1017600
1707,800,842,1152626,15389,1081985,1119200
1708,792,799,1151854,15362,1082784,1066300
1709,788,756,1151081,15379,1083540,1177800
1710,803,826,1150255,15379,1084366,1152800
1711,774,825,1149490,15319,1085191,1051600
1712,831,818,1148657,15334,1086009,1094200
1713,731,823,1147926,15242,1086832,1146100
1714,760,793,1147132,15243,1087625,1131400
1715,742,855,1146415,15105,1088480,1115900
1716,729,815,1145660,15045,1089295,1153800
1717,765,812,1144923,14970,1090107,1159400
1718,769,793,1144161,14939,1090900,1166500
1719,777,761,1143372,14967,1091661,1133100
1720,798,731,1142567,15041,1092392,1202300
1721,831,786,1141763,15059,1093178,1135400
1722,789,777,1140962,15083,1093955,1168100
1723,766,778,1140185,15082,1094733,1383600
1724,778,816,1139422,15029,1095549,1341100
1725,768,819,1138654,14978,1096368,1427700
1726,727,806,1137918,14908,1097174,1397000
1727,800,758,1137120,14948,1097932,1507500
1728,757,788,1136370,14910,1098720,1592200
1729,719,731,1135637,14912,1099451,1656900
1730,762,785,1134887,14877,1100236,1490100
1731,761,829,1134099,14836,1101065,1417500
1732,775,746,1133352,14837,1101811,1400100
1733,787,766,1132569,14854,1102577,1622600
1734,773,758,1131797,14868,1103335,1454700
1735,756,766,1131024,14875,1104101,1479500
1736,751,743,1130286,14870,1104844,1494600
1737,775,825,1129503,14828,1105669,1425500
1738,801,760,1128708,14863,1106429,1352600
1739,744,813,1127972,14786,1107242,1405300
1740,710,725,1127242,14791,1107967,1513500
1741,729,772,1126519,14742,1108739,1281800
1742,750,741,1125775,14745,1109480,1305200
1743,759,772,1125009,14739,1110252,1415500
1744,685,763,1124314,14671,1111015,1383800
1745,766,777,1123560,14648,1111792,1413200
1746,730,775,1122817,14616,1112567,1404700
1747,697,766,1122124,14543,1113333,1303400
1748,741,731,1121388,14548,1114064,1320000
1749,775,777,1120642,14517,1114841,1336200
1750,697,748,1119896,14515,1115589,1337000
1751,740,756,1119172,14483,1116345,1640800
1752,760,753,1118442,14460,1117098,1381300
1753,793,761,1117629,14512,1117859,1404400
1754,750,765,1116881,14495,1118624,1312000
1755,841,728,1116075,14573,1119352,1488400
1756,745,744,1115276,14628,1120096,1652500
1757,799,788,1114513,14603,1120884,1428700
1758,754,719,1113733,14664,1121603,1269700
1759,820,746,1112925,14726,1122349,1430300
1760,733,822,1112174,14655,1123171,1359400
1761,766,764,1111409,14656,1123935,1319900
1762,801,737,1110637,14691,1124672,1544300
1763,734,784,1109886,14658,1125456,1585000
1764,740,665,1109129,14750,1126121,1429900
1765,755,742,1108428,14709,1126863,1462700
1766,733,786,1107651,14700,1127649,1297900
1767,749,715,1106900,14736,1128364,1423600
1768,722,755,1106184,14697,1129119,1474500
1769,721,828,1105463,14590,1129947,1383600
1770,731,733,1104739,14581,1130680,1562100
1771,770,748,1103984,14588,1131428,1393200
1772,796,719,1103166,14687,1132147,1340800
1773,792,773,1102400,14680,1132920,1510200
1774,761,768,1101645,14667,1133688,1398600
1775,743,720,1100890,14702,1134408,1574400
1776,763,827,1100109,14656,1135235,1422300
1777,796,756,1099332,14677,1135991,1384700
1778,743,778,1098570,14661,1136769,1410300
1779,762,770,1097808,14653,1137539,1621200
1780,744,775,1097073,14613,1138314,1419700
1781,713,786,1096315,14585,1139100,1455700
1782,767,785,1095590,14525,1139885,1480400
1783,773,751,1094806,14558,1140636,1493200
1784,704,765,1094102,14497,1141401,1317000
1785,780,774,1093333,14492,1142175,1360500
1786,733,746,1092594,14485,1142921,1451300
1787,747,740,1091838,14501,1143661,1428000
1788,696,775,1091147,14417,1144436,1399600
1789,755,765,1090388,14411,1145201,1438300
1790,711,772,1089679,14348,1145973,1369800
1791,747,763,1088933,14331,1146736,1286600
1792,692,771,1088218,14275,1147507,1242300
1793,751,686,1087496,14311,1148193,1339500
1794,746,736,1086734,14337,1148929,1392800
1795,750,729,1086008,14334,1149658,1309700
1796,722,715,1085275,14352,1150373,1345900
1797,736,745,1084526,14356,1151118,1322800
1798,700,784,1083832,14266,1151902,1399300
1799,745,713,1083086,14299,1152615,1361400
1800,693,726,1082396,14263,1153341,1501900
1801,779,785,1081629,14245,1154126,1369600
1802,698,729,1080931,14214,1154855,1409700
1803,749,708,1080192,14245,1155563,1495300
1804,769,726,1079410,14301,1156289,1408900
1805,732,764,1078711,14236,1157053,1537600
1806,741,769,1077934,14244,1157822,1388000
1807,772,704,1077165,14309,1158526,1264300
1808,756,731,1076401,14342,1159257,1316700
1809,763,745,1075630,14368,1160002,1562600
1810,736,737,1074912,14349,1160739,1569700
1811,696,760,1074194,14307,1161499,1613200
1812,766,719,1073435,14347,1162218,1498600
1813,769,749,1072660,14373,1162967,1446300
1814,730,745,1071942,14346,1163712,1707900
1815,780,750,1071164,14374,1164462,1342500
1816,787,778,1070389,14371,1165240,1345600
1817,800,773,1069585,14402,1166013,1413100
1818,770,753,1068833,14401,1166766,1234200
1819,755,761,1068070,14403,1167527,1305300
1820,741,735,1067313,14425,1168262,1346800
1821,705,724,1066596,14418,1168986,1442600
1822,727,741,1065895,14378,1169727,1490700
1823,768,761,1065120,14392,1170488,1360900
1824,712,754,1064378,14380,1171242,1263600
1825,729,768,1063657,14333,1172010,1395500
1826,753,754,1062949,14287,1172764,1364900
1827,714,722,1062214,14300,1173486,1389500
1828,753,734,1061474,14306,1174220,1263000
1829,687,702,1060760,14318,1174922,1275200
1830,750,806,1060014,14258,1175728,1285400
1831,767,730,1059277,14265,1176458,1263900
1832,735,728,1058503,14311,1177186,1315900
1833,705,735,1057806,14273,1177921,1256400
1834,706,749,1057097,14233,1178670,1614000
1835,741,687,1056360,14283,1179357,1496500
1836,737,746,1055630,14267,1180103,1249400
1837,768,741,1054862,14294,1180844,1294500
1838,727,709,1054119,14328,1181553,1235300
1839,744,765,1053361,14321,1182318,1238700
1840,777,759,1052624,14299,1183077,1160900
1841,792,712,1051836,14375,1183789,1248900
1842,742,782,1051068,14361,1184571,1243900
1843,731,756,1050340,14333,1185327,1313700
1844,732,762,1049615,14296,1186089,1454200
1845,723,725,1048887,14299,1186814,1298200
1846,749,729,1048153,14304,1187543,1360800
1847,710,709,1047413,14335,1188252,1606400
1848,768,722,1046677,14349,1188974,1316800
1849,737,798,1045935,14293,1189772,1297400
1850,719,722,1045222,14284,1190494,1237100
1851,751,752,1044461,14293,1191246,1362200
1852,687,763,1043765,14226,1192009,1250000
1853,659,723,1043095,14173,1192732,1202000
1854,710,681,1042382,14205,1193413,1304000
1855,688,732,1041719,14136,1194145,1325200
1856,699,768,1041008,14079,1194913,1246400
1857,714,721,1040292,14074,1195634,1184700
1858,705,724,1039576,14066,1196358,1371600
1859,691,825,1038901,13916,1197183,1277800
1860,685,743,1038203,13871,1197926,1298900
1861,720,703,1037493,13878,1198629,1296200
1862,722,721,1036774,13876,1199350,1278300
1863,714,701,1036049,13900,1200051,1266400
1864,682,689,1035361,13899,1200740,1311200
1865,703,752,1034654,13854,1201492,1247700
1866,732,721,1033935,13852,1202213,1165800
1867,726,721,1033207,13859,1202934,1336800
1868,684,719,1032513,13834,1203653,1375200
1869,720,739,1031805,13803,1204392,1262800
1870,716,756,1031085,13767,1205148,1176600
1871,780,691,1030320,13841,1205839,1295900
1872,787,683,1029523,13955,1206522,1318900
1873,730,717,1028795,13966,1207239,1222800
1874,749,709,1028034,14018,1207948,1286000
1875,760,684,1027282,14086,1208632,1216700
1876,747,706,1026530,14132,1209338,1190800
1877,745,699,1025801,14162,1210037,1301100
1878,716,783,1025070,14110,1210820,1253500
1879,735,758,1024353,14069,1211578,1236600
1880,743,745,1023599,14078,1212323,1341200
1881,751,719,1022862,14096,1213042,1273800
1882,669,745,1022164,14049,1213787,1388300
1883,710,673,1021469,14071,1214460,1362700
1884,742,756,1020729,14055,1215216,1275600
1885,674,735,1020054,13995,1215951,1320200
1886,658,747,1019379,13923,1216698,1268900
1887,661,699,1018733,13870,1217397,1160900
1888,666,722,1018048,13833,1218119,1292800
1889,667,682,1017382,13817,1218801,1248900
1890,686,744,1016709,13746,1219545,1245500
1891,689,668,1016010,13777,1220213,1311000
1892,660,736,1015354,13697,1220949,1198400
1893,660,741,1014686,13624,1221690,1575900
1894,692,690,1013996,13624,1222380,1471800
1895,727,716,1013296,13608,1223096,1396500
1896,690,750,1012563,13591,1223846,1193300
1897,696,712,1011880,13562,1224558,1253400
1898,661,641,1011207,13594,1225199,1453900
1899,731,709,1010522,13570,1225908,1319400
1900,716,754,1009794,13544,1226662,1252500
1901,680,715,1009104,13519,1227377,1246100
1902,689,657,1008415,13551,1228034,1281600
1903,708,724,1007702,13540,1228758,1277700
1904,686,692,1007020,13530,1229450,1176900
1905,674,716,1006335,13499,1230166,1494800
1906,716,724,1005634,13476,1230890,1274900
1907,632,676,1005001,13433,1231566,1256200
1908,640,669,1004365,13400,1232235,1136200
1909,648,719,1003693,13353,1232954,1174300
1910,675,674,1003043,13329,1233628,1228500
1911,671,691,1002350,13331,1234319,1293000
1912,649,666,1001709,13306,1234985,1246800
1913,653,684,1001063,13268,1235669,1240800
1914,659,670,1000403,13258,1236339,1222000
1915,674,700,999726,13235,1237039,1262400
1916,661,703,999053,13205,1237742,1334300
1917,680,714,998375,13169,1238456,1258800
1918,684,659,997700,13185,1239115,1204900
1919,686,675,997032,13178,1239790,1223300
1920,696,688,996331,13191,1240478,1339100
1921,689,703,995632,13187,1241181,1305000
1922,651,682,994984,13153,1241863,1111900
1923,672,629,994308,13200,1242492,1258700
1924,595,712,993691,13105,1243204,1338100
1925,678,672,993029,13095,1243876,1233400
1926,660,655,992397,13072,1244531,1120600
1927,682,672,991700,13097,1245203,1101700
1928,667,711,991030,13056,1245914,1115400
1929,685,656,990332,13098,1246570,1378800
1930,634,666,989679,13085,1247236,1260900
1931,682,663,989043,13058,1247899,1140900
1932,644,721,988392,12988,1248620,1179700
1933,678,676,987692,13012,1249296,1158100
1934,638,661,987069,12974,1249957,1140900
1935,625,704,986437,12902,1250661,1102300
1936,624,678,985800,12861,1251339,1010000
1937,636,638,985163,12860,1251977,1101900
1938,660,724,984490,12809,1252701,1323800
1939,581,663,983930,12706,1253364,1254300
1940,622,679,983307,12650,1254043,1178600
1941,614,643,982687,12627,1254686,1053600
1942,606,675,982088,12551,1255361,1129100
1943,625,666,981467,12506,1256027,1189700
1944,646,656,980827,12490,1256683,1113200
1945,650,672,980163,12482,1257355,1126000
1946,624,607,979546,12492,1257962,1027000
1947,621,693,978925,12420,1258655,1158000
1948,612,620,978322,12403,1259275,1229400
1949,613,651,977697,12377,1259926,1096500
1950,603,614,977090,12370,1260540,1053400
1951,623,613,976480,12367,1261153,1088900
1952,637,650,975837,12360,1261803,1090100
1953,571,644,975261,12292,1262447,1066000
1954,635,656,974615,12282,1263103,1278700
1955,593,670,974025,12202,1263773,1297700
1956,651,625,973411,12191,1264398,1350600
1957,627,644,972755,12203,1265042,1156300
1958,660,621,972097,12240,1265663,1142900
1959,696,632,971410,12295,1266295,1064200
1960,668,627,970743,12335,1266922,1061500
1961,666,675,970072,12331,1267597,1091000
1962,601,605,969467,12331,1268202,1176400
1963,683,623,968792,12383,1268825,1351400
1964,668,648,968102,12425,1269473,1128700
1965,703,633,967424,12470,1270106,1124500
1966,646,669,966758,12467,1270775,1093500
1967,623,648,966138,12439,1271423,1149900
1968,638,662,965503,12412,1272085,1151100
1969,681,623,964836,12456,1272708,1152200
1970,642,644,964179,12469,1273352,1112300
1971,710,651,963499,12498,1274003,1141600
1972,669,635,962811,12551,1274638,1159900
1973,632,636,962201,12525,1275274,1135100
1974,643,698,961540,12488,1275972,1172300
1975,616,645,960925,12458,1276617,1142800
1976,609,646,960314,12423,1277263,1158000
1977,630,629,959674,12434,1277892,1130300
1978,589,624,959076,12408,1278516,1118800
1979,625,621,958477,12386,1279137,1195500
1980,628,682,957828,12353,1279819,1165500
1981,607,630,957219,12332,1280449,1261900
1982,684,636,956554,12361,1281085,1188000
1983,616,643,955920,12352,1281728,1194700
1984,639,638,955285,12349,1282366,1054000
1985,614,639,954662,12333,1283005,1138500
1986,619,599,954055,12341,1283604,1145700
1987,605,647,953461,12288,1284251,1147100
1988,588,634,952865,12250,1284885,1106100
1989,644,643,952221,12251,1285528,1071300
1990,570,643,951624,12205,1286171,1155900
1991,606,598,951034,12197,1286769,1121500
1992,636,695,950397,12139,1287464,1132200
1993,618,641,949788,12107,1288105,1160400
1994,652,646,949149,12100,1288751,1229200
1995,624,629,948517,12103,1289380,1162900
1996,624,617,947864,12139,1289997,1242900
1997,668,631,947236,12136,1290628,1199500
1998,623,606,946589,12177,1291234,1294200
1999,599,634,945985,12147,1291868,1283400
2000,682,610,945314,12208,1292478,1222800
2001,602,646,944709,12167,1293124,1180700
2002,643,615,944087,12174,1293739,1189700
2003,646,599,943432,12230,1294338,1555600
2004,673,599,942733,12330,1294937,1276000
2005,641,653,942141,12269,1295590,1204900
2006,605,704,941498,12208,1296294,1192800
2007,630,659,940865,12182,1296953,1138800
2008,604,653,940249,12145,1297606,1231000
2009,628,654,939641,12099,1298260,1253000
2010,638,629,939031,12080,1298889,1240800
2011,648,653,938354,12104,1299542,1247800
2012,676,638,937692,12128,1300180,1205500
2013,645,678,937015,12127,1300858,1185000
2014,643,624,936390,12128,1301482,1212000
2015,613,638,935771,12109,1302120,1234200
2016,622,632,935145,12103,1302752,1164100
2017,583,625,934553,12070,1303377,1119800
2018,549,656,933999,11968,1304033,1137500
2019,573,636,933422,11909,1304669,1140500
2020,572,644,932865,11822,1305313,1208300
2021,602,603,932287,11797,1305916,1218700
2022,576,579,931702,11803,1306495,1187000
2023,588,675,931103,11727,1307170,1150800
2024,549,649,930564,11617,1307819,1233100
2025,567,618,929979,11584,1308437,1149500
2026,585,588,929406,11569,1309025,1137300
2027,544,594,928844,11537,1309619,1181700
2028,603,586,928258,11537,1310205,1225500
2029,583,605,927675,11515,1310810,1268600
2030,556,592,927109,11489,1311402,1164400
2031,535,598,926559,11441,1312000,1147500
2032,586,540,925997,11463,1312540,1155400
2033,593,576,925406,11478,1313116,1216100
2034,599,577,924811,11496,1313693,1231000
2035,584,618,924209,11480,1314311,1346300
2036,655,606,923591,11492,1314917,1172400
2037,658,582,922932,11569,1315499,1185100
2038,615,578,922300,11623,1316077,1181300
2039,557,581,921739,11603,1316658,1228200
2040,622,572,921118,11652,1317230,1183600
2041,594,576,920530,11664,1317806,1220600
2042,576,610,919935,11649,1318416,1145800
2043,597,616,919357,11611,1319032,1227300
2044,586,642,918757,11569,1319674,1152200
2045,575,568,918178,11580,1320242,1200500
2046,628,590,917574,11594,1320832,1152700
2047,578,585,916977,11606,1321417,1274900
2048,570,599,916411,11573,1322016,1166600
2049,530,631,915870,11483,1322647,1266600
2050,609,607,915287,11459,1323254,1242100
2051,595,610,914671,11465,1323864,1174000
2052,597,599,914083,11454,1324463,1117800
2053,617,622,913455,11460,1325085,1150600
2054,541,567,912901,11447,1325652,1309200
2055,563,570,912361,11417,1326222,1272400
2056,574,564,911776,11438,1326786,1222100
2057,592,593,911203,11418,1327379,1208800
2058,626,595,910567,11459,1327974,1248800
2059,617,591,909952,11483,1328565,1141700
2060,598,617,909339,11479,1329182,1100500
2061,585,613,908762,11443,1329795,1043200
2062,596,607,908162,11436,1330402,1192700
2063,601,578,907575,11445,1330980,1165800
2064,584,579,906993,11448,1331559,1102000
2065,552,583,906414,11444,1332142,1138100
2066,598,593,905846,11419,1332735,1027700
2067,611,633,905244,11388,1333368,1107600
2068,584,566,904634,11432,1333934,1068200
2069,538,590,904096,11380,1334524,1019200
2070,527,554,903573,11349,1335078,1108100
2071,561,583,903012,11327,1335661,1052600
2072,519,591,902472,11276,1336252,1103200
2073,566,568,901936,11244,1336820,1129800
2074,565,603,901342,11235,1337423,1124700
2075,556,565,900794,11218,1337988,1205500
2076,564,580,900242,11190,1338568,1067100
2077,543,558,899686,11188,1339126,1100700
2078,538,574,899146,11154,1339700,1066900
2079,535,579,898598,11123,1340279,1139500
2080,550,593,898065,11063,1340872,1144000
2081,526,571,897548,11009,1341443,1076100
2082,562,557,896984,11016,1342000,1138100
2083,569,569,896400,11031,1342569,1087400
2084,577,558,895846,11027,1343127,1165200
2085,600,602,895237,11034,1343729,1039500
2086,573,554,894665,11052,1344283,1027000
2087,584,571,894102,11044,1344854,1125800
2088,605,611,893485,11050,1345465,1228500
2089,635,580,892843,11112,1346045,1136100
2090,541,522,892307,11126,1346567,1100600
2091,629,577,891693,11163,1347144,1204000
2092,608,596,891084,11176,1347740,1139300
2093,561,580,890499,11181,1348320,1091200
2094,572,594,889923,11163,1348914,1098000
2095,581,580,889338,11168,1349494,1101900
2096,577,570,888788,11148,1350064,1028000
2097,590,586,888193,11157,1350650,1083700
2098,578,613,887606,11131,1351263,1110000
2099,635,573,886986,11178,1351836,1032900
2100,555,555,886427,11182,1352391,1129400
2101,573,582,885839,11188,1352973,1209300
2102,597,611,885250,11166,1353584,1110800
2103,542,561,884693,11162,1354145,1066100
2104,558,582,884141,11132,1354727,1051800
2105,612,632,883543,11098,1355359,1024000
2106,656,578,882910,11153,1355937,1162400
2107,600,641,882294,11128,1356578,1099400
2108,518,544,881741,11137,1357122,1081400
2109,581,574,881175,11129,1357696,1345300
2110,526,602,880646,11056,1358298,1269900
2111,541,588,880107,11007,1358886,1174400
2112,553,550,879570,10994,1359436,1061000
2113,557,565,878990,11009,1360001,1074000
2114,585,573,878411,11015,1360574,1060400
2115,559,593,877855,10978,1361167,1685800
2116,529,568,877325,10940,1361735,1163000
2117,572,573,876748,10944,1362308,1257200
2118,550,583,876213,10896,1362891,1127900
2119,565,546,875639,10924,1363437,1100400
2120,587,559,875059,10945,1363996,1058500
2121,611,601,874442,10961,1364597,1131800
2122,597,573,873842,10988,1365170,1151900
2123,522,597,873318,10915,1365767,1347100
2124,576,608,872765,10860,1366375,1067800
2125,559,575,872190,10860,1366950,1101400
2126,514,584,871675,10791,1367534,1210600
2127,541,553,871120,10793,1368087,1268700
2128,554,603,870571,10739,1368690,1289100
2129,562,560,870024,10726,1369250,1184200
2130,530,533,869489,10728,1369783,1188000
2131,564,548,868944,10725,1370331,1068900
2132,555,589,868353,10727,1370920,1114700
2133,528,554,867813,10713,1371474,1180000
2134,545,529,867276,10721,1372003,1173700
2135,559,540,866730,10727,1372543,1237600
2136,510,553,866230,10674,1373096,1120900
2137,555,560,865668,10676,1373656,1076700
2138,497,550,865161,10633,1374206,1027000
2139,580,568,864600,10626,1374774,1042700
2140,548,577,864040,10609,1375351,1118800
2141,541,559,863487,10603,1375910,1318800
2142,554,543,862958,10589,1376453,1180000
2143,532,523,862408,10616,1376976,1167000
2144,541,570,861866,10588,1377546,1107100
2145,540,532,861335,10587,1378078,1109600
2146,547,553,860784,10585,1378631,1126800
2147,559,533,860234,10602,1379164,1153100
2148,547,530,859688,10618,1379694,1108500
2149,544,544,859144,10618,1380238,1071100
2150,515,557,858608,10597,1380795,1081200
2151,531,533,858111,10561,1381328,1047800
2152,568,585,857524,10563,1381913,1074600
2153,528,573,856994,10520,1382486,1142900
2154,566,540,856440,10534,1383026,1091500
2155,575,569,855846,10559,1383595,1236700
2156,597,564,855273,10568,1384159,1143900
2157,541,529,854713,10599,1384688,1065700
2158,547,568,854174,10570,1385256,1031700
2159,558,526,853629,10589,1385782,1089600
2160,516,541,853073,10604,1386323,1080100
2161,520,532,852578,10567,1386855,1094700
2162,555,565,852040,10540,1387420,1079300
2163,535,531,851488,10561,1387951,1025200
2164,558,566,850936,10547,1388517,1110400
2165,522,615,850407,10461,1389132,1148100
2166,547,514,849852,10502,1389646,1150600
2167,529,561,849319,10474,1390207,1195700
2168,518,566,848826,10401,1390773,1318100
2169,547,535,848270,10422,1391308,1612400
2170,469,538,847785,10369,1391846,1507100
2171,490,529,847283,10342,1392375,1230600
2172,542,539,846766,10320,1392914,1156000
2173,529,527,846224,10335,1393441,1209500
2174,513,509,845730,10320,1393950,1288700
2175,539,539,845188,10323,1394489,1102900
2176,524,543,844649,10319,1395032,1063900
2177,506,518,844144,10306,1395550,1101200
2178,557,527,843608,10315,1396077,1291000
2179,490,523,843092,10308,1396600,1116700
2180,557,528,842556,10316,1397128,1136500
2181,546,544,842014,10314,1397672,1286600
2182,520,553,841466,10309,1398225,1117900
2183,541,533,840929,10313,1398758,1113500
2184,542,560,840401,10281,1399318,1292800
2185,524,540,839855,10287,1399858,1407900
2186,538,507,839340,10295,1400365,1181100
2187,534,541,838804,10290,1400906,1098400
2188,523,550,838276,10268,1401456,1119800
2189,572,550,837719,10275,1402006,1108300
2190,503,512,837199,10283,1402518,1241000
2191,571,548,836649,10285,1403066,1190500
2192,489,510,836126,10298,1403576,1178100
2193,552,539,835586,10299,1404115,1272400
2194,556,575,835044,10266,1404690,1182300
2195,474,501,834532,10277,1405191,1175000
2196,507,553,834029,10227,1405744,1175000
2197,546,546,833500,10210,1406290,1165200
2198,554,529,832947,10234,1406819,1298300
2199,533,574,832419,10188,1407393,1409000
2200,562,493,831869,10245,1407886,1319800
2201,559,568,831287,10259,1408454,1377600
2202,527,527,830768,10251,1408981,1311100
2203,551,573,830209,10237,1409554,1301200
2204,570,549,829638,10259,1410103,1361800
2205,518,555,829124,10218,1410658,1350800
2206,563,516,828570,10256,1411174,1292700
2207,559,555,828032,10239,1411729,1411700
2208,493,528,827511,10232,1412257,1233600
2209,553,550,826959,10234,1412807,1407400
2210,543,565,826424,10204,1413372,1729500
2211,596,525,825822,10281,1413897,1576800
2212,528,577,825310,10216,1414474,1573700
2213,525,449,824783,10294,1414923,1450100
2214,496,534,824286,10257,1415457,1565800
2215,529,527,823740,10276,1415984,1583800
2216,501,572,823230,10214,1416556,1525200
2217,550,543,822708,10193,1417099,1380600
2218,539,541,822156,10204,1417640,1283500
2219,545,581,821611,10168,1418221,1247800
2220,510,479,821109,10191,1418700,1240900
2221,517,547,820579,10174,1419247,1150700
2222,585,535,820010,10208,1419782,1247200
2223,528,495,819475,10248,1420277,1123100
2224,527,481,818943,10299,1420758,1081400
2225,529,526,818405,10311,1421284,1097600
2226,555,524,817870,10322,1421808,1260700
2227,523,523,817342,10327,1422331,1070700
2228,541,569,816804,10296,1422900,1188400
2229,539,544,816251,10305,1423444,1317100
2230,515,538,815742,10276,1423982,1208000
2231,534,517,815213,10288,1424499,1283400
2232,502,502,814705,10294,1425001,1101100
2233,527,562,814169,10268,1425563,1082000
2234,532,507,813668,10262,1426070,1119200
2235,559,560,813082,10288,1426630,1022300
2236,526,504,812559,10307,1427134,1028900
2237,523,529,812042,10295,1427663,1031900
2238,545,493,811494,10350,1428156,1157300
2239,512,531,810980,10333,1428687,1166800
2240,483,533,810477,10303,1429220,1120000
2241,515,499,810004,10277,1429719,1235900
2242,509,525,809480,10276,1430244,1094400
2243,525,548,808939,10269,1430792,1018000
2244,477,479,808454,10275,1431271,1084600
2245,515,529,807961,10239,1431800,1062400
2246,542,546,807416,10238,1432346,1059900
2247,549,542,806877,10235,1432888,1001100
2248,569,536,806304,10272,1433424,1021300
2249,533,506,805797,10273,1433930,1078000
2250,522,544,805248,10278,1434474,1097500
2251,571,535,804679,10312,1435009,1015100
2252,562,486,804119,10386,1435495,1023500
2253,525,499,803583,10423,1435994,1005300
2254,531,584,803063,10359,1436578,1008100
2255,512,518,802554,10350,1437096,1048700
2256,521,537,802013,10354,1437633,989400
2257,548,532,801492,10343,1438165,950900
2258,548,488,800937,10410,1438653,984100
2259,496,552,800424,10371,1439205,1125200
2260,556,530,799875,10390,1439735,1035400
2261,552,544,799324,10397,1440279,994100
2262,511,537,798811,10373,1440816,1001900
2263,528,544,798294,10346,1441360,1016200
2264,522,564,797779,10297,1441924,1047300
2265,508,538,797246,10292,1442462,1031600
2266,505,523,796754,10261,1442985,1007000
2267,522,556,796219,10240,1443541,1016400
2268,489,523,795721,10215,1444064,1033700
2269,509,508,795218,10210,1444572,1046400
2270,535,526,794694,10208,1445098,1068700
2271,535,562,794156,10184,1445660,1043400
2272,539,557,793603,10180,1446217,1029100
2273,470,550,793133,10100,1446767,1042700
2274,498,508,792647,10078,1447275,1072900
2275,499,542,792142,10041,1447817,1108600
2276,503,515,791629,10039,1448332,1001900
2277,507,489,791149,10030,1448821,1206500
2278,536,529,790605,10045,1449350,1080900
2279,544,496,790039,10115,1449846,1089500
2280,504,532,789555,10067,1450378,1024800
2281,508,483,789050,10089,1450861,1070200
2282,493,504,788568,10067,1451365,1042200
2283,465,498,788085,10052,1451863,1068500
2284,512,548,787570,10019,1452411,1044500
2285,502,541,787072,9976,1452952,1088600
2286,534,548,786533,9967,1453500,1052400
2287,532,521,786009,9970,1454021,1063200
2288,495,548,785508,9923,1454569,1197700
2289,482,496,785023,9912,1455065,1063700
2290,528,501,784510,9924,1455566,1024200
2291,485,527,784021,9886,1456093,1011400
2292,476,520,783532,9855,1456613,1057400
2293,504,476,783018,9893,1457089,1009500
2294,468,510,782560,9841,1457599,1159400
2295,537,503,782040,9858,1458102,1107000
2296,548,488,781498,9912,1458590,1055900
2297,505,471,780987,9952,1459061,1072000
2298,537,484,780463,9992,1459545,1037700
2299,562,495,779894,10066,1460040,1160900
2300,566,502,779315,10143,1460542,1142200
2301,565,515,778768,10175,1461057,1091200
2302,486,530,778249,10164,1461587,1043700
2303,547,513,777716,10184,1462100,1122100
2304,548,507,777184,10209,1462607,1025000
2305,562,519,776613,10261,1463126,1079000
2306,527,547,776094,10233,1463673,1054100
2307,500,528,775594,10205,1464201,1103300
2308,530,571,775040,10188,1464772,1194700
2309,540,528,774524,10176,1465300,1102400
2310,552,512,773947,10241,1465812,1206600
2311,527,577,773414,10197,1466389,1121500
2312,527,504,772904,10203,1466893,1228300
2313,516,499,772387,10221,1467392,1104100
2314,532,529,771861,10218,1467921,1137000
2315,529,525,771327,10227,1468446,1148100
2316,529,536,770798,10220,1468982,1210000
2317,489,531,770312,10175,1469513,1054400
2318,498,515,769804,10168,1470028,1107400
2319,521,526,769284,10162,1470554,1025500
2320,514,550,768783,10113,1471104,975700
2321,507,518,768253,10125,1471622,1038100
2322,540,507,767725,10146,1472129,997500
2323,548,531,767198,10142,1472660,1040900
2324,523,495,766661,10184,1473155,1108500
2325,535,535,766130,10180,1473690,1043600
2326,515,522,765616,10172,1474212,1031200
2327,543,553,765079,10156,1474765,1013100
2328,490,560,764578,10097,1475325,1125700
2329,538,510,764038,10127,1475835,1107700
2330,526,544,763509,10112,1476379,1091300
2331,545,488,762980,10153,1476867,1122200
2332,569,539,762407,10187,1477406,1068100
2333,527,545,761867,10182,1477951,1128500
2334,506,536,761359,10154,1478487,1066100
2335,496,540,760871,10102,1479027,1070800
2336,562,524,760319,10130,1479551,1048600
2337,523,550,759777,10122,1480101,1070200
2338,577,536,759227,10136,1480637,992600
2339,543,559,758681,10123,1481196,1101300
2340,552,542,758116,10146,1481738,1146000
2341,520,517,757593,10152,1482255,1133500
2342,587,500,757020,10225,1482755,1203400
2343,534,512,756478,10255,1483267,1177100
2344,531,503,755934,10296,1483770,1100800
2345,537,553,755408,10269,1484323,1197200
2346,558,540,754847,10290,1484863,1209700
2347,511,522,754330,10285,1485385,1074100
2348,503,523,753831,10261,1485908,1148000
2349,548,550,753293,10249,1486458,1075500
2350,503,511,752767,10264,1486969,1150800
2351,583,551,752203,10277,1487520,1087300
2352,559,557,751653,10270,1488077,1051400
2353,479,506,751174,10243,1488583,1025600
2354,538,524,750613,10280,1489107,1026200
2355,526,520,750100,10273,1489627,1043100
2356,526,510,749569,10294,1490137,980100
2357,533,548,749054,10261,1490685,1023900
2358,505,515,748525,10275,1491200,994400
2359,510,510,748011,10279,1491710,988700
2360,491,501,747529,10260,1492211,1074300
2361,524,523,746991,10275,1492734,1107800
2362,553,544,746460,10262,1493278,1015000
2363,533,544,745925,10253,1493822,1002900
2364,518,515,745410,10253,1494337,1033000
2365,572,586,744835,10242,1494923,1101700
2366,543,524,744293,10260,1495447,1118000
2367,517,538,743763,10252,1495985,1075200
2368,479,549,743285,10181,1496534,1033700
2369,513,503,742766,10197,1497037,1048100
2370,523,546,742269,10148,1497583,1074300
2371,496,525,741776,10116,1498108,1247600
2372,545,498,741216,10178,1498606,1235000
2373,532,494,740678,10222,1499100,1188000
2374,495,546,740179,10175,1499646,1240700
2375,536,570,739658,10126,1500216,1152100
2376,539,520,739122,10142,1500736,1164500
2377,503,514,738613,10137,1501250,1124200
2378,493,539,738115,10096,1501789,1034100
2379,522,544,737582,10085,1502333,1119200
2380,519,540,737076,10051,1502873,1080900
2381,494,506,736583,10038,1503379,1070300
2382,521,498,736083,10040,1503877,1105700
2383,533,502,735543,10078,1504379,1027700
2384,475,552,735046,10023,1504931,1050400
2385,485,500,734555,10014,1505431,1060100
2386,521,545,734039,9985,1505976,1067600
2387,508,535,733538,9951,1506511,1065700
2388,498,503,733042,9944,1507014,1110300
2389,497,509,732550,9927,1507523,1177400
2390,510,518,732033,9926,1508041,1167500
2391,521,537,731500,9922,1508578,1144400
2392,530,554,730993,9875,1509132,1060400
2393,526,518,730474,9876,1509650,1080900
2394,563,489,729895,9966,1510139,1123000
2395,511,556,729365,9940,1510695,1034100
2396,504,525,728871,9909,1511220,1089100
2397,518,528,728360,9892,1511748,1140300
2398,463,502,727893,9857,1512250,1079400
2399,506,526,727402,9822,1512776,1213300
2400,479,462,726909,9853,1513238,1077700
2401,465,521,726429,9812,1513759,1158600
2402,432,511,725997,9733,1514270,1217800
2403,498,504,725522,9704,1514774,1294300
2404,469,484,725029,9713,1515258,1271100
2405,503,488,724552,9702,1515746,1266500
2406,459,489,724071,9694,1516235,1130300
2407,468,525,723604,9636,1516760,1188400
2408,491,483,723116,9641,1517243,1319000
2409,498,489,722638,9630,1517732,1158200
2410,458,477,722170,9621,1518209,1088400
2411,518,494,721660,9637,1518703,1090000
2412,480,476,721149,9672,1519179,1104000
2413,529,510,720651,9660,1519689,1152300
2414,458,514,720172,9625,1520203,1206300
2415,506,527,719673,9597,1520730,1164600
2416,508,485,719181,9604,1521215,1189200
2417,470,488,718705,9592,1521703,1246200
2418,458,472,718220,9605,1522175,1156900
2419,464,485,717755,9585,1522660,1097800
2420,524,498,717265,9577,1523158,1114000
2421,484,490,716778,9574,1523648,1071200
2422,503,485,716266,9601,1524133,1094000
2423,514,482,715754,9631,1524615,1071400
2424,490,481,715257,9647,1525096,1063900
2425,489,454,714774,9676,1525550,1138700
2426,476,487,714281,9682,1526037,1078200
2427,491,494,713800,9669,1526531,1057800
2428,514,514,713298,9657,1527045,1125500
2429,521,476,712782,9697,1527521,1304800
2430,478,490,712289,9700,1528011,1194500
2431,484,477,711802,9710,1528488,1104400
2432,477,508,711338,9666,1528996,1090300
2433,508,480,710824,9700,1529476,1081900
2434,541,476,710283,9765,1529952,1061100
2435,520,469,709777,9802,1530421,1172200
2436,511,524,709262,9793,1530945,1138300
2437,516,541,708745,9769,1531486,1096900
2438,515,498,708222,9794,1531984,1024200
2439,511,497,707714,9805,1532481,1043000
2440,496,489,707218,9812,1532970,1095300
2441,552,532,706671,9827,1533502,1077500
2442,503,526,706154,9818,1534028,1150900
2443,500,493,705654,9825,1534521,1081200
2444,497,532,705174,9773,1535053,1032900
2445,498,509,704676,9762,1535562,1042800
2446,554,508,704115,9815,1536070,1140600
2447,522,473,703598,9859,1536543,1118300
2448,526,561,703073,9823,1537104,1154100
2449,489,511,702576,9809,1537615,1137100
2450,517,505,702052,9828,1538120,1014600
2451,548,491,701526,9863,1538611,983400
2452,522,500,700982,9907,1539111,1042800
2453,545,538,700458,9893,1539649,1071500
2454,475,522,699958,9871,1540171,1067000
2455,521,504,699453,9872,1540675,1145300
2456,508,493,698955,9877,1541168,1061800
2457,488,526,698439,9867,1541694,1033500
2458,482,528,697948,9830,1542222,1082100
2459,468,489,697482,9807,1542711,1059300
2460,466,491,697042,9756,1543202,1143300
2461,472,511,696547,9740,1543713,1207200
2462,477,529,696080,9678,1544242,1071300
2463,457,490,695632,9636,1544732,1107700
2464,517,465,695121,9682,1545197,1249500
2465,459,508,694639,9656,1545705,1195900
2466,478,517,694178,9600,1546222,1195900
2467,491,493,693665,9620,1546715,1254000
2468,505,493,693163,9629,1547208,1065300
2469,508,508,692658,9626,1547716,1148200
2470,468,479,692204,9601,1548195,1062200
2471,496,506,691709,9590,1548701,1090700
2472,496,467,691216,9616,1549168,1083400
2473,486,461,690709,9662,1549629,1147500
2474,463,517,690257,9597,1550146,1120300
2475,447,481,689820,9553,1550627,1115600
2476,470,510,689323,9540,1551137,1250400
2477,490,504,688848,9511,1551641,1175200
2478,493,494,688357,9508,1552135,1151300
2479,486,489,687879,9497,1552624,1148900
2480,473,471,687410,9495,1553095,1102000
2481,479,497,686917,9491,1553592,1072900
2482,465,502,686446,9460,1554094,1074700
2483,466,498,685997,9411,1554592,1125500
2484,462,465,685517,9426,1555057,1190200
2485,446,508,685071,9364,1555565,1125100
2486,487,438,684598,9399,1556003,1106100
2487,464,465,684125,9407,1556468,1162200
2488,489,495,683641,9396,1556963,1055500
2489,452,490,683170,9377,1557453,1027200
2490,480,496,682707,9344,1557949,1009900
2491,467,456,682227,9368,1558405,1110500
2492,520,465,681730,9400,1558870,1097100
2493,488,432,681233,9465,1559302,1070600
2494,511,508,680731,9459,1559810,1172900
2495,506,465,680220,9505,1560275,1195600
2496,474,488,679749,9488,1560763,1104300
2497,534,506,679209,9522,1561269,1109100
2498,497,520,678732,9479,1561789,1041700
2499,501,501,678219,9491,1562290,1087900
2500,471,527,677740,9443,1562817,1186200
2501,497,484,677249,9450,1563301,1176300
2502,456,485,676793,9421,1563786,1083500
2503,531,502,676257,9455,1564288,1074900
2504,463,511,675785,9416,1564799,1046700
2505,526,489,675267,9445,1565288,1173000
2506,497,435,674772,9505,1565723,1154600
2507,515,482,674259,9536,1566205,1098600
2508,502,474,673763,9558,1566679,1159900
2509,556,494,673211,9616,1567173,1103100
2510,517,533,672671,9623,1567706,1145300
2511,537,527,672146,9621,1568233,1143600
2512,498,499,671646,9622,1568732,1249400
2513,516,474,671144,9650,1569206,1114100
2514,537,489,670588,9717,1569695,1148800
2515,502,482,670122,9701,1570177,1111400
2516,510,487,669580,9756,1570664,1103300
2517,542,514,669074,9748,1571178,1248300
2518,530,499,668505,9818,1571677,1176700
2519,482,491,668021,9811,1572168,1041400
2520,486,495,667533,9804,1572663,1213800
2521,477,488,667067,9782,1573151,1241900
2522,565,526,666490,9833,1573677,1140300
2523,526,504,665982,9837,1574181,1131900
2524,470,532,665507,9780,1574713,1135600
2525,504,470,665021,9796,1575183,1129700
2526,478,526,664520,9771,1575709,1125000
2527,478,490,664054,9747,1576199,1109900
2528,450,508,663582,9711,1576707,1142800
2529,454,525,663138,9630,1577232,1137500
2530,488,449,662659,9660,1577681,1145700
2531,505,489,662159,9671,1578170,1150200
2532,498,457,661661,9712,1578627,1083900
2533,527,490,661135,9748,1579117,1017000
2534,531,514,660592,9777,1579631,1022200
2535,481,495,660106,9768,1580126,1138000
2536,539,529,659569,9776,1580655,1101300
2537,522,497,659043,9805,1581152,1080800
2538,540,500,658491,9857,1581652,1082100
2539,503,494,658007,9847,1582146,1121700
2540,480,527,657519,9808,1582673,1214000
2541,525,496,657014,9817,1583169,1146800
2542,518,491,656494,9846,1583660,1127900
2543,493,485,655989,9866,1584145,1099900
2544,505,496,655500,9859,1584641,1061500
2545,513,492,654996,9871,1585133,1083600
2546,463,514,654504,9849,1585647,1073500
2547,460,473,654064,9816,1586120,1248100
2548,455,481,653581,9818,1586601,1172300
2549,463,522,653126,9751,1587123,1196700
2550,458,496,652661,9720,1587619,1062500
2551,526,497,652167,9717,1588116,1047800
2552,473,513,651682,9689,1588629,1056500
2553,485,463,651193,9715,1589092,1116700
2554,465,476,650723,9709,1589568,1147900
2555,484,493,650243,9696,1590061,1226400
2556,492,493,649756,9690,1590554,1092800
2557,475,459,649267,9720,1591013,1076600
2558,489,486,648788,9713,1591499,1024100
2559,420,492,648351,9658,1591991,1028900
2560,512,505,647868,9636,1592496,1136600
2561,500,508,647346,9650,1593004,1059300
2562,504,500,646851,9645,1593504,1026700
2563,487,505,646371,9620,1594009,1022300
2564,453,496,645898,9597,1594505,1113800
2565,506,506,645404,9585,1595011,1104000
2566,481,496,644916,9577,1595507,1134900
2567,446,476,644460,9557,1595983,1036000
2568,499,508,643968,9541,1596491,1143800
2569,469,467,643501,9541,1596958,1141600
2570,478,511,643023,9508,1597469,1131100
2571,454,546,642560,9425,1598015,1070400
2572,506,473,642077,9435,1598488,1054600
2573,477,486,641596,9430,1598974,1009700
2574,525,527,641068,9431,1599501,1144300
2575,482,476,640587,9436,1599977,1062300
2576,509,457,640077,9489,1600434,1093200
2577,478,481,639598,9487,1600915,1019700
2578,537,457,639073,9555,1601372,1182100
2579,461,519,638591,9518,1601891,1159100
2580,473,457,638115,9537,1602348,1149400
2581,474,466,637654,9532,1602814,1145700
2582,512,459,637132,9595,1603273,1450300
2583,460,533,636670,9524,1603806,1172700
2584,472,519,636202,9473,1604325,1143200
2585,472,488,635748,9439,1604813,1252600
2586,493,517,635250,9420,1605330,1159600
2587,468,504,634763,9403,1605834,1112800
2588,507,499,634255,9412,1606333,1168700
2589,505,487,633761,9419,1606820,1076100
2590,483,468,633271,9441,1607288,1154300
2591,494,523,632784,9405,1607811,1171900
2592,447,492,632336,9361,1608303,1079100
2593,527,482,631824,9391,1608785,1224500
2594,491,481,631319,9415,1609266,1236200
2595,506,482,630828,9424,1609748,1168100
2596,473,503,630347,9402,1610251,1152900
2597,420,504,629923,9322,1610755,1090200
2598,454,471,629479,9295,1611226,1118000
2599,463,436,628992,9346,1611662,1080700
2600,416,459,628565,9314,1612121,1048300
2601,429,498,628158,9223,1612619,1174900
2602,452,500,627691,9190,1613119,1101400
2603,466,537,627229,9115,1613656,1021700
2604,427,436,626796,9112,1614092,1054800
2605,452,457,626338,9113,1614549,1131400
2606,426,476,625921,9054,1615025,1091000
2607,446,460,625495,9020,1615485,1084100
2608,442,473,625038,9004,1615958,1219700
2609,459,497,624575,8970,1616455,1196600
2610,425,420,624162,8963,1616875,1205100
2611,464,469,623704,8952,1617344,1168700
2612,420,468,623265,8923,1617812,1129300
2613,418,505,622854,8829,1618317,1117500
2614,448,405,622407,8871,1618722,1138100
2615,397,447,621994,8837,1619169,1118900
2616,455,477,621563,8791,1619646,1078000
2617,410,463,621152,8739,1620109,1092400
2618,449,429,620693,8769,1620538,1187900
2619,441,429,620245,8788,1620967,1167200
2620,472,425,619789,8819,1621392,1134000
2621,461,445,619316,8847,1621837,1120800
2622,449,478,618871,8814,1622315,1111300
2623,444,461,618431,8793,1622776,1282400
2624,484,430,617953,8841,1623206,1117300
2625,497,457,617458,8879,1623663,1121200
2626,473,457,616985,8895,1624120,1119400
2627,422,436,616545,8899,1624556,1140300
2628,483,437,616073,8934,1624993,1133200
2629,438,465,615624,8918,1625458,1179500
2630,474,445,615178,8919,1625903,1103400
2631,478,431,614684,8982,1626334,1204100
2632,480,449,614214,9003,1626783,1169600
2633,480,440,613715,9062,1627223,1140200
2634,458,478,613263,9036,1627701,1313900
2635,478,467,612784,9048,1628168,1268300
2636,454,521,612341,8970,1628689,1373400
2637,465,436,611854,9021,1629125,1321200
2638,429,500,611431,8944,1629625,1235700
2639,466,479,610976,8920,1630104,1228000
2640,468,484,610512,8900,1630588,1221900
2641,445,431,610051,8930,1631019,1126400
2642,476,463,609583,8935,1631482,1209000
2643,421,450,609148,8920,1631932,1245100
2644,464,477,608699,8892,1632409,1050900
2645,438,444,608261,8886,1632853,1165400
2646,475,488,607777,8882,1633341,1162700
2647,465,445,607308,8906,1633786,1133900
2648,452,455,606862,8897,1634241,1177600
2649,490,487,606390,8882,1634728,1174600
2650,443,483,605934,8855,1635211,1028900
2651,448,469,605485,8835,1635680,1162000
2652,407,464,605083,8773,1636144,1111900
2653,450,472,604620,8764,1636616,1103300
2654,448,449,604199,8736,1637065,1134900
2655,459,476,603722,8737,1637541,1148000
2656,469,433,603255,8771,1637974,1306800
2657,414,457,602831,8738,1638431,1342400
2658,453,432,602379,8758,1638863,1349300
2659,435,446,601938,8753,1639309,1368500
2660,459,431,601500,8760,1639740,1247500
2661,438,462,601055,8743,1640202,1274800
2662,461,423,600600,8775,1640625,1197100
2663,469,433,600134,8808,1641058,1121700
2664,475,442,599655,8845,1641500,1062500
2665,450,446,599190,8864,1641946,1168000
2666,463,447,598729,8878,1642393,1114900
2667,461,497,598277,8833,1642890,1079000
2668,428,472,597833,8805,1643362,1288400
2669,442,479,597396,8763,1643841,1243000
2670,467,463,596937,8759,1644304,1129900
2671,417,445,596505,8746,1644749,1240400
2672,450,474,596064,8713,1645223,1411200
2673,435,416,595631,8730,1645639,1150100
2674,442,469,595185,8707,1646108,1290700
2675,460,461,594734,8697,1646569,1303100
2676,438,415,594304,8712,1646984,1176800
2677,433,459,593860,8697,1647443,1177300
2678,467,406,593405,8746,1647849,1103300
2679,442,446,592946,8759,1648295,1163900
2680,440,455,592513,8737,1648750,1220100
2681,429,439,592090,8721,1649189,1094200
2682,434,455,591653,8703,1649644,1079400
2683,411,438,591216,8702,1650082,1060800
2684,447,439,590793,8686,1650521,1066300
2685,460,477,590332,8670,1650998,1084600
2686,424,485,589894,8623,1651483,1130300
2687,431,456,589480,8581,1651939,1136200
2688,415,471,589030,8560,1652410,1187100
2689,437,424,588613,8553,1652834,1134400
2690,444,431,588188,8547,1653265,1058000
2691,395,430,587781,8524,1653695,1114000
2692,470,439,587318,8548,1654134,1074200
2693,402,412,586896,8558,1654546,1236900
2694,436,466,586476,8512,1655012,1302400
2695,434,469,586046,8473,1655481,1233100
2696,406,434,585633,8452,1655915,1137500
2697,436,462,585201,8422,1656377,1052200
2698,401,413,584796,8414,1656790,1039000
2699,401,412,584374,8424,1657202,1128800
2700,418,436,583982,8380,1657638,1082400
2701,418,450,583558,8354,1658088,1093000
2702,399,439,583156,8317,1658527,1104200
2703,431,373,582723,8377,1658900,1080300
2704,424,458,582292,8350,1659358,1162300
2705,415,460,581881,8301,1659818,1230600
2706,415,434,581483,8265,1660252,1130300
2707,430,427,581060,8261,1660679,1163700
2708,375,455,580657,8209,1661134,1130400
2709,414,407,580267,8192,1661541,1165200
2710,441,438,579816,8205,1661979,1261100
2711,430,414,579389,8218,1662393,1235200
2712,412,438,578967,8202,1662831,1113600
2713,427,417,578543,8209,1663248,1052200
2714,436,447,578109,8196,1663695,1243900
2715,446,400,577669,8236,1664095,1251800
2716,412,417,577256,8232,1664512,1108800
2717,412,431,576847,8210,1664943,1056000
2718,422,447,576430,8180,1665390,1040000
2719,436,428,575991,8191,1665818,1042700
2720,439,422,575547,8213,1666240,1111600
2721,411,453,575119,8188,1666693,1105200
2722,415,430,574720,8157,1667123,1105400
2723,398,416,574322,8139,1667539,1028400
2724,414,428,573912,8121,1667967,1118700
2725,392,444,573497,8092,1668411,1100500
2726,389,412,573097,8080,1668823,1045200
2727,384,382,572713,8082,1669205,1002400
2728,381,461,572366,7968,1669666,1109400
2729,426,407,571939,7988,1670073,1161900
2730,416,390,571520,8017,1670463,1099800
2731,421,424,571086,8027,1670887,1048300
2732,432,410,570673,8030,1671297,1135000
2733,394,431,570258,8014,1671728,1154300
2734,415,391,569862,8019,1672119,1080800
2735,431,423,569430,8028,1672542,1081100
2736,401,396,569003,8059,1672938,1137500
2737,404,411,568611,8040,1673349,1088900
2738,412,410,568205,8036,1673759,1079800
2739,425,453,567784,8004,1674212,1024300
2740,434,401,567351,8036,1674613,1081800
2741,411,411,566932,8044,1675024,1141600
2742,430,421,566539,8016,1675445,1178300
2743,400,426,566106,8023,1675871,1129200
2744,424,392,565676,8061,1676263,1152900
2745,377,407,565287,8043,1676670,1105300
2746,436,399,564869,8062,1677069,1150300
2747,413,425,564444,8062,1677494,1043500
2748,397,445,564060,8001,1677939,1128100
2749,414,420,563640,8001,1678359,1076300
2750,393,424,563239,7978,1678783,1147500
2751,425,450,562822,7945,1679233,1179600
2752,395,399,562425,7943,1679632,1146400
2753,395,446,562038,7884,1680078,1159600
2754,410,391,561624,7907,1680469,1157400
2755,404,399,561206,7926,1680868,1157600
2756,423,358,560793,7981,1681226,1108700
2757,424,363,560374,8037,1681589,1229500
2758,398,430,559968,8013,1682019,1209800
2759,406,419,559575,7987,1682438,1036800
2760,399,430,559163,7969,1682868,1069500
2761,366,402,558795,7935,1683270,1049300
2762,393,377,558400,7953,1683647,1072600
2763,413,406,557984,7963,1684053,1053100
2764,398,406,557603,7938,1684459,1108700
2765,369,407,557242,7892,1684866,1031000
2766,426,415,556819,7900,1685281,1016600
2767,421,384,556388,7947,1685665,1026400
2768,377,443,555994,7898,1686108,962600
2769,441,442,555557,7893,1686550,985900
2770,459,397,555115,7938,1686947,1055700
2771,422,425,554691,7937,1687372,1062200
2772,437,431,554268,7929,1687803,1024600
2773,420,402,553829,7966,1688205,1009300
2774,431,402,553399,7994,1688607,1062200
2775,396,402,552996,7995,1689009,1065500
2776,427,420,552602,7969,1689429,1068600
2777,431,385,552140,8046,1689814,1021400
2778,435,382,551705,8099,1690196,988100
2779,455,456,551269,8079,1690652,1044300
2780,418,428,550838,8082,1691080,969700
2781,399,446,550417,8057,1691526,1039200
2782,383,420,550033,8021,1691946,1099500
2783,421,431,549645,7978,1692377,1065200
2784,402,431,549226,7966,1692808,1057300
2785,403,375,548801,8016,1693183,1060500
2786,442,417,548373,8027,1693600,1089500
2787,411,420,547970,8010,1694020,1058700
2788,463,427,547525,8028,1694447,1088400
2789,368,416,547133,8004,1694863,1153300
2790,420,425,546718,7994,1695288,1108500
2791,421,433,546293,7986,1695721,1197600
2792,413,409,545896,7974,1696130,1150600
2793,390,403,545497,7970,1696533,1173800
2794,409,435,545085,7947,1696968,1096000
2795,401,467,544682,7883,1697435,1081200
2796,359,394,544319,7852,1697829,1087400
2797,391,366,543944,7861,1698195,1089800
2798,350,388,543590,7827,1698583,1037100
2799,390,363,543195,7859,1698946,1058200
2800,376,405,542812,7837,1699351,1183500
2801,392,424,542408,7817,1699775,1099400
2802,394,401,542044,7780,1700176,991100
2803,402,446,541623,7755,1700622,1044500
2804,425,401,541210,7767,1701023,1077000
2805,392,418,540820,7739,1701441,1046700
2806,386,383,540442,7734,1701824,1011300
2807,390,404,540050,7722,1702228,1000000
2808,389,408,539642,7722,1702636,1000000
2809,381,404,539262,7698,1703040,1046400
2810,383,421,538887,7652,1703461,1234900
2811,398,389,538490,7660,1703850,1045400
2812,377,381,538108,7661,1704231,1016300
2813,385,395,537732,7642,1704626,1021900
2814,411,366,537317,7691,1704992,1130700
2815,382,412,536920,7676,1705404,1130100
2816,373,413,536551,7632,1705817,1131600
2817,423,411,536128,7644,1706228,1121800
2818,350,411,535786,7575,1706639,1038200
2819,398,375,535382,7604,1707014,1041600
2820,389,408,534995,7583,1707422,1085200
2821,422,366,534569,7643,1707788,1024400
2822,414,425,534166,7621,1708213,1029600
2823,418,409,533745,7633,1708622,1009400
2824,383,403,533352,7623,1709025,984100
2825,374,392,532969,7614,1709417,995000
2826,400,371,532601,7611,1709788,1000800
2827,411,362,532171,7679,1710150,989100
2828,382,410,531784,7656,1710560,1061000
2829,417,367,531393,7680,1710927,1051200
2830,395,407,531001,7665,1711334,1125100
2831,356,438,530622,7606,1711772,1016600
2832,396,385,530237,7606,1712157,1019200
2833,366,363,529865,7615,1712520,1097800
2834,411,433,529456,7591,1712953,1021500
2835,424,369,529029,7649,1713322,1007200
2836,393,405,528639,7634,1713727,960300
2837,391,410,528242,7621,1714137,972100
2838,427,387,527815,7661,1714524,990800
2839,385,413,527436,7627,1714937,980700
2840,395,436,527061,7566,1715373,1027400
2841,416,399,526626,7602,1715772,1011500
2842,376,412,526240,7576,1716184,1072400
2843,408,391,525846,7579,1716575,1041800
2844,413,401,525425,7599,1716976,1002800
2845,398,362,525034,7628,1717338,1085600
2846,383,412,524648,7602,1717750,1014500
2847,395,369,524251,7630,1718119,996300
2848,370,401,523869,7611,1718520,1021900
2849,338,392,523523,7565,1718912,1082000
2850,394,383,523156,7549,1719295,1049700
2851,423,362,522725,7618,1719657,1033500
2852,404,410,522331,7602,1720067,1026300
2853,381,403,521934,7596,1720470,1053600
2854,406,407,521522,7601,1720877,1027600
2855,402,404,521138,7581,1721281,1012000
2856,379,388,520748,7583,1721669,1012500
2857,376,359,520376,7596,1722028,1089400
2858,369,412,520007,7553,1722440,1063900
2859,374,412,519619,7529,1722852,1062500
2860,363,404,519255,7489,1723256,986100
2861,383,362,518884,7498,1723618,972900
2862,364,357,518525,7500,1723975,996300
2863,389,408,518125,7492,1724383,1030000
2864,392,396,517739,7482,1724779,1015800
2865,392,408,517345,7468,1725187,961600
2866,368,399,516968,7446,1725586,969600
2867,352,396,516620,7398,1725982,983900
2868,394,381,516233,7404,1726363,1057400
2869,362,389,515875,7373,1726752,1015700
2870,350,362,515518,7368,1727114,1018900
2871,394,382,515136,7368,1727496,1080500
2872,316,387,514803,7314,1727883,1103200
2873,364,365,514433,7319,1728248,1030500
2874,380,419,514064,7269,1728667,1084600
2875,342,393,513718,7222,1729060,1135400
2876,370,352,513347,7241,1729412,1034200
2877,355,374,512994,7220,1729786,1121700
2878,367,377,512632,7205,1730163,1303100
2879,362,376,512261,7200,1730539,1235100
2880,383,358,511879,7224,1730897,1247900
2881,376,367,511508,7228,1731264,1285800
2882,391,365,511104,7267,1731629,1213900
2883,343,400,510757,7214,1732029,1210300
2884,403,370,510364,7237,1732399,1102200
2885,357,427,510015,7159,1732826,1266200
2886,370,388,509645,7141,1733214,1142600
2887,353,389,509273,7124,1733603,1364200
2888,374,361,508919,7117,1733964,1085800
2889,347,354,508556,7126,1734318,1062500
2890,334,350,508226,7106,1734668,1034200
2891,342,370,507885,7077,1735038,1022800
2892,358,337,507539,7086,1735375,1007100
2893,334,370,507195,7060,1735745,1032600
2894,381,386,506813,7056,1736131,1046600
2895,379,349,506450,7070,1736480,1066000
2896,362,367,506068,7085,1736847,1105400
2897,376,375,505692,7086,1737222,1055400
2898,359,370,505352,7056,1737592,1090800
2899,346,358,504999,7051,1737950,992000
2900,377,333,504613,7104,1738283,986900
2901,347,360,504282,7075,1738643,1132100
2902,360,377,503902,7078,1739020,1098400
2903,363,402,503551,7027,1739422,1035000
2904,363,350,503191,7037,1739772,1057500
2905,374,369,502816,7043,1740141,1029100
2906,330,394,502475,6990,1740535,1002800
2907,371,346,502110,7009,1740881,1035500
2908,371,361,501745,7013,1741242,1130700
2909,336,385,501391,6982,1741627,1059000
2910,376,365,501032,6976,1741992,998800
2911,361,356,500672,6980,1742348,976800
2912,351,343,500320,6989,1742691,1022600
2913,369,359,499942,7008,1743050,1139300
2914,403,392,499549,7009,1743442,1065800
2915,359,320,499193,7045,1743762,19043700
2916,374,376,498802,7060,1744138,1709800
2917,330,327,498479,7056,1744465,1540700
2918,402,374,498093,7068,1744839,1424100
2919,393,343,497688,7130,1745182,1391900
2920,329,380,497347,7091,1745562,1325700
2921,358,368,497014,7056,1745930,1226600
2922,334,417,496670,6983,1746347,1226000
2923,339,406,496323,6924,1746753,1194300
2924,381,368,495951,6928,1747121,1090500
2925,364,359,495579,6941,1747480,1236400
2926,369,382,495206,6932,1747862,1131500
2927,379,400,494838,6900,1748262,1122400
2928,328,336,494506,6896,1748598,1085800
2929,374,390,494148,6864,1748988,1047400
2930,362,380,493770,6862,1749368,1055300
2931,320,360,493451,6821,1749728,1063200
2932,329,365,493119,6788,1750093,1025600
2933,329,352,492784,6771,1750445,1161500
2934,350,338,492437,6780,1750783,1209700
2935,340,310,492099,6808,1751093,1055600
2936,328,313,491765,6829,1751406,1116400
2937,375,343,491393,6858,1751749,1095800
2938,367,333,491038,6880,1752082,1140700
2939,376,353,490652,6913,1752435,1102800
2940,352,346,490295,6924,1752781,1158500
2941,373,338,489920,6961,1753119,1149200
2942,376,386,489553,6942,1753505,7528900
2943,406,371,489145,6979,1753876,1485000
2944,364,366,488780,6978,1754242,1305500
2945,352,362,488437,6959,1754604,1296100
2946,376,368,488059,6969,1754972,1256200
2947,405,334,487665,7029,1755306,1262000
2948,335,342,487306,7046,1755648,1137700
2949,402,332,486926,7094,1755980,1096000
2950,396,378,486527,7115,1756358,1050200
2951,377,368,486148,7126,1756726,1062800
2952,389,400,485752,7122,1757126,1050300
2953,383,392,485371,7111,1757518,1075200
2954,360,364,485012,7106,1757882,1042900
2955,358,376,484653,7089,1758258,1130500
2956,369,364,484285,7093,1758622,1280300
2957,356,356,483929,7093,1758978,1170700
2958,400,356,483515,7151,1759334,1158500
2959,365,355,483158,7153,1759689,1191100
2960,354,382,482809,7120,1760071,1159000
2961,378,351,482435,7143,1760422,1061300
2962,369,394,482076,7108,1760816,1173900
2963,385,365,481681,7138,1761181,1191100
2964,384,419,481294,7106,1761600,1089200
2965,364,429,480928,7043,1762029,1098200
2966,400,375,480524,7072,1762404,1066000
2967,355,374,480186,7036,1762778,1016100
2968,317,391,479858,6973,1763169,1271300
2969,340,377,479519,6935,1763546,1160200
2970,376,365,479144,6945,1763911,1131700
2971,315,320,478821,6948,1764231,1071700
2972,392,375,478436,6958,1764606,1139200
2973,383,364,478045,6985,1764970,1129600
2974,392,344,477663,7023,1765314,1134100
2975,354,378,477305,7003,1765692,1124500
2976,373,368,476939,7001,1766060,1060100
2977,348,354,476577,7009,1766414,1059400
2978,384,359,476209,7018,1766773,1200700
2979,346,364,475845,7018,1767137,1127800
2980,352,377,475493,6993,1767514,1054100
2981,376,374,475135,6977,1767888,1048200
2982,384,386,474751,6975,1768274,1045300
2983,383,379,474358,6989,1768653,1011700
2984,361,375,473985,6987,1769028,1027500
2985,384,357,473611,7004,1769385,1044900
2986,370,380,473256,6979,1769765,1098400
2987,358,362,472883,6990,1770127,1197100
2988,372,361,472499,7013,1770488,1086400
2989,375,371,472140,7001,1770859,1119700
2990,382,343,471755,7043,1771202,1328200
2991,369,383,471392,7023,1771585,1079600
2992,362,401,471031,6983,1771986,1044800
2993,368,351,470653,7010,1772337,1082300
2994,371,359,470287,7017,1772696,1036100
2995,391,318,469896,7090,1773014,1083000
2996,392,374,469522,7090,1773388,1092600
2997,393,385,469122,7105,1773773,1032200
2998,355,349,468752,7126,1774122,1109600
2999,382,386,468383,7109,1774508,1073000
3000,365,348,468005,7139,1774856,1076900
3001,381,373,467622,7149,1775229,1100200
3002,384,361,467237,7173,1775590,1074800
3003,375,368,466849,7193,1775958,1211300
3004,405,397,466479,7166,1776355,1136800
3005,380,342,466081,7222,1776697,1132500
3006,389,377,465706,7220,1777074,1077000
3007,353,374,465344,7208,1777448,1068700
3008,371,385,464972,7195,1777833,1126100
3009,394,389,464581,7197,1778222,1031000
3010,427,392,464167,7219,1778614,1023600
3011,380,377,463772,7237,1778991,1070000
3012,380,382,463408,7219,1779373,1086800
3013,366,388,463036,7203,1779761,1095600
3014,359,366,462673,7200,1780127,1077900
3015,364,385,462314,7174,1780512,1086600
3016,399,378,461902,7208,1780890,1034100
3017,375,392,461536,7182,1781282,1099800
3018,368,392,461175,7151,1781674,1193500
3019,386,379,460776,7171,1782053,1109900
3020,410,361,460363,7223,1782414,1057200
3021,405,344,459954,7288,1782758,1022600
3022,347,348,459610,7284,1783106,1051300
3023,370,409,459231,7254,1783515,1091300
3024,374,359,458851,7275,1783874,1050700
3025,377,400,458488,7238,1784274,1065100
3026,366,371,458116,7239,1784645,1023400
3027,348,377,457763,7215,1785022,1049000
3028,341,341,457429,7208,1785363,1031100
3029,366,341,457078,7218,1785704,1031500
3030,367,378,456712,7206,1786082,1101500
3031,325,405,456368,7145,1786487,1025900
3032,337,391,456026,7096,1786878,1006800
3033,347,357,455681,7084,1787235,1165900
3034,362,348,455327,7090,1787583,1259600
3035,367,338,454959,7120,1787921,1275800
3036,326,352,454630,7097,1788273,1263800
3037,337,335,454305,7087,1788608,1204100
3038,362,343,453921,7128,1788951,1344000
3039,365,387,453572,7090,1789338,1298100
3040,354,384,453212,7066,1789722,1169500
3041,371,332,452860,7086,1790054,1244200
3042,333,365,452515,7066,1790419,1196000
3043,379,353,452136,7092,1790772,1227300
3044,361,390,451779,7059,1791162,1215800
3045,373,382,451398,7058,1791544,1278200
3046,333,396,451066,6994,1791940,1160100
3047,368,375,450697,6988,1792315,1222100
3048,346,358,450367,6960,1792673,1108700
3049,354,352,449999,6976,1793025,1325600
3050,341,350,449657,6968,1793375,1193600
3051,313,326,449339,6960,1793701,1103500
3052,369,367,448979,6953,1794068,1115200
3053,352,351,448625,6956,1794419,1098700
3054,328,366,448286,6929,1794785,1123700
3055,375,392,447927,6896,1795177,1160700
3056,383,381,447529,6913,1795558,1080200
3057,372,360,447182,6900,1795918,1075800
3058,378,364,446796,6922,1796282,1103200
3059,369,389,446436,6893,1796671,1172300
3060,331,362,446078,6889,1797033,1188900
3061,343,363,445748,6856,1797396,1128200
3062,360,320,445389,6895,1797716,1099600
3063,363,361,445033,6890,1798077,1132400
3064,365,365,444649,6909,1798442,1176600
3065,364,383,444294,6881,1798825,1242500
3066,353,351,443941,6883,1799176,1295900
3067,338,349,443603,6872,1799525,1171900
3068,343,366,443266,6843,1799891,1138900
3069,355,350,442896,6863,1800241,1174900
3070,343,338,442551,6870,1800579,1121000
3071,327,356,442228,6837,1800935,1299200
3072,339,352,441892,6821,1801287,1351000
3073,326,324,441571,6818,1801611,1174500
3074,331,375,441237,6777,1801986,1351700
3075,376,329,440865,6820,1802315,1271100
3076,396,332,440458,6895,1802647,1248000
3077,345,344,440126,6883,1802991,1467200
3078,356,373,439766,6870,1803364,1237100
3079,378,355,439408,6873,1803719,1115200
3080,344,352,439031,6898,1804071,1150500
3081,336,335,438699,6895,1804406,1159700
3082,356,340,438360,6894,1804746,1201700
3083,344,326,438002,6926,1805072,1368600
3084,377,356,437645,6927,1805428,1461600
3085,347,375,437284,6913,1805803,1352500
3086,368,357,436906,6934,1806160,1290500
3087,339,371,436574,6895,1806531,1254900
3088,360,362,436222,6885,1806893,1230200
3089,361,352,435861,6894,1807245,1196100
3090,368,344,435496,6915,1807589,1309400
3091,411,337,435078,6996,1807926,1245900
3092,384,365,434698,7011,1808291,1172000
3093,351,357,434337,7015,1808648,1273300
3094,365,369,433979,7004,1809017,1134700
3095,346,351,433621,7011,1809368,1048600
3096,377,349,433264,7019,1809717,1079700
3097,401,354,432865,7064,1810071,1103900
3098,359,353,432494,7082,1810424,1257100
3099,364,364,432128,7084,1810788,1204100
3100,361,405,431769,7038,1811193,1300500
3101,357,387,431419,7001,1811580,1235900
3102,403,372,431014,7034,1811952,3236200
3103,353,350,430661,7037,1812302,16660700
3104,404,344,430263,7091,1812646,3541000
3105,326,373,429911,7070,1813019,2613300
3106,354,410,429573,6998,1813429,1793100
3107,331,345,429225,7001,1813774,1816100
3108,384,364,428854,7008,1814138,1598200
3109,368,350,428495,7017,1814488,1466500
3110,397,356,428101,7055,1814844,1589900
3111,364,375,427748,7033,1815219,1583100
3112,327,375,427399,7007,1815594,1542100
3113,356,371,427053,6982,1815965,1329900
3114,338,361,426685,6989,1816326,1408500
3115,323,362,426357,6955,1816688,1324800
3116,333,351,426043,6918,1817039,1302700
3117,326,353,425714,6894,1817392,1333500
3118,372,324,425344,6940,1817716,1362100
3119,357,379,424997,6908,1818095,1304800
3120,334,339,424659,6907,1818434,1353900
3121,323,359,424326,6881,1818793,1379500
3122,378,346,423964,6897,1819139,1356100
3123,332,349,423626,6886,1819488,1525600
3124,370,352,423245,6915,1819840,1484500
3125,362,335,422894,6931,1820175,1435900
3126,356,411,422542,6872,1820586,1398300
3127,331,350,422208,6856,1820936,1362600
3128,366,319,421832,6913,1821255,1271000
3129,328,379,421492,6874,1821634,1310400
3130,359,334,421153,6879,1821968,1239000
3131,351,351,420808,6873,1822319,1296000
3132,344,329,420466,6886,1822648,1227800
3133,335,338,420114,6900,1822986,1300300
3134,352,353,419785,6876,1823339,1197400
3135,322,348,419440,6873,1823687,1295500
3136,353,364,419102,6847,1824051,1348100
3137,328,324,418766,6859,1824375,1464700
3138,345,350,418426,6849,1824725,1249100
3139,341,352,418086,6837,1825077,1215500
3140,385,336,417706,6881,1825413,1249100
3141,367,350,417332,6905,1825763,1299100
3142,364,377,416962,6898,1826140,1188100
3143,366,353,416604,6903,1826493,1217400
3144,328,364,416278,6865,1826857,1232400
3145,357,352,415915,6876,1827209,1247800
3146,357,363,415565,6863,1827572,1256200
3147,332,362,415218,6848,1827934,1232800
3148,371,360,414861,6845,1828294,1186500
3149,316,355,414534,6817,1828649,7893500
3150,320,367,414208,6776,1829016,4065500
3151,357,324,413865,6795,1829340,2937000
3152,370,348,413491,6821,1829688,3058700
3153,346,377,413153,6782,1830065,2544700
3154,351,371,412804,6760,1830436,2646900
3155,331,350,412451,6763,1830786,2595400
3156,320,375,412137,6702,1831161,2199500
3157,317,339,411832,6668,1831500,2018300
3158,329,362,411506,6632,1831862,2017300
3159,334,364,411162,6612,1832226,1649700
3160,300,336,410854,6584,1832562,1684700
3161,353,311,410498,6629,1832873,1514200
3162,325,359,410179,6589,1833232,1596100
3163,345,346,409843,6579,1833578,1498700
3164,331,327,409509,6586,1833905,1449100
3165,305,334,409195,6566,1834239,1615700
3166,321,342,408878,6541,1834581,1553500
3167,373,355,408516,6548,1834936,1466900
3168,358,329,408167,6568,1835265,1425100
3169,293,326,407853,6556,1835591,1399500
3170,335,325,407521,6563,1835916,1434200
3171,358,346,407174,6564,1836262,1442700
3172,319,382,406832,6524,1836644,1393900
3173,311,331,406531,6494,1836975,1484800
3174,318,310,406219,6496,1837285,1325400
3175,362,345,405856,6514,1837630,1519900
3176,334,329,405527,6514,1837959,1358100
3177,335,327,405183,6531,1838286,1325900
3178,304,384,404877,6453,1838670,1394200
3179,295,315,404578,6437,1838985,1404400
3180,355,349,404232,6434,1839334,1305600
3181,376,345,403860,6461,1839679,1298000
3182,331,347,403523,6451,1840026,1396800
3183,336,344,403194,6436,1840370,1354600
3184,323,329,402868,6433,1840699,1326800
3185,357,344,402511,6446,1841043,1438200
3186,337,332,402166,6459,1841375,1363600
3187,339,333,401838,6454,1841708,1312900
3188,355,341,401475,6476,1842049,1287100
3189,340,314,401139,6498,1842363,1381600
3190,314,360,400836,6441,1842723,1400600
3191,326,336,400503,6438,1843059,1294700
3192,364,298,400127,6516,1843357,1402600
3193,367,353,399776,6514,1843710,1465300
3194,347,341,399425,6524,1844051,1434000
3195,371,316,399043,6590,1844367,1272600
3196,357,361,398700,6572,1844728,1482400
3197,374,326,398329,6617,1845054,1300300
3198,346,327,397975,6644,1845381,1303200
3199,326,355,397639,6625,1845736,1457900
3200,353,362,397292,6610,1846098,1431900
3201,340,342,396944,6616,1846440,1676900
3202,354,325,396602,6633,1846765,1528600
3203,399,357,396216,6662,1847122,1515100
3204,350,352,395850,6676,1847474,2003400
3205,308,328,395541,6657,1847802,1801000
3206,363,337,395183,6678,1848139,1796300
3207,357,350,394827,6684,1848489,1729200
3208,370,371,394466,6674,1848860,1635300
3209,374,309,394081,6750,1849169,1681200
3210,371,364,393714,6753,1849533,1729500
3211,351,335,393369,6763,1849868,1727500
3212,349,366,393009,6757,1850234,1801600
3213,342,345,392665,6756,1850579,1716600
3214,341,352,392332,6737,1850931,1748300
3215,339,345,391981,6743,1851276,1509700
3216,343,342,391649,6733,1851618,1721200
3217,367,306,391284,6792,1851924,1755200
3218,352,358,390941,6777,1852282,1675400
3219,378,377,390561,6780,1852659,1574000
3220,351,355,390177,6809,1853014,1927700
3221,339,357,389851,6778,1853371,1654900
3222,362,362,389488,6779,1853733,1763000
3223,361,338,389129,6800,1854071,1561800
3224,332,335,388812,6782,1854406,1420800
3225,329,358,388469,6767,1854764,1457400
3226,354,358,388129,6749,1855122,1520400
3227,332,348,387788,6742,1855470,1417700
3228,321,337,387465,6728,1855807,1380000
3229,331,345,387137,6711,1856152,1374600
3230,369,370,386770,6708,1856522,1602800
3231,345,316,386419,6743,1856838,1446200
3232,359,331,386067,6764,1857169,1472400
3233,353,344,385726,6761,1857513,1419500
3234,344,359,385374,6754,1857872,1389700
3235,350,341,385019,6768,1858213,1267900
3236,328,330,384685,6772,1858543,1443500
3237,309,366,384378,6713,1858909,1438500
3238,324,328,384048,6715,1859237,1358000
3239,309,336,383734,6693,1859573,1329600
3240,339,311,383408,6708,1859884,1379100
3241,337,342,383069,6705,1860226,1402000
3242,320,369,382731,6674,1860595,1409600
3243,336,341,382415,6649,1860936,1372200
3244,320,359,382092,6613,1861295,1504000
3245,328,334,381756,6615,1861629,1366300
3246,349,344,381411,6616,1861973,1349400
3247,303,340,381112,6575,1862313,1623100
3248,343,309,380788,6590,1862622,1530000
3249,321,354,380438,6586,1862976,1397400
3250,308,345,380144,6535,1863321,1506000
3251,336,355,379807,6517,1863676,1734800
3252,345,356,379447,6521,1864032,1313600
3253,340,364,379122,6482,1864396,1371300
3254,334,349,378774,6481,1864745,1297000
3255,356,366,378432,6457,1865111,1306400
3256,333,330,378096,6463,1865441,1257100
3257,372,349,377740,6470,1865790,1227800
3258,307,341,377414,6455,1866131,1247000
3259,340,348,377078,6443,1866479,1289900
3260,323,322,376762,6437,1866801,1296000
3261,356,339,376401,6459,1867140,1451800
3262,326,325,376074,6461,1867465,1192300
3263,337,319,375743,6473,1867784,1275200
3264,328,312,375400,6504,1868096,1178000
3265,352,330,375059,6515,1868426,1218800
3266,346,362,374720,6492,1868788,1412800
3267,310,354,374389,6469,1869142,1259400
3268,307,331,374088,6439,1869473,1164300
3269,356,318,373750,6459,1869791,1278400
3270,350,305,373394,6510,1870096,1324300
3271,334,337,373047,6520,1870433,1189500
3272,325,357,372727,6483,1870790,1248800
3273,342,328,372380,6502,1871118,1335000
3274,350,350,372044,6488,1871468,1373000
3275,359,301,371682,6549,1871769,1336800
3276,336,333,371338,6560,1872102,1256100
3277,356,342,370971,6585,1872444,1134000
3278,307,328,370674,6554,1872772,1169500
3279,336,315,370344,6569,1873087,1116300
3280,363,345,369984,6584,1873432,1186900
3281,337,348,369640,6580,1873780,1163400
3282,355,309,369292,6619,1874089,1113900
3283,339,333,368927,6651,1874422,1117200
3284,334,336,368610,6632,1874758,1150100
3285,339,322,368270,6650,1875080,1183800
3286,342,353,367934,6633,1875433,1039800
3287,306,347,367617,6603,1875780,1195700
3288,300,352,367322,6546,1876132,1085100
3289,335,353,366998,6517,1876485,1079900
3290,334,327,366659,6529,1876812,1255900
3291,327,304,366330,6554,1877116,1175200
3292,347,292,365989,6603,1877408,1283000
3293,342,345,365642,6605,1877753,1132900
3294,349,359,365297,6591,1878112,1114100
3295,328,346,364959,6583,1878458,1181900
3296,402,332,364578,6632,1878790,1173100
3297,377,350,364196,6664,1879140,1162700
3298,337,352,363842,6666,1879492,1271900
3299,350,363,363496,6649,1879855,1191400
3300,337,366,363158,6621,1880221,1144600
3301,367,326,362809,6644,1880547,1216900
3302,349,367,362452,6634,1880914,1171400
3303,353,361,362096,6629,1881275,1036900
3304,333,359,361769,6597,1881634,1044600
3305,331,311,361438,6617,1881945,1145500
3306,354,381,361086,6588,1882326,1072100
3307,326,336,360728,6610,1882662,1073500
3308,352,325,360405,6608,1882987,1166800
3309,317,320,360077,6616,1883307,1123400
3310,345,357,359737,6599,1883664,1062200
3311,330,320,359393,6623,1883984,1026000
3312,321,349,359071,6596,1884333,1044300
3313,336,373,358746,6548,1884706,1127200
3314,348,352,358396,6546,1885058,1080900
3315,372,347,358050,6545,1885405,1079700
3316,354,319,357675,6601,1885724,1159200
3317,343,324,357332,6620,1886048,1152800
3318,343,337,356984,6631,1886385,1183100
3319,333,350,356654,6611,1886735,1119200
3320,318,304,356328,6633,1887039,1130900
3321,336,343,355987,6631,1887382,1151700
3322,345,359,355651,6608,1887741,1141100
3323,324,339,355331,6589,1888080,1085000
3324,333,358,354993,6569,1888438,1044000
3325,352,315,354639,6608,1888753,1072500
3326,355,320,354311,6616,1889073,1197500
3327,312,308,353983,6636,1889381,1033000
3328,339,327,353639,6653,1889708,1100300
3329,343,354,353294,6644,1890062,1079000
3330,345,357,352952,6629,1890419,996300
3331,359,360,352599,6622,1890779,1049500
3332,352,341,352250,6630,1891120,1032600
3333,336,362,351906,6612,1891482,1044800
3334,360,377,351534,6607,1891859,1043700
3335,322,343,351213,6585,1892202,1148200
3336,333,353,350887,6558,1892555,1111800
3337,326,339,350569,6537,1892894,1125800
3338,328,363,350227,6516,1893257,1196800
3339,327,334,349910,6499,1893591,1115600
3340,315,328,349594,6487,1893919,1103800
3341,327,351,349260,6470,1894270,1080500
3342,323,326,348946,6458,1894596,1067500
3343,340,334,348604,6466,1894930,1088500
3344,333,345,348264,6461,1895275,1219500
3345,363,358,347918,6449,1895633,1199800
3346,344,320,347569,6478,1895953,1212400
3347,341,326,347231,6490,1896279,1123000
3348,352,328,346873,6520,1896607,1105500
3349,349,325,346522,6546,1896932,1143000
3350,334,367,346190,6511,1897299,1126200
3351,324,344,345854,6503,1897643,1078000
3352,342,352,345526,6479,1897995,1159500
3353,366,322,345159,6524,1898317,1100700
3354,316,336,344840,6507,1898653,1141700
3355,345,356,344492,6499,1899009,1230500
3356,360,336,344149,6506,1899345,1170000
3357,361,331,343769,6555,1899676,1149400
3358,337,336,343446,6542,1900012,1121100
3359,363,321,343081,6586,1900333,1176400
3360,353,322,342732,6613,1900655,1241700
3361,327,331,342393,6621,1900986,1196300
3362,348,315,342047,6652,1901301,1083700
3363,378,349,341672,6678,1901650,1158200
3364,326,349,341332,6669,1901999,1209100
3365,343,319,341002,6680,1902318,1048200
3366,355,403,340655,6624,1902721,1052600
3367,356,321,340291,6667,1903042,1137700
3368,323,323,339964,6671,1903365,1063300
3369,325,353,339636,6646,1903718,1049100
3370,335,354,339299,6629,1904072,1113200
3371,342,353,338953,6622,1904425,1089600
3372,354,351,338616,6608,1904776,1016300
3373,323,353,338286,6585,1905129,1145000
3374,335,339,337945,6587,1905468,1038400
3375,332,324,337620,6588,1905792,1056400
3376,347,346,337272,6590,1906138,1108700
3377,348,320,336938,6604,1906458,1042100
3378,356,343,336566,6633,1906801,1016200
3379,333,320,336241,6638,1907121,1008100
3380,340,317,335893,6669,1907438,974700
3381,365,327,335536,6699,1907765,1102900
3382,342,336,335192,6707,1908101,1072100
3383,330,333,334865,6701,1908434,997600
3384,322,361,334537,6668,1908795,974700
3385,346,325,334177,6703,1909120,1072600
3386,340,378,333856,6646,1909498,1039900
3387,336,354,333508,6640,1909852,1008000
3388,338,332,333187,6629,1910184,1133900
3389,312,341,332856,6619,1910525,1075500
3390,340,380,332526,6569,1910905,1025300
3391,324,313,332190,6592,1911218,1076400
3392,362,308,331848,6626,1911526,1014300
3393,342,332,331498,6644,1911858,995800
3394,320,354,331169,6619,1912212,1071300
3395,316,378,330847,6563,1912590,1018300
3396,321,326,330529,6555,1912916,973600
3397,371,330,330186,6568,1913246,999400
3398,282,337,329876,6541,1913583,1065400
3399,335,331,329549,6537,1913914,1103800
3400,308,325,329251,6510,1914239,1089800
3401,315,302,328922,6537,1914541,1093200
3402,340,330,328586,6543,1914871,1074900
3403,347,368,328245,6516,1915239,1011200
3404,291,338,327946,6477,1915577,1020100
3405,329,300,327608,6515,1915877,1097000
3406,324,335,327301,6487,1916212,1043800
3407,318,338,326972,6478,1916550,1075900
3408,319,339,326670,6441,1916889,1065200
3409,298,349,326359,6403,1917238,1073200
3410,343,302,326011,6449,1917540,1003500
3411,311,346,325698,6416,1917886,1006600
3412,324,305,325390,6419,1918191,1055200
3413,299,336,325085,6388,1918527,1009600
3414,340,338,324752,6383,1918865,1005700
3415,333,347,324417,6371,1919212,1063900
3416,317,327,324088,6373,1919539,1046700
3417,289,320,323787,6354,1919859,1075100
3418,292,314,323500,6327,1920173,1140300
3419,329,315,323195,6317,1920488,1170600
3420,328,338,322854,6320,1920826,1181900
3421,314,300,322545,6329,1921126,1072500
3422,326,336,322227,6311,1921462,1053700
3423,329,315,321887,6336,1921777,1035700
3424,309,331,321576,6316,1922108,1096500
3425,328,306,321227,6359,1922414,1205300
3426,302,336,320946,6304,1922750,1026600
3427,311,331,320640,6279,1923081,1078800
3428,312,335,320329,6255,1923416,1021500
3429,298,299,320030,6255,1923715,976300
3430,295,339,319709,6237,1924054,1103700
3431,295,310,319422,6214,1924364,1061100
3432,316,343,319129,6164,1924707,1085200
3433,314,312,318802,6179,1925019,1042000
3434,288,322,318511,6148,1925341,1098200
3435,282,330,318227,6102,1925671,1088400
3436,296,316,317936,6077,1925987,1093300
3437,304,317,317630,6066,1926304,1073100
3438,318,301,317324,6071,1926605,990500
3439,280,323,317026,6046,1926928,993600
3440,289,290,316737,6045,1927218,1011000
3441,311,336,316446,6000,1927554,958700
3442,248,303,316176,5967,1927857,1015600
3443,323,307,315865,5971,1928164,1055300
3444,279,280,315571,5985,1928444,1138300
3445,303,300,315274,5982,1928744,1016800
3446,298,294,314983,5979,1929038,1061600
3447,328,293,314662,6007,1929331,1262500
3448,314,316,314329,6024,1929647,1123500
3449,292,314,314034,6005,1929961,1344000
3450,317,370,313731,5938,1930331,1198200
3451,277,320,313450,5899,1930651,1133300
3452,279,296,313161,5892,1930947,1274600
3453,293,312,312875,5866,1931259,1265700
3454,290,319,312585,5837,1931578,1330500
3455,279,309,312305,5808,1931887,1217800
3456,294,287,312023,5803,1932174,1124600
3457,254,287,311754,5785,1932461,1167700
3458,261,316,311492,5731,1932777,1186800
3459,332,302,311171,5750,1933079,1127600
3460,317,293,310855,5773,1933372,1154800
3461,289,300,310553,5775,1933672,1239500
3462,304,322,310266,5740,1933994,1099800
3463,291,305,309971,5730,1934299,1032900
3464,299,296,309667,5738,1934595,1040600
3465,307,311,309361,5733,1934906,1005100
3466,300,310,309061,5723,1935216,1080400
3467,320,295,308751,5738,1935511,1127500
3468,293,297,308464,5728,1935808,1163900
3469,285,310,308157,5725,1936118,1034500
3470,290,259,307888,5735,1936377,972400
3471,312,282,307565,5776,1936659,1024500
3472,288,272,307270,5799,1936931,1022600
3473,320,299,306945,5825,1937230,1072600
3474,313,284,306638,5848,1937514,1314800
3475,293,269,306343,5874,1937783,1390900
3476,318,292,306040,5885,1938075,1142500
3477,280,286,305737,5902,1938361,1230800
3478,315,311,305451,5877,1938672,1095700
3479,287,318,305155,5855,1938990,1018600
3480,323,314,304834,5862,1939304,1180700
3481,299,320,304533,5843,1939624,1225000
3482,287,302,304251,5823,1939926,1109300
3483,292,294,303949,5831,1940220,1008100
3484,287,315,303662,5803,1940535,974900
3485,299,312,303348,5805,1940847,945400
3486,298,315,303064,5774,1941162,963100
3487,269,267,302794,5777,1941429,992400
3488,274,267,302518,5786,1941696,952200
3489,300,261,302222,5821,1941957,1070500
3490,270,289,301932,5822,1942246,1084300
3491,290,296,301667,5791,1942542,1026400
3492,259,306,301407,5745,1942848,1007300
3493,286,296,301104,5752,1943144,959500
3494,296,301,300824,5731,1943445,960500
3495,302,320,300516,5719,1943765,960400
3496,289,311,300235,5689,1944076,965000
3497,290,295,299947,5682,1944371,945900
3498,293,290,299650,5689,1944661,983500
3499,291,280,299333,5726,1944941,1002300
3500,281,303,299076,5680,1945244,1010500
3501,289,295,298789,5672,1945539,977000
3502,309,299,298486,5676,1945838,955100
3503,280,314,298180,5668,1946152,974200
3504,280,304,297915,5629,1946456,977300
3505,258,260,297648,5636,1946716,956300
3506,297,270,297360,5654,1946986,1012800
3507,283,294,297080,5640,1947280,958700
3508,316,295,296771,5654,1947575,959600
3509,261,280,296497,5648,1947855,969200
3510,262,271,296227,5647,1948126,967900
3511,288,276,295959,5639,1948402,976500
3512,258,283,295676,5639,1948685,971800
3513,293,286,295400,5629,1948971,929200
3514,288,298,295115,5616,1949269,963600
3515,248,308,294852,5571,1949577,930200
3516,289,303,294567,5553,1949880,957600
3517,261,283,294299,5538,1950163,954100
3518,290,265,294019,5553,1950428,969600
3519,277,289,293744,5539,1950717,943500
3520,303,303,293447,5533,1951020,963600
3521,269,249,293172,5559,1951269,1065400
3522,261,290,292902,5539,1951559,996100
3523,294,260,292627,5554,1951819,954400
3524,267,285,292340,5556,1952104,925800
3525,269,240,292070,5586,1952344,956600
3526,286,287,291790,5579,1952631,965900
3527,284,291,291506,5572,1952922,925200
3528,278,312,291239,5527,1953234,953100
3529,286,296,290940,5530,1953530,945900
3530,290,268,290654,5548,1953798,958800
3531,279,265,290373,5564,1954063,965700
3532,266,302,290113,5522,1954365,946900
3533,279,260,289825,5550,1954625,953200
3534,294,261,289547,5567,1954886,954100
3535,272,268,289263,5583,1955154,960100
3536,238,281,289025,5540,1955435,996100
3537,310,280,288718,5567,1955715,1033400
3538,282,284,288449,5552,1955999,962900
3539,274,277,288152,5572,1956276,940400
3540,282,285,287887,5552,1956561,929500
3541,290,278,287589,5572,1956839,974900
3542,287,313,287308,5540,1957152,1019400
3543,291,281,287016,5551,1957433,1103000
3544,240,286,286763,5518,1957719,1098800
3545,281,267,286488,5526,1957986,1234600
3546,271,272,286220,5522,1958258,1074100
3547,272,290,285943,5509,1958548,1149300
3548,251,315,285698,5439,1958863,1169200
3549,277,275,285412,5450,1959138,1184800
3550,277,281,285138,5443,1959419,1186500
3551,288,269,284853,5459,1959688,1130900
3552,285,267,284564,5481,1959955,1119700
3553,253,283,284319,5443,1960238,1316100
3554,269,272,284044,5446,1960510,1005600
3555,299,289,283758,5443,1960799,961100
3556,281,259,283466,5476,1961058,960000
3557,246,250,283213,5479,1961308,951800
3558,274,266,282945,5481,1961574,1056100
3559,259,270,282686,5470,1961844,1035400
3560,249,265,282441,5450,1962109,967500
3561,276,269,282175,5447,1962378,936100
3562,294,282,281879,5461,1962660,927900
3563,286,284,281592,5464,1962944,933800
3564,241,290,281341,5425,1963234,948800
3565,268,290,281082,5394,1963524,986800
3566,280,275,280791,5410,1963799,927300
3567,256,271,280546,5384,1964070,966700
3568,255,285,280278,5367,1964355,995800
3569,270,287,280015,5343,1964642,979600
3570,233,274,279775,5309,1964916,972100
3571,280,277,279507,5300,1965193,948300
3572,264,301,279219,5287,1965494,938100
3573,235,280,279008,5218,1965774,934800
3574,273,275,278738,5213,1966049,979600
3575,259,279,278463,5209,1966328,1041400
3576,262,274,278204,5194,1966602,949700
3577,271,248,277940,5210,1966850,953600
3578,272,266,277663,5221,1967116,950800
3579,292,288,277370,5226,1967404,976300
3580,278,252,277095,5249,1967656,1001600
3581,251,285,276833,5226,1967941,953100
3582,235,274,276597,5188,1968215,931500
3583,253,269,276350,5166,1968484,1002500
3584,296,240,276061,5215,1968724,992000
3585,283,260,275776,5240,1968984,940900
3586,254,280,275523,5213,1969264,979500
3587,256,283,275253,5200,1969547,920400
3588,268,271,274999,5183,1969818,956400
3589,275,255,274728,5199,1970073,949000
3590,276,281,274443,5203,1970354,980200
3591,299,296,274145,5205,1970650,975800
3592,265,266,273880,5204,1970916,961600
3593,286,261,273626,5197,1971177,926800
3594,296,253,273302,5268,1971430,911800
3595,267,260,273029,5281,1971690,931500
3596,274,269,272751,5290,1971959,973700
3597,300,266,272458,5317,1972225,940900
3598,257,269,272189,5317,1972494,924400
3599,245,292,271950,5264,1972786,945500
3600,265,288,271704,5222,1973074,1032500
3601,280,282,271419,5225,1973356,1030800
3602,250,286,271166,5192,1973642,952500
3603,290,266,270876,5216,1973908,972000
3604,253,252,270617,5223,1974160,963000
3605,281,255,270336,5249,1974415,966500
3606,238,256,270095,5234,1974671,940000
3607,272,276,269834,5219,1974947,1034400
3608,272,282,269545,5226,1975229,1197400
3609,276,264,269281,5226,1975493,1150000
3610,290,271,268997,5239,1975764,1199600
3611,283,263,268709,5264,1976027,1156100
3612,241,278,268470,5225,1976305,1055600
3613,283,280,268200,5215,1976585,1025900
3614,289,256,267901,5258,1976841,1132300
3615,264,255,267625,5279,1977096,1087200
3616,240,286,267379,5239,1977382,1044700
3617,252,279,267130,5209,1977661,1075100
3618,255,264,266882,5193,1977925,1064500
3619,254,266,266624,5185,1978191,1103600
3620,301,243,266332,5234,1978434,1008600
3621,285,282,266045,5239,1978716,1010100
3622,267,243,265788,5253,1978959,989800
3623,254,251,265507,5283,1979210,975200
3624,242,264,265284,5242,1979474,960300
3625,267,247,265013,5266,1979721,990600
3626,255,275,264750,5254,1979996,936100
3627,279,263,264483,5258,1980259,952800
3628,257,267,264231,5243,1980526,947400
3629,251,275,263967,5232,1980801,968300
3630,249,248,263724,5227,1981049,1064100
3631,250,242,263470,5239,1981291,1030100
3632,255,274,263212,5223,1981565,1036600
3633,251,275,262966,5194,1981840,1126900
3634,239,269,262726,5165,1982109,967700
3635,253,254,262479,5158,1982363,967000
3636,244,257,262220,5160,1982620,1003700
3637,237,242,261990,5148,1982862,951200
3638,239,241,261743,5154,1983103,1001900
3639,262,233,261486,5178,1983336,989000
3640,266,248,261222,5194,1983584,979500
3641,233,248,260984,5184,1983832,956900
3642,248,272,260741,5155,1984104,972100
3643,268,268,260474,5154,1984372,939100
3644,245,279,260223,5126,1984651,933700
3645,268,261,259969,5119,1984912,984500
3646,255,256,259701,5131,1985168,927800
3647,249,261,259458,5113,1985429,978000
3648,233,261,259214,5096,1985690,972800
3649,246,251,258981,5078,1985941,973400
3650,250,246,258734,5079,1986187,964900
3651,269,270,258465,5078,1986457,976700
3652,270,260,258190,5093,1986717,936900
3653,263,281,257928,5074,1986998,921500
3654,274,246,257653,5103,1987244,938100
3655,252,273,257397,5086,1987517,929900
3656,244,265,257151,5067,1987782,914000
3657,253,264,256895,5059,1988046,944300
3658,255,263,256642,5049,1988309,910300
3659,242,259,256403,5029,1988568,974800
3660,247,271,256157,5004,1988839,963400
3661,245,239,255900,5022,1989078,971900
3662,245,278,255662,4982,1989356,999400
3663,242,246,255428,4970,1989602,968700
3664,251,275,255170,4953,1989877,946000
3665,242,248,254913,4962,1990125,943000
3666,221,262,254702,4911,1990387,942700
3667,223,267,254485,4861,1990654,940400
3668,240,243,254243,4860,1990897,959500
3669,241,255,253998,4850,1991152,934200
3670,234,242,253764,4842,1991394,958500
3671,231,250,253536,4820,1991644,946500
3672,245,241,253292,4823,1991885,933600
3673,270,265,253037,4813,1992150,944100
3674,254,242,252766,4842,1992392,919700
3675,265,264,252512,4832,1992656,936200
3676,270,246,252238,4860,1992902,978700
3677,209,234,252020,4844,1993136,1195200
3678,248,251,251772,4841,1993387,1161000
3679,226,241,251551,4821,1993628,1013800
3680,245,252,251324,4796,1993880,1031600
3681,247,259,251055,4806,1994139,1127300
3682,247,249,250808,4804,1994388,1036100
3683,258,243,250565,4804,1994631,1029000
3684,253,246,250315,4808,1994877,1014700
3685,284,254,250034,4835,1995131,969300
3686,252,262,249759,4848,1995393,966300
3687,273,270,249498,4839,1995663,989400
3688,215,253,249280,4804,1995916,1009900
3689,259,250,249019,4815,1996166,935700
3690,256,242,248767,4825,1996408,977400
3691,242,284,248536,4772,1996692,945900
3692,252,235,248277,4796,1996927,998200
3693,284,226,247988,4859,1997153,1020600
3694,264,264,247726,4857,1997417,965300
3695,260,265,247471,4847,1997682,960600
3696,269,271,247194,4853,1997953,972000
3697,243,209,246949,4889,1998162,943100
3698,251,238,246707,4893,1998400,961500
3699,282,244,246429,4927,1998644,953800
3700,246,251,246165,4940,1998895,1002700
3701,256,267,245926,4912,1999162,988000
3702,246,248,245675,4915,1999410,1010200
3703,254,243,245414,4933,1999653,949400
3704,241,229,245186,4932,1999882,987000
3705,244,281,244927,4910,2000163,951100
3706,243,272,244688,4877,2000435,993200
3707,227,248,244456,4861,2000683,936000
3708,289,222,244184,4911,2000905,941100
3709,275,261,243898,4936,2001166,1016000
3710,241,251,243658,4925,2001417,1015500
3711,231,240,243418,4925,2001657,1000600
3712,254,259,243180,4904,2001916,995000
3713,250,268,242928,4888,2002184,962300
3714,246,244,242683,4889,2002428,941900
3715,253,272,242426,4874,2002700,944600
3716,274,241,242161,4898,2002941,992000
3717,225,217,241925,4917,2003158,941200
3718,239,242,241686,4914,2003400,940000
3719,280,256,241430,4914,2003656,971000
3720,244,282,241171,4891,2003938,964300
3721,234,270,240932,4860,2004208,1053100
3722,217,267,240691,4834,2004475,1056500
3723,246,236,240484,4805,2004711,1036100
3724,238,257,240224,4808,2004968,1073100
3725,221,270,240000,4762,2005238,1052700
3726,254,234,239760,4768,2005472,1018000
3727,247,232,239513,4783,2005704,982900
3728,246,249,239268,4779,2005953,951800
3729,253,246,239002,4799,2006199,960400
3730,240,278,238766,4757,2006477,939300
3731,252,232,238511,4780,2006709,1011300
3732,254,238,238256,4797,2006947,960700
3733,252,246,238010,4797,2007193,936400
3734,243,241,237773,4793,2007434,992400
3735,264,246,237508,4812,2007680,924900
3736,226,229,237257,4834,2007909,950900
3737,235,245,237035,4811,2008154,936800
3738,240,223,236788,4835,2008377,945300
3739,251,235,236559,4829,2008612,927300
3740,252,239,236310,4839,2008851,969700
3741,257,227,236055,4867,2009078,1022300
3742,251,276,235793,4853,2009354,1016300
3743,255,253,235533,4860,2009607,1056600
3744,257,255,235273,4865,2009862,1059700
3745,260,256,235028,4854,2010118,970100
3746,256,244,234769,4869,2010362,960400
3747,262,254,234504,4880,2010616,993400
3748,236,242,234259,4883,2010858,1024100
3749,252,268,234009,4865,2011126,1066900
3750,245,253,233771,4850,2011379,1042300
3751,264,254,233497,4870,2011633,1021100
3752,231,263,233272,4832,2011896,971500
3753,276,239,232998,4867,2012135,964100
3754,257,266,232745,4854,2012401,981600
3755,249,277,232488,4834,2012678,1003300
3756,233,232,232263,4827,2012910,956900
3757,251,249,232011,4830,2013159,981500
3758,255,252,231749,4840,2013411,971100
3759,279,227,231480,4882,2013638,963200
3760,248,252,231218,4892,2013890,1035100
3761,266,251,230962,4897,2014141,979800
3762,216,229,230735,4895,2014370,959700
3763,239,277,230496,4857,2014647,995100
3764,240,240,230263,4850,2014887,993900
3765,234,242,230032,4839,2015129,955900
3766,226,248,229802,4821,2015377,941000
3767,265,252,229529,4842,2015629,958200
3768,228,244,229296,4831,2015873,1122600
3769,243,229,229069,4829,2016102,949300
3770,223,230,228834,4834,2016332,969000
3771,224,232,228619,4817,2016564,1041300
3772,266,276,228369,4791,2016840,1011100
3773,241,235,228114,4811,2017075,1085400
3774,284,275,227842,4808,2017350,1014600
3775,255,263,227573,4814,2017613,1002800
3776,255,239,227314,4834,2017852,975100
3777,236,219,227087,4842,2018071,1052600
3778,264,256,226818,4855,2018327,991600
3779,239,256,226577,4840,2018583,1011300
3780,253,260,226329,4828,2018843,1068200
3781,275,251,226065,4841,2019094,1073300
3782,208,265,225826,4815,2019359,1006000
3783,251,252,225589,4800,2019611,970800
3784,252,262,225348,4779,2019873,995400
3785,281,256,225060,4811,2020129,996000
3786,258,225,224804,4842,2020354,1003000
3787,249,258,224541,4847,2020612,998100
3788,259,245,224298,4845,2020857,1033600
3789,266,279,224036,4828,2021136,1003400
3790,250,233,223772,4859,2021369,1008000
3791,251,242,223527,4862,2021611,990500
3792,231,273,223282,4834,2021884,971200
3793,228,243,223055,4818,2022127,984900
3794,242,235,222823,4815,2022362,995600
3795,219,222,222608,4808,2022584,974100
3796,244,254,222359,4803,2022838,974600
3797,221,229,222137,4796,2023067,982300
3798,231,253,221904,4776,2023320,984200
3799,221,252,221676,4752,2023572,997500
3800,223,259,221462,4707,2023831,1000200
3801,244,259,221221,4689,2024090,1016000
3802,234,258,220987,4665,2024348,1026900
3803,251,255,220731,4666,2024603,1164900
3804,252,254,220494,4649,2024857,1087800
3805,241,214,220238,4691,2025071,1025900
3806,246,255,220007,4667,2025326,1046600
3807,246,258,219752,4664,2025584,1020700
3808,236,274,219513,4629,2025858,1113600
3809,212,239,219285,4618,2026097,1041300
3810,197,228,219092,4583,2026325,1048700
3811,236,221,218876,4578,2026546,1010000
3812,233,259,218626,4569,2026805,1082300
3813,228,242,218410,4543,2027047,1265000
3814,208,230,218203,4520,2027277,1238300
3815,191,219,218004,4500,2027496,1082400
3816,222,213,217788,4503,2027709,1082700
3817,219,230,217563,4498,2027939,1035800
3818,218,229,217337,4495,2028168,1116100
3819,215,231,217138,4463,2028399,1337200
3820,232,236,216894,4471,2028635,1163100
3821,221,252,216678,4435,2028887,1184200
3822,220,231,216464,4418,2029118,1086400
3823,232,223,216218,4441,2029341,1041300
3824,220,218,216009,4432,2029559,1154500
3825,230,223,215768,4450,2029782,1095000
3826,254,218,215520,4480,2030000,1063900
3827,223,244,215303,4453,2030244,1084400
3828,245,206,215058,4492,2030450,1001700
3829,253,226,214813,4511,2030676,1158300
3830,243,237,214556,4531,2030913,1153900
3831,235,228,214327,4532,2031141,1134300
3832,229,219,214095,4545,2031360,1164000
3833,215,273,213872,4495,2031633,1088400
3834,217,224,213661,4482,2031857,1165200
3835,184,224,213465,4454,2032081,1091700
3836,246,216,213233,4470,2032297,1104200
3837,210,244,213025,4434,2032541,1118100
3838,210,234,212815,4410,2032775,1159600
3839,226,215,212590,4420,2032990,1165800
3840,203,232,212378,4400,2033222,1273400
3841,192,235,212185,4358,2033457,1177200
3842,212,242,211972,4329,2033699,1166400
3843,208,223,211770,4308,2033922,1117300
3844,220,212,211553,4313,2034134,1239100
3845,217,196,211340,4330,2034330,1274500
3846,197,239,211132,4299,2034569,1239900
3847,226,203,210914,4314,2034772,1255500
3848,231,219,210684,4325,2034991,1201600
3849,242,197,210447,4365,2035188,1227200
3850,213,229,210226,4357,2035417,1157800
3851,235,238,210003,4342,2035655,1204500
3852,212,248,209787,4310,2035903,1196400
3853,222,202,209563,4332,2036105,1231700
3854,218,237,209344,4314,2036342,1156000
3855,232,217,209111,4330,2036559,1202100
3856,231,221,208876,4344,2036780,1161400
3857,217,221,208670,4329,2037001,1131500
3858,228,251,208430,4318,2037252,1161900
3859,227,235,208214,4299,2037487,1176200
3860,222,206,207987,4320,2037693,1228500
3861,249,210,207737,4360,2037903,1636400
3862,252,209,207491,4397,2038112,1241300
3863,234,228,207257,4403,2038340,1129600
3864,205,207,207047,4406,2038547,1098900
3865,243,232,206804,4417,2038779,1220800
3866,227,196,206582,4443,2038975,1224500
3867,228,251,206336,4438,2039226,1194000
3868,216,224,206141,4409,2039450,1137300
3869,255,241,205884,4425,2039691,1240800
3870,239,225,205635,4449,2039916,1343600
3871,229,238,205400,4446,2040154,1407100
3872,221,236,205185,4425,2040390,1368700
3873,208,219,204976,4415,2040609,1330900
3874,184,241,204789,4361,2040850,1302000
3875,228,240,204561,4349,2041090,1162000
3876,228,224,204341,4345,2041314,1241800
3877,244,231,204104,4351,2041545,1297200
3878,219,229,203872,4354,2041774,1132300
3879,203,201,203675,4350,2041975,1154200
3880,229,207,203444,4374,2042182,1166500
3881,223,214,203221,4383,2042396,1157700
3882,242,218,202994,4392,2042614,1122300
3883,230,213,202754,4419,2042827,1131600
3884,213,223,202538,4412,2043050,1253300
3885,234,242,202298,4410,2043292,1250400
3886,238,234,202064,4410,2043526,1192800
3887,228,241,201843,4390,2043767,1153000
3888,233,230,201607,4396,2043997,1134800
3889,218,239,201383,4381,2044236,1260700
3890,228,216,201160,4388,2044452,1241600
3891,238,248,200925,4375,2044700,1189000
3892,228,219,200690,4391,2044919,1184500
3893,237,208,200460,4413,2045127,1191700
3894,223,229,200227,4417,2045356,1280000
3895,228,225,200010,4409,2045581,1210900
3896,215,228,199787,4404,2045809,1210100
3897,175,224,199598,4369,2046033,1271000
3898,223,235,199397,4335,2046268,1270000
3899,218,239,199165,4328,2046507,1164900
3900,218,225,198960,4308,2046732,1236100
3901,229,207,198728,4333,2046939,1197000
3902,205,245,198517,4299,2047184,1296000
3903,247,202,198272,4342,2047386,1227100
3904,225,231,198058,4325,2047617,1183300
3905,222,223,197826,4334,2047840,1189500
3906,223,210,197608,4342,2048050,1212500
3907,219,214,197374,4362,2048264,1196400
3908,233,219,197154,4363,2048483,1374100
3909,248,200,196907,4410,2048683,1305000
3910,224,227,196674,4416,2048910,1312700
3911,237,227,196450,4413,2049137,1324500
3912,223,236,196206,4421,2049373,1321900
3913,213,224,195998,4405,2049597,1377900
3914,204,218,195793,4392,2049815,1362300
3915,219,196,195578,4411,2050011,1373800
3916,214,228,195380,4381,2050239,1424200
3917,219,248,195140,4373,2050487,1348400
3918,222,199,194921,4393,2050686,1225100
3919,190,225,194721,4368,2050911,1314100
3920,241,252,194490,4347,2051163,1255400
3921,215,245,194275,4317,2051408,1282200
3922,216,228,194056,4308,2051636,1146100
3923,239,227,193821,4316,2051863,1244300
3924,211,240,193610,4287,2052103,1220900
3925,240,220,193384,4293,2052323,1374900
3926,227,197,193156,4324,2052520,1243400
3927,230,238,192919,4323,2052758,1146200
3928,206,227,192703,4312,2052985,1371700
3929,247,252,192464,4299,2053237,1343900
3930,235,211,192225,4327,2053448,1170100
3931,206,221,192019,4312,2053669,1090100
3932,233,228,191792,4311,2053897,1114000
3933,195,228,191592,4283,2054125,1102900
3934,213,209,191389,4277,2054334,1100800
3935,226,216,191164,4286,2054550,1077100
3936,249,219,190900,4331,2054769,1045100
3937,229,214,190673,4344,2054983,1060900
3938,233,214,190441,4362,2055197,1146200
3939,230,219,190221,4363,2055416,1118100
3940,184,218,190022,4344,2055634,1131100
3941,234,228,189793,4345,2055862,1017100
3942,248,218,189550,4370,2056080,1081800
3943,231,245,189319,4356,2056325,1001900
3944,213,234,189100,4341,2056559,993700
3945,214,204,188890,4347,2056763,1001900
3946,200,229,188687,4321,2056992,953900
3947,228,231,188455,4322,2057223,1000500
3948,226,211,188225,4341,2057434,1016400
3949,251,242,187996,4328,2057676,1035300
3950,224,226,187755,4343,2057902,1096000
3951,259,215,187513,4370,2058117,1028000
3952,241,220,187267,4396,2058337,1093800
3953,232,232,187034,4397,2058569,1060600
3954,229,237,186801,4393,2058806,983100
3955,230,242,186570,4382,2059048,1104000
3956,204,225,186374,4353,2059273,1100200
3957,211,246,186143,4338,2059519,1117900
3958,226,200,185930,4351,2059719,1103800
3959,204,239,185730,4312,2059958,1065300
3960,230,219,185497,4326,2060177,1034400
3961,224,215,185273,4335,2060392,1027700
3962,228,241,185037,4330,2060633,960100
3963,222,218,184818,4331,2060851,1144900
3964,213,223,184607,4319,2061074,1053900
3965,212,199,184406,4321,2061273,1081400
3966,207,226,184184,4317,2061499,1074100
3967,200,216,183983,4302,2061715,1000600
3968,204,207,183776,4302,2061922,1046600
3969,190,193,183593,4292,2062115,1002200
3970,210,214,183384,4287,2062329,1013200
3971,194,232,183184,4255,2062561,1059900
3972,201,236,182987,4216,2062797,956900
3973,203,198,182789,4216,2062995,966400
3974,223,214,182565,4226,2063209,991600
3975,252,236,182321,4234,2063445,1016600
3976,213,224,182103,4228,2063669,985600
3977,208,193,181887,4251,2063862,1091600
3978,230,213,181658,4267,2064075,1106800
3979,221,196,181440,4289,2064271,994200
3980,209,240,181228,4261,2064511,1044700
3981,191,211,181030,4248,2064722,1003700
3982,227,206,180819,4253,2064928,1064500
3983,193,234,180622,4216,2065162,1005700
3984,197,197,180428,4213,2065359,1003400
3985,223,213,180204,4224,2065572,1052800
3986,198,218,179998,4212,2065790,1095700
3987,203,208,179793,4209,2065998,1054600
3988,180,210,179618,4174,2066208,1168300
3989,202,210,179415,4167,2066418,1016700
3990,194,210,179222,4150,2066628,1035300
3991,207,227,179002,4143,2066855,1012200
3992,210,204,178807,4134,2067059,1108800
3993,214,216,178582,4143,2067275,1032000
3994,206,197,178386,4142,2067472,1001500
3995,178,212,178205,4111,2067684,979800
3996,215,225,177999,4092,2067909,1022100
3997,213,205,177782,4104,2068114,1047200
3998,227,190,177553,4143,2068304,996100
3999,217,216,177340,4140,2068520,992700
4000,204,216,177131,4133,2068736,956600
4001,220,211,176914,4139,2068947,984800
4002,212,225,176700,4128,2069172,964300
4003,219,220,176492,4116,2069392,955100
4004,213,212,176267,4129,2069604,1014800
4005,212,202,176070,4124,2069806,952500
4006,193,218,175849,4127,2070024,1021200
4007,200,220,175657,4099,2070244,988600
4008,211,190,175452,4114,2070434,1005900
4009,215,224,175239,4103,2070658,1042100
4010,226,207,175010,4125,2070865,1001900
4011,234,226,174793,4116,2071091,968900
4012,230,218,174542,4149,2071309,973400
4013,212,204,174332,4155,2071513,955200
4014,221,206,174113,4168,2071719,980800
4015,217,206,173910,4165,2071925,943400
4016,219,212,173676,4187,2072137,945200
4017,237,185,173434,4244,2072322,959300
4018,210,220,173236,4222,2072542,1020700
4019,211,213,173014,4231,2072755,1176400
4020,195,242,172823,4180,2072997,1198000
4021,207,213,172621,4169,2073210,1077700
4022,244,231,172373,4186,2073441,1058200
4023,219,220,172151,4188,2073661,1122000
4024,245,202,171907,4230,2073863,1108000
4025,248,214,171663,4260,2074077,1034500
4026,211,200,171449,4274,2074277,981200
4027,183,224,171259,4240,2074501,973100
4028,205,204,171056,4239,2074705,1016800
4029,240,216,170816,4263,2074921,1054800
4030,226,224,170601,4254,2075145,1049000
4031,212,209,170385,4261,2075354,1086400
4032,224,236,170160,4250,2075590,1065900
4033,206,223,169950,4237,2075813,1008200
4034,201,212,169747,4228,2076025,974800
4035,218,224,169533,4218,2076249,939200
4036,199,232,169343,4176,2076481,979300
4037,196,208,169144,4167,2076689,964500
4038,196,219,168932,4160,2076908,1014700
4039,213,211,168737,4144,2077119,1078000
4040,214,199,168517,4165,2077318,1105600
4041,250,210,168275,4197,2077528,1003100
4042,250,232,168017,4223,2077760,1073200
4043,215,242,167792,4206,2078002,1049400
4044,206,221,167590,4187,2078223,1053600
4045,216,204,167384,4189,2078427,1189000
4046,253,212,167127,4234,2078639,1050600
4047,205,216,166912,4233,2078855,1031500
4048,213,179,166708,4258,2079034,1114000
4049,202,247,166509,4210,2079281,1106100
4050,199,203,166315,4201,2079484,1109200
4051,201,210,166118,4188,2079694,1069900
4052,195,211,165901,4194,2079905,1074600
4053,197,187,165715,4193,2080092,1076300
4054,182,225,165531,4152,2080317,1048600
4055,201,195,165324,4164,2080512,1079600
4056,234,205,165116,4167,2080717,1048500
4057,258,221,164844,4218,2080938,1122100
4058,207,258,164627,4177,2081196,1004100
4059,194,223,164434,4147,2081419,977700
4060,210,207,164236,4138,2081626,997800
4061,192,202,164038,4134,2081828,978600
4062,222,233,163824,4115,2082061,1004200
4063,237,215,163570,4154,2082276,971000
4064,224,218,163350,4156,2082494,1013600
4065,201,216,163156,4134,2082710,980100
4066,222,220,162930,4140,2082930,1050400
4067,210,207,162725,4138,2083137,1008400
4068,180,232,162539,4092,2083369,1059800
4069,189,231,162341,4059,2083600,1053400
4070,208,238,162150,4012,2083838,970000
4071,191,202,161960,4000,2084040,989500
4072,220,206,161723,4031,2084246,974500
4073,195,205,161543,4006,2084451,944000
4074,163,198,161363,3988,2084649,974600
4075,226,205,161163,3983,2084854,936700
4076,178,202,160965,3979,2085056,1040800
4077,218,221,160742,3981,2085277,1134900
4078,194,209,160565,3949,2085486,1071300
4079,200,212,160352,3950,2085698,1089500
4080,190,211,160160,3931,2085909,1003900
4081,203,196,159963,3932,2086105,1000900
4082,216,204,159760,3931,2086309,1028700
4083,208,214,159541,3936,2086523,1048000
4084,205,211,159339,3927,2086734,1120900
4085,212,189,159125,3952,2086923,1261500
4086,254,227,158870,3980,2087150,1123900
4087,197,213,158667,3970,2087363,981700
4088,196,203,158477,3957,2087566,1050000
4089,210,190,158252,3992,2087756,982600
4090,196,225,158075,3944,2087981,1051200
4091,198,220,157869,3930,2088201,964600
4092,207,186,157662,3951,2088387,1042200
4093,189,186,157472,3955,2088573,991000
4094,187,213,157301,3913,2088786,986000
4095,199,183,157081,3950,2088969,1004200
4096,201,187,156889,3955,2089156,1029400
4097,207,233,156675,3936,2089389,962500
4098,208,199,156473,3939,2089588,952800
4099,187,187,156282,3943,2089775,1024200
4100,200,186,156086,3953,2089961,969900
4101,233,207,155859,3973,2090168,1009800
4102,191,209,155657,3966,2090377,1002600
4103,193,237,155468,3918,2090614,1003800
4104,159,212,155308,3866,2090826,1035800
4105,198,200,155112,3862,2091026,1105700
4106,194,188,154922,3864,2091214,1067800
4107,202,180,154719,3887,2091394,1042500
4108,218,204,154502,3900,2091598,1040100
4109,204,203,154300,3899,2091801,998700
4110,190,194,154099,3906,2091995,1048600
4111,205,217,153898,3890,2092212,1102000
4112,204,211,153702,3875,2092423,1002300
4113,206,193,153495,3889,2092616,1066300
4114,208,186,153287,3911,2092802,1151000
4115,221,184,153066,3948,2092986,1218200
4116,221,197,152836,3981,2093183,1106100
4117,199,218,152636,3963,2093401,1098600
4118,234,200,152411,3988,2093601,1136700
4119,203,201,152199,3999,2093802,1077100
4120,187,207,152008,3983,2094009,1039100
4121,199,210,151813,3968,2094219,1035500
4122,223,224,151612,3945,2094443,1006500
4123,215,186,151378,3993,2094629,1038800
4124,202,223,151182,3966,2094852,1094200
4125,186,215,150987,3946,2095067,1102200
4126,218,207,150779,3947,2095274,1107900
4127,190,194,150588,3944,2095468,1127200
4128,177,205,150414,3913,2095673,1098600
4129,194,175,150213,3939,2095848,1080000
4130,208,204,150025,3923,2096052,1072900
4131,190,178,149811,3959,2096230,1081800
4132,238,211,149579,3980,2096441,1134200
4133,201,202,149372,3985,2096643,1088400
4134,186,199,149188,3970,2096842,1103500
4135,218,206,148977,3975,2097048,1043500
4136,192,200,148773,3979,2097248,1003600
4137,165,210,148616,3926,2097458,1075200
4138,189,185,148425,3932,2097643,1020500
4139,196,240,148229,3888,2097883,1128400
4140,184,189,148041,3887,2098072,1099300
4141,227,189,147831,3908,2098261,1268300
4142,202,198,147613,3928,2098459,1224700
4143,201,207,147413,3921,2098666,1164800
4144,206,202,147209,3923,2098868,1158300
4145,220,214,146995,3923,2099082,1123600
4146,206,192,146787,3939,2099274,1151900
4147,216,198,146582,3946,2099472,1380800
4148,185,188,146388,3952,2099660,1322800
4149,193,227,146197,3916,2099887,1334500
4150,233,203,145978,3932,2100090,1305900
4151,197,224,145760,3926,2100314,1551500
4152,202,218,145552,3916,2100532,5697100
4153,173,182,145377,3909,2100714,1984800
4154,163,190,145217,3879,2100904,2856400
4155,196,185,145030,3881,2101089,1738900
4156,187,181,144843,3887,2101270,1480200
4157,212,209,144628,3893,2101479,1600200
4158,187,189,144442,3890,2101668,1928100
4159,202,223,144232,3877,2101891,1936200
4160,232,201,144017,3891,2102092,2107800
4161,196,201,143810,3897,2102293,2014200
4162,206,200,143615,3892,2102493,1449100
4163,213,224,143395,3888,2102717,1899000
4164,205,193,143193,3897,2102910,1633600
4165,193,186,142991,3913,2103096,1423900
4166,229,195,142769,3940,2103291,1516100
4167,186,227,142576,3906,2103518,1380000
4168,205,191,142374,3917,2103709,1553500
4169,205,192,142176,3923,2103901,2109500
4170,215,218,141955,3926,2104119,1680600
4171,212,230,141750,3901,2104349,1382300
4172,227,204,141521,3926,2104553,2056600
4173,203,211,141320,3916,2104764,1856700
4174,199,215,141113,3908,2104979,1660100
4175,210,199,140909,3913,2105178,1650800
4176,202,204,140707,3911,2105382,1680400
4177,207,180,140512,3926,2105562,1454800
4178,226,199,140282,3957,2105761,1767700
4179,207,201,140059,3979,2105962,2267300
4180,216,227,139856,3955,2106189,1743000
4181,190,180,139651,3980,2106369,1620800
4182,223,193,139434,4004,2106562,1454200
4183,201,195,139225,4018,2106757,1473000
4184,192,219,139034,3990,2106976,1537400
4185,209,186,138843,3995,2107162,1507900
4186,170,224,138660,3954,2107386,1433600
4187,198,187,138456,3971,2107573,1303100
4188,198,173,138265,3989,2107746,1374700
4189,188,224,138073,3957,2107970,1675600
4190,188,201,137885,3944,2108171,1300100
4191,203,208,137678,3943,2108379,1312600
4192,189,175,137488,3958,2108554,1331900
4193,187,192,137299,3955,2108746,1305600
4194,212,190,137102,3962,2108936,1257700
4195,208,218,136888,3958,2109154,1318900
4196,164,226,136724,3896,2109380,1317900
4197,170,216,136548,3856,2109596,1301800
4198,214,193,136346,3865,2109789,1404200
4199,181,182,136154,3875,2109971,1427900
4200,187,198,135976,3855,2110169,2812400
4201,190,189,135781,3861,2110358,2496000
4202,216,211,135562,3869,2110569,2040000
4203,187,204,135367,3860,2110773,1834500
4204,188,207,135191,3829,2110980,1558200
4205,229,170,134970,3880,2111150,1484600
4206,202,209,134756,3885,2111359,1409800
4207,175,188,134591,3862,2111547,1657900
4208,188,217,134393,3843,2111764,1797700
4209,207,198,134193,3845,2111962,1374100
4210,193,205,133995,3838,2112167,1335000
4211,193,192,133797,3844,2112359,1318100
4212,215,175,133595,3871,2112534,1256200
4213,191,190,133394,3882,2112724,1292600
4214,170,198,133223,3855,2112922,1308700
4215,201,181,133019,3878,2113103,1475700
4216,202,206,132824,3867,2113309,1356500
4217,194,166,132633,3892,2113475,1296900
4218,194,193,132437,3895,2113668,1258500
4219,202,179,132243,3910,2113847,1281600
4220,214,208,132023,3922,2114055,1362200
4221,191,182,131839,3924,2114237,1300500
4222,200,233,131641,3889,2114470,1671100
4223,186,197,131441,3892,2114667,1493000
4224,203,212,131240,3881,2114879,1494100
4225,187,189,131043,3889,2115068,1577400
4226,198,224,130852,3856,2115292,1504500
4227,172,201,130672,3835,2115493,1418900
4228,186,184,130492,3831,2115677,1552900
4229,206,183,130278,3862,2115860,1733000
4230,192,208,130091,3841,2116068,1620900
4231,195,205,129904,3823,2116273,1623700
4232,214,178,129696,3853,2116451,1747900
4233,213,205,129475,3869,2116656,1472200
4234,200,193,129279,3872,2116849,1372800
4235,178,212,129094,3845,2117061,1346000
4236,177,199,128918,3822,2117260,1365800
4237,178,192,128734,3814,2117452,1482300
4238,201,196,128544,3808,2117648,1314600
4239,207,204,128342,3806,2117852,1210600
4240,198,209,128138,3801,2118061,1353800
4241,200,184,127943,3812,2118245,1429300
4242,201,177,127736,3842,2118422,1512000
4243,205,203,127529,3846,2118625,1469700
4244,201,223,127337,3815,2118848,1501200
4245,194,193,127134,3825,2119041,1312800
4246,181,198,126956,3805,2119239,1206600
4247,190,195,126776,3790,2119434,1279200
4248,188,190,126574,3802,2119624,1319400
4249,174,202,126393,3781,2119826,1451100
4250,199,204,126205,3765,2120030,1439400
4251,185,207,126017,3746,2120237,1312900
4252,201,232,125822,3709,2120469,1408300
4253,197,179,125632,3720,2120648,1426200
4254,172,197,125445,3710,2120845,1169800
4255,231,187,125228,3740,2121032,1243200
4256,185,171,125030,3767,2121203,1318100
4257,209,190,124833,3774,2121393,1398900
4258,194,191,124628,3788,2121584,1194200
4259,206,206,124425,3785,2121790,1184900
4260,211,201,124210,3799,2121991,1372300
4261,206,179,124018,3812,2122170,1316900
4262,209,185,123800,3845,2122355,1287700
4263,183,195,123616,3834,2122550,1238900
4264,179,193,123436,3821,2122743,1209100
4265,171,206,123266,3785,2122949,1405600
4266,185,187,123089,3775,2123136,1286400
4267,185,194,122894,3776,2123330,1275100
4268,196,206,122699,3765,2123536,1242900
4269,193,180,122516,3768,2123716,1272600
4270,181,202,122321,3761,2123918,1132500
4271,198,171,122123,3788,2124089,1169400
4272,168,192,121951,3768,2124281,1166700
4273,183,204,121780,3735,2124485,1470800
4274,220,193,121562,3760,2124678,1167500
4275,191,185,121359,3778,2124863,1171600
4276,197,196,121173,3768,2125059,1170600
4277,208,202,120964,3775,2125261,1215300
4278,199,212,120760,3767,2125473,1196600
4279,186,193,120575,3759,2125666,1144700
4280,182,179,120395,3760,2125845,1175900
4281,190,183,120201,3771,2126028,1227600
4282,174,208,120035,3729,2126236,1180900
4283,209,175,119829,3760,2126411,1371900
4284,203,202,119607,3780,2126613,1206900
4285,184,202,119431,3754,2126815,1153600
4286,183,184,119246,3755,2126999,1122700
4287,196,182,119055,3764,2127181,1172000
4288,224,196,118827,3796,2127377,1151300
4289,214,189,118629,3805,2127566,1228100
4290,186,204,118425,3805,2127770,1316300
4291,194,206,118234,3790,2127976,1172300
4292,186,201,118049,3774,2128177,1145900
4293,227,189,117831,3803,2128366,1354400
4294,169,206,117652,3776,2128572,1170400
4295,191,171,117457,3800,2128743,1230400
4296,177,195,117288,3774,2128938,1156000
4297,187,228,117096,3738,2129166,1267300
4298,171,208,116927,3699,2129374,1132900
4299,169,224,116751,3651,2129598,1147100
4300,198,186,116572,3644,2129784,1332700
4301,201,211,116366,3639,2129995,1203100
4302,196,201,116160,3644,2130196,1186300
4303,168,209,115982,3613,2130405,1364200
4304,192,178,115807,3610,2130583,1501300
4305,183,207,115623,3587,2130790,1434000
4306,189,195,115431,3584,2130985,1260100
4307,191,177,115250,3588,2131162,1165900
4308,192,179,115044,3615,2131341,1207400
4309,198,194,114853,3612,2131535,1172000
4310,183,181,114666,3618,2131716,1193500
4311,173,192,114496,3596,2131908,1176700
4312,186,182,114309,3601,2132090,1167500
4313,171,179,114132,3599,2132269,1211800
4314,190,198,113958,3575,2132467,1156400
4315,179,171,113782,3580,2132638,1194900
4316,182,185,113584,3593,2132823,1355000
4317,216,192,113382,3603,2133015,1203200
4318,163,183,113199,3603,2133198,1230800
4319,184,164,113021,3617,2133362,1222000
4320,190,179,112831,3628,2133541,1150300
4321,188,192,112639,3628,2133733,1165200
4322,179,176,112458,3633,2133909,1203900
4323,200,186,112271,3634,2134095,1206700
4324,197,185,112072,3648,2134280,1199600
4325,206,177,111866,3677,2134457,1159700
4326,202,183,111662,3698,2134640,1151400
4327,176,187,111489,3684,2134827,1195900
4328,191,192,111285,3696,2135019,1201400
4329,188,192,111106,3683,2135211,1179200
4330,157,199,110940,3650,2135410,1512500
4331,185,176,110761,3653,2135586,1415000
4332,180,212,110592,3610,2135798,1516200
4333,161,183,110429,3590,2135981,1570200
4334,177,196,110244,3579,2136177,1614100
4335,175,173,110071,3579,2136350,1346900
4336,166,175,109907,3568,2136525,1419800
4337,163,191,109740,3544,2136716,1405600
4338,158,187,109589,3508,2136903,1449600
4339,169,194,109404,3499,2137097,1311700
4340,182,183,109238,3482,2137280,1439600
4341,168,178,109061,3481,2137458,1498500
4342,147,166,108923,3453,2137624,1243200
4343,169,189,108750,3437,2137813,1234200
4344,181,173,108563,3451,2137986,1233900
4345,169,173,108403,3438,2138159,1421500
4346,173,188,108219,3434,2138347,1286600
4347,174,165,108054,3434,2138512,1168200
4348,173,165,107884,3439,2138677,1157500
4349,138,157,107728,3438,2138834,1305400
4350,163,176,107573,3417,2139010,1165500
4351,181,169,107395,3426,2139179,1320100
4352,174,157,107228,3436,2139336,1483100
4353,170,154,107051,3459,2139490,1365600
4354,192,174,106872,3464,2139664,1278500
4355,196,185,106658,3493,2139849,1269800
4356,192,175,106486,3490,2140024,1365900
4357,160,175,106298,3503,2140199,1305300
4358,171,189,106137,3475,2140388,1291300
4359,174,182,105978,3452,2140570,1222200
4360,173,176,105797,3457,2140746,1162900
4361,187,184,105601,3469,2140930,1173400
4362,193,193,105419,3458,2141123,1178100
4363,183,185,105234,3458,2141308,1190200
4364,207,160,105035,3497,2141468,1219700
4365,202,195,104838,3499,2141663,1159400
4366,205,195,104625,3517,2141858,1281700
4367,189,192,104421,3529,2142050,1236900
4368,172,194,104261,3495,2142244,1192500
4369,167,206,104100,3450,2142450,1174700
4370,178,167,103907,3476,2142617,1148600
4371,190,166,103721,3496,2142783,1113200
4372,174,173,103546,3498,2142956,1176000
4373,141,167,103393,3484,2143123,1143300
4374,175,171,103230,3476,2143294,1188600
4375,160,164,103064,3478,2143458,1146400
4376,188,162,102882,3498,2143620,1315900
4377,162,197,102724,3459,2143817,1172800
4378,177,150,102553,3480,2143967,1159300
4379,167,181,102372,3480,2144148,1177000
4380,182,175,102202,3475,2144323,1123500
4381,184,194,102021,3462,2144517,1135300
4382,183,170,101833,3480,2144687,1128500
4383,165,175,101661,3477,2144862,1129600
4384,170,175,101494,3469,2145037,1193300
4385,161,185,101336,3442,2145222,1148500
4386,145,180,101180,3418,2145402,1108300
4387,160,192,101028,3378,2145594,1105100
4388,159,180,100866,3360,2145774,1147800
4389,147,156,100720,3350,2145930,1150100
4390,181,191,100542,3337,2146121,1186200
4391,142,170,100390,3319,2146291,1170200
4392,163,170,100243,3296,2146461,1132200
4393,179,162,100064,3313,2146623,1326200
4394,173,171,99876,3330,2146794,1129800
4395,159,178,99719,3309,2146972,1197100
4396,196,174,99530,3324,2147146,1232100
4397,177,152,99345,3357,2147298,1295400
4398,169,167,99186,3349,2147465,1363200
4399,164,171,99014,3350,2147636,1320400
4400,175,170,98851,3343,2147806,1407700
4401,159,177,98680,3337,2147983,1320700
4402,168,190,98523,3304,2148173,1514300
4403,170,183,98334,3310,2148356,1351000
4404,202,177,98148,3319,2148533,1292400
4405,153,142,97982,3343,2148675,1225800
4406,175,173,97819,3333,2148848,1155200
4407,174,185,97640,3327,2149033,1239300
4408,190,174,97456,3337,2149207,1343400
4409,182,176,97269,3348,2149383,1324600
4410,192,179,97089,3349,2149562,1198900
4411,191,167,96887,3384,2149729,1213500
4412,182,191,96716,3364,2149920,1218900
4413,174,197,96526,3357,2150117,1170200
4414,163,185,96361,3337,2150302,1163700
4415,164,181,96196,3321,2150483,1195800
4416,190,171,96015,3331,2150654,1177600
4417,204,197,95808,3341,2150851,1195300
4418,155,166,95654,3329,2151017,1126500
4419,170,188,95482,3313,2151205,1191500
4420,162,166,95327,3302,2151371,1224900
4421,176,172,95132,3325,2151543,1138500
4422,199,190,94948,3319,2151733,1261700
4423,194,187,94763,3317,2151920,1176100
4424,191,171,94564,3345,2152091,1142200
4425,175,173,94392,3344,2152264,1233900
4426,169,168,94207,3361,2152432,1172500
4427,174,178,94050,3340,2152610,1192400
4428,170,169,93874,3347,2152779,1226600
4429,151,170,93730,3321,2152949,1180200
4430,163,154,93556,3341,2153103,1146600
4431,146,158,93418,3321,2153261,1167200
4432,177,190,93239,3310,2153451,1184100
4433,167,183,93070,3296,2153634,1252700
4434,147,168,92924,3274,2153802,1180200
4435,169,164,92761,3273,2153966,1115400
4436,164,163,92589,3282,2154129,1161900
4437,145,157,92438,3276,2154286,1132400
4438,163,182,92275,3257,2154468,1101800
4439,171,164,92114,3254,2154632,1119700
4440,139,177,91962,3229,2154809,1186400
4441,153,158,91818,3215,2154967,1227300
4442,145,190,91658,3185,2155157,1258200
4443,157,171,91510,3162,2155328,1018100
4444,159,151,91362,3159,2155479,1063400
4445,156,176,91190,3155,2155655,1014600
4446,180,178,91021,3146,2155833,1018400
4447,171,169,90858,3140,2156002,1036900
4448,169,147,90683,3168,2156149,1086800
4449,177,183,90508,3160,2156332,996000
4450,170,181,90328,3159,2156513,1020100
4451,165,164,90176,3147,2156677,1086500
4452,150,160,90025,3138,2156837,987400
4453,178,163,89841,3159,2157000,1003300
4454,138,142,89694,3164,2157142,1032300
4455,161,153,89538,3167,2157295,1135200
4456,180,171,89368,3166,2157466,1595200
4457,164,165,89196,3173,2157631,1121100
4458,175,151,89022,3196,2157782,1049900
4459,168,143,88858,3217,2157925,1104000
4460,168,149,88697,3229,2158074,1180500
4461,198,167,88502,3257,2158241,2292300
4462,173,165,88327,3267,2158406,2340800
4463,143,169,88169,3256,2158575,1935600
4464,151,167,88017,3241,2158742,1941600
4465,159,163,87857,3238,2158905,1604200
4466,168,169,87689,3237,2159074,1707500
4467,179,176,87507,3243,2159250,1643300
4468,185,160,87331,3259,2159410,1561900
4469,160,174,87180,3236,2159584,1486900
4470,173,161,87004,3251,2159745,1414700
4471,181,167,86819,3269,2159912,1483700
4472,157,164,86657,3267,2160076,1450800
4473,164,187,86497,3240,2160263,1402200
4474,150,141,86346,3250,2160404,1415400
4475,167,160,86183,3253,2160564,2092800
4476,139,172,86030,3234,2160736,1442400
4477,162,164,85880,3220,2160900,1417700
4478,183,172,85699,3229,2161072,1465300
4479,177,162,85514,3252,2161234,1319800
4480,191,176,85333,3257,2161410,1665200
4481,156,156,85162,3272,2161566,3588000
4482,185,161,85001,3272,2161727,2999200
4483,178,178,84814,3281,2161905,2442100
4484,177,176,84622,3297,2162081,2108200
4485,186,169,84444,3306,2162250,1915000
4486,195,175,84251,3324,2162425,1710800
4487,200,171,84059,3345,2162596,1845300
4488,214,187,83847,3370,2162783,1726500
4489,167,178,83670,3369,2162961,1487000
4490,199,174,83470,3395,2163135,3992000
4491,172,168,83303,3394,2163303,4171700
4492,170,169,83126,3402,2163472,1939000
4493,164,170,82964,3394,2163642,1781900
4494,173,155,82792,3411,2163797,2818900
4495,174,201,82629,3373,2163998,3250400
4496,196,166,82435,3401,2164164,3327700
4497,173,190,82247,3399,2164354,2428200
4498,192,188,82057,3401,2164542,2587300
4499,160,158,81891,3409,2164700,2259200
4500,133,196,81767,3337,2164896,1685400
4501,175,172,81597,3335,2165068,1873300
4502,153,186,81433,3313,2165254,2000800
4503,161,189,81272,3285,2165443,1695700
4504,171,163,81096,3298,2165606,1673800
4505,161,159,80938,3297,2165765,1564000
4506,151,159,80796,3280,2165924,1686800
4507,156,173,80639,3264,2166097,1619400
4508,179,150,80461,3292,2166247,1586500
4509,184,185,80278,3290,2166432,1407500
4510,153,174,80112,3282,2166606,1667200
4511,174,172,79939,3283,2166778,1587600
4512,153,162,79777,3283,2166940,1641400
4513,152,178,79632,3250,2167118,1542500
4514,139,182,79497,3203,2167300,1613100
4515,144,153,79357,3190,2167453,1570300
4516,149,172,79201,3174,2167625,1656100
4517,140,179,79061,3135,2167804,1650800
4518,153,155,78918,3123,2167959,1786600
4519,167,159,78753,3129,2168118,1709700
4520,164,149,78591,3142,2168267,1620000
4521,153,152,78427,3154,2168419,1595200
4522,147,152,78282,3147,2168571,1614900
4523,169,159,78124,3146,2168730,1559100
4524,133,175,77980,3115,2168905,1594600
4525,152,164,77831,3100,2169069,1578300
4526,141,143,77682,3106,2169212,1511000
4527,163,166,77532,3090,2169378,1618100
4528,146,151,77376,3095,2169529,1662400
4529,141,154,77230,3087,2169683,1653800
4530,156,157,77079,3081,2169840,1539700
4531,157,169,76928,3063,2170009,1722100
4532,164,157,76762,3072,2170166,2004000
4533,155,185,76604,3045,2170351,1644900
4534,175,154,76433,3062,2170505,1652300
4535,175,156,76250,3089,2170661,1688500
4536,156,173,76099,3067,2170834,1504000
4537,160,154,75942,3070,2170988,1574200
4538,167,152,75780,3080,2171140,1499400
4539,182,153,75597,3110,2171293,1607600
4540,163,158,75426,3123,2171451,1582700
4541,140,157,75288,3104,2171608,1639100
4542,162,159,75127,3106,2171767,1567600
4543,168,142,74956,3135,2171909,1530000
4544,155,167,74796,3128,2172076,1572500
4545,137,157,74655,3112,2172233,1586400
4546,152,143,74511,3113,2172376,1710000
4547,142,158,74364,3102,2172534,1697600
4548,147,154,74228,3084,2172688,2315100
4549,165,168,74066,3078,2172856,1920200
4550,158,135,73899,3110,2172991,1788300
4551,148,166,73745,3098,2173157,1746300
4552,160,161,73604,3078,2173318,1734900
4553,146,158,73447,3077,2173476,1735200
4554,181,179,73266,3079,2173655,1691800
4555,162,165,73107,3073,2173820,1643200
4556,180,183,72918,3079,2174003,1636100
4557,148,169,72775,3053,2174172,1665800
4558,169,183,72615,3030,2174355,1705300
4559,164,155,72459,3031,2174510,1649500
4560,184,146,72253,3091,2174656,1684800
4561,167,155,72100,3089,2174811,1731300
4562,189,158,71906,3125,2174969,1608800
4563,187,150,71726,3155,2175119,1691900
4564,153,165,71567,3149,2175284,1892100
4565,168,150,71394,3172,2175434,1719200
4566,168,152,71218,3196,2175586,1670500
4567,147,153,71081,3180,2175739,1724300
4568,153,187,70922,3152,2175926,1692500
4569,194,140,70738,3196,2176066,2032500
4570,164,162,70577,3195,2176228,1757800
4571,181,170,70393,3209,2176398,1895100
4572,190,167,70204,3231,2176565,1947000
4573,176,171,70029,3235,2176736,1747700
4574,166,183,69864,3217,2176919,1760800
4575,175,170,69691,3220,2177089,1763600
4576,138,171,69540,3200,2177260,1644500
4577,177,169,69365,3206,2177429,1612800
4578,153,161,69218,3192,2177590,1507300
4579,145,164,69071,3175,2177754,1470000
4580,166,154,68895,3197,2177908,1462800
4581,164,158,68745,3189,2178066,1499400
4582,161,165,68573,3196,2178231,1475900
4583,159,181,68417,3171,2178412,1494800
4584,173,169,68249,3170,2178581,1427100
4585,166,161,68077,3181,2178742,1501300
4586,169,137,67911,3210,2178879,1469500
4587,158,165,67747,3209,2179044,1424000
4588,174,164,67584,3208,2179208,1484200
4589,154,157,67432,3203,2179365,2677100
4590,172,169,67262,3204,2179534,1239600
4591,158,153,67094,3219,2179687,1196400
4592,166,188,66928,3197,2179875,1175900
4593,162,165,66762,3198,2180040,1146900
4594,163,174,66600,3186,2180214,1245900
4595,153,161,66443,3182,2180375,1217500
4596,179,183,66277,3165,2180558,1166200
4597,138,169,66133,3140,2180727,1175800
4598,156,149,65967,3157,2180876,1180000
4599,118,161,65849,3114,2181037,1198300
4600,163,151,65701,3111,2181188,1165000
4601,181,180,65525,3107,2181368,1147500
4602,173,153,65358,3121,2181521,1309100
4603,151,162,65192,3125,2181683,1215700
4604,134,159,65051,3107,2181842,1188500
4605,161,156,64890,3112,2181998,1148700
4606,157,180,64736,3086,2182178,1153600
4607,140,148,64598,3076,2182326,1194500
4608,134,171,64466,3037,2182497,1266400
4609,159,152,64298,3053,2182649,1101100
4610,161,148,64148,3055,2182797,1151700
4611,145,161,64001,3041,2182958,1176200
4612,136,153,63867,3022,2183111,1149000
4613,133,162,63728,2999,2183273,1082100
4614,143,171,63588,2968,2183444,1175400
4615,134,164,63456,2936,2183608,1130300
4616,133,144,63319,2929,2183752,1161000
4617,152,142,63169,2937,2183894,1310800
4618,133,140,63043,2923,2184034,1164200
4619,130,172,62899,2895,2184206,1127900
4620,131,163,62767,2864,2184369,1121900
4621,165,137,62617,2877,2184506,1215000
4622,125,149,62479,2866,2184655,1216200
4623,120,149,62362,2834,2184804,1176900
4624,119,158,62241,2797,2184962,1119100
4625,134,134,62110,2794,2185096,1117800
4626,132,161,61978,2765,2185257,1147900
4627,138,140,61841,2762,2185397,1161900
4628,136,162,61704,2737,2185559,1255800
4629,139,137,61564,2740,2185696,1144000
4630,125,136,61442,2726,2185832,1259000
4631,117,137,61313,2718,2185969,1176700
4632,128,121,61188,2722,2186090,1232600
4633,103,155,61083,2672,2186245,1232200
4634,127,117,60957,2681,2186362,1240300
4635,116,138,60849,2651,2186500,1140700
4636,107,130,60729,2641,2186630,1187000
4637,125,134,60614,2622,2186764,1251700
4638,131,120,60492,2624,2186884,1254400
4639,107,109,60372,2635,2186993,1244000
4640,131,128,60252,2627,2187121,1378400
4641,108,122,60131,2626,2187243,1278100
4642,127,128,60007,2622,2187371,1225400
4643,139,149,59874,2606,2187520,1215700
4644,142,150,59735,2595,2187670,1182200
4645,105,138,59617,2575,2187808,1144700
4646,110,146,59507,2539,2187954,1169300
4647,108,133,59404,2509,2188087,1167800
4648,90,135,59310,2468,2188222,1053400
4649,133,105,59196,2477,2188327,1119700
4650,100,131,59082,2460,2188458,1291500
4651,91,110,58990,2442,2188568,1417300
4652,105,126,58883,2423,2188694,1230200
4653,118,108,58764,2434,2188802,1199700
4654,102,98,58666,2434,2188900,1132500
4655,102,140,58558,2402,2189040,1259500
4656,106,125,58452,2383,2189165,1170400
4657,116,98,58344,2393,2189263,1153900
4658,97,125,58237,2375,2189388,1122800
4659,97,113,58136,2363,2189501,1133900
4660,93,123,58044,2332,2189624,1234200
4661,105,122,57948,2306,2189746,1309800
4662,104,141,57843,2270,2189887,1168700
4663,107,124,57731,2258,2190011,1337200
4664,119,122,57616,2251,2190133,1324200
4665,117,117,57497,2253,2190250,1280300
4666,109,114,57394,2242,2190364,1414700
4667,104,119,57280,2237,2190483,1302600
4668,112,113,57175,2229,2190596,1302100
4669,105,122,57061,2221,2190718,1210500
4670,96,112,56977,2193,2190830,1122900
4671,88,129,56879,2162,2190959,1182700
4672,77,117,56800,2124,2191076,1293200
4673,83,121,56721,2082,2191197,1296500
4674,91,103,56629,2071,2191300,1425100
4675,104,107,56525,2068,2191407,1299300
4676,104,109,56432,2052,2191516,1371300
4677,98,101,56330,2053,2191617,1270800
4678,91,106,56236,2041,2191723,1419100
4679,109,101,56133,2043,2191824,1444800
4680,99,107,56025,2044,2191931,1392100
4681,130,100,55904,2065,2192031,1176200
4682,103,89,55795,2085,2192120,1112300
4683,107,120,55689,2071,2192240,1123700
4684,103,112,55584,2064,2192352,1224300
4685,113,120,55481,2047,2192472,1175800
4686,92,112,55380,2036,2192584,1038800
4687,106,100,55279,2037,2192684,984100
4688,101,97,55178,2041,2192781,1033700
4689,86,91,55084,2044,2192872,1045200
4690,112,98,54976,2054,2192970,1191600
4691,82,110,54888,2032,2193080,1071300
4692,88,130,54800,1990,2193210,1078800
4693,83,105,54730,1955,2193315,1067600
4694,94,82,54623,1980,2193397,1074000
4695,104,106,54520,1977,2193503,1065300
4696,86,109,54433,1955,2193612,1124100
4697,98,95,54336,1957,2193707,1030600
4698,108,90,54238,1965,2193797,1038500
4699,84,97,54147,1959,2193894,1085700
4700,84,88,54065,1953,2193982,1081400
4701,93,97,53973,1948,2194079,1077500
4702,86,104,53885,1932,2194183,1048500
4703,95,110,53787,1920,2194293,1117400
4704,87,101,53702,1904,2194394,1046600
4705,94,87,53614,1905,2194481,1106300
4706,95,108,53513,1898,2194589,1100800
4707,102,76,53416,1919,2194665,1096800
4708,95,92,53316,1927,2194757,1065400
4709,92,108,53222,1913,2194865,1033400
4710,99,113,53121,1901,2194978,988600
4711,105,98,53023,1901,2195076,1015700
4712,94,102,52924,1898,2195178,971500
4713,92,85,52835,1902,2195263,1013500
4714,97,113,52740,1884,2195376,1277900
4715,92,97,52645,1882,2195473,1064000
4716,95,101,52557,1869,2195574,1026900
4717,82,98,52464,1864,2195672,972100
4718,100,100,52368,1860,2195772,949600
4719,87,91,52280,1857,2195863,1038500
4720,85,80,52197,1860,2195943,1059400
4721,100,93,52101,1863,2196036,1072500
4722,97,99,52002,1863,2196135,1083800
4723,90,97,51906,1862,2196232,1099900
4724,101,96,51809,1863,2196328,1041800
4725,101,84,51708,1880,2196412,1069500
4726,102,90,51611,1887,2196502,1142800
4727,90,84,51508,1906,2196586,1062600
4728,72,97,51433,1884,2196683,997000
4729,98,85,51349,1883,2196768,1113900
4730,82,112,51261,1859,2196880,1068100
4731,92,109,51172,1839,2196989,1041400
4732,83,91,51082,1838,2197080,1007000
4733,88,102,50995,1823,2197182,1018400
4734,78,102,50911,1805,2197284,1037900
4735,89,89,50834,1793,2197373,1129600
4736,87,83,50742,1802,2197456,1222300
4737,73,93,50669,1782,2197549,1059500
4738,75,77,50590,1784,2197626,1058200
4739,75,83,50512,1779,2197709,1143000
4740,82,92,50435,1764,2197801,1103600
4741,87,105,50355,1739,2197906,1067300
4742,86,76,50260,1758,2197982,995500
4743,79,92,50185,1741,2198074,981000
4744,84,103,50101,1722,2198177,970000
4745,89,82,50012,1729,2198259,953400
4746,69,66,49945,1730,2198325,1059700
4747,84,90,49863,1722,2198415,993300
4748,83,91,49779,1715,2198506,965100
4749,77,97,49696,1701,2198603,1010900
4750,77,90,49621,1686,2198693,1023800
4751,74,94,49554,1659,2198787,976100
4752,85,89,49464,1660,2198876,989300
4753,69,76,49393,1655,2198952,1027500
4754,93,80,49299,1669,2199032,1156200
4755,94,77,49208,1683,2199109,1065500
4756,73,86,49129,1676,2199195,966100
4757,78,92,49049,1664,2199287,998100
4758,95,90,48967,1656,2199377,948900
4759,88,67,48874,1682,2199444,1018800
4760,77,86,48796,1674,2199530,1034800
4761,64,84,48735,1651,2199614,976600
4762,66,87,48666,1633,2199701,1023100
4763,85,68,48577,1654,2199769,1028400
4764,64,83,48517,1631,2199852,1125600
4765,63,89,48448,1611,2199941,1129200
4766,48,77,48399,1583,2200018,1012700
4767,64,78,48341,1563,2200096,1063700
4768,77,86,48262,1556,2200182,954600
4769,85,89,48178,1551,2200271,1031600
4770,66,73,48109,1547,2200344,982500
4771,61,79,48047,1530,2200423,977000
4772,55,72,47989,1516,2200495,976600
4773,68,78,47924,1503,2200573,1014400
4774,57,69,47868,1490,2200642,949700
4775,46,70,47819,1469,2200712,958400
4776,52,89,47767,1432,2200801,991400
4777,51,69,47712,1418,2200870,980500
4778,51,80,47668,1382,2200950,1110900
4779,36,68,47632,1350,2201018,1087300
4780,43,69,47589,1324,2201087,1104600
4781,52,71,47537,1305,2201158,1167800
4782,43,60,47492,1290,2201218,1125200
4783,55,64,47437,1281,2201282,1180100
4784,45,69,47393,1256,2201351,1021900
4785,46,74,47344,1231,2201425,1031200
4786,41,61,47306,1208,2201486,1054400
4787,33,61,47266,1187,2201547,989900
4788,60,60,47218,1175,2201607,951100
4789,29,57,47177,1159,2201664,1003500
4790,55,53,47130,1153,2201717,973500
4791,52,68,47075,1140,2201785,959100
4792,48,67,47029,1119,2201852,985000
4793,47,58,46979,1111,2201910,1026900
4794,43,53,46936,1101,2201963,1113700
4795,46,42,46890,1105,2202005,1002800
4796,51,56,46839,1100,2202061,990300
4797,49,55,46789,1095,2202116,1035400
4798,62,59,46729,1096,2202175,1156000
4799,49,67,46676,1082,2202242,1085400
4800,43,59,46636,1063,2202301,1046500
4801,42,66,46594,1039,2202367,1010200
4802,45,57,46546,1030,2202424,970800
4803,40,50,46505,1021,2202474,1005400
4804,52,49,46466,1011,2202523,977900
4805,54,49,46406,1022,2202572,976000
4806,30,61,46370,997,2202633,943100
4807,36,41,46338,988,2202674,1006800
4808,51,59,46292,975,2202733,1020800
4809,58,52,46227,988,2202785,1005700
4810,51,57,46178,980,2202842,1150400
4811,43,39,46134,985,2202881,1005500
4812,53,42,46089,988,2202923,967800
4813,46,43,46039,995,2202966,993200
4814,57,55,45979,1000,2203021,1000000
4815,51,38,45930,1011,2203059,1015500
4816,48,50,45879,1012,2203109,975600
4817,52,51,45831,1009,2203160,982800
4818,63,51,45765,1024,2203211,1009600
4819,66,69,45706,1014,2203280,980000
4820,45,54,45654,1012,2203334,938700
4821,52,48,45601,1017,2203382,1018500
4822,57,52,45546,1020,2203434,972000
4823,39,54,45508,1004,2203488,944800
4824,41,55,45464,993,2203543,976800
4825,37,59,45425,973,2203602,974600
4826,50,39,45382,977,2203641,980400
4827,39,48,45339,972,2203689,1003000
4828,43,51,45294,966,2203740,993000
4829,36,43,45261,956,2203783,975200
4830,55,54,45203,960,2203837,954600
4831,41,50,45163,950,2203887,946800
4832,38,37,45124,952,2203924,946100
4833,47,44,45083,949,2203968,933800
4834,47,43,45034,955,2204011,921600
4835,54,53,44979,957,2204064,936300
4836,37,62,44937,937,2204126,974300
4837,48,49,44897,928,2204175,962700
4838,37,47,44853,925,2204222,953600
4839,35,49,44818,911,2204271,967700
4840,41,53,44782,894,2204324,1048400
4841,52,53,44729,894,2204377,975300
4842,58,41,44676,906,2204418,964800
4843,54,46,44620,916,2204464,986100
4844,43,61,44571,904,2204525,940700
4845,47,45,44529,901,2204570,1006200
4846,50,45,44481,904,2204615,957200
4847,57,42,44421,922,2204657,931600
4848,49,46,44372,925,2204703,944200
4849,44,41,44335,921,2204744,992600
4850,42,47,44280,929,2204791,975100
4851,48,59,44240,910,2204850,958300
4852,43,50,44194,906,2204900,939300
4853,57,42,44141,917,2204942,966600
4854,50,59,44083,916,2205001,906500
4855,49,44,44039,916,2205045,967000
4856,64,43,43973,939,2205088,1071800
4857,39,45,43935,932,2205133,971500
4858,50,47,43881,939,2205180,991100
4859,42,46,43844,930,2205226,1057400
4860,68,58,43778,938,2205284,985900
4861,61,49,43712,955,2205333,956400
4862,45,43,43668,956,2205376,1083800
4863,41,42,43627,955,2205418,987500
4864,56,48,43578,956,2205466,976100
4865,58,37,43515,982,2205503,951700
4866,59,58,43460,979,2205561,1022000
4867,41,70,43410,959,2205631,1097500
4868,62,41,43355,973,2205672,1136000
4869,54,46,43300,982,2205718,1111400
4870,62,52,43235,995,2205770,1071400
4871,55,57,43182,991,2205827,1171000
4872,58,52,43120,1001,2205879,1108500
4873,48,51,43071,999,2205930,1044800
4874,58,58,43020,992,2205988,1052200
4875,54,53,42963,996,2206041,1012000
4876,60,50,42900,1009,2206091,1022400
4877,55,49,42847,1013,2206140,998400
4878,54,45,42790,1025,2206185,1042200
4879,43,49,42748,1018,2206234,1014600
4880,41,54,42713,999,2206288,1023400
4881,50,52,42661,999,2206340,1009300
4882,54,41,42604,1015,2206381,970400
4883,57,49,42548,1022,2206430,963900
4884,39,61,42509,1000,2206491,975900
4885,48,52,42461,996,2206543,1119000
4886,46,46,42418,993,2206589,1083900
4887,45,50,42370,991,2206639,1105400
4888,64,63,42309,989,2206702,1035900
4889,41,45,42265,988,2206747,973100
4890,48,47,42217,989,2206794,1052000
4891,59,45,42163,998,2206839,1037500
4892,39,59,42117,985,2206898,999300
4893,45,46,42071,985,2206944,1014700
4894,54,61,42024,971,2207005,1020100
4895,41,47,41977,971,2207052,1017400
4896,40,46,41936,966,2207098,1033500
4897,44,54,41894,954,2207152,1009900
4898,43,46,41853,949,2207198,1051700
4899,38,48,41809,945,2207246,1012400
4900,47,57,41769,928,2207303,1028600
4901,36,52,41728,917,2207355,1037100
4902,42,35,41689,921,2207390,993300
4903,47,48,41638,924,2207438,987300
4904,51,49,41596,917,2207487,983300
4905,59,46,41531,936,2207533,963200
4906,49,55,41481,931,2207588,995700
4907,60,42,41420,950,2207630,1048700
4908,60,35,41366,969,2207665,972400
4909,44,54,41319,962,2207719,1036000
4910,40,48,41275,958,2207767,1004100
4911,56,41,41227,965,2207808,985800
4912,51,49,41171,972,2207857,972800
4913,49,50,41126,967,2207907,997400
4914,53,62,41067,964,2207969,1045200
4915,58,51,41012,968,2208020,993800
4916,45,46,40969,965,2208066,1062300
4917,44,30,40923,981,2208096,1094300
4918,53,57,40875,972,2208153,1006100
4919,54,64,40814,969,2208217,1004300
4920,50,63,40771,949,2208280,973200
4921,58,60,40707,953,2208340,995200
4922,41,52,40670,938,2208392,1010300
4923,55,47,40617,944,2208439,1003900
4924,45,55,40567,939,2208494,1037100
4925,36,57,40527,922,2208551,960700
4926,49,49,40478,922,2208600,1049600
4927,50,41,40436,923,2208641,1109900
4928,45,49,40390,920,2208690,1026100
4929,44,48,40339,923,2208738,1017500
4930,44,47,40303,912,2208785,1001400
4931,39,29,40257,929,2208814,1066000
4932,43,52,40216,918,2208866,1068400
4933,48,56,40170,908,2208922,1057200
4934,39,47,40134,897,2208969,1045700
4935,31,53,40096,882,2209022,994300
4936,52,43,40049,886,2209065,1068500
4937,42,30,40005,900,2209095,995000
4938,39,40,39966,899,2209135,968600
4939,36,43,39929,893,2209178,945100
4940,52,37,39882,903,2209215,936500
4941,41,48,39836,901,2209263,972900
4942,54,54,39786,897,2209317,948800
4943,35,49,39747,887,2209366,945700
4944,34,30,39712,892,2209396,952600
4945,38,39,39670,895,2209435,987600
4946,40,33,39635,897,2209468,982300
4947,36,51,39601,880,2209519,1004300
4948,48,42,39551,888,2209561,1007200
4949,40,38,39510,891,2209599,951800
4950,38,46,39469,886,2209645,956800
4951,37,36,39434,885,2209681,994000
4952,28,42,39404,873,2209723,1007900
4953,28,44,39380,853,2209767,963400
4954,38,39,39340,854,2209806,988900
4955,39,46,39304,844,2209852,971200
4956,31,49,39271,828,2209901,947400
4957,33,33,39236,830,2209934,990700
4958,24,38,39213,815,2209972,956200
4959,33,42,39179,807,2210014,978200
4960,33,39,39152,795,2210053,1210500
4961,32,32,39116,799,2210085,1005300
4962,26,41,39089,785,2210126,1034300
4963,30,27,39061,786,2210153,1012900
4964,33,36,39027,784,2210189,962500
4965,35,40,38990,781,2210229,965800
4966,42,35,38954,782,2210264,961500
4967,38,50,38916,770,2210314,967800
4968,30,41,38883,762,2210355,989700
4969,26,46,38856,743,2210401,932400
4970,34,37,38821,741,2210438,936300
4971,30,54,38789,719,2210492,943300
4972,32,26,38760,722,2210518,956500
4973,33,27,38726,729,2210545,920600
4974,31,38,38696,721,2210583,961600
4975,36,28,38661,728,2210611,987200
4976,23,37,38636,716,2210648,968700
4977,26,42,38609,701,2210690,988200
4978,31,31,38578,701,2210721,964000
4979,34,37,38547,695,2210758,1049700
4980,31,26,38513,703,2210784,984000
4981,35,28,38478,710,2210812,937000
4982,27,34,38455,699,2210846,937800
4983,27,38,38426,690,2210884,946700
4984,25,32,38400,684,2210916,930700
4985,24,42,38375,667,2210958,942200
4986,22,28,38353,661,2210986,963000
4987,30,39,38324,651,2211025,972600
4988,23,33,38300,642,2211058,955200
4989,35,26,38266,650,2211084,961000
4990,27,38,38240,638,2211122,927700
4991,27,31,38212,635,2211153,990000
4992,25,37,38190,620,2211190,979400
4993,22,30,38165,615,2211220,946900
4994,26,32,38139,609,2211252,1086800
4995,23,34,38115,599,2211286,1060400
4996,27,32,38085,597,2211318,999800
4997,25,35,38060,587,2211353,1099200
4998,22,36,38042,569,2211389,1092200
4999,17,25,38023,563,2211414,1018800
5000,30,27,37995,564,2211441,1072800
5001,27,28,37968,563,2211469,995200
5002,19,25,37950,556,2211494,975100
5003,23,31,37923,552,2211525,945000
5004,20,31,37907,537,2211556,989200
5005,20,25,37889,530,2211581,1002100
5006,25,34,37859,526,2211615,981400
5007,23,25,37835,525,2211640,964900
5008,28,26,37811,523,2211666,946300
5009,19,25,37787,522,2211691,946700
5010,26,32,37762,515,2211723,960300
5011,32,30,37736,511,2211753,982500
5012,21,20,37708,519,2211773,969200
5013,25,21,37685,521,2211794,959800
5014,24,28,37660,518,2211822,984500
5015,23,20,37640,518,2211842,934600
5016,24,22,37612,524,2211864,970500
5017,19,29,37595,512,2211893,1031300
5018,18,31,37577,499,2211924,1003600
5019,24,24,37555,497,2211948,1012400
5020,28,33,37524,495,2211981,995100
5021,28,24,37501,494,2212005,931700
5022,32,26,37469,500,2212031,966500
5023,22,30,37443,496,2212061,944800
5024,27,33,37419,487,2212094,953400
5025,33,23,37388,495,2212117,991100
5026,30,30,37354,499,2212147,987300
5027,24,28,37331,494,2212175,1039500
5028,25,22,37307,496,2212197,1034400
5029,35,30,37271,502,2212227,972500
5030,15,26,37253,494,2212253,962800
5031,25,21,37230,496,2212274,966700
5032,22,29,37208,489,2212303,951700
5033,34,22,37179,496,2212325,941400
5034,25,18,37147,510,2212343,941100
5035,17,30,37131,496,2212373,957800
5036,27,24,37108,495,2212397,936400
5037,20,20,37083,500,2212417,948500
5038,29,30,37056,497,2212447,942900
5039,27,30,37029,494,2212477,952500
5040,33,25,37000,498,2212502,979900
5041,20,28,36973,497,2212530,958200
5042,18,31,36955,484,2212561,1034600
5043,20,30,36938,471,2212591,1025100
5044,27,25,36913,471,2212616,989800
5045,25,29,36889,466,2212645,963100
5046,17,28,36870,457,2212673,946200
5047,13,22,36857,448,2212695,1013100
5048,18,21,36837,447,2212716,989300
5049,19,29,36819,436,2212745,972200
5050,25,17,36793,445,2212762,970900
5051,27,16,36764,458,2212778,966900
5052,29,19,36741,462,2212797,956400
5053,25,20,36713,470,2212817,957600
5054,19,22,36693,468,2212839,919300
5055,22,33,36670,458,2212872,927900
5056,20,21,36649,458,2212893,938200
5057,17,29,36635,443,2212922,958400
5058,17,21,36615,442,2212943,1013900
5059,27,16,36598,443,2212959,1009600
5060,14,24,36576,441,2212983,986200
5061,16,28,36561,428,2213011,1090900
5062,17,23,36543,423,2213034,1001200
5063,23,23,36525,418,2213057,1036000
5064,19,21,36498,424,2213078,973900
5065,20,17,36484,421,2213095,1017800
5066,19,26,36462,417,2213121,1034600
5067,16,30,36445,404,2213151,1105200
5068,16,26,36430,393,2213177,1061500
5069,20,26,36409,388,2213203,981600
5070,12,14,36398,385,2213217,1009000
5071,15,21,36381,381,2213238,978500
5072,17,18,36367,377,2213256,1169100
5073,12,14,36353,377,2213270,1024800
5074,21,14,36334,382,2213284,1000100
5075,26,19,36307,390,2213303,983700
5076,17,17,36291,389,2213320,975700
5077,20,20,36269,391,2213340,1026800
5078,24,27,36245,388,2213367,963400
5079,35,19,36219,395,2213386,941200
5080,17,22,36194,398,2213408,1004400
5081,27,16,36168,408,2213424,966500
5082,25,27,36144,405,2213451,938800
5083,18,22,36123,404,2213473,950700
5084,16,16,36105,406,2213489,918500
5085,12,19,36094,398,2213508,925300
5086,19,24,36077,391,2213532,983800
5087,22,18,36053,397,2213550,992800
5088,9,23,36045,382,2213573,989300
5089,16,21,36029,377,2213594,978300
5090,13,16,36017,373,2213610,967900
5091,15,16,36000,374,2213626,965400
5092,13,18,35988,368,2213644,908200
5093,10,20,35977,359,2213664,934200
5094,13,26,35963,347,2213690,926000
5095,12,26,35953,331,2213716,920800
5096,11,18,35941,325,2213734,893800
5097,23,13,35921,332,2213747,997800
5098,13,23,35906,324,2213770,956100
5099,16,13,35893,324,2213783,957200
5100,19,18,35871,328,2213801,1000000
5101,12,22,35859,318,2213823,982700
5102,17,12,35844,321,2213835,953600
5103,15,24,35828,313,2213859,937300
5104,15,22,35812,307,2213881,939900
5105,16,15,35794,310,2213896,1005800
5106,21,17,35776,311,2213913,1012800
5107,15,15,35762,310,2213928,1026600
5108,20,17,35738,317,2213945,996500
5109,20,17,35720,318,2213962,1027500
5110,13,21,35706,311,2213983,950500
5111,17,20,35691,306,2214003,948800
5112,21,13,35669,315,2214016,930800
5113,23,23,35646,315,2214039,985000
5114,9,16,35639,306,2214055,997000
5115,18,14,35620,311,2214069,981000
5116,13,18,35607,306,2214087,962500
5117,18,14,35590,309,2214101,977900
5118,16,18,35574,307,2214119,984200
5119,25,17,35550,314,2214136,1012000
5120,18,20,35528,316,2214156,946300
5121,17,19,35510,315,2214175,1014900
5122,19,18,35493,314,2214193,1064800
5123,17,17,35477,313,2214210,988800
5124,14,17,35462,311,2214227,996100
5125,24,12,35439,322,2214239,941800
5126,11,22,35427,312,2214261,968000
5127,10,14,35416,309,2214275,927100
5128,9,13,35407,305,2214288,973600
5129,13,14,35395,303,2214302,1158100
5130,21,20,35373,305,2214322,1023200
5131,7,22,35365,291,2214344,984000
5132,11,14,35356,286,2214358,1020200
5133,7,17,35347,278,2214375,1049600
5134,15,17,35333,275,2214392,1095900
5135,18,9,35314,285,2214401,1025700
5136,9,17,35309,273,2214418,1120400
5137,10,16,35297,269,2214434,1054100
5138,11,13,35286,267,2214447,1058500
5139,11,17,35275,261,2214464,991200
5140,10,7,35263,266,2214471,1020300
5141,17,17,35249,263,2214488,1017200
5142,16,16,35233,263,2214504,962300
5143,13,12,35219,265,2214516,982700
5144,14,10,35203,271,2214526,943900
5145,15,12,35189,273,2214538,971000
5146,8,21,35180,261,2214559,901400
5147,10,13,35171,257,2214572,933500
5148,17,14,35155,259,2214586,987100
5149,13,16,35141,257,2214602,952000
5150,13,8,35127,263,2214610,1009600
5151,18,10,35110,270,2214620,972700
5152,14,12,35098,270,2214632,1051800
5153,14,21,35084,263,2214653,1020400
5154,14,10,35070,267,2214663,1011400
5155,11,13,35057,267,2214676,1003900
5156,15,15,35044,265,2214691,961400
5157,13,9,35030,270,2214700,1008300
5158,6,10,35024,266,2214710,987700
5159,13,8,35011,271,2214718,1126300
5160,18,17,34994,271,2214735,998400
5161,22,16,34975,274,2214751,1027600
5162,18,19,34954,276,2214770,1094300
5163,19,16,34938,276,2214786,1017800
5164,13,18,34920,276,2214804,963500
5165,11,13,34911,272,2214817,1031200
5166,7,13,34902,268,2214830,1004800
5167,11,11,34893,266,2214841,1138300
5168,5,16,34885,258,2214857,1091700
5169,8,13,34878,252,2214870,1041000
5170,10,14,34868,248,2214884,1013000
5171,10,14,34861,241,2214898,978200
5172,5,10,34853,239,2214908,977900
5173,14,9,34840,243,2214917,991200
5174,10,12,34830,241,2214929,950800
5175,6,6,34823,242,2214935,937700
5176,6,14,34817,234,2214949,955600
5177,12,11,34805,235,2214960,1001100
5178,16,13,34792,235,2214973,954600
5179,15,10,34774,243,2214983,970800
5180,13,9,34764,244,2214992,982000
5181,13,14,34747,247,2215006,961500
5182,12,24,34738,232,2215030,1153800
5183,10,13,34727,230,2215043,996300
5184,13,12,34715,230,2215055,969400
5185,12,13,34704,228,2215068,947900
5186,9,12,34691,229,2215080,958500
5187,10,12,34683,225,2215092,981700
5188,12,11,34669,228,2215103,1027400
5189,8,11,34663,223,2215114,980000
5190,5,14,34656,216,2215128,978900
5191,9,8,34649,215,2215136,957100
5192,3,5,34645,214,2215141,950500
5193,1,12,34643,204,2215153,968000
5194,6,9,34639,199,2215162,1067100
5195,4,9,34633,196,2215171,968800
5196,8,15,34626,188,2215186,985700
5197,6,10,34620,184,2215196,994400
5198,9,11,34613,180,2215207,1146900
5199,4,7,34607,179,2215214,1133600
5200,10,11,34597,178,2215225,1112000
5201,1,9,34595,171,2215234,1016100
5202,4,4,34593,169,2215238,962100
5203,3,11,34588,163,2215249,1000900
5204,8,4,34583,164,2215253,1013500
5205,3,10,34578,159,2215263,944900
5206,9,8,34568,161,2215271,958800
5207,7,9,34564,156,2215280,968600
5208,8,9,34557,154,2215289,941800
5209,7,11,34548,152,2215300,966000
5210,5,5,34543,152,2215305,935900
5211,6,11,34535,149,2215316,954200
5212,5,7,34531,146,2215323,934800
5213,5,7,34525,145,2215330,980300
5214,8,8,34519,143,2215338,997700
5215,5,5,34513,144,2215343,1018900
5216,6,5,34506,146,2215348,998400
5217,10,11,34498,143,2215359,1012400
5218,6,9,34491,141,2215368,1026900
5219,13,7,34478,147,2215375,994500
5220,6,7,34471,147,2215382,966000
5221,8,9,34463,146,2215391,929900
5222,6,5,34457,147,2215396,945100
5223,8,9,34450,145,2215405,961000
5224,6,4,34444,147,2215409,955000
5225,8,6,34435,150,2215415,961600
5226,4,5,34431,149,2215420,923000
5227,7,8,34425,147,2215428,944900
5228,3,7,34422,143,2215435,945400
5229,6,7,34415,143,2215442,997800
5230,9,7,34408,143,2215449,980200
5231,2,4,34404,143,2215453,960000
5232,4,5,34401,141,2215458,965400
5233,3,5,34397,140,2215463,971900
5234,6,6,34393,138,2215469,958800
5235,3,6,34388,137,2215475,962500
5236,12,4,34380,141,2215479,927100
5237,7,7,34370,144,2215486,939500
5238,9,5,34361,148,2215491,967500
5239,6,8,34355,146,2215499,1000900
5240,7,4,34349,148,2215503,939600
5241,5,10,34344,143,2215513,933000
5242,5,10,34339,138,2215523,952000
5243,5,9,34333,135,2215532,981400
5244,3,6,34329,133,2215538,956000
5245,8,5,34322,135,2215543,1068100
5246,6,10,34315,132,2215553,968800
5247,7,5,34310,132,2215558,988800
5248,4,10,34304,128,2215568,966900
5249,10,12,34295,125,2215580,971100
5250,2,8,34292,120,2215588,946500
5251,7,8,34285,119,2215596,934700
5252,0,5,34285,114,2215601,913100
5253,4,11,34283,105,2215612,920500
5254,3,6,34279,103,2215618,913800
5255,0,4,34278,100,2215622,933700
5256,1,10,34277,91,2215632,911200
5257,0,4,34277,87,2215636,914100
5258,0,4,34277,83,2215640,937200
5259,1,4,34276,80,2215644,970700
5260,2,3,34274,79,2215647,961700
5261,1,2,34273,78,2215649,1104000
5262,1,4,34272,75,2215653,989300
5263,0,4,34272,71,2215657,952800
5264,0,6,34272,65,2215663,941100
5265,0,4,34272,61,2215667,1006600
5266,1,7,34271,55,2215674,989800
5267,0,5,34271,50,2215679,1017000
5268,0,2,34271,48,2215681,1055200
5269,0,1,34271,47,2215682,1012100
5270,1,3,34270,45,2215685,963500
5271,1,2,34269,44,2215687,945600
5272,0,0,34269,44,2215687,946200
5273,1,6,34268,39,2215693,961900
5274,1,2,34267,38,2215695,974900
5275,1,0,34266,39,2215695,937400
5276,0,0,34266,39,2215695,932800
5277,0,3,34266,36,2215698,942500
5278,0,2,34266,34,2215700,939500
5279,2,3,34264,33,2215703,962500
5280,1,1,34263,33,2215704,936300
5281,0,0,34263,33,2215704,920100
5282,1,1,34262,33,2215705,926200
5283,1,2,34262,31,2215707,922400
5284,0,2,34261,30,2215709,901900
5285,0,1,34261,29,2215710,907100
5286,0,2,34261,27,2215712,932800
5287,0,2,34261,25,2215714,952600
5288,0,1,34261,24,2215715,1021800
5289,0,1,34261,23,2215716,928400
5290,0,3,34261,20,2215719,969700
5291,0,0,34261,20,2215719,942400
5292,0,1,34261,19,2215720,918300
5293,0,0,34261,19,2215720,994600
5294,0,0,34261,19,2215720,947400
5295,0,0,34261,19,2215720,948100
5296,0,0,34261,19,2215720,932800
5297,0,1,34261,18,2215721,917700
5298,0,1,34261,17,2215722,902700
5299,0,1,34261,16,2215723,909500
5300,1,2,34260,15,2215725,952900
5301,0,1,34260,14,2215726,948300
5302,0,0,34260,14,2215726,920300
5303,0,1,34260,13,2215727,938100
5304,0,0,34260,13,2215727,930800
5305,0,0,34260,13,2215727,942500
5306,0,1,34260,12,2215728,901100
5307,0,1,34260,11,2215729,919500
5308,0,0,34260,11,2215729,893900
5309,0,1,34260,10,2215730,970500
5310,0,0,34260,10,2215730,951900
5311,0,0,34260,10,2215730,982900
5312,0,2,34260,8,2215732,959400
5313,0,1,34260,7,2215733,967100
5314,0,0,34260,7,2215733,923400
5315,0,0,34260,7,2215733,926900
5316,0,1,34260,6,2215734,937900
5317,0,0,34260,6,2215734,898500
5318,0,0,34260,6,2215734,912400
5319,0,0,34260,6,2215734,920500
5320,0,0,34260,6,2215734,926400
5321,0,0,34260,6,2215734,944400
5322,0,2,34260,4,2215736,986100
5323,0,0,34260,4,2215736,931800
5324,0,0,34260,4,2215736,910300
5325,0,1,34260,3,2215737,943600
5326,0,0,34260,3,2215737,1013600
5327,0,0,34260,3,2215737,1020700
5328,0,1,34260,2,2215738,945600
5329,0,0,34260,2,2215738,933900
5330,0,0,34260,2,2215738,950600
5331,0,0,34260,2,2215738,976700
5332,0,0,34260,2,2215738,1112700
5333,0,0,34260,2,2215738,973300
5334,0,0,34260,2,2215738,936700
5335,0,0,34260,2,2215738,953400
5336,0,0,34260,2,2215738,1003000
5337,0,0,34260,2,2215738,1027900
5338,0,0,34260,2,2215738,1056600
5339,0,0,34260,2,2215738,1039700
5340,0,0,34260,2,2215738,999900
5341,0,0,34260,2,2215738,1048600
5342,0,0,34260,2,2215738,1042100
5343,0,0,34260,2,2215738,1144200
5344,0,0,34260,2,2215738,995700
5345,0,0,34260,2,2215738,962500
5346,0,0,34260,2,2215738,949900
5347,0,0,34260,2,2215738,925900
5348,0,0,34260,2,2215738,920700
5349,0,0,34260,2,2215738,908000
5350,0,0,34260,2,2215738,927500
5351,0,0,34260,2,2215738,951200
5352,0,0,34260,2,2215738,972100
5353,0,0,34260,2,2215738,899800
5354,0,0,34260,2,2215738,923800
5355,0,0,34260,2,2215738,926300
5356,0,0,34260,2,2215738,950700
5357,0,0,34260,2,2215738,1028700
5358,0,0,34260,2,2215738,965600
5359,0,0,34260,2,2215738,951400
5360,0,0,34260,2,2215738,922000
5361,0,0,34260,2,2215738,915100
5362,0,0,34260,2,2215738,975500
5363,0,0,34260,2,2215738,1148300
5364,0,0,34260,2,2215738,953900
5365,0,0,34260,2,2215738,945700
5366,0,0,34260,2,2215738,917000
5367,0,0,34260,2,2215738,914200
5368,0,0,34260,2,2215738,926700
5369,0,0,34260,2,2215738,927200
5370,0,0,34260,2,2215738,915600
5371,0,1,34260,1,2215739,967600
5372,0,0,34260,1,2215739,1022500
5373,0,0,34260,1,2215739,968800
5374,0,0,34260,1,2215739,937100
5375,0,0,34260,1,2215739,926900
5376,0,0,34260,1,2215739,915300
5377,0,0,34260,1,2215739,904100
5378,0,0,34260,1,2215739,909700
5379,0,1,34260,0,2215740,912600
