Tick,NewlyInfected,NewlyRecovered,TotalSusceptible,TotalInfected,TotalRecovered,StepTimeNanos
0,2,0,2249994,6,0,2108700
1,2,0,2249993,7,0,1441100
2,4,1,2249987,12,1,1088300
3,2,0,2249985,14,1,1204700
4,4,0,2249983,16,1,1102800
5,4,0,2249977,22,1,1088600
6,7,1,2249971,27,2,1018700
7,7,3,2249965,30,5,937400
8,7,1,2249960,34,6,908200
9,14,3,2249945,46,9,942000
10,8,6,2249936,49,15,894200
11,14,3,2249924,58,18,887200
12,8,3,2249915,64,21,889800
13,6,3,2249907,69,24,1042900
14,12,5,2249895,76,29,1066200
15,14,4,2249888,79,33,963300
16,9,4,2249875,88,37,902300
17,11,6,2249861,96,43,892800
18,11,8,2249851,98,51,909100
19,11,4,2249840,105,55,929800
20,9,4,2249833,108,59,989300
21,14,5,2249824,112,64,921800
22,14,6,2249805,125,70,905100
23,21,11,2249786,133,81,904400
24,18,15,2249764,140,96,923500
25,21,11,2249744,149,107,993100
26,13,10,2249732,151,117,977500
27,19,8,2249714,161,125,976000
28,23,9,2249699,167,134,966400
29,23,7,2249671,188,141,1012000
30,24,13,2249644,202,154,914600
31,19,8,2249626,212,162,978700
32,26,12,2249599,227,174,1057600
33,21,11,2249579,236,185,969000
34,37,12,2249540,263,197,892500
35,34,16,2249509,278,213,888800
36,33,14,2249473,300,227,880900
37,33,21,2249439,313,248,863800
38,27,17,2249413,322,265,890100
39,19,16,2249400,319,281,985100
40,30,16,2249365,338,297,912600
41,28,20,2249342,341,317,887100
42,34,16,2249306,361,333,881900
43,40,17,2249264,386,350,873300
44,29,16,2249230,404,366,896500
45,33,22,2249203,409,388,953800
46,29,21,2249172,419,409,1149000
47,29,25,2249147,419,434,978500
48,39,22,2249103,441,456,922200
49,24,25,2249081,438,481,917100
50,35,21,2249047,451,502,884600
51,45,20,2249007,471,522,882200
52,47,26,2248956,496,548,891600
53,51,25,2248907,520,573,892400
54,47,40,2248861,526,613,880600
55,42,22,2248817,548,635,931900
56,55,33,2248768,564,668,883900
57,45,28,2248716,588,696,940600
58,31,31,2248687,586,727,920000
59,41,26,2248650,597,753,900600
60,47,25,2248597,625,778,897600
61,60,28,2248542,652,806,863200
62,54,31,2248487,676,837,896000
63,60,33,2248428,702,870,947400
64,58,29,2248370,731,899,903100
65,59,34,2248312,755,933,893800
66,56,40,2248253,774,973,888400
67,79,42,2248182,803,1015,860200
68,54,39,2248123,823,1054,885100
69,89,49,2248049,848,1103,1023900
70,76,55,2247963,879,1158,944700
71,72,49,2247885,908,1207,933500
72,49,59,2247834,900,1266,990100
73,67,28,2247771,935,1294,907100
74,72,50,2247700,956,1344,940700
75,62,44,2247638,974,1388,1098500
76,84,42,2247554,1016,1430,945300
77,58,55,2247493,1022,1485,937900
78,71,42,2247424,1049,1527,931900
79,77,59,2247350,1064,1586,945500
80,72,67,2247278,1069,1653,946500
81,83,49,2247191,1107,1702,886100
82,80,68,2247107,1123,1770,922900
83,91,65,2247022,1143,1835,990000
84,83,51,2246942,1172,1886,937800
85,81,48,2246864,1202,1934,918300
86,86,69,2246775,1222,2003,890800
87,89,61,2246682,1254,2064,909900
88,75,68,2246615,1253,2132,892100
89,101,80,2246512,1276,2212,884700
90,90,74,2246424,1290,2286,858400
91,76,69,2246341,1304,2355,887500
92,64,63,2246283,1299,2418,934400
93,85,71,2246196,1315,2489,906000
94,58,64,2246137,1310,2553,968600
95,95,75,2246038,1334,2628,978900
96,88,68,2245954,1350,2696,1002800
97,80,77,2245869,1358,2773,933700
98,73,74,2245798,1355,2847,883800
99,94,62,2245705,1386,2909,916000
100,88,72,2245612,1407,2981,876100
101,93,73,2245524,1422,3054,889800
102,100,85,2245421,1440,3139,860800
103,86,74,2245342,1445,3213,862300
104,82,72,2245260,1455,3285,927700
105,99,86,2245160,1469,3371,886000
106,79,84,2245076,1469,3455,861300
107,100,73,2244988,1484,3528,928000
108,112,84,2244874,1514,3612,911600
109,94,77,2244770,1541,3689,950500
110,101,74,2244676,1561,3763,897800
111,100,81,2244578,1578,3844,913000
112,98,111,2244476,1569,3955,903300
113,93,83,2244380,1582,4038,903200
114,95,101,2244293,1568,4139,895000
115,101,80,2244196,1585,4219,865800
116,107,84,2244088,1609,4303,868000
117,94,76,2243982,1639,4379,870200
118,101,92,2243884,1645,4471,885300
119,108,77,2243778,1674,4548,878700
120,86,80,2243692,1680,4628,900100
121,109,90,2243589,1693,4718,914400
122,104,78,2243485,1719,4796,1050600
123,121,81,2243368,1755,4877,932000
124,119,98,2243242,1783,4975,978700
125,99,102,2243145,1778,5077,931100
126,121,115,2243019,1789,5192,962600
127,115,79,2242906,1823,5271,986300
128,132,92,2242771,1866,5363,966300
129,125,96,2242658,1883,5459,1216900
130,127,117,2242525,1899,5576,1028700
131,109,100,2242412,1912,5676,965500
132,115,93,2242301,1930,5769,952700
133,116,101,2242189,1941,5870,941300
134,129,111,2242060,1959,5981,899500
135,120,95,2241944,1980,6076,906900
136,111,113,2241822,1989,6189,937800
137,133,100,2241700,2011,6289,930000
138,140,113,2241556,2042,6402,1156100
139,121,91,2241434,2073,6493,894900
140,134,114,2241296,2097,6607,864700
141,131,98,2241168,2127,6705,875700
142,111,112,2241052,2131,6817,874900
143,108,113,2240942,2128,6930,900700
144,121,110,2240839,2121,7040,913600
145,122,102,2240700,2158,7142,946600
146,118,110,2240594,2154,7252,913300
147,132,115,2240458,2175,7367,929500
148,156,117,2240306,2210,7484,907300
149,120,104,2240180,2232,7588,909700
150,133,112,2240055,2245,7700,970400
151,117,129,2239928,2243,7829,882300
152,152,126,2239781,2264,7955,883000
153,126,126,2239654,2265,8081,899500
154,124,128,2239528,2263,8209,892400
155,138,121,2239398,2272,8330,901700
156,110,121,2239284,2265,8451,917300
157,145,131,2239134,2284,8582,873000
158,135,106,2238999,2313,8688,972800
159,147,125,2238867,2320,8813,924600
160,132,111,2238730,2346,8924,894100
161,135,120,2238579,2377,9044,937000
162,147,119,2238448,2389,9163,875400
163,140,118,2238312,2407,9281,867900
164,158,116,2238145,2458,9397,863500
165,157,131,2237991,2481,9528,857300
166,163,119,2237827,2526,9647,886600
167,135,143,2237688,2522,9790,898800
168,156,143,2237538,2529,9933,924100
169,137,133,2237400,2534,10066,886700
170,158,136,2237239,2559,10202,913100
171,141,110,2237097,2591,10312,940100
172,176,133,2236935,2620,10445,927200
173,161,141,2236774,2640,10586,916600
174,131,130,2236625,2659,10716,902900
175,152,144,2236478,2662,10860,874300
176,147,139,2236336,2665,10999,926400
177,153,154,2236180,2667,11153,875300
178,148,141,2236028,2678,11294,916700
179,178,141,2235859,2706,11435,1008900
180,169,151,2235701,2713,11586,933400
181,151,146,2235543,2725,11732,892400
182,174,145,2235361,2762,11877,946000
183,143,133,2235217,2773,12010,928200
184,169,147,2235054,2789,12157,1086400
185,195,130,2234867,2846,12287,1019000
186,155,144,2234709,2860,12431,997100
187,163,156,2234529,2884,12587,940400
188,151,161,2234382,2870,12748,910900
189,166,144,2234236,2872,12892,923500
190,181,161,2234049,2898,13053,874400
191,187,132,2233860,2955,13185,871600
192,175,139,2233687,2989,13324,950800
193,164,138,2233519,3019,13462,883800
194,173,153,2233347,3038,13615,909100
195,194,141,2233153,3091,13756,924700
196,178,160,2232972,3112,13916,971000
197,174,176,2232795,3113,14092,951500
198,167,154,2232624,3130,14246,889500
199,174,151,2232456,3147,14397,877500
200,198,173,2232261,3169,14570,873200
201,183,152,2232078,3200,14722,915500
202,188,182,2231878,3218,14904,892300
203,186,147,2231706,3243,15051,987700
204,195,183,2231520,3246,15234,926000
205,201,155,2231320,3291,15389,893400
206,206,202,2231105,3304,15591,861900
207,214,175,2230894,3340,15766,879800
208,212,151,2230695,3388,15917,893000
209,196,188,2230479,3416,16105,914400
210,211,187,2230286,3422,16292,909400
211,214,172,2230052,3484,16464,939000
212,237,167,2229827,3542,16631,913100
213,221,172,2229607,3590,16803,890600
214,211,160,2229385,3652,16963,886500
215,211,169,2229181,3687,17132,914500
216,216,206,2228962,3700,17338,926100
217,214,205,2228755,3702,17543,886300
218,236,194,2228520,3743,17737,867700
219,237,212,2228275,3776,17949,862300
220,201,211,2228081,3759,18160,924100
221,221,217,2227851,3772,18377,900600
222,206,181,2227644,3798,18558,962700
223,225,195,2227427,3820,18753,974600
224,213,179,2227208,3860,18932,924200
225,220,205,2227000,3863,19137,895500
226,207,211,2226792,3860,19348,870600
227,242,183,2226556,3913,19531,877700
228,237,217,2226300,3952,19748,895500
229,234,219,2226064,3969,19967,940300
230,207,203,2225864,3966,20170,899000
231,223,205,2225645,3980,20375,908900
232,226,207,2225415,4003,20582,866000
233,207,199,2225201,4018,20781,895400
234,229,223,2224985,4011,21004,1009100
235,204,196,2224771,4029,21200,940400
236,217,243,2224561,3996,21443,928700
237,243,194,2224311,4052,21637,1007500
238,257,206,2224067,4090,21843,952200
239,214,217,2223840,4100,22060,914300
240,212,214,2223648,4078,22274,1027300
241,260,221,2223376,4129,22495,1014700
242,238,227,2223142,4136,22722,911700
243,233,203,2222893,4182,22925,1093700
244,252,228,2222645,4202,23153,939200
245,254,191,2222401,4255,23344,904200
246,206,218,2222190,4248,23562,870700
247,215,210,2221973,4255,23772,953100
248,222,214,2221751,4263,23986,970000
249,209,187,2221541,4286,24173,904700
250,225,215,2221323,4289,24388,936200
251,226,224,2221099,4289,24612,897100
252,237,212,2220875,4301,24824,882400
253,239,247,2220609,4320,25071,926200
254,206,216,2220403,4310,25287,904700
255,221,237,2220183,4293,25524,886700
256,235,224,2219956,4296,25748,917800
257,235,237,2219727,4288,25985,886000
258,253,226,2219472,4317,26211,874700
259,232,213,2219234,4342,26424,1084200
260,211,228,2219025,4323,26652,942400
261,228,217,2218790,4341,26869,950800
262,247,214,2218546,4371,27083,946000
263,257,257,2218303,4357,27340,891600
264,230,226,2218073,4361,27566,901600
265,250,236,2217814,4384,27802,949600
266,232,224,2217585,4389,28026,922000
267,235,234,2217356,4384,28260,956900
268,238,210,2217110,4420,28470,968600
269,263,219,2216861,4450,28689,1020200
270,230,227,2216610,4474,28916,1042800
271,249,255,2216367,4462,29171,960400
272,255,210,2216121,4498,29381,883700
273,275,228,2215846,4545,29609,884600
274,281,239,2215561,4591,29848,982200
275,296,246,2215277,4629,30094,929700
276,292,239,2214985,4682,30333,926600
277,287,252,2214704,4711,30585,888200
278,291,235,2214416,4764,30820,919100
279,309,253,2214104,4823,31073,893900
280,269,274,2213836,4817,31347,1053100
281,262,237,2213559,4857,31584,908500
282,305,241,2213256,4919,31825,901400
283,289,257,2212973,4945,32082,916600
284,296,248,2212673,4997,32330,895200
285,263,268,2212397,5005,32598,920600
286,299,271,2212120,5011,32869,910800
287,300,268,2211807,5056,33137,924300
288,289,268,2211528,5067,33405,972100
289,325,232,2211214,5149,33637,937700
290,266,267,2210932,5164,33904,1042700
291,274,262,2210650,5184,34166,943100
292,263,266,2210393,5175,34432,941700
293,273,268,2210135,5165,34700,950800
294,296,279,2209833,5188,34979,1046600
295,307,253,2209532,5236,35232,1029100
296,270,271,2209231,5266,35503,1090800
297,299,272,2208956,5269,35775,1016700
298,316,278,2208641,5306,36053,924900
299,279,270,2208352,5325,36323,944200
300,297,290,2208068,5319,36613,980500
301,292,269,2207770,5348,36882,941200
302,321,298,2207462,5358,37180,920700
303,310,257,2207143,5420,37437,1211700
304,308,292,2206810,5461,37729,958700
305,266,266,2206552,5453,37995,958100
306,302,271,2206264,5470,38266,926900
307,316,260,2205948,5526,38526,916200
308,297,302,2205657,5515,38828,929500
309,314,289,2205343,5540,39117,928000
310,332,283,2205009,5591,39400,936400
311,292,309,2204724,5567,39709,964300
312,243,288,2204456,5547,39997,938100
313,288,329,2204180,5494,40326,997900
314,265,285,2203909,5480,40611,1083400
315,276,272,2203634,5483,40883,936600
316,276,257,2203365,5495,41140,934100
317,293,294,2203059,5507,41434,976200
318,303,297,2202758,5511,41731,949200
319,293,305,2202480,5484,42036,952800
320,274,272,2202204,5488,42308,942000
321,294,279,2201905,5508,42587,912900
322,256,300,2201641,5472,42887,920900
323,328,286,2201335,5492,43173,926500
324,287,273,2201032,5522,43446,918900
325,305,289,2200744,5521,43735,906200
326,337,280,2200405,5580,44015,970800
327,320,284,2200075,5626,44299,1049100
328,327,281,2199751,5669,44580,983000
329,341,323,2199413,5684,44903,946000
330,361,303,2199063,5731,45206,952900
331,292,290,2198741,5763,45496,954800
332,317,292,2198448,5764,45788,978800
333,324,303,2198119,5790,46091,933300
334,361,283,2197760,5866,46374,933000
335,348,324,2197415,5887,46698,930300
336,331,300,2197072,5930,46998,1010100
337,339,291,2196737,5974,47289,966400
338,364,311,2196378,6022,47600,947600
339,337,349,2196045,6006,47949,951000
340,366,302,2195682,6067,48251,954500
341,339,310,2195344,6095,48561,954600
342,361,296,2194984,6159,48857,953900
343,351,323,2194623,6197,49180,951500
344,372,325,2194249,6246,49505,1075600
345,335,366,2193912,6217,49871,962400
346,349,300,2193573,6256,50171,951600
347,358,333,2193222,6274,50504,1003600
348,338,324,2192881,6291,50828,981000
349,339,286,2192530,6356,51114,976600
350,370,338,2192180,6368,51452,1001500
351,315,359,2191855,6334,51811,1097600
352,355,337,2191497,6355,52148,1089300
353,361,334,2191142,6376,52482,1002700
354,325,355,2190814,6349,52837,962300
355,358,341,2190458,6364,53178,980200
356,373,306,2190083,6433,53484,990500
357,342,316,2189743,6457,53800,941300
358,370,348,2189387,6465,54148,972300
359,370,345,2189005,6502,54493,992700
360,403,355,2188602,6550,54848,988300
361,374,338,2188227,6587,55186,974100
362,378,322,2187862,6630,55508,965500
363,379,332,2187478,6682,55840,960200
364,389,343,2187091,6726,56183,982400
365,366,377,2186725,6715,56560,1016300
366,374,322,2186344,6774,56882,960600
367,363,354,2185979,6785,57236,978400
368,376,333,2185616,6815,57569,947100
369,387,328,2185227,6876,57897,993600
370,370,341,2184855,6907,58238,955800
371,349,359,2184505,6898,58597,928300
372,355,358,2184131,6914,58955,952000
373,362,377,2183782,6886,59332,916600
374,369,375,2183406,6887,59707,919100
375,388,388,2183005,6900,60095,923300
376,399,373,2182634,6898,60468,919000
377,374,377,2182245,6910,60845,1008000
378,402,365,2181849,6941,61210,959700
379,358,353,2181487,6950,61563,942600
380,367,345,2181133,6959,61908,922000
381,378,360,2180746,6986,62268,879100
382,340,360,2180398,6974,62628,884400
383,355,377,2180054,6941,63005,893800
384,388,325,2179641,7029,63330,907900
385,348,372,2179309,6989,63702,915800
386,412,367,2178910,7021,64069,907600
387,384,373,2178520,7038,64442,897800
388,394,368,2178134,7056,64810,899400
389,397,385,2177736,7069,65195,908000
390,403,380,2177335,7090,65575,889300
391,370,402,2176936,7087,65977,965600
392,419,381,2176539,7103,66358,923100
393,384,360,2176147,7135,66718,912800
394,394,378,2175748,7156,67096,920800
395,375,373,2175384,7147,67469,934800
396,400,369,2174973,7189,67838,924300
397,417,395,2174563,7204,68233,903600
398,406,378,2174161,7228,68611,894500
399,373,387,2173780,7222,68998,879200
400,418,383,2173369,7250,69381,964200
401,402,387,2172994,7238,69768,961000
402,417,369,2172564,7299,70137,949800
403,410,374,2172142,7347,70511,956100
404,369,384,2171769,7336,70895,1003300
405,402,382,2171377,7346,71277,1045900
406,373,354,2170988,7381,71631,1055600
407,386,412,2170615,7342,72043,1097100
408,401,405,2170208,7344,72448,988000
409,414,356,2169796,7400,72804,960600
410,409,399,2169389,7408,73203,1014900
411,402,379,2168981,7437,73582,1002500
412,425,412,2168571,7435,73994,943000
413,402,396,2168162,7448,74390,948200
414,438,389,2167728,7493,74779,1078400
415,440,382,2167301,7538,75161,947500
416,456,384,2166836,7619,75545,990500
417,458,411,2166382,7662,75956,971500
418,427,405,2165953,7686,76361,935300
419,435,399,2165514,7726,76760,942500
420,454,432,2165070,7738,77192,970700
421,427,395,2164640,7773,77587,937400
422,450,386,2164190,7837,77973,968400
423,446,368,2163741,7918,78341,960800
424,462,449,2163278,7932,78790,955400
425,411,376,2162869,7965,79166,1043300
426,439,422,2162412,8000,79588,979700
427,419,409,2162021,7982,79997,956800
428,470,407,2161530,8066,80404,1003000
429,453,413,2161089,8094,80817,1040100
430,430,440,2160646,8097,81257,982900
431,400,414,2160244,8085,81671,954000
432,448,385,2159816,8128,82056,913500
433,407,405,2159381,8158,82461,931700
434,432,438,2158979,8122,82899,931100
435,442,419,2158522,8160,83318,966300
436,435,415,2158098,8169,83733,980600
437,438,438,2157644,8185,84171,965400
438,455,410,2157199,8220,84581,913400
439,437,406,2156758,8255,84987,949800
440,457,450,2156313,8250,85437,912600
441,426,463,2155875,8225,85900,918300
442,460,438,2155433,8229,86338,1008900
443,440,411,2154991,8260,86749,1117800
444,455,399,2154530,8322,87148,1141000
445,449,441,2154077,8334,87589,1003500
446,424,421,2153636,8354,88010,1086700
447,461,428,2153202,8360,88438,1094800
448,452,439,2152737,8386,88877,961900
449,481,449,2152277,8397,89326,972000
450,409,434,2151838,8402,89760,1000700
451,440,428,2151397,8415,90188,1058200
452,470,459,2150946,8407,90647,1042900
453,459,442,2150489,8422,91089,991600
454,413,424,2150062,8425,91513,1133900
455,472,445,2149601,8441,91958,1118100
456,458,453,2149121,8468,92411,999000
457,458,429,2148673,8487,92840,981100
458,453,442,2148229,8489,93282,1012700
459,433,469,2147787,8462,93751,1093600
460,417,440,2147373,8436,94191,1127000
461,423,416,2146942,8451,94607,1138200
462,460,458,2146504,8431,95065,1120800
463,446,461,2146036,8438,95526,1040800
464,481,428,2145574,8472,95954,1018600
465,444,424,2145125,8497,96378,991600
466,422,416,2144701,8505,96794,1055700
467,408,439,2144267,8500,97233,1040900
468,440,411,2143842,8514,97644,1059600
469,493,411,2143382,8563,98055,1028300
470,447,418,2142906,8621,98473,1050600
471,427,442,2142475,8610,98915,1001200
472,475,471,2142009,8605,99386,1137800
473,468,465,2141548,8601,99851,1107100
474,468,435,2141091,8623,100286,1100000
475,467,433,2140614,8667,100719,1053100
476,468,435,2140150,8696,101154,1011300
477,487,455,2139681,8710,101609,952100
478,483,477,2139170,8744,102086,1140200
479,476,466,2138708,8740,102552,1037800
480,443,461,2138244,8743,103013,1148300
481,464,475,2137799,8713,103488,1086600
482,504,472,2137293,8747,103960,1163400
483,445,475,2136837,8728,104435,1240400
484,483,439,2136356,8770,104874,1272800
485,520,449,2135843,8834,105323,1093900
486,467,483,2135379,8815,105806,1093600
487,509,450,2134870,8874,106256,1083300
488,479,463,2134393,8888,106719,1158800
489,500,428,2133882,8971,107147,1132300
490,463,480,2133405,8968,107627,1059800
491,520,466,2132915,8992,108093,995600
492,516,493,2132387,9027,108586,968700
493,517,489,2131888,9037,109075,1035200
494,530,448,2131333,9144,109523,952800
495,494,482,2130843,9152,110005,918800
496,527,486,2130316,9193,110491,939000
497,447,470,2129863,9176,110961,1006500
498,479,509,2129387,9143,111470,978200
499,550,483,2128870,9177,111953,925800
500,508,452,2128342,9253,112405,972500
501,509,469,2127814,9312,112874,1147400
502,548,487,2127312,9327,113361,984000
503,513,455,2126786,9398,113816,931900
504,601,462,2126183,9539,114278,967800
505,559,487,2125622,9613,114765,954000
506,528,533,2125086,9616,115298,1063100
507,563,507,2124544,9651,115805,1019200
508,514,473,2124016,9706,116278,971700
509,525,427,2123494,9801,116705,969000
510,573,502,2122927,9866,117207,978200
511,520,503,2122414,9876,117710,1009900
512,594,482,2121808,10000,118192,1048500
513,592,520,2121229,10059,118712,1090500
514,605,519,2120599,10170,119231,1053400
515,543,507,2120075,10187,119738,1036400
516,568,496,2119502,10264,120234,1010200
517,516,535,2118979,10252,120769,997900
518,549,524,2118433,10274,121293,948300
519,568,565,2117857,10285,121858,922800
520,561,524,2117307,10311,122382,981900
521,534,550,2116790,10278,122932,980300
522,558,527,2116220,10321,123459,1014300
523,565,531,2115649,10361,123990,926800
524,568,486,2115075,10449,124476,934400
525,600,539,2114475,10510,125015,952600
526,553,554,2113936,10495,125569,898100
527,581,551,2113341,10539,126120,976400
528,556,502,2112787,10591,126622,982600
529,581,571,2112218,10589,127193,965800
530,547,550,2111672,10585,127743,919000
531,579,557,2111095,10605,128300,1028300
532,565,596,2110524,10580,128896,988500
533,598,528,2109943,10633,129424,978600
534,573,578,2109338,10660,130002,912800
535,573,581,2108771,10646,130583,928200
536,562,561,2108201,10655,131144,986100
537,570,529,2107639,10688,131673,935000
538,556,541,2107084,10702,132214,914100
539,587,577,2106507,10702,132791,985600
540,590,567,2105922,10720,133358,1032900
541,560,562,2105349,10731,133920,972500
542,546,598,2104784,10698,134518,993200
543,575,607,2104224,10651,135125,967900
544,556,554,2103668,10653,135679,974400
545,593,550,2103080,10691,136229,1208400
546,569,531,2102500,10740,136760,1459400
547,555,535,2101960,10745,137295,1064200
548,593,517,2101363,10825,137812,949100
549,589,588,2100804,10796,138400,971300
550,531,576,2100232,10792,138976,969300
551,525,562,2099728,10734,139538,924500
552,563,531,2099151,10780,140069,890300
553,586,551,2098568,10812,140620,974500
554,575,561,2097994,10825,141181,1008700
555,558,563,2097441,10815,141744,955500
556,578,547,2096875,10834,142291,960100
557,558,550,2096291,10868,142841,954600
558,599,559,2095711,10889,143400,951100
559,594,565,2095121,10914,143965,936900
560,561,576,2094540,10919,144541,888200
561,537,572,2094022,10865,145113,985700
562,583,577,2093415,10895,145690,1047900
563,618,622,2092806,10882,146312,991500
564,569,538,2092228,10922,146850,1106000
565,543,537,2091692,10921,147387,1031300
566,562,552,2091137,10924,147939,1058100
567,581,554,2090563,10944,148493,1059600
568,526,523,2090038,10946,149016,1251400
569,555,523,2089449,11012,149539,1014100
570,592,583,2088886,10992,150122,1033000
571,592,561,2088288,11029,150683,1021100
572,635,615,2087667,11035,151298,970300
573,572,543,2087079,11080,151841,1004500
574,548,654,2086519,10986,152495,939600
575,561,542,2085967,10996,153037,1045100
576,589,563,2085383,11017,153600,1006000
577,578,558,2084817,11025,154158,987800
578,566,579,2084236,11027,154737,1033900
579,567,595,2083662,11006,155332,1021600
580,543,590,2083106,10972,155922,1013800
581,578,595,2082547,10936,156517,938700
582,612,549,2081956,10978,157066,976700
583,630,585,2081341,11008,157651,945400
584,610,573,2080722,11054,158224,939000
585,592,595,2080106,11075,158819,952100
586,593,590,2079514,11077,159409,1013200
587,636,576,2078878,11137,159985,947600
588,631,565,2078229,11221,160550,969100
589,632,543,2077611,11296,161093,975200
590,618,593,2076999,11315,161686,983200
591,604,646,2076402,11266,162332,973100
592,609,586,2075773,11309,162918,1012500
593,586,587,2075183,11312,163505,1011100
594,565,644,2074641,11210,164149,954600
595,588,596,2074051,11204,164745,938100
596,571,607,2073481,11167,165352,920500
597,589,614,2072880,11154,165966,968300
598,567,545,2072324,11165,166511,943500
599,596,562,2071737,11190,167073,982200
600,570,591,2071163,11173,167664,955000
601,602,550,2070557,11229,168214,993700
602,596,570,2069955,11261,168784,933200
603,586,600,2069392,11224,169384,921300
604,611,561,2068761,11294,169945,918200
605,627,607,2068140,11308,170552,1039000
606,616,568,2067528,11352,171120,1000100
607,617,570,2066912,11398,171690,966300
608,593,606,2066307,11397,172296,947200
609,581,617,2065719,11368,172913,934600
610,610,579,2065126,11382,173492,938100
611,595,593,2064527,11388,174085,946100
612,613,575,2063915,11425,174660,928400
613,541,636,2063365,11339,175296,922000
614,623,590,2062743,11371,175886,942900
615,614,559,2062135,11420,176445,980300
616,611,595,2061544,11416,177040,953700
617,602,638,2060935,11387,177678,964700
618,599,591,2060323,11408,178269,994000
619,629,578,2059689,11464,178847,1076500
620,650,600,2059069,11484,179447,968200
621,597,613,2058439,11501,180060,981500
622,619,622,2057822,11496,180682,1038100
623,633,634,2057204,11480,181316,1043800
624,606,603,2056587,11494,181919,1035500
625,613,591,2055983,11507,182510,1059800
626,629,581,2055337,11572,183091,962000
627,630,592,2054734,11583,183683,1067300
628,604,554,2054111,11652,184237,1007800
629,634,613,2053481,11669,184850,926400
630,598,605,2052869,11676,185455,958300
631,592,604,2052286,11655,186059,1057300
632,629,598,2051657,11686,186657,1036300
633,597,596,2051059,11688,187253,998600
634,705,614,2050376,11757,187867,961200
635,677,632,2049701,11800,188499,971300
636,641,602,2049023,11876,189101,1001500
637,603,621,2048445,11833,189722,951700
638,666,629,2047771,11878,190351,972200
639,621,644,2047148,11857,190995,987000
640,632,583,2046542,11880,191578,961400
641,563,571,2045941,11910,192149,939000
642,576,625,2045363,11863,192774,942600
643,617,616,2044743,11867,193390,1005000
644,626,625,2044123,11862,194015,1000200
645,614,623,2043519,11843,194638,1070000
646,603,657,2042914,11791,195295,1000800
647,561,603,2042336,11766,195898,973500
648,578,633,2041767,11702,196531,938200
649,628,606,2041160,11703,197137,1026200
650,586,611,2040573,11679,197748,1074400
651,640,598,2039940,11714,198346,1025800
652,595,617,2039316,11721,198963,1024500
653,616,655,2038731,11651,199618,1040100
654,623,611,2038101,11670,200229,1065700
655,591,588,2037480,11703,200817,1018500
656,596,589,2036910,11684,201406,1096700
657,573,593,2036329,11672,201999,1146000
658,644,599,2035705,11697,202598,1023100
659,667,549,2035022,11831,203147,1060500
660,611,597,2034422,11834,203744,1038900
661,589,630,2033821,11805,204374,996500
662,622,613,2033204,11809,204987,1008200
663,686,615,2032532,11866,205602,1011500
664,633,630,2031880,11888,206232,1061500
665,597,594,2031278,11896,206826,1019000
666,665,628,2030632,11914,207454,1037800
667,646,623,2029984,11939,208077,994000
668,652,604,2029334,11985,208681,999900
669,623,672,2028700,11947,209353,968500
670,689,654,2028010,11983,210007,990700
671,624,633,2027386,11974,210640,1027800
672,675,646,2026713,12001,211286,1151100
673,672,637,2026032,12045,211923,1020400
674,625,610,2025443,12024,212533,1133100
675,617,635,2024795,12037,213168,1059600
676,612,599,2024174,12059,213767,1064300
677,623,666,2023549,12018,214433,1148200
678,636,589,2022924,12054,215022,1090300
679,651,633,2022289,12056,215655,1172500
680,638,654,2021658,12033,216309,1061400
681,654,617,2020980,12094,216926,1055900
682,680,619,2020315,12140,217545,1061400
683,649,668,2019679,12108,218213,1008200
684,684,668,2018984,12135,218881,1004700
685,631,659,2018348,12112,219540,1012900
686,704,550,2017653,12257,220090,1039000
687,636,651,2016993,12266,220741,1040300
688,689,665,2016321,12273,221406,1010800
689,676,636,2015632,12326,222042,989700
690,641,631,2014996,12331,222673,988400
691,675,599,2014326,12402,223272,1065000
692,677,613,2013662,12453,223885,982000
693,680,661,2012973,12481,224546,966400
694,627,631,2012333,12490,225177,970300
695,668,654,2011696,12473,225831,1080100
696,635,628,2011038,12503,226459,1065400
697,707,690,2010339,12512,227149,1037000
698,650,662,2009673,12516,227811,1025700
699,686,627,2009013,12549,228438,1041400
700,678,669,2008315,12578,229107,986800
701,679,748,2007650,12495,229855,909700
702,677,663,2006965,12517,230518,964800
703,576,647,2006368,12467,231165,978100
704,723,692,2005694,12449,231857,992400
705,677,715,2004987,12441,232572,965300
706,649,624,2004331,12473,233196,951800
707,638,654,2003698,12452,233850,912200
708,677,658,2003030,12462,234508,947400
709,648,678,2002371,12443,235186,1128200
710,735,656,2001643,12515,235842,1095100
711,708,611,2000938,12609,236453,1011800
712,665,683,2000270,12594,237136,954600
713,625,639,1999638,12587,237775,977100
714,638,683,1999001,12541,238458,1011700
715,691,659,1998294,12589,239117,963100
716,684,675,1997647,12561,239792,1040000
717,704,676,1996923,12609,240468,972100
718,691,646,1996238,12648,241114,1015800
719,652,698,1995583,12605,241812,1077500
720,680,645,1994909,12634,242457,1012500
721,660,673,1994239,12631,243130,1024100
722,667,672,1993564,12634,243802,1027800
723,695,687,1992885,12626,244489,1029600
724,682,683,1992211,12617,245172,1019500
725,680,659,1991507,12662,245831,971600
726,688,698,1990839,12632,246529,973300
727,666,668,1990150,12653,247197,1050300
728,686,628,1989473,12702,247825,964200
729,734,702,1988763,12710,248527,1133700
730,728,676,1988036,12761,249203,1054800
731,718,658,1987321,12818,249861,1128500
732,679,684,1986621,12834,250545,1061100
733,656,670,1985966,12819,251215,1078100
734,692,659,1985275,12851,251874,1085400
735,659,639,1984618,12869,252513,992200
736,703,663,1983922,12902,253176,1002600
737,684,657,1983239,12928,253833,1022800
738,658,648,1982570,12949,254481,986700
739,699,716,1981883,12920,255197,1001900
740,694,676,1981188,12939,255873,969900
741,707,675,1980485,12967,256548,1003800
742,752,714,1979741,12997,257262,986200
743,720,709,1979001,13028,257971,966500
744,716,662,1978291,13076,258633,939100
745,704,677,1977584,13106,259310,962200
746,696,718,1976893,13079,260028,993300
747,740,670,1976151,13151,260698,1018000
748,675,688,1975441,13173,261386,1000600
749,676,697,1974787,13130,262083,1003200
750,714,679,1974105,13133,262762,950500
751,704,701,1973389,13148,263463,983400
752,700,658,1972697,13182,264121,1041800
753,693,738,1972002,13139,264859,1152800
754,698,683,1971270,13188,265542,1153000
755,716,687,1970588,13183,266229,1135900
756,697,706,1969884,13181,266935,1190500
757,739,689,1969140,13236,267624,1165500
758,709,697,1968417,13262,268321,1084900
759,740,702,1967700,13277,269023,1163600
760,749,685,1966956,13336,269708,1133600
761,715,702,1966250,13340,270410,1243600
762,702,743,1965519,13328,271153,1182400
763,689,676,1964814,13357,271829,1117400
764,713,696,1964111,13364,272525,1144100
765,727,670,1963402,13403,273195,1134100
766,754,676,1962652,13477,273871,1091400
767,737,677,1961929,13523,274548,1154500
768,737,694,1961165,13593,275242,1183200
769,776,704,1960390,13664,275946,1164100
770,770,648,1959625,13781,276594,1187300
771,714,740,1958916,13750,277334,1174700
772,718,722,1958189,13755,278056,1203100
773,744,653,1957471,13820,278709,1117800
774,737,716,1956691,13884,279425,1062200
775,750,680,1955968,13927,280105,1092700
776,737,751,1955221,13923,280856,1150000
777,730,749,1954527,13868,281605,1045300
778,756,777,1953734,13884,282382,1102900
779,726,760,1952986,13872,283142,1102000
780,758,751,1952261,13846,283893,1112500
781,695,719,1951547,13841,284612,1085200
782,754,726,1950831,13831,285338,1105200
783,768,693,1950045,13924,286031,1079000
784,777,757,1949262,13950,286788,1189300
785,770,718,1948500,13994,287506,1146700
786,714,741,1947770,13983,288247,1175000
787,768,727,1947014,14012,288974,1117200
788,745,715,1946274,14037,289689,1069400
789,769,703,1945499,14109,290392,1103500
790,750,702,1944751,14155,291094,1128800
791,758,711,1943988,14207,291805,1113400
792,758,701,1943241,14253,292506,1154000
793,799,765,1942448,14281,293271,1167600
794,743,751,1941685,14293,294022,1137900
795,743,745,1940944,14289,294767,1084600
796,707,769,1940248,14216,295536,1111500
797,823,785,1939421,14258,296321,1070700
798,747,732,1938676,14271,297053,1250100
799,751,776,1937917,14254,297829,1226100
800,706,769,1937208,14194,298598,1102800
801,762,791,1936449,14162,299389,1070900
802,724,715,1935724,14172,300104,1146300
803,744,707,1934964,14225,300811,1074400
804,733,728,1934257,14204,301539,1169900
805,718,729,1933526,14206,302268,1198500
806,709,756,1932828,14148,303024,1197200
807,725,721,1932087,14168,303745,1164700
808,713,745,1931376,14134,304490,1130900
809,712,792,1930664,14054,305282,1109100
810,697,667,1929974,14077,305949,1108400
811,731,746,1929232,14073,306695,1172600
812,689,741,1928537,14027,307436,1105700
813,635,736,1927901,13927,308172,1185300
814,784,705,1927132,13991,308877,1098600
815,753,710,1926373,14040,309587,1108800
816,746,718,1925643,14052,310305,1156600
817,760,716,1924899,14080,311021,1172300
818,692,733,1924162,14084,311754,1178900
819,737,784,1923454,14008,312538,1183400
820,729,734,1922732,13996,313272,1123300
821,744,733,1922001,13994,314005,1166700
822,741,724,1921235,14036,314729,1160700
823,792,767,1920457,14047,315496,1150700
824,734,762,1919701,14041,316258,1222100
825,703,704,1919022,14016,316962,1117100
826,758,729,1918257,14052,317691,1132500
827,747,728,1917501,14080,318419,1148100
828,730,755,1916770,14056,319174,1187300
829,766,706,1916027,14093,319880,1229700
830,761,704,1915241,14175,320584,1177900
831,826,724,1914437,14255,321308,1214800
832,805,701,1913619,14372,322009,1233900
833,785,736,1912857,14398,322745,1281000
834,771,791,1912057,14407,323536,1232800
835,812,780,1911262,14422,324316,1214300
836,744,786,1910491,14407,325102,1240100
837,728,730,1909771,14397,325832,1185200
838,792,766,1909011,14391,326598,1164900
839,821,762,1908173,14467,327360,1150500
840,768,759,1907387,14494,328119,1189500
841,726,750,1906637,14494,328869,1147500
842,801,765,1905886,14480,329634,1134100
843,764,803,1905088,14475,330437,1189600
844,729,750,1904376,14437,331187,1160100
845,802,769,1903574,14470,331956,1212300
846,707,707,1902853,14484,332663,1148500
847,765,742,1902102,14493,333405,1159700
848,740,777,1901367,14451,334182,1138800
849,715,721,1900640,14457,334903,1194400
850,751,732,1899932,14433,335635,1242100
851,757,739,1899149,14477,336374,1268200
852,742,778,1898379,14469,337152,1170800
853,776,730,1897638,14480,337882,1275200
854,743,746,1896876,14496,338628,1208500
855,763,725,1896117,14530,339353,1342800
856,769,763,1895375,14509,340116,1324200
857,799,775,1894562,14547,340891,1407200
858,817,749,1893738,14622,341640,1595900
859,730,772,1892991,14597,342412,1584800
860,825,765,1892189,14634,343177,1198700
861,792,769,1891377,14677,343946,1301600
862,761,768,1890631,14655,344714,1266000
863,730,759,1889906,14621,345473,1362000
864,818,754,1889100,14673,346227,1349200
865,821,764,1888274,14735,346991,1286900
866,801,784,1887465,14760,347775,1261600
867,799,774,1886653,14798,348549,1285700
868,784,769,1885886,14796,349318,1372100
869,731,769,1885139,14774,350087,1408500
870,796,781,1884341,14791,350868,1242200
871,723,797,1883615,14720,351665,1279200
872,767,820,1882863,14652,352485,1154800
873,751,725,1882104,14686,353210,1139400
874,776,764,1881327,14699,353974,1230400
875,831,758,1880495,14773,354732,1345600
876,768,737,1879739,14792,355469,1218000
877,803,745,1878940,14846,356214,1194800
878,837,738,1878094,14954,356952,1335300
879,787,768,1877315,14965,357720,1404000
880,782,795,1876541,14944,358515,1368000
881,797,761,1875733,14991,359276,1385700
882,842,781,1874916,15027,360057,1432800
883,849,787,1874034,15122,360844,1280300
884,844,768,1873197,15191,361612,1243100
885,801,736,1872382,15270,362348,1175600
886,816,808,1871600,15244,363156,1228700
887,823,795,1870762,15287,363951,1200000
888,859,783,1869908,15358,364734,1504000
889,846,801,1869061,15404,365535,1213600
890,834,801,1868240,15424,366336,1189300
891,788,798,1867427,15439,367134,1310200
892,833,801,1866597,15468,367935,1485500
893,834,849,1865771,15445,368784,1257300
894,816,808,1864942,15466,369592,1341600
895,884,793,1864055,15560,370385,1374400
896,873,798,1863199,15618,371183,1354800
897,833,825,1862344,15648,372008,1442400
898,796,764,1861571,15657,372772,1401900
899,848,819,1860725,15684,373591,1321200
900,835,830,1859892,15687,374421,1302800
901,850,774,1859040,15765,375195,1373500
902,829,822,1858203,15780,376017,1314800
903,863,816,1857343,15824,376833,1356700
904,855,799,1856487,15881,377632,1305100
905,883,825,1855620,15923,378457,1258400
906,827,842,1854770,15931,379299,1274200
907,855,864,1853929,15908,380163,1169000
908,838,848,1853084,15905,381011,1201100
909,833,877,1852248,15864,381888,1263000
910,827,779,1851415,15918,382667,1184600
911,859,799,1850570,15964,383466,1193000
912,828,847,1849728,15959,384313,1276200
913,806,830,1848932,15925,385143,1187500
914,822,759,1848101,15997,385902,1152200
915,841,894,1847257,15947,386796,1257600
916,800,826,1846473,15905,387622,1194900
917,806,874,1845671,15833,388496,1240400
918,863,790,1844809,15905,389286,1183600
919,889,817,1843905,15992,390103,1248200
920,831,841,1843088,15968,390944,1240800
921,886,847,1842222,15987,391791,1173200
922,811,853,1841382,15974,392644,1206700
923,794,812,1840576,15968,393456,1349500
924,840,820,1839757,15967,394276,1300900
925,885,812,1838858,16054,395088,1154200
926,884,841,1837976,16095,395929,1166900
927,841,843,1837126,16102,396772,1107000
928,857,837,1836275,16116,397609,1219400
929,891,831,1835396,16164,398440,1257300
930,856,855,1834544,16161,399295,1235300
931,863,855,1833686,16164,400150,1266800
932,906,810,1832782,16258,400960,1315800
933,917,855,1831877,16308,401815,1221300
934,808,797,1831038,16350,402612,1330200
935,870,824,1830179,16385,403436,1310600
936,882,843,1829303,16418,404279,1187400
937,909,851,1828389,16481,405130,1276300
938,875,853,1827536,16481,405983,1281600
939,912,840,1826610,16567,406823,1295000
940,900,906,1825699,16572,407729,1320300
941,873,854,1824834,16583,408583,1191200
942,943,854,1823891,16672,409437,1317800
943,909,887,1822991,16685,410324,1281800
944,883,866,1822099,16711,411190,1316300
945,888,872,1821222,16716,412062,1297600
946,929,818,1820301,16819,412880,1235600
947,856,870,1819412,16838,413750,1291300
948,890,851,1818520,16879,414601,1269800
949,901,874,1817638,16887,415475,1196800
950,876,850,1816754,16921,416325,1225700
951,898,872,1815831,16972,417197,1202500
952,901,900,1814962,16941,418097,1145400
953,886,900,1814075,16928,418997,1167500
954,880,813,1813193,16997,419810,1269300
955,858,920,1812299,16971,420730,1290900
956,863,884,1811448,16938,421614,1189800
957,908,871,1810562,16953,422485,1202500
958,877,928,1809683,16904,423413,1262600
959,909,839,1808771,16977,424252,1179000
960,831,940,1807905,16903,425192,1288100
961,866,850,1807083,16875,426042,1229600
962,854,897,1806230,16831,426939,1189000
963,847,879,1805352,16830,427818,1188100
964,908,862,1804476,16844,428680,1256900
965,883,866,1803570,16884,429546,1248800
966,954,864,1802649,16941,430410,1276500
967,887,839,1801742,17009,431249,1221400
968,867,917,1800872,16962,432166,1293800
969,907,926,1799981,16927,433092,1361800
970,875,912,1799082,16914,434004,1362900
971,871,909,1798224,16863,434913,1257000
972,888,921,1797336,16830,435834,1276000
973,847,836,1796478,16852,436670,1317100
974,878,850,1795604,16876,437520,1235200
975,870,881,1794717,16882,438401,1453000
976,872,930,1793860,16809,439331,1249700
977,852,887,1793023,16759,440218,1341600
978,831,883,1792154,16745,441101,1242900
979,873,870,1791333,16696,441971,1199800
980,905,861,1790420,16748,442832,1218300
981,857,888,1789531,16749,443720,1233700
982,859,843,1788675,16762,444563,1224900
983,891,932,1787784,16721,445495,1202800
984,855,864,1786939,16702,446359,1177600
985,883,854,1786054,16733,447213,1172700
986,853,894,1785201,16692,448107,1216900
987,886,854,1784315,16724,448961,1323000
988,835,877,1783481,16681,449838,1169700
989,834,840,1782649,16673,450678,1206900
990,848,840,1781801,16681,451518,1171300
991,906,842,1780904,16736,452360,1352900
992,936,844,1780008,16788,453204,1415100
993,942,889,1779034,16873,454093,1390900
994,904,839,1778122,16946,454932,1222300
995,930,875,1777202,16991,455807,1154200
996,929,855,1776266,17072,456662,1104000
997,877,906,1775355,17077,457568,1176600
998,866,888,1774521,17023,458456,1253600
999,920,879,1773592,17073,459335,1283800
1000,863,851,1772711,17103,460186,1209500
1001,881,903,1771843,17068,461089,1138000
1002,936,856,1770902,17153,461945,1129500
1003,859,912,1770032,17111,462857,1184700
1004,899,889,1769130,17124,463746,1138600
1005,900,923,1768265,17066,464669,1171800
1006,928,915,1767342,17074,465584,1138100
1007,914,918,1766431,17067,466502,1176500
1008,838,893,1765592,17013,467395,1168000
1009,816,893,1764760,16952,468288,1115100
1010,902,869,1763835,17008,469157,1209400
1011,883,855,1762979,17009,470012,1235500
1012,890,894,1762079,17015,470906,1192500
1013,874,812,1761233,17049,471718,1227600
1014,853,885,1760339,17058,472603,1288200
1015,901,893,1759466,17038,473496,1323300
1016,869,824,1758599,17081,474320,1254400
1017,932,899,1757682,17099,475219,1220700
1018,878,898,1756778,17105,476117,1171300
1019,878,904,1755894,17085,477021,1384000
1020,846,896,1755048,17035,477917,1415400
1021,956,851,1754127,17105,478768,1317200
1022,880,901,1753217,17114,479669,1151200
1023,915,897,1752324,17110,480566,1235000
1024,941,934,1751378,17122,481500,1098600
1025,880,888,1750489,17123,482388,1069000
1026,939,966,1749536,17110,483354,1056900
1027,986,869,1748595,17182,484223,1096000
1028,856,940,1747691,17146,485163,1154500
1029,898,901,1746827,17109,486064,1073300
1030,883,897,1745925,17114,486961,1117900
1031,939,901,1744996,17142,487862,1232900
1032,963,853,1744031,17254,488715,1175500
1033,946,866,1743083,17336,489581,1403800
1034,888,887,1742193,17339,490468,1189800
1035,874,913,1741312,17307,491381,1330500
1036,876,848,1740435,17336,492229,1305500
1037,873,861,1739560,17350,493090,1205500
1038,877,858,1738701,17351,493948,1254200
1039,895,894,1737801,17357,494842,1260400
1040,853,890,1736952,17316,495732,1210700
1041,892,893,1736049,17326,496625,1267600
1042,884,925,1735141,17309,497550,1191800
1043,912,875,1734269,17306,498425,1258300
1044,902,874,1733344,17357,499299,1245000
1045,947,915,1732417,17369,500214,1244000
1046,931,880,1731482,17424,501094,1195200
1047,911,853,1730565,17488,501947,1194900
1048,904,910,1729660,17483,502857,1211200
1049,915,846,1728756,17541,503703,1227700
1050,941,939,1727797,17561,504642,1158100
1051,897,956,1726908,17494,505598,1257800
1052,890,911,1726007,17484,506509,1228200
1053,903,885,1725124,17482,507394,1116000
1054,875,882,1724237,17487,508276,1189700
1055,928,942,1723316,17466,509218,1422000
1056,875,894,1722428,17460,510112,1266200
1057,939,938,1721516,17434,511050,1359600
1058,881,901,1720605,17444,511951,1185700
1059,978,923,1719642,17484,512874,1336400
1060,911,907,1718743,17476,513781,1323600
1061,894,933,1717843,17443,514714,1232400
1062,1001,987,1716871,17428,515701,1459200
1063,1015,942,1715832,17525,516643,1436500
1064,915,922,1714899,17536,517565,1457400
1065,931,909,1713981,17545,518474,1355100
1066,915,895,1713055,17576,519369,1503500
1067,934,878,1712132,17621,520247,1326300
1068,971,931,1711165,17657,521178,1248000
1069,941,910,1710226,17686,522088,1268700
1070,933,897,1709293,17722,522985,1653200
1071,989,966,1708298,17751,523951,1374600
1072,891,925,1707400,17724,524876,1355400
1073,906,953,1706504,17667,525829,1314000
1074,893,919,1705622,17630,526748,1312800
1075,929,948,1704663,17641,527696,1267500
1076,951,936,1703729,17639,528632,1461000
1077,915,947,1702821,17600,529579,1417200
1078,899,893,1701882,17646,530472,1228500
1079,907,969,1700982,17577,531441,1351400
1080,916,934,1700075,17550,532375,1220000
1081,933,925,1699159,17541,533300,1334000
1082,923,896,1698238,17566,534196,1417200
1083,845,911,1697346,17547,535107,1296800
1084,923,907,1696453,17533,536014,1216800
1085,927,928,1695528,17530,536942,1209800
1086,906,896,1694629,17533,537838,1309600
1087,888,880,1693734,17548,538718,1327800
1088,933,898,1692829,17555,539616,1425600
1089,916,930,1691887,17567,540546,1457000
1090,890,884,1690964,17606,541430,1375700
1091,922,897,1690064,17609,542327,1471800
1092,932,883,1689152,17638,543210,1365100
1093,920,855,1688230,17705,544065,1273100
1094,933,923,1687305,17707,544988,1273200
1095,949,972,1686339,17701,545960,1360200
1096,937,914,1685406,17720,546874,1302800
1097,974,860,1684459,17807,547734,1310200
1098,899,881,1683513,17872,548615,1361800
1099,955,911,1682590,17884,549526,1363000
1100,936,959,1681627,17888,550485,1343500
1101,937,872,1680701,17942,551357,1244100
1102,880,924,1679804,17915,552281,1262200
1103,954,965,1678872,17882,553246,1224400
1104,957,915,1677920,17919,554161,1356800
1105,979,910,1676939,17990,555071,1415800
1106,955,904,1675987,18038,555975,1408100
1107,923,914,1675054,18057,556889,1349500
1108,926,960,1674116,18035,557849,1558100
1109,934,942,1673203,18006,558791,1378800
1110,928,924,1672270,18015,559715,1400100
1111,881,905,1671374,18006,560620,1420200
1112,941,899,1670450,18031,561519,1214900
1113,931,891,1669501,18089,562410,1242300
1114,912,914,1668611,18065,563324,1314900
1115,885,896,1667695,18085,564220,1311800
1116,973,989,1666744,18047,565209,1320000
1117,901,907,1665849,18035,566116,1316000
1118,903,947,1664948,17989,567063,1464200
1119,924,903,1663994,18040,567966,1346700
1120,954,973,1663071,17990,568939,1442400
1121,999,932,1662084,18045,569871,1241400
1122,967,960,1661101,18068,570831,1250400
1123,967,922,1660117,18130,571753,1366100
1124,951,956,1659181,18110,572709,1257700
1125,952,970,1658231,18090,573679,1274200
1126,954,935,1657293,18093,574614,1218000
1127,978,930,1656304,18152,575544,1298600
1128,935,991,1655354,18111,576535,1649800
1129,932,933,1654429,18103,577468,1278000
1130,919,912,1653496,18124,578380,1461300
1131,971,923,1652546,18151,579303,1399000
1132,946,938,1651603,18156,580241,1303300
1133,918,941,1650673,18145,581182,1347700
1134,923,953,1649757,18108,582135,1377300
1135,956,937,1648807,18121,583072,1375700
1136,945,899,1647860,18169,583971,1402400
1137,949,939,1646907,18183,584910,1444800
1138,909,940,1645984,18166,585850,1685500
1139,932,895,1645085,18170,586745,1417700
1140,927,918,1644130,18207,587663,1559000
1141,922,956,1643215,18166,588619,1429000
1142,979,938,1642248,18195,589557,1649900
1143,856,1017,1641359,18067,590574,1575100
1144,970,941,1640402,18083,591515,1544000
1145,867,908,1639531,18046,592423,1397400
1146,924,889,1638601,18087,593312,1554000
1147,867,899,1637740,18049,594211,1519500
1148,915,960,1636836,17993,595171,1595800
1149,874,922,1635958,17949,596093,1437600
1150,875,909,1635064,17934,597002,1502100
1151,911,912,1634153,17933,597914,1640800
1152,882,934,1633284,17868,598848,1488900
1153,845,910,1632440,17802,599758,1447500
1154,958,918,1631506,17818,600676,1476300
1155,939,928,1630555,17841,601604,1297500
1156,940,892,1629617,17887,602496,1422700
1157,911,965,1628688,17851,603461,1379300
1158,954,922,1627743,17874,604383,1599300
1159,942,966,1626819,17832,605349,1386400
1160,933,918,1625866,17867,606267,1501700
1161,897,928,1624965,17840,607195,1291500
1162,934,931,1624032,17842,608126,1268000
1163,908,915,1623134,17825,609041,1201400
1164,876,905,1622226,17828,609946,1295600
1165,935,962,1621322,17770,610908,1138800
1166,886,971,1620422,17699,611879,1396700
1167,953,862,1619492,17767,612741,1255100
1168,939,881,1618528,17850,613622,1312800
1169,898,941,1617648,17789,614563,1231300
1170,903,902,1616744,17791,615465,1325100
1171,925,918,1615829,17788,616383,1286100
1172,909,954,1614888,17775,617337,1359000
1173,970,878,1613935,17850,618215,1230500
1174,925,952,1612989,17844,619167,1249000
1175,929,944,1612075,17814,620111,1242100
1176,942,921,1611133,17835,621032,1150300
1177,877,890,1610247,17831,621922,1185100
1178,967,938,1609301,17839,622860,1315600
1179,902,967,1608394,17779,623827,1186900
1180,885,865,1607514,17794,624692,1189700
1181,852,940,1606638,17730,625632,1484800
1182,945,937,1605703,17728,626569,1380800
1183,952,895,1604757,17779,627464,1262000
1184,925,938,1603836,17762,628402,1340100
1185,924,920,1602913,17765,629322,1359300
1186,973,893,1601920,17865,630215,1254100
1187,921,954,1601008,17823,631169,1334900
1188,937,898,1600069,17864,632067,1270700
1189,863,943,1599206,17784,633010,1353900
1190,941,879,1598268,17843,633889,1404800
1191,914,942,1597372,17797,634831,1440700
1192,950,952,1596441,17776,635783,1294700
1193,941,887,1595455,17875,636670,1357300
1194,979,925,1594483,17922,637595,1225700
1195,894,964,1593601,17840,638559,1148900
1196,879,921,1592698,17822,639480,1272900
1197,896,962,1591832,17726,640442,1351100
1198,944,921,1590884,17753,641363,1369700
1199,898,954,1589951,17732,642317,1289900
1200,963,959,1589015,17709,643276,1264600
1201,858,903,1588136,17685,644179,1235000
1202,900,950,1587251,17620,645129,1320900
1203,875,931,1586386,17554,646060,1377400
1204,891,840,1585484,17616,646900,1268000
1205,816,927,1584649,17524,647827,1415900
1206,945,903,1583747,17523,648730,1229500
1207,895,943,1582826,17501,649673,1202800
1208,929,899,1581907,17521,650572,1181100
1209,904,916,1581015,17497,651488,1187400
1210,880,946,1580118,17448,652434,1183200
1211,934,901,1579186,17479,653335,1154500
1212,919,967,1578273,17425,654302,1360700
1213,873,926,1577378,17394,655228,1504300
1214,914,872,1576475,17425,656100,1227400
1215,899,887,1575590,17423,656987,1182700
1216,959,922,1574647,17444,657909,1168700
1217,879,915,1573746,17430,658824,1246400
1218,888,847,1572866,17463,659671,1298500
1219,906,921,1571964,17444,660592,1275300
1220,893,926,1571033,17449,661518,1198000
1221,917,920,1570144,17418,662438,1282000
1222,927,884,1569218,17460,663322,1222900
1223,877,890,1568312,17476,664212,1350500
1224,851,896,1567478,17414,665108,1151700
1225,868,926,1566608,17358,666034,1260800
1226,892,868,1565710,17388,666902,1215800
1227,941,968,1564787,17343,667870,1300500
1228,899,922,1563894,17314,668792,1213500
1229,853,922,1563016,17270,669714,1234900
1230,867,894,1562143,17249,670608,1193500
1231,858,881,1561291,17220,671489,1190800
1232,882,927,1560400,17184,672416,1262000
1233,861,857,1559572,17155,673273,1352500
1234,862,882,1558679,17166,674155,1383700
1235,864,872,1557851,17122,675027,1506000
1236,916,907,1556903,17163,675934,1512900
1237,832,863,1556073,17130,676797,1383400
1238,895,905,1555187,17111,677702,1317200
1239,894,868,1554325,17105,678570,1358800
1240,872,880,1553421,17129,679450,1281300
1241,954,906,1552479,17165,680356,1384000
1242,860,842,1551611,17191,681198,22090200
1243,922,885,1550672,17245,682083,1545800
1244,891,908,1549785,17224,682991,1333100
1245,887,884,1548905,17220,683875,1358100
1246,905,840,1548034,17251,684715,1194700
1247,931,906,1547089,17290,685621,1140100
1248,859,950,1546215,17214,686571,1093700
1249,923,889,1545282,17258,687460,1073900
1250,931,917,1544398,17225,688377,1239200
1251,934,926,1543420,17277,689303,1070100
1252,889,907,1542539,17251,690210,1120800
1253,906,837,1541651,17302,691047,1140800
1254,960,957,1540676,17320,692004,1110400
1255,936,866,1539750,17380,692870,1232400
1256,908,884,1538854,17392,693754,1221100
1257,894,945,1537964,17337,694699,1214300
1258,915,948,1537014,17339,695647,1098000
1259,905,896,1536124,17333,696543,1145600
1260,902,852,1535205,17400,697395,1185100
1261,901,937,1534321,17347,698332,1138300
1262,916,977,1533375,17316,699309,1330500
1263,902,935,1532495,17261,700244,1179300
1264,841,896,1531644,17216,701140,1100000
1265,890,915,1530763,17182,702055,1253100
1266,922,874,1529844,17227,702929,1178600
1267,909,902,1528940,17229,703831,1112900
1268,901,930,1528058,17181,704761,1302300
1269,866,839,1527158,17242,705600,1168000
1270,938,875,1526251,17274,706475,1254900
1271,885,880,1525335,17310,707355,1199000
1272,918,921,1524411,17313,708276,1145600
1273,870,948,1523557,17219,709224,1168500
1274,890,891,1522659,17226,710115,1187400
1275,882,903,1521779,17203,711018,1345500
1276,913,873,1520852,17257,711891,1353000
1277,929,926,1519969,17214,712817,1207000
1278,862,919,1519107,17157,713736,1293400
1279,878,918,1518191,17155,714654,1439600
1280,845,919,1517337,17090,715573,1221400
1281,859,918,1516508,17001,716491,1789400
1282,852,893,1515634,16982,717384,1337800
1283,894,925,1514762,16929,718309,1179700
1284,883,915,1513860,16916,719224,1069400
1285,840,885,1513017,16874,720109,1076100
1286,825,857,1512193,16841,720966,1140100
1287,874,892,1511323,16819,721858,1199100
1288,876,923,1510439,16780,722781,1216500
1289,909,812,1509546,16861,723593,1161000
1290,885,918,1508671,16818,724511,1174100
1291,847,873,1507819,16797,725384,1094500
1292,948,855,1506871,16890,726239,1094300
1293,882,874,1505969,16918,727113,1106800
1294,872,854,1505089,16944,727967,1088000
1295,851,906,1504249,16878,728873,1335600
1296,930,799,1503335,16993,729672,1360400
1297,895,871,1502455,17002,730543,1202200
1298,922,921,1501525,17011,731464,1164200
1299,868,870,1500640,17026,732334,1071400
1300,967,814,1499702,17150,733148,1102200
1301,910,908,1498787,17157,734056,1117100
1302,948,854,1497821,17269,734910,1076600
1303,933,888,1496899,17303,735798,1197400
1304,952,935,1495954,17313,736733,1212500
1305,894,855,1495033,17379,737588,1110900
1306,944,850,1494098,17464,738438,1182800
1307,906,929,1493192,17441,739367,1171900
1308,892,918,1492285,17430,740285,1100900
1309,928,917,1491385,17413,741202,1225300
1310,951,938,1490432,17428,742140,1196800
1311,889,932,1489518,17410,743072,1160800
1312,898,915,1488636,17377,743987,1160200
1313,886,903,1487750,17360,744890,1096300
1314,896,966,1486847,17297,745856,1134600
1315,911,919,1485959,17266,746775,1081700
1316,893,891,1485059,17275,747666,1038500
1317,832,889,1484202,17243,748555,1049100
1318,959,891,1483278,17276,749446,1108400
1319,845,885,1482402,17267,750331,1031800
1320,906,874,1481510,17285,751205,1141100
1321,856,902,1480619,17274,752107,1105400
1322,832,892,1479792,17209,752999,1181000
1323,882,910,1478930,17161,753909,1377800
1324,891,842,1478063,17186,754751,1194600
1325,886,850,1477166,17233,755601,1103500
1326,911,900,1476252,17247,756501,1187600
1327,888,914,1475360,17225,757415,1175400
1328,929,862,1474458,17265,758277,1130800
1329,921,945,1473517,17261,759222,1131600
1330,936,955,1472572,17251,760177,1100600
1331,951,889,1471630,17304,761066,1260800
1332,881,896,1470761,17277,761962,1295400
1333,955,867,1469790,17381,762829,1337800
1334,869,921,1468887,17363,763750,1210600
1335,870,842,1468045,17363,764592,1251300
1336,922,856,1467139,17413,765448,1121200
1337,831,936,1466265,17351,766384,1181700
1338,845,905,1465455,17256,767289,1183300
1339,918,888,1464533,17290,768177,1205000
1340,877,871,1463643,17309,769048,1159400
1341,889,919,1462779,17254,769967,1172000
1342,923,926,1461837,17270,770893,1059600
1343,893,875,1460964,17268,771768,1079300
1344,866,868,1460070,17294,772636,1140200
1345,953,954,1459114,17296,773590,1186200
1346,921,906,1458219,17285,774496,1125400
1347,928,873,1457294,17337,775369,1122700
1348,898,914,1456365,17352,776283,1138300
1349,861,889,1455498,17330,777172,1149900
1350,910,898,1454636,17294,778070,1297000
1351,967,991,1453649,17290,779061,1226700
1352,875,890,1452779,17270,779951,1098400
1353,927,896,1451834,17319,780847,1141300
1354,881,878,1450942,17333,781725,1105400
1355,947,937,1450023,17315,782662,1186900
1356,881,895,1449138,17305,783557,1081600
1357,966,902,1448164,17377,784459,1090500
1358,844,935,1447301,17305,785394,1082700
1359,915,914,1446415,17277,786308,1093700
1360,920,963,1445463,17266,787271,1091300
1361,888,849,1444594,17286,788120,1081700
1362,911,881,1443683,17316,789001,1134300
1363,904,920,1442807,17272,789921,1313700
1364,867,919,1441918,17242,790840,1331600
1365,853,858,1441041,17261,791698,1314200
1366,885,949,1440178,17175,792647,1323600
1367,835,890,1439324,17139,793537,1164500
1368,863,850,1438489,17124,794387,1073100
1369,883,945,1437620,17048,795332,1047100
1370,856,887,1436747,17034,796219,1049700
1371,838,888,1435900,16993,797107,1100500
1372,819,856,1435069,16968,797963,1139700
1373,921,889,1434138,17010,798852,1130100
1374,952,884,1433225,17039,799736,1069800
1375,889,899,1432333,17032,800635,1092100
1376,911,868,1431403,17094,801503,1052600
1377,872,928,1430522,17047,802431,1121300
1378,910,824,1429652,17093,803255,1261200
1379,886,901,1428748,17096,804156,1395200
1380,872,869,1427886,17089,805025,1424600
1381,793,888,1427058,17029,805913,1250000
1382,860,882,1426213,16992,806795,1393400
1383,830,888,1425332,16985,807683,1244800
1384,938,897,1424463,16957,808580,1289600
1385,863,840,1423597,16983,809420,1240500
1386,878,866,1422708,17006,810286,1481100
1387,876,864,1421845,17005,811150,1644100
1388,862,890,1420968,16992,812040,1774600
1389,899,900,1420079,16981,812940,1316400
1390,977,914,1419113,17033,813854,1523200
1391,905,858,1418178,17110,814712,1570600
1392,929,925,1417258,17105,815637,1493200
1393,901,934,1416356,17073,816571,1410000
1394,843,867,1415504,17058,817438,1228100
1395,847,874,1414664,17024,818312,1296900
1396,972,867,1413714,17107,819179,1304800
1397,898,875,1412810,17136,820054,1333900
1398,932,863,1411894,17189,820917,1247800
1399,927,891,1410971,17221,821808,1361800
1400,902,890,1410032,17270,822698,1372500
1401,919,878,1409120,17304,823576,1336600
1402,904,842,1408213,17369,824418,1254700
1403,895,858,1407317,17407,825276,1324200
1404,919,943,1406414,17367,826219,1224400
1405,896,931,1405510,17340,827150,1182500
1406,882,850,1404621,17379,828000,1139300
1407,922,922,1403726,17352,828922,1244000
1408,891,941,1402827,17310,829863,1355100
1409,826,885,1401975,17277,830748,1359100
1410,941,909,1401041,17302,831657,1201500
1411,867,889,1400172,17282,832546,1210300
1412,871,863,1399278,17313,833409,1231300
1413,939,872,1398377,17342,834281,1286000
1414,954,963,1397416,17340,835244,1181600
1415,889,942,1396526,17288,836186,1349800
1416,891,940,1395633,17241,837126,1239900
1417,908,920,1394716,17238,838046,1245500
1418,864,907,1393872,17175,838953,1185100
1419,933,924,1392936,17187,839877,1156200
1420,891,875,1392039,17209,840752,1627000
1421,886,881,1391149,17218,841633,1406300
1422,868,903,1390262,17202,842536,1246300
1423,903,900,1389377,17187,843436,1284600
1424,918,870,1388458,17236,844306,1311700
1425,943,877,1387540,17277,845183,1553700
1426,866,880,1386659,17278,846063,1335100
1427,873,866,1385757,17314,846929,1240000
1428,908,926,1384862,17283,847855,1165200
1429,868,904,1383988,17253,848759,1199500
1430,890,908,1383125,17208,849667,1406000
1431,930,848,1382216,17269,850515,1300100
1432,875,925,1381326,17234,851440,1225600
1433,894,905,1380424,17231,852345,1233100
1434,916,897,1379516,17242,853242,1154200
1435,873,882,1378630,17246,854124,1309100
1436,904,897,1377734,17245,855021,1182900
1437,878,871,1376837,17271,855892,1166100
1438,873,892,1375967,17249,856784,1242800
1439,944,869,1375013,17334,857653,1204200
1440,904,883,1374104,17360,858536,1205300
1441,858,874,1373269,17321,859410,1371000
1442,901,868,1372366,17356,860278,1293200
1443,908,909,1371471,17342,861187,1153100
1444,884,899,1370561,17353,862086,1074900
1445,885,842,1369685,17387,862928,1203300
1446,933,871,1368776,17425,863799,1207700
1447,941,927,1367835,17439,864726,1081500
1448,852,924,1366973,17377,865650,1060300
1449,945,895,1366024,17431,866545,1043000
1450,950,909,1365073,17473,867454,1101400
1451,933,942,1364126,17478,868396,1139600
1452,884,830,1363240,17534,869226,1047000
1453,926,867,1362333,17574,870093,1104900
1454,864,961,1361452,17494,871054,1141800
1455,885,916,1360601,17429,871970,1178100
1456,897,861,1359673,17496,872831,1147800
1457,893,898,1358788,17483,873729,1169300
1458,858,959,1357921,17391,874688,1085800
1459,858,851,1357055,17406,875539,1061100
1460,866,922,1356207,17332,876461,1085600
1461,888,872,1355315,17352,877333,1249100
1462,924,891,1354385,17391,878224,1232000
1463,839,877,1353523,17376,879101,1182400
1464,896,905,1352651,17343,880006,1147600
1465,882,890,1351779,17325,880896,1175200
1466,898,894,1350862,17348,881790,1183900
1467,903,871,1349957,17382,882661,1222700
1468,885,929,1349074,17336,883590,1197200
1469,854,886,1348229,17295,884476,1159600
1470,880,892,1347375,17257,885368,1104700
1471,885,889,1346477,17266,886257,1181200
1472,846,849,1345610,17284,887106,1132000
1473,918,846,1344705,17343,887952,1140100
1474,894,889,1343803,17356,888841,1189900
1475,960,902,1342850,17407,889743,1217900
1476,908,888,1341961,17408,890631,1195100
1477,899,904,1341026,17439,891535,1201700
1478,950,879,1340136,17450,892414,1135300
1479,911,859,1339194,17533,893273,1137000
1480,895,991,1338286,17450,894264,1204200
1481,900,875,1337389,17472,895139,1249000
1482,955,886,1336428,17547,896025,1123700
1483,849,939,1335563,17473,896964,1137200
1484,872,935,1334683,17418,897899,1158300
1485,898,891,1333817,17393,898790,1280400
1486,932,946,1332905,17359,899736,1204700
1487,877,868,1331996,17400,900604,1182900
1488,860,914,1331131,17351,901518,1288100
1489,841,901,1330290,17291,902419,1463700
1490,854,903,1329449,17229,903322,1282100
1491,916,872,1328545,17261,904194,1188500
1492,959,900,1327567,17339,905094,1176400
1493,871,860,1326679,17367,905954,1212900
1494,889,895,1325809,17342,906849,1139900
1495,872,932,1324910,17309,907781,1095800
1496,832,874,1324096,17249,908655,1119200
1497,917,900,1323176,17269,909555,1190200
1498,843,878,1322363,17204,910433,1077500
1499,863,898,1321484,17185,911331,1334600
1500,881,911,1320603,17155,912242,1467000
1501,871,895,1319738,17125,913137,1801900
1502,823,860,1318900,17103,913997,1316300
1503,857,884,1318057,17062,914881,1243400
1504,864,839,1317203,17077,915720,1218500
1505,829,836,1316351,17093,916556,1123900
1506,941,866,1315422,17156,917422,1169800
1507,935,881,1314486,17211,918303,1220100
1508,883,856,1313603,17238,919159,1255800
1509,844,903,1312747,17191,920062,1230900
1510,867,837,1311878,17223,920899,1279100
1511,867,887,1311023,17191,921786,1452600
1512,910,892,1310118,17204,922678,1195300
1513,921,871,1309198,17253,923549,1182200
1514,926,850,1308274,17327,924399,1249600
1515,904,949,1307358,17294,925348,1158700
1516,954,886,1306418,17348,926234,1197600
1517,901,896,1305507,17363,927130,1398700
1518,1003,881,1304504,17485,928011,1533200
1519,893,908,1303609,17472,928919,1179600
1520,943,880,1302670,17531,929799,1090500
1521,913,907,1301758,17536,930706,1096200
1522,854,868,1300910,17516,931574,1144600
1523,887,938,1300015,17473,932512,1145900
1524,960,905,1299065,17518,933417,1085000
1525,956,904,1298121,17558,934321,1115900
1526,914,885,1297180,17614,935206,1061200
1527,893,969,1296272,17553,936175,1134100
1528,867,922,1295426,17477,937097,1069400
1529,844,901,1294574,17428,937998,1072900
1530,891,893,1293699,17410,938891,1174400
1531,901,865,1292800,17444,939756,1251400
1532,873,879,1291923,17442,940635,1226900
1533,873,830,1291044,17491,941465,1610400
1534,829,887,1290195,17453,942352,1141300
1535,904,873,1289309,17466,943225,1184300
1536,877,875,1288411,17489,944100,1073800
1537,847,895,1287594,17411,944995,1026300
1538,894,891,1286681,17433,945886,1162600
1539,872,877,1285814,17423,946763,1185400
1540,900,962,1284910,17365,947725,1169700
1541,883,902,1284049,17324,948627,1131300
1542,939,899,1283107,17367,949526,1118500
1543,873,896,1282231,17347,950422,1177000
1544,829,904,1281385,17289,951326,1177800
1545,841,888,1280544,17242,952214,1149900
1546,877,862,1279700,17224,953076,1281800
1547,857,944,1278808,17172,954020,1264200
1548,908,807,1277918,17255,954827,1232500
1549,828,913,1277061,17199,955740,1209200
1550,852,851,1276235,17174,956591,1235200
1551,840,906,1275402,17101,957497,1130400
1552,913,907,1274482,17114,958404,1108700
1553,899,866,1273602,17128,959270,1072400
1554,850,884,1272722,17124,960154,1283300
1555,909,926,1271834,17086,961080,1670400
1556,871,883,1270936,17101,961963,1643000
1557,851,912,1270094,17031,962875,1646000
1558,798,912,1269269,16944,963787,2154900
1559,802,925,1268494,16794,964712,2418800
1560,869,883,1267636,16769,965595,1670100
1561,837,879,1266791,16735,966474,2249900
1562,844,888,1265929,16709,967362,1947400
1563,839,857,1265106,16675,968219,2172100
1564,830,846,1264272,16663,969065,1673200
1565,821,860,1263447,16628,969925,1731200
1566,808,867,1262640,16568,970792,1614800
1567,855,872,1261771,16565,971664,1524100
1568,839,821,1260963,16552,972485,1489400
1569,847,897,1260108,16510,973382,1303100
1570,822,830,1259268,16520,974212,1616400
1571,864,882,1258424,16482,975094,1463300
1572,877,856,1257564,16486,975950,1395000
1573,857,833,1256676,16541,976783,1401500
1574,811,866,1255880,16471,977649,1655200
1575,860,874,1255005,16472,978523,1570700
1576,819,878,1254203,16396,979401,1396900
1577,848,852,1253331,16416,980253,1544300
1578,836,849,1252517,16381,981102,1414500
1579,835,826,1251659,16413,981928,1531300
1580,868,893,1250824,16355,982821,1349600
1581,813,810,1249980,16389,983631,1487800
1582,832,873,1249175,16321,984504,1661400
1583,808,861,1248331,16304,985365,1379200
1584,839,852,1247524,16259,986217,1343300
1585,854,859,1246658,16266,987076,1660000
1586,816,892,1245837,16195,987968,1510500
1587,790,859,1245067,16106,988827,1626400
1588,758,845,1244282,16046,989672,1683900
1589,775,845,1243499,15984,990517,1646900
1590,770,850,1242755,15878,991367,1849400
1591,816,785,1241917,15931,992152,1971100
1592,810,825,1241115,15908,992977,1608100
1593,824,853,1240301,15869,993830,1596900
1594,841,853,1239452,15865,994683,1858000
1595,838,831,1238640,15846,995514,2112100
1596,850,807,1237754,15925,996321,1749000
1597,803,820,1236944,15915,997141,1360100
1598,789,804,1236190,15865,997945,1389100
1599,838,877,1235346,15832,998822,1451000
1600,814,842,1234537,15799,999664,1316100
1601,811,838,1233719,15779,1000502,1364500
1602,792,831,1232906,15761,1001333,1404700
1603,775,818,1232145,15704,1002151,1362500
1604,789,788,1231337,15724,1002939,1498100
1605,749,786,1230595,15680,1003725,1393000
1606,781,830,1229822,15623,1004555,1385800
1607,793,837,1229003,15605,1005392,1450100
1608,776,837,1228247,15524,1006229,1298100
1609,823,793,1227410,15568,1007022,1304400
1610,788,826,1226650,15502,1007848,1486800
1611,832,836,1225812,15504,1008684,1423400
1612,816,829,1224984,15503,1009513,1425000
1613,856,825,1224164,15498,1010338,1315500
1614,802,820,1223325,15517,1011158,1347400
1615,840,797,1222504,15541,1011955,1253500
1616,835,872,1221674,15499,1012827,1168100
1617,840,810,1220789,15574,1013637,1132500
1618,885,786,1219953,15624,1014423,1257700
1619,833,815,1219096,15666,1015238,1223000
1620,797,813,1218308,15641,1016051,1215800
1621,825,823,1217480,15646,1016874,1175100
1622,821,783,1216657,15686,1017657,1135000
1623,784,833,1215875,15635,1018490,1244800
1624,782,817,1215089,15604,1019307,1202600
1625,783,838,1214310,15545,1020145,1191200
1626,891,807,1213441,15607,1020952,1194300
1627,830,821,1212594,15633,1021773,1238200
1628,798,773,1211769,15685,1022546,1233300
1629,783,810,1211012,15632,1023356,1272000
1630,819,821,1210183,15640,1024177,1179900
1631,764,785,1209419,15619,1024962,1236200
1632,786,814,1208631,15593,1025776,1723500
1633,818,799,1207841,15584,1026575,1440800
1634,787,794,1207030,15601,1027369,1482300
1635,810,801,1206203,15627,1028170,1509200
1636,782,784,1205427,15619,1028954,1369400
1637,839,833,1204577,15636,1029787,1319700
1638,831,774,1203780,15659,1030561,1181400
1639,785,822,1202991,15626,1031383,1339500
1640,767,801,1202187,15629,1032184,1207100
1641,801,812,1201405,15599,1032996,1277600
1642,768,854,1200660,15490,1033850,1280000
1643,826,803,1199846,15501,1034653,1204000
1644,832,843,1199002,15502,1035496,1280100
1645,802,839,1198179,15486,1036335,1382400
1646,753,829,1197422,15414,1037164,1288600
1647,788,813,1196641,15382,1037977,1378300
1648,810,779,1195813,15431,1038756,1249900
1649,786,814,1195056,15374,1039570,1387700
1650,798,808,1194253,15369,1040378,1274700
1651,780,821,1193466,15335,1041199,1206800
1652,717,834,1192756,15211,1042033,1210900
1653,788,768,1191966,15233,1042801,1373200
1654,832,797,1191135,15267,1043598,1487500
1655,781,786,1190368,15248,1044384,1454700
1656,795,753,1189561,15302,1045137,1265600
1657,775,801,1188757,15305,1045938,1301800
1658,808,784,1187992,15286,1046722,1313500
1659,796,822,1187174,15282,1047544,1261700
1660,790,757,1186386,15313,1048301,1311500
1661,806,782,1185560,15357,1049083,1442700
1662,730,780,1184857,15280,1049863,1399400
1663,724,847,1184122,15168,1050710,1410800
1664,697,844,1183402,15044,1051554,1293200
1665,716,774,1182694,14978,1052328,1347200
1666,722,798,1181997,14877,1053126,1438500
1667,720,766,1181249,14859,1053892,1275600
1668,755,796,1180504,14808,1054688,1440500
1669,745,830,1179747,14735,1055518,1334800
1670,728,745,1179040,14697,1056263,1342800
1671,762,767,1178283,14687,1057030,1226000
1672,710,763,1177555,14652,1057793,1358500
1673,792,701,1176780,14726,1058494,1299800
1674,728,745,1176064,14697,1059239,1424700
1675,703,738,1175352,14671,1059977,1349300
1676,724,784,1174622,14617,1060761,1362200
1677,711,748,1173899,14592,1061509,1322200
1678,728,762,1173185,14544,1062271,1481800
1679,707,757,1172454,14518,1063028,1312200
1680,789,734,1171673,14565,1063762,1349400
1681,767,762,1170908,14568,1064524,1239300
1682,756,724,1170171,14581,1065248,1206700
1683,770,790,1169374,14588,1066038,1358600
1684,788,733,1168605,14624,1066771,1510400
1685,720,782,1167868,14579,1067553,1295200
1686,729,751,1167152,14544,1068304,1231600
1687,735,803,1166413,14480,1069107,1281200
1688,663,773,1165742,14378,1069880,1137600
1689,717,738,1165038,14344,1070618,1156500
1690,700,771,1164319,14292,1071389,1267100
1691,756,732,1163578,14301,1072121,1212100
1692,745,731,1162840,14308,1072852,1185200
1693,760,706,1162076,14366,1073558,1255400
1694,730,763,1161329,14350,1074321,1192200
1695,747,715,1160604,14360,1075036,1155100
1696,765,754,1159845,14365,1075790,1242900
1697,677,732,1159149,14329,1076522,1235500
1698,687,771,1158452,14255,1077293,1205200
1699,741,732,1157721,14254,1078025,1344700
1700,719,769,1157002,14204,1078794,1338900
1701,694,753,1156315,14138,1079547,1229300
1702,709,742,1155597,14114,1080289,1276200
1703,729,736,1154881,14094,1081025,1281800
1704,704,728,1154150,14097,1081753,1262800
1705,744,782,1153425,14040,1082535,1244400
1706,694,724,1152722,14019,1083259,1338800
1707,737,761,1151995,13985,1084020,1380600
1708,746,713,1151239,14028,1084733,1415400
1709,679,679,1150562,14026,1085412,1274900
1710,696,777,1149869,13942,1086189,1182100
1711,724,752,1149133,13926,1086941,1181600
1712,767,741,1148375,13943,1087682,1226600
1713,712,754,1147646,13918,1088436,1217500
1714,673,668,1146989,13907,1089104,1433200
1715,709,727,1146272,13897,1089831,1252700
1716,710,727,1145568,13874,1090558,1217100
1717,716,743,1144869,13830,1091301,1228500
1718,762,706,1144111,13882,1092007,1224900
1719,724,703,1143368,13922,1092710,1258400
1720,695,715,1142672,13903,1093425,1219800
1721,707,755,1141965,13855,1094180,1334200
1722,665,716,1141299,13805,1094896,1232900
1723,708,742,1140595,13767,1095638,1144000
1724,726,731,1139853,13778,1096369,1221700
1725,775,753,1139093,13785,1097122,1188000
1726,740,741,1138361,13776,1097863,1743000
1727,752,708,1137608,13821,1098571,1649200
1728,711,697,1136891,13841,1099268,1641600
1729,682,720,1136188,13824,1099988,2494900
1730,736,737,1135480,13795,1100725,1619300
1731,756,735,1134726,13814,1101460,1424200
1732,707,695,1134027,13818,1102155,1526300
1733,754,713,1133263,13869,1102868,1472300
1734,760,725,1132511,13896,1103593,1321500
1735,785,715,1131723,13969,1104308,1418000
1736,728,697,1130958,14037,1105005,1484500
1737,760,766,1130237,13992,1105771,1220800
1738,759,690,1129458,14081,1106461,1329900
1739,761,735,1128723,14081,1107196,1324700
1740,700,744,1128005,14055,1107940,1318700
1741,798,751,1127196,14113,1108691,1270800
1742,720,725,1126472,14112,1109416,1216900
1743,723,727,1125769,14088,1110143,1375300
1744,694,720,1125058,14079,1110863,1283000
1745,721,743,1124340,14054,1111606,1290100
1746,710,730,1123634,14030,1112336,1398900
1747,653,736,1122972,13956,1113072,1319400
1748,714,723,1122267,13938,1113795,1293800
1749,747,747,1121520,13938,1114542,1308000
1750,722,750,1120794,13914,1115292,1184600
1751,765,723,1120040,13945,1116015,1189700
1752,745,727,1119300,13958,1116742,1190000
1753,771,785,1118529,13944,1117527,1326400
1754,711,765,1117816,13892,1118292,1317800
1755,723,742,1117104,13862,1119034,1441500
1756,742,738,1116357,13871,1119772,1300100
1757,763,747,1115585,13896,1120519,1451200
1758,735,704,1114839,13938,1121223,1295700
1759,741,776,1114109,13892,1121999,1519900
1760,741,750,1113352,13899,1122749,1528000
1761,705,717,1112664,13870,1123466,1511900
1762,724,718,1111938,13878,1124184,1382700
1763,724,726,1111203,13887,1124910,1256200
1764,718,727,1110496,13867,1125637,1340400
1765,737,666,1109779,13918,1126303,1433400
1766,683,737,1109071,13889,1127040,1311300
1767,722,692,1108375,13893,1127732,1382200
1768,709,719,1107639,13910,1128451,1402700
1769,713,751,1106924,13874,1129202,1411700
1770,717,685,1106218,13895,1129887,1281700
1771,709,719,1105501,13893,1130606,1266400
1772,726,715,1104770,13909,1131321,1333500
1773,724,684,1104056,13939,1132005,1426200
1774,746,717,1103332,13946,1132722,1466900
1775,741,715,1102576,13987,1133437,1436300
1776,795,748,1101784,14031,1134185,1411300
1777,748,724,1101015,14076,1134909,1449900
1778,729,736,1100285,14070,1135645,1420200
1779,800,747,1099515,14093,1136392,1367700
1780,770,785,1098729,14094,1137177,1537000
1781,750,756,1097973,14094,1137933,1413200
1782,794,789,1097213,14065,1138722,1678400
1783,770,717,1096415,14146,1139439,1513800
1784,734,736,1095695,14130,1140175,1523800
1785,796,733,1094912,14180,1140908,1467200
1786,717,727,1094173,14192,1141635,1575400
1787,743,726,1093411,14228,1142361,1429100
1788,714,731,1092714,14194,1143092,1432300
1789,759,734,1091943,14231,1143826,1425100
1790,806,707,1091171,14296,1144533,1385000
1791,727,740,1090423,14304,1145273,1410700
1792,752,731,1089668,14328,1146004,1554900
1793,753,718,1088898,14380,1146722,1402100
1794,756,725,1088162,14391,1147447,1438400
1795,767,742,1087396,14415,1148189,1302000
1796,759,709,1086643,14459,1148898,1332900
1797,656,772,1085966,14364,1149670,1457700
1798,703,737,1085270,14323,1150407,1464400
1799,751,704,1084544,14345,1151111,1374900
1800,732,739,1083792,14358,1151850,1503200
1801,777,788,1083036,14326,1152638,1502700
1802,691,693,1082326,14343,1153331,1468300
1803,740,751,1081580,14338,1154082,1514300
1804,756,722,1080834,14362,1154804,1389300
1805,700,755,1080139,14302,1155559,1391500
1806,714,733,1079410,14298,1156292,1433000
1807,747,732,1078645,14331,1157024,1439700
1808,732,766,1077959,14251,1157790,1386200
1809,776,741,1077147,14322,1158531,1396200
1810,766,732,1076414,14323,1159263,1365700
1811,717,739,1075663,14335,1160002,1386500
1812,721,723,1074955,14320,1160725,1367000
1813,733,742,1074215,14318,1161467,1337200
1814,726,729,1073498,14306,1162196,1747200
1815,787,766,1072704,14334,1162962,1480900
1816,719,776,1071988,14274,1163738,1392300
1817,736,781,1071244,14237,1164519,1430600
1818,777,746,1070524,14211,1165265,1375600
1819,773,753,1069702,14280,1166018,1450800
1820,731,716,1068965,14301,1166734,1553700
1821,702,753,1068253,14260,1167487,1509200
1822,716,744,1067566,14203,1168231,1396600
1823,793,760,1066773,14236,1168991,1466100
1824,743,743,1066017,14249,1169734,1404000
1825,759,761,1065262,14243,1170495,1611200
1826,727,733,1064539,14233,1171228,1555300
1827,740,725,1063779,14268,1171953,1511500
1828,755,740,1063035,14272,1172693,1627200
1829,697,709,1062335,14263,1173402,1486300
1830,737,765,1061607,14226,1174167,1381100
1831,741,727,1060848,14258,1174894,1351700
1832,693,735,1060169,14202,1175629,1446600
1833,706,739,1059461,14171,1176368,1424500
1834,694,742,1058750,14140,1177110,1842900
1835,701,694,1058061,14135,1177804,1467300
1836,751,734,1057312,14150,1178538,1435900
1837,729,709,1056578,14175,1179247,1649800
1838,714,721,1055860,14172,1179968,1623800
1839,740,734,1055128,14170,1180702,1424400
1840,735,751,1054387,14160,1181453,1977000
1841,713,717,1053686,14144,1182170,1661300
1842,759,779,1052924,14127,1182949,1424100
1843,723,779,1052206,14066,1183728,1539200
1844,714,754,1051466,14052,1184482,1579700
1845,697,679,1050802,14037,1185161,1522400
1846,731,692,1050061,14086,1185853,1410500
1847,714,703,1049341,14103,1186556,1413300
1848,765,744,1048593,14107,1187300,1400400
1849,721,750,1047856,14094,1188050,1484300
1850,724,672,1047148,14130,1188722,1514900
1851,838,721,1046311,14246,1189443,1431900
1852,724,718,1045595,14244,1190161,1388400
1853,716,705,1044869,14265,1190866,1342600
1854,748,698,1044114,14322,1191564,1420400
1855,710,723,1043373,14340,1192287,1442000
1856,774,815,1042638,14260,1193102,1351900
1857,712,734,1041886,14278,1193836,1375000
1858,692,746,1041213,14205,1194582,1573800
1859,738,768,1040498,14152,1195350,1388500
1860,743,697,1039742,14211,1196047,1441100
1861,733,708,1039010,14235,1196755,1265900
1862,756,693,1038257,14295,1197448,1299400
1863,753,665,1037515,14372,1198113,1246900
1864,701,724,1036790,14373,1198837,1361200
1865,719,763,1036086,14314,1199600,1298700
1866,715,743,1035375,14282,1200343,1442000
1867,772,728,1034589,14340,1201071,1522800
1868,706,764,1033882,14283,1201835,1530200
1869,757,747,1033131,14287,1202582,1312700
1870,672,774,1032467,14177,1203356,1339200
1871,730,740,1031734,14170,1204096,1367800
1872,710,733,1030995,14176,1204829,1329200
1873,719,709,1030288,14174,1205538,1324200
1874,698,743,1029594,14125,1206281,1241100
1875,686,720,1028903,14096,1207001,1258400
1876,762,700,1028160,14139,1207701,1597700
1877,675,743,1027463,14093,1208444,1370400
1878,725,750,1026760,14046,1209194,1408100
1879,757,736,1026015,14055,1209930,1348400
1880,724,731,1025242,14097,1210661,1400800
1881,708,735,1024556,14048,1211396,1226400
1882,646,709,1023908,13987,1212105,1235600
1883,696,710,1023215,13970,1212815,1285000
1884,702,767,1022511,13907,1213582,1497000
1885,625,746,1021880,13792,1214328,1534800
1886,672,688,1021209,13775,1215016,1339200
1887,656,731,1020558,13695,1215747,1238800
1888,607,710,1019941,13602,1216457,1316500
1889,633,674,1019288,13581,1217131,1399800
1890,675,744,1018637,13488,1217875,1244800
1891,659,647,1017964,13514,1218522,1267500
1892,666,679,1017316,13483,1219201,1284500
1893,660,719,1016647,13433,1219920,1439800
1894,667,693,1015981,13406,1220613,1559300
1895,702,742,1015308,13337,1221355,1228600
1896,657,725,1014626,13294,1222080,1224100
1897,659,659,1013973,13288,1222739,1336300
1898,646,654,1013327,13280,1223393,1157400
1899,678,698,1012660,13249,1224091,1207200
1900,686,738,1011954,13217,1224829,1221500
1901,732,677,1011255,13239,1225506,1495500
1902,683,667,1010534,13293,1226173,1341900
1903,706,684,1009854,13289,1226857,1278600
1904,703,690,1009142,13311,1227547,1313300
1905,643,701,1008490,13262,1228248,1277900
1906,688,758,1007800,13194,1229006,1207200
1907,644,633,1007169,13192,1229639,1148300
1908,592,649,1006543,13169,1230288,1185200
1909,691,717,1005872,13123,1231005,1335300
1910,660,685,1005235,13075,1231690,1264000
1911,669,681,1004554,13075,1232371,1189100
1912,685,624,1003854,13151,1232995,1503800
1913,681,634,1003180,13191,1233629,1504900
1914,617,691,1002562,13118,1234320,1357900
1915,654,680,1001895,13105,1235000,1421500
1916,680,691,1001265,13044,1235691,1288600
1917,654,715,1000589,13005,1236406,1400100
1918,632,662,999950,12982,1237068,1474200
1919,679,687,999268,12977,1237755,1299300
1920,642,659,998633,12953,1238414,1362100
1921,659,722,997954,12910,1239136,1323100
1922,635,672,997338,12854,1239808,1399900
1923,673,677,996679,12836,1240485,1348400
1924,657,646,996006,12863,1241131,1298300
1925,701,692,995300,12877,1241823,1327700
1926,637,658,994671,12848,1242481,1318900
1927,686,679,993969,12871,1243160,1192100
1928,659,689,993326,12825,1243849,1233600
1929,663,647,992660,12844,1244496,1319300
1930,624,647,992031,12826,1245143,1310500
1931,627,658,991404,12795,1245801,1320000
1932,682,672,990729,12798,1246473,1407900
1933,700,665,990010,12852,1247138,1378600
1934,664,696,989344,12822,1247834,1480000
1935,664,692,988684,12790,1248526,1520900
1936,710,673,988007,12794,1249199,1409700
1937,642,644,987319,12838,1249843,1380900
1938,678,696,986648,12813,1250539,1354700
1939,674,664,986012,12785,1251203,1348100
1940,665,703,985333,12761,1251906,1308600
1941,686,640,984634,12820,1252546,1386000
1942,691,664,983947,12843,1253210,1454000
1943,657,685,983278,12827,1253895,1413000
1944,634,668,982655,12782,1254563,1337100
1945,687,646,981973,12818,1255209,1420700
1946,696,632,981284,12875,1255841,1451300
1947,704,693,980584,12882,1256534,1238900
1948,681,702,979876,12888,1257236,1489900
1949,636,673,979259,12832,1257909,1449500
1950,693,647,978571,12873,1258556,1554400
1951,670,646,977899,12899,1259202,1924500
1952,669,692,977221,12885,1259894,1613800
1953,625,669,976568,12869,1260563,1472200
1954,694,684,975901,12852,1261247,1440500
1955,704,661,975199,12893,1261908,1449000
1956,640,652,974569,12871,1262560,1554100
1957,636,679,973908,12853,1263239,1493100
1958,693,626,973257,12878,1263865,1300800
1959,681,685,972537,12913,1264550,1502000
1960,661,664,971871,12915,1265214,1356300
1961,702,704,971193,12889,1265918,1319400
1962,637,649,970539,12894,1266567,1525500
1963,676,695,969868,12870,1267262,1324500
1964,651,695,969225,12818,1267957,1282200
1965,690,678,968522,12843,1268635,1366000
1966,662,656,967865,12844,1269291,1233500
1967,685,632,967183,12894,1269923,1270400
1968,613,695,966581,12801,1270618,1211700
1969,655,672,965944,12766,1271290,1181100
1970,693,693,965219,12798,1271983,1396400
1971,676,686,964541,12790,1272669,1352000
1972,662,637,963901,12793,1273306,1245500
1973,654,644,963225,12825,1273950,1397600
1974,667,664,962568,12818,1274614,1166300
1975,607,646,961952,12788,1275260,1358400
1976,637,641,961311,12788,1275901,1233200
1977,645,691,960664,12744,1276592,1244900
1978,680,650,960000,12758,1277242,1318700
1979,648,674,959342,12742,1277916,1214800
1980,677,635,958668,12781,1278551,1242900
1981,658,663,958012,12774,1279214,1320800
1982,697,691,957332,12763,1279905,1284300
1983,622,658,956675,12762,1280563,1247700
1984,624,677,956054,12706,1281240,1315600
1985,629,665,955422,12673,1281905,1291000
1986,615,612,954818,12665,1282517,1312700
1987,665,652,954169,12662,1283169,1230500
1988,652,632,953501,12698,1283801,1294600
1989,630,667,952867,12665,1284468,1193400
1990,598,643,952271,12618,1285111,1222400
1991,627,626,951655,12608,1285737,1204500
1992,612,668,951030,12565,1286405,1215500
1993,659,636,950371,12588,1287041,1512700
1994,635,653,949749,12557,1287694,1281500
1995,589,651,949139,12516,1288345,1284200
1996,687,649,948440,12566,1288994,1232200
1997,637,646,947825,12535,1289640,1309600
1998,609,638,947189,12533,1290278,1310500
1999,652,655,946559,12508,1290933,1357000
2000,611,634,945950,12483,1291567,1245900
2001,624,653,945336,12444,1292220,1247800
2002,637,615,944683,12482,1292835,1218100
2003,634,605,944071,12489,1293440,1210200
2004,635,691,943416,12453,1294131,1420100
2005,654,668,942773,12428,1294799,1565300
2006,601,669,942156,12376,1295468,1358600
2007,612,659,941535,12338,1296127,1363900
2008,630,652,940935,12286,1296779,1372500
2009,589,659,940327,12235,1297438,1405000
2010,605,670,939765,12127,1298108,1229600
2011,626,647,939113,12132,1298755,1245700
2012,650,637,938467,12141,1299392,1261800
2013,646,656,937822,12130,1300048,1201900
2014,644,651,937165,12136,1300699,1161100
2015,597,626,936571,12104,1301325,1200900
2016,583,663,935984,12028,1301988,1415800
2017,559,642,935415,11955,1302630,1322300
2018,564,627,934856,11887,1303257,1256700
2019,595,620,934265,11858,1303877,1249400
2020,622,628,933642,11853,1304505,1221800
2021,612,620,933012,11863,1305125,1254400
2022,562,604,932474,11797,1305729,1474200
2023,594,651,931869,11751,1306380,1221700
2024,591,623,931276,11721,1307003,1228900
2025,561,616,930685,11696,1307619,1250200
2026,600,572,930118,11691,1308191,1089900
2027,558,579,929542,11688,1308770,1163500
2028,586,586,928974,11670,1309356,1213600
2029,597,616,928378,11650,1309972,1281000
2030,575,582,927799,11647,1310554,1350900
2031,559,594,927246,11606,1311148,1347300
2032,572,596,926685,11571,1311744,1301500
2033,587,583,926075,11598,1312327,1213900
2034,599,578,925491,11604,1312905,1241800
2035,618,618,924863,11614,1313523,1251900
2036,620,583,924246,11648,1314106,1190200
2037,622,600,923647,11647,1314706,1158800
2038,618,607,923010,11677,1315313,1338400
2039,532,597,922469,11621,1315910,1158100
2040,578,624,921909,11557,1316534,1213300
2041,618,589,921286,11591,1317123,1210100
2042,626,617,920660,11600,1317740,1366600
2043,608,592,920031,11637,1318332,1314300
2044,593,613,919455,11600,1318945,1243800
2045,575,569,918888,11598,1319514,1242100
2046,598,602,918272,11612,1320116,1176700
2047,623,599,917656,11629,1320715,1241300
2048,607,631,917037,11617,1321346,1171100
2049,544,608,916485,11561,1321954,1227200
2050,590,645,915915,11486,1322599,1232800
2051,629,601,915302,11498,1323200,1239500
2052,626,603,914668,11529,1323803,1257600
2053,592,597,914056,11544,1324400,1372800
2054,556,552,913519,11529,1324952,1280600
2055,580,603,912939,11506,1325555,1431600
2056,597,594,912328,11523,1326149,1306600
2057,595,604,911720,11527,1326753,1150200
2058,605,580,911135,11532,1327333,1183500
2059,604,611,910535,11521,1327944,1277600
2060,569,619,909945,11492,1328563,1211800
2061,562,610,909393,11434,1329173,1153200
2062,555,634,908836,11357,1329807,1083800
2063,591,566,908246,11381,1330373,1249800
2064,542,599,907696,11332,1330972,1251700
2065,574,590,907131,11307,1331562,1290800
2066,564,639,906565,11234,1332201,1289700
2067,629,609,905939,11251,1332810,1607500
2068,544,548,905371,11271,1333358,1314200
2069,560,591,904839,11212,1333949,1321300
2070,544,567,904272,11212,1334516,1221900
2071,578,530,903711,11243,1335046,1439600
2072,539,589,903174,11191,1335635,1303200
2073,588,531,902593,11241,1336166,1423400
2074,593,605,901980,11249,1336771,1334600
2075,564,572,901431,11226,1337343,1379000
2076,574,598,900860,11199,1337941,1271500
2077,588,569,900267,11223,1338510,1293300
2078,547,578,899711,11201,1339088,1253400
2079,578,531,899137,11244,1339619,1214000
2080,559,588,898595,11198,1340207,1360000
2081,578,610,897998,11185,1340817,1227900
2082,561,545,897448,11190,1341362,1176600
2083,551,587,896903,11148,1341949,1453700
2084,583,562,896299,11190,1342511,1404700
2085,564,578,895756,11155,1343089,1308300
2086,585,589,895163,11159,1343678,1333800
2087,588,576,894567,11179,1344254,1151400
2088,632,604,893951,11191,1344858,1214400
2089,590,587,893333,11222,1345445,1285200
2090,555,554,892790,11211,1345999,1208800
2091,586,586,892213,11202,1346585,1160400
2092,610,596,891604,11215,1347181,1187600
2093,579,590,891002,11227,1347771,1249200
2094,536,620,890474,11135,1348391,1247900
2095,535,552,889958,11099,1348943,1234700
2096,574,571,889399,11087,1349514,1230400
2097,558,554,888817,11115,1350068,1307000
2098,588,595,888232,11105,1350663,1286800
2099,584,574,887626,11137,1351237,1217400
2100,564,560,887093,11110,1351797,1189500
2101,553,567,886522,11114,1352364,1161800
2102,590,599,885939,11098,1352963,1232400
2103,563,600,885378,11059,1353563,1262800
2104,586,566,884784,11087,1354129,1219900
2105,581,602,884222,11047,1354731,1094700
2106,575,587,883632,11050,1355318,1211000
2107,549,608,883077,10997,1355926,1178900
2108,538,517,882533,11024,1356443,1150200
2109,571,591,881963,11003,1357034,1156400
2110,552,563,881432,10971,1357597,1232300
2111,508,576,880885,10942,1358173,1220400
2112,485,548,880419,10860,1358721,1300100
2113,548,584,879868,10827,1359305,1141200
2114,547,545,879323,10827,1359850,1077800
2115,587,587,878739,10824,1360437,1136900
2116,524,564,878216,10783,1361001,1111200
2117,577,567,877648,10784,1361568,1117300
2118,532,585,877088,10759,1362153,1283300
2119,554,554,876567,10726,1362707,1240800
2120,569,593,875991,10709,1363300,1176800
2121,565,591,875425,10684,1363891,1254300
2122,557,537,874877,10695,1364428,1397300
2123,591,559,874298,10715,1364987,1419400
2124,616,556,873681,10776,1365543,1341800
2125,545,583,873119,10755,1366126,1285600
2126,528,561,872573,10740,1366687,1244400
2127,564,540,872033,10740,1367227,1280000
2128,537,592,871470,10711,1367819,1322300
2129,584,559,870907,10715,1368378,1275500
2130,536,529,870368,10725,1368907,1243300
2131,571,538,869818,10737,1369445,1220900
2132,554,569,869248,10738,1370014,1316700
2133,550,557,868701,10728,1370571,1293900
2134,537,491,868144,10794,1371062,1358800
2135,581,546,867582,10810,1371608,1276200
2136,519,569,867056,10767,1372177,1141100
2137,539,563,866516,10744,1372740,1146400
2138,502,545,866014,10701,1373285,1143000
2139,557,551,865456,10708,1373836,1160600
2140,513,549,864928,10687,1374385,1170300
2141,568,568,864384,10663,1374953,1307600
2142,550,546,863829,10672,1375499,1439600
2143,527,539,863292,10670,1376038,1306200
2144,613,541,862690,10731,1376579,1224800
2145,539,518,862138,10765,1377097,1117200
2146,548,576,861606,10721,1377673,1151900
2147,630,538,860995,10794,1378211,1255800
2148,541,574,860439,10776,1378785,1370300
2149,577,552,859860,10803,1379337,1191100
2150,534,558,859309,10796,1379895,1352300
2151,513,550,858801,10754,1380445,1364300
2152,581,601,858227,10727,1381046,1322000
2153,542,555,857677,10722,1381601,1252500
2154,581,558,857106,10735,1382159,1325800
2155,581,544,856517,10780,1382703,1297800
2156,565,545,855957,10795,1383248,1547000
2157,582,535,855374,10843,1383783,1345500
2158,535,556,854833,10828,1384339,1299600
2159,562,549,854294,10818,1384888,1250600
2160,551,528,853711,10873,1385416,1252000
2161,587,541,853139,10904,1385957,1166600
2162,563,545,852573,10925,1386502,1276200
2163,580,539,852000,10959,1387041,1329500
2164,584,585,851407,10967,1387626,1338500
2165,592,605,850849,10920,1388231,1330100
2166,558,552,850258,10959,1388783,1208400
2167,567,573,849701,10943,1389356,1201900
2168,574,541,849132,10971,1389897,1242300
2169,578,570,848550,10983,1390467,1236100
2170,526,564,848012,10957,1391031,1212200
2171,515,605,847492,10872,1391636,1409500
2172,579,578,846927,10859,1392214,1244000
2173,541,567,846364,10855,1392781,1307700
2174,534,546,845847,10826,1393327,1194000
2175,568,573,845289,10811,1393900,1219000
2176,564,539,844715,10846,1394439,1207000
2177,570,560,844154,10847,1394999,1305000
2178,551,525,843583,10893,1395524,1573000
2179,547,538,843032,10906,1396062,1314300
2180,552,570,842489,10879,1396632,1298700
2181,570,586,841922,10860,1397218,1372900
2182,561,571,841368,10843,1397789,1196700
2183,522,581,840836,10794,1398370,1181100
2184,540,598,840299,10733,1398968,1218800
2185,528,551,839776,10705,1399519,1181800
2186,537,557,839225,10699,1400076,1363400
2187,559,580,838683,10661,1400656,1234000
2188,506,563,838150,10631,1401219,1193100
2189,562,568,837601,10612,1401787,1291800
2190,492,576,837111,10526,1402363,1286800
2191,512,554,836585,10498,1402917,1228500
2192,547,527,836045,10511,1403444,1231800
2193,564,522,835494,10540,1403966,1187200
2194,554,541,834927,10566,1404507,1264900
2195,503,532,834431,10530,1405039,1279000
2196,516,556,833913,10492,1405595,1184000
2197,578,547,833353,10505,1406142,1215700
2198,575,555,832769,10534,1406697,1276000
2199,516,558,832239,10506,1407255,1413800
2200,527,516,831711,10518,1407771,1298800
2201,560,573,831168,10488,1408344,1357300
2202,546,533,830612,10511,1408877,1335600
2203,617,556,830021,10546,1409433,1290900
2204,581,568,829435,10564,1410001,1274000
2205,554,567,828874,10558,1410568,1184200
2206,530,551,828326,10555,1411119,1137300
2207,552,548,827800,10533,1411667,1176800
2208,537,545,827243,10545,1412212,1286800
2209,578,528,826668,10592,1412740,1294600
2210,605,573,826071,10616,1413313,1145000
2211,635,571,825442,10674,1413884,1229200
2212,579,576,824861,10679,1414460,1205300
2213,542,524,824301,10715,1414984,1283000
2214,594,532,823729,10755,1415516,1292400
2215,570,565,823143,10776,1416081,1243300
2216,506,561,822630,10728,1416642,1239200
2217,585,545,822070,10743,1417187,1274200
2218,592,545,821470,10798,1417732,1146400
2219,628,573,820850,10845,1418305,1111500
2220,529,550,820307,10838,1418855,1238100
2221,540,562,819784,10799,1419417,1328700
2222,549,569,819218,10796,1419986,1261600
2223,529,560,818673,10781,1420546,1282900
2224,518,520,818149,10785,1421066,1235200
2225,528,562,817633,10739,1421628,1293700
2226,595,543,817047,10782,1422171,1418600
2227,541,531,816509,10789,1422702,1269800
2228,531,563,815970,10765,1423265,1391100
2229,549,532,815425,10778,1423797,1349300
2230,562,584,814859,10760,1424381,1278200
2231,553,568,814316,10735,1424949,1176600
2232,517,539,813790,10722,1425488,1303200
2233,557,562,813250,10700,1426050,1242700
2234,546,527,812680,10743,1426577,1384200
2235,563,539,812152,10732,1427116,1172000
2236,566,509,811559,10816,1427625,1232700
2237,543,590,811031,10754,1428215,1218800
2238,558,529,810450,10806,1428744,1395400
2239,571,543,809873,10840,1429287,1427800
2240,522,534,809365,10814,1429821,1322800
2241,557,552,808809,10818,1430373,1274900
2242,550,559,808248,10820,1430932,1261100
2243,521,557,807739,10772,1431489,1222700
2244,489,527,807240,10744,1432016,1304500
2245,553,508,806702,10774,1432524,1198800
2246,560,576,806137,10763,1433100,1249300
2247,572,562,805575,10763,1433662,1253800
2248,565,590,805009,10739,1434252,1132000
2249,545,544,804467,10737,1434796,1107400
2250,499,584,803960,10660,1435380,1277700
2251,563,563,803385,10672,1435943,1515400
2252,540,551,802850,10656,1436494,1512300
2253,538,552,802303,10651,1437046,1308400
2254,564,575,801754,10625,1437621,1230000
2255,524,548,801218,10613,1438169,1404800
2256,500,545,800714,10572,1438714,1453500
2257,522,543,800192,10551,1439257,1267100
2258,528,524,799672,10547,1439781,1250700
2259,512,513,799152,10554,1440294,1273200
2260,560,560,798592,10554,1440854,1243600
2261,552,552,798048,10546,1441406,1228800
2262,481,556,797559,10479,1441962,1238000
2263,516,502,797060,10476,1442464,1265900
2264,520,534,796532,10470,1442998,1179400
2265,555,559,795976,10467,1443557,1115800
2266,526,528,795456,10459,1444085,1141900
2267,494,575,794937,10403,1444660,1279300
2268,495,522,794459,10359,1445182,1147200
2269,522,538,793930,10350,1445720,1157700
2270,492,524,793448,10308,1446244,1151400
2271,542,511,792910,10335,1446755,1120500
2272,544,549,792375,10321,1447304,1143500
2273,493,523,791848,10325,1447827,1167200
2274,531,543,791348,10282,1448370,1224400
2275,556,556,790786,10288,1448926,1230400
2276,520,525,790249,10300,1449451,1271900
2277,528,516,789735,10298,1449967,1243800
2278,530,558,789219,10256,1450525,1196200
2279,528,525,788671,10279,1451050,1167000
2280,552,530,788115,10305,1451580,1350600
2281,545,519,787561,10340,1452099,1256600
2282,519,539,787069,10293,1452638,1311200
2283,475,544,786559,10259,1453182,1227100
2284,496,527,786066,10225,1453709,1176100
2285,496,577,785582,10132,1454286,1209700
2286,510,569,785070,10075,1454855,1178400
2287,512,546,784570,10029,1455401,1120800
2288,514,555,784057,9987,1455956,1165400
2289,499,535,783537,9972,1456491,1119000
2290,494,538,783067,9904,1457029,1143600
2291,507,481,782534,9956,1457510,1163900
2292,489,523,782056,9911,1458033,1235800
2293,491,498,781573,9896,1458531,1267800
2294,484,482,781078,9909,1459013,1242800
2295,512,502,780598,9887,1459515,1183900
2296,513,488,780070,9927,1460003,1126900
2297,511,523,779543,9931,1460526,1157300
2298,523,502,779034,9938,1461028,1060600
2299,569,503,778474,9995,1461531,1075500
2300,577,514,777895,10060,1462045,1067000
2301,540,508,777331,10116,1462553,1141600
2302,545,502,776816,10129,1463055,1205300
2303,537,523,776255,10167,1463578,1168500
2304,528,539,775743,10140,1464117,1173400
2305,528,536,775219,10128,1464653,1093300
2306,520,558,774688,10101,1465211,1112700
2307,547,532,774137,10120,1465743,1185300
2308,527,549,773616,10092,1466292,1197400
2309,532,544,773089,10075,1466836,1203200
2310,552,531,772544,10089,1467367,1155800
2311,545,545,771981,10107,1467912,1151500
2312,539,506,771464,10118,1468418,1079800
2313,506,511,770920,10151,1468929,1084400
2314,529,510,770423,10138,1469439,1073800
2315,532,494,769888,10179,1469933,1127700
2316,484,565,769405,10097,1470498,1120700
2317,526,528,768869,10105,1471026,1150200
2318,539,507,768347,10120,1471533,1171700
2319,556,538,767778,10151,1472071,1091900
2320,526,528,767240,10161,1472599,1186200
2321,511,524,766736,10141,1473123,1216100
2322,523,493,766232,10152,1473616,1217000
2323,510,551,765698,10135,1474167,1175100
2324,467,507,765220,10106,1474674,1192800
2325,511,515,764720,10091,1475189,1178500
2326,532,528,764193,10090,1475717,1193100
2327,543,507,763644,10132,1476224,1134300
2328,520,539,763132,10105,1476763,1131300
2329,512,533,762614,10090,1477296,1181900
2330,560,515,762070,10119,1477811,1135800
2331,530,470,761534,10185,1478281,1135800
2332,570,528,760944,10247,1478809,1084500
2333,518,528,760438,10225,1479337,1120000
2334,530,518,759892,10253,1479855,1135300
2335,522,519,759384,10242,1480374,1186100
2336,551,528,758838,10260,1480902,1105800
2337,555,544,758296,10258,1481446,1275200
2338,547,578,757750,10226,1482024,1293900
2339,520,555,757213,10208,1482579,1258400
2340,533,550,756700,10171,1483129,1204000
2341,542,528,756153,10190,1483657,1209500
2342,589,502,755580,10261,1484159,1196700
2343,539,509,755011,10321,1484668,1138700
2344,512,520,754494,10318,1485188,1075100
2345,531,546,753990,10276,1485734,1045300
2346,509,515,753444,10307,1486249,1101400
2347,508,525,752944,10282,1486774,1071600
2348,537,488,752433,10305,1487262,1110700
2349,586,527,751833,10378,1487789,1134400
2350,521,507,751303,10401,1488296,1075300
2351,596,525,750703,10476,1488821,1108100
2352,554,575,750170,10434,1489396,1085900
2353,528,506,749628,10470,1489902,1148900
2354,555,513,749086,10499,1490415,1102200
2355,573,546,748514,10525,1490961,1084600
2356,553,519,747954,10566,1491480,1277900
2357,574,567,747403,10550,1492047,1191700
2358,542,553,746843,10557,1492600,1111700
2359,514,563,746316,10521,1493163,1019900
2360,492,582,745820,10435,1493745,1044500
2361,547,551,745294,10410,1494296,1062800
2362,546,569,744745,10390,1494865,1102200
2363,547,543,744203,10389,1495408,1044700
2364,541,553,743650,10389,1495961,1122900
2365,536,576,743096,10367,1496537,1085400
2366,502,562,742592,10309,1497099,1125000
2367,508,524,742105,10272,1497623,1121600
2368,489,538,741602,10237,1498161,1122600
2369,529,536,741085,10218,1498697,1042100
2370,553,526,740550,10227,1499223,1180000
2371,550,506,739988,10283,1499729,1051600
2372,538,503,739434,10334,1500232,1052400
2373,544,521,738888,10359,1500753,1089700
2374,503,550,738382,10315,1501303,1056300
2375,553,552,737862,10283,1501855,1014200
2376,569,519,737283,10343,1502374,1031700
2377,508,522,736754,10350,1502896,1035500
2378,506,533,736267,10304,1503429,1060600
2379,540,541,735728,10302,1503970,1100500
2380,568,539,735153,10338,1504509,1142900
2381,503,504,734649,10338,1505013,1089800
2382,512,544,734126,10317,1505557,1064400
2383,475,510,733672,10261,1506067,1090900
2384,513,532,733147,10254,1506599,1153100
2385,504,511,732638,10252,1507110,1018500
2386,500,541,732124,10225,1507651,1105600
2387,530,551,731607,10191,1508202,1111800
2388,492,515,731120,10163,1508717,1025900
2389,531,496,730588,10199,1509213,1104200
2390,512,503,730069,10215,1509716,1032500
2391,524,534,729557,10193,1510250,1057800
2392,543,609,729022,10119,1510859,1078100
2393,501,518,728516,10107,1511377,1210400
2394,566,507,727943,10173,1511884,1125500
2395,545,546,727412,10158,1512430,1115500
2396,553,514,726835,10221,1512944,1097100
2397,558,516,726282,10258,1513460,1071100
2398,544,528,725749,10263,1513988,1235900
2399,548,543,725185,10284,1514531,1202100
2400,519,495,724678,10296,1515026,1166400
2401,522,543,724147,10284,1515569,1165100
2402,523,513,723632,10286,1516082,1090100
2403,571,549,723068,10301,1516631,1087900
2404,529,523,722524,10322,1517154,1112400
2405,537,537,722001,10308,1517691,1070200
2406,517,573,721484,10252,1518264,1093900
2407,509,570,720960,10206,1518834,1144900
2408,541,508,720427,10231,1519342,1133900
2409,546,531,719885,10242,1519873,1153900
2410,515,516,719358,10253,1520389,1140300
2411,541,518,718811,10282,1520907,1247000
2412,517,521,718309,10263,1521428,1127200
2413,554,535,717760,10277,1521963,1114600
2414,517,550,717225,10262,1522513,1151600
2415,544,521,716694,10272,1523034,1157800
2416,530,563,716156,10247,1523597,1132300
2417,501,520,715651,10232,1524117,1100000
2418,499,521,715167,10195,1524638,1025500
2419,490,487,714675,10200,1525125,1081600
2420,511,532,714160,10183,1525657,1113000
2421,514,529,713658,10156,1526186,1109200
2422,536,529,713117,10168,1526715,1067600
2423,504,550,712595,10140,1527265,1072800
2424,503,481,712096,10158,1527746,1263500
2425,498,500,711599,10155,1528246,1176700
2426,470,483,711121,10150,1528729,1228100
2427,487,529,710640,10102,1529258,1190100
2428,519,546,710129,10067,1529804,1337000
2429,508,508,709622,10066,1530312,1228200
2430,511,512,709109,10067,1530824,1182300
2431,514,486,708595,10095,1531310,1325600
2432,488,513,708111,10066,1531823,1330500
2433,531,499,707566,10112,1532322,1244800
2434,539,518,707038,10122,1532840,1252500
2435,509,514,706525,10121,1533354,1447900
2436,523,517,706011,10118,1533871,1325200
2437,471,559,705520,10050,1534430,1437200
2438,547,503,704995,10072,1534933,1420600
2439,536,513,704474,10080,1535446,1310300
2440,483,515,703967,10072,1535961,1192300
2441,586,513,703395,10131,1536474,1166000
2442,519,538,702862,10126,1537012,1141100
2443,530,528,702327,10133,1537540,1067800
2444,524,533,701804,10123,1538073,1085500
2445,514,523,701303,10101,1538596,1084600
2446,496,539,700791,10074,1539135,1122700
2447,489,490,700303,10072,1539625,1172500
2448,500,571,699809,9995,1540196,1161900
2449,489,504,699327,9973,1540700,1185200
2450,485,540,698818,9942,1541240,1214700
2451,518,500,698310,9950,1541740,1219000
2452,494,499,697815,9946,1542239,1217200
2453,537,551,697285,9925,1542790,1091900
2454,446,533,696829,9848,1543323,1069700
2455,508,476,696331,9870,1543799,1161300
2456,523,493,695815,9893,1544292,1244800
2457,444,530,695354,9824,1544822,1252800
2458,478,512,694880,9786,1545334,1220200
2459,500,494,694388,9784,1545828,1147800
2460,516,485,693879,9808,1546313,1067200
2461,494,498,693364,9825,1546811,1090400
2462,513,520,692878,9791,1547331,1140600
2463,455,500,692417,9752,1547831,1119200
2464,566,492,691873,9804,1548323,1169000
2465,488,526,691349,9802,1548849,1166100
2466,498,519,690862,9770,1549368,1197900
2467,493,507,690348,9777,1549875,1142700
2468,525,515,689841,9769,1550390,1160600
2469,511,521,689331,9758,1550911,1123100
2470,462,510,688852,9727,1551421,1060300
2471,522,520,688362,9697,1551941,1054800
2472,523,476,687822,9761,1552417,1094800
2473,516,473,687305,9805,1552890,1071900
2474,521,487,686781,9842,1553377,1105900
2475,502,499,686285,9839,1553876,1054600
2476,535,540,685763,9821,1554416,1099900
2477,565,543,685203,9838,1554959,1061900
2478,527,504,684659,9878,1555463,1158300
2479,564,526,684104,9907,1555989,1163000
2480,492,513,683599,9899,1556502,1116000
2481,530,512,683097,9889,1557014,1113800
2482,491,536,682579,9871,1557550,1119000
2483,489,514,682093,9843,1558064,1083000
2484,514,484,681573,9879,1558548,1106900
2485,500,527,681074,9851,1559075,1100900
2486,506,447,680577,9901,1559522,1100700
2487,479,480,680077,9921,1560002,1066900
2488,486,520,679602,9876,1560522,1128700
2489,502,506,679104,9868,1561028,1132900
2490,494,509,678601,9862,1561537,1074300
2491,503,478,678116,9869,1562015,1026800
2492,522,506,677580,9899,1562521,1114000
2493,512,522,677072,9885,1563043,1040900
2494,544,534,676532,9891,1563577,1082000
2495,508,491,676030,9902,1564068,1038000
2496,513,512,675512,9908,1564580,1030300
2497,553,549,674952,9919,1565129,1047100
2498,552,502,674412,9957,1565631,1065600
2499,543,526,673859,9984,1566157,1047400
2500,483,514,673379,9950,1566671,1032600
2501,500,495,672863,9971,1567166,1065100
2502,468,491,672399,9944,1567657,1165500
2503,526,516,671881,9946,1568173,1094900
2504,499,546,671369,9912,1568719,1069900
2505,518,494,670870,9917,1569213,1069500
2506,487,468,670370,9949,1569681,1066400
2507,590,487,669817,10015,1570168,1110600
2508,532,493,669271,10068,1570661,1053400
2509,533,522,668734,10083,1571183,1084300
2510,555,526,668172,10119,1571709,1058800
2511,564,510,667604,10177,1572219,1137000
2512,538,496,667082,10203,1572715,1143100
2513,541,511,666522,10252,1573226,1216400
2514,533,546,665991,10237,1573772,1171200
2515,530,527,665455,10246,1574299,1331400
2516,520,485,664953,10263,1574784,1177100
2517,595,532,664356,10328,1575316,1078500
2518,532,529,663801,10354,1575845,1185300
2519,521,507,663301,10347,1576352,1230400
2520,494,548,662784,10316,1576900,1176500
2521,491,501,662312,10287,1577401,1271500
2522,538,557,661765,10277,1577958,1241500
2523,482,568,661295,10179,1578526,1309500
2524,521,525,660773,10176,1579051,1107800
2525,533,521,660230,10198,1579572,1096400
2526,469,540,659763,10125,1580112,1066400
2527,494,519,659274,10095,1580631,1091700
2528,482,517,658782,10070,1581148,1173200
2529,529,503,658266,10083,1581651,1252600
2530,545,494,657725,10130,1582145,1219300
2531,538,547,657186,10122,1582692,1114600
2532,517,488,656657,10163,1583180,1141000
2533,530,507,656135,10178,1583687,1053400
2534,547,537,655598,10178,1584224,1130400
2535,528,530,655049,10197,1584754,1107600
2536,518,541,654534,10171,1585295,1058400
2537,483,534,654036,10135,1585829,1086900
2538,531,532,653516,10123,1586361,1050000
2539,553,543,652973,10123,1586904,1064200
2540,522,503,652448,10145,1587407,1016600
2541,560,520,651886,10187,1587927,1031500
2542,539,530,651349,10194,1588457,1177700
2543,446,546,650887,10110,1589003,1132200
2544,495,490,650434,10073,1589493,1092400
2545,506,526,649907,10074,1590019,1103700
2546,468,520,649425,10036,1590539,1049500
2547,435,504,648994,9963,1591043,1091900
2548,469,481,648520,9956,1591524,1119100
2549,452,500,648078,9898,1592024,1175500
2550,447,505,647621,9850,1592529,1169000
2551,544,527,647096,9848,1593056,1135600
2552,486,474,646589,9881,1593530,1087200
2553,483,500,646114,9856,1594030,1140600
2554,441,501,645650,9819,1594531,1157400
2555,468,457,645185,9827,1594988,1131100
2556,491,479,644702,9831,1595467,1286300
2557,455,515,644258,9760,1595982,1195000
2558,447,505,643792,9721,1596487,1229900
2559,452,474,643346,9693,1596961,1209200
2560,456,519,642901,9619,1597480,1164000
2561,440,500,642446,9574,1597980,1151200
2562,480,481,642003,9536,1598461,1414600
2563,438,493,641533,9513,1598954,1384600
2564,444,521,641092,9433,1599475,1240700
2565,459,509,640636,9380,1599984,1221500
2566,452,490,640186,9340,1600474,1315600
2567,424,485,639754,9287,1600959,1361300
2568,440,486,639315,9240,1601445,1333000
2569,472,473,638839,9243,1601918,11120300
2570,514,510,638354,9218,1602428,1762600
2571,462,521,637878,9173,1602949,1683500
2572,484,455,637390,9206,1603404,1481500
2573,459,477,636929,9190,1603881,1453700
2574,489,456,636455,9208,1604337,1366100
2575,445,471,635990,9202,1604808,1417300
2576,455,459,635542,9191,1605267,1425400
2577,418,459,635110,9164,1605726,1330400
2578,472,465,634666,9143,1606191,1434400
2579,449,487,634189,9133,1606678,1454300
2580,388,470,633802,9050,1607148,1381200
2581,413,421,633393,9038,1607569,1430100
2582,457,480,632936,9015,1608049,1410500
2583,444,476,632483,8992,1608525,1396000
2584,439,496,632065,8914,1609021,1451300
2585,422,475,631654,8850,1609496,1254500
2586,497,451,631150,8903,1609947,1465200
2587,441,491,630715,8847,1610438,1495500
2588,473,477,630231,8854,1610915,1440200
2589,424,499,629789,8797,1611414,1361400
2590,462,481,629335,8770,1611895,1427000
2591,444,504,628888,8713,1612399,1468100
2592,447,455,628444,8702,1612854,1369900
2593,454,447,628001,8698,1613301,1248100
2594,444,474,627553,8672,1613775,1480800
2595,431,479,627108,8638,1614254,1386200
2596,432,454,626684,8608,1614708,1316500
2597,444,440,626245,8607,1615148,1234600
2598,460,396,625791,8665,1615544,1495600
2599,447,428,625343,8685,1615972,1520700
2600,375,438,624943,8647,1616410,1373500
2601,437,443,624530,8617,1616853,1370900
2602,453,465,624069,8613,1617318,1396300
2603,454,511,623625,8546,1617829,1372700
2604,404,437,623198,8536,1618266,1295300
2605,445,452,622762,8520,1618718,1418400
2606,413,435,622342,8505,1619153,1676100
2607,491,403,621872,8572,1619556,1369500
2608,433,459,621427,8558,1620015,1301800
2609,443,484,620987,8514,1620499,1234700
2610,401,440,620584,8477,1620939,1328500
2611,433,465,620159,8437,1621404,1415300
2612,417,417,619740,8439,1621821,1337500
2613,423,468,619323,8388,1622289,1190300
2614,413,414,618874,8423,1622703,1453900
2615,418,398,618470,8429,1623101,1319100
2616,458,460,618039,8400,1623561,1297400
2617,444,431,617601,8407,1623992,1224600
2618,433,430,617160,8418,1624422,1276600
2619,456,438,616690,8450,1624860,1300100
2620,434,425,616263,8452,1625285,1330100
2621,455,421,615812,8482,1625706,1172500
2622,421,453,615379,8462,1626159,1305600
2623,448,424,614945,8472,1626583,1297600
2624,444,427,614478,8512,1627010,1279000
2625,440,458,614057,8475,1627468,1159000
2626,433,448,613614,8470,1627916,1132800
2627,427,414,613190,8480,1628330,1247200
2628,461,408,612721,8541,1628738,1293700
2629,453,434,612280,8548,1629172,1278600
2630,457,429,611804,8595,1629601,1167600
2631,475,413,611358,8628,1630014,1267500
2632,451,439,610902,8645,1630453,1267100
2633,480,437,610428,8682,1630890,1325800
2634,433,451,609974,8685,1631341,1190400
2635,447,452,609536,8671,1631793,1198100
2636,448,466,609081,8660,1632259,1333600
2637,473,458,608625,8658,1632717,1381800
2638,465,456,608156,8671,1633173,1193000
2639,409,476,607749,8602,1633649,1168600
2640,452,445,607295,8611,1634094,1279500
2641,434,404,606859,8643,1634498,1284300
2642,397,477,606453,8572,1634975,1283000
2643,448,445,606023,8557,1635420,1271100
2644,417,467,605579,8534,1635887,1212100
2645,414,416,605168,8529,1636303,1274800
2646,426,443,604753,8501,1636746,1365500
2647,423,483,604333,8438,1637229,1225300
2648,435,425,603887,8459,1637654,1297300
2649,435,463,603461,8422,1638117,1197800
2650,430,436,603026,8421,1638553,1187600
2651,434,445,602593,8409,1638998,1230800
2652,418,421,602162,8419,1639419,1179700
2653,401,471,601752,8358,1639890,1205900
2654,441,453,601347,8310,1640343,1399300
2655,415,454,600906,8297,1640797,1450800
2656,419,433,600504,8266,1641230,1196400
2657,419,396,600070,8304,1641626,1270000
2658,418,424,599657,8293,1642050,1319100
2659,427,416,599227,8307,1642466,1353300
2660,406,424,598822,8288,1642890,1278700
2661,379,434,598445,8231,1643324,1187400
2662,389,431,598065,8180,1643755,1199200
2663,427,455,597633,8157,1644210,1200100
2664,441,417,597185,8188,1644627,1241200
2665,425,383,596750,8240,1645010,1214900
2666,405,402,596357,8231,1645412,1197100
2667,407,456,595945,8187,1645868,1247800
2668,404,438,595540,8154,1646306,1221900
2669,424,412,595133,8149,1646718,1221000
2670,417,453,594713,8116,1647171,1362500
2671,387,435,594319,8075,1647606,1294500
2672,452,438,593888,8068,1648044,1330100
2673,419,403,593447,8106,1648447,1249500
2674,396,434,593063,8056,1648881,1144000
2675,449,416,592614,8089,1649297,1268100
2676,405,383,592182,8138,1649680,1300900
2677,419,407,591786,8127,1650087,1321400
2678,453,387,591329,8197,1650474,1250100
2679,400,416,590915,8195,1650890,1222400
2680,390,440,590538,8132,1651330,1235100
2681,447,379,590113,8178,1651709,1261300
2682,437,422,589648,8221,1652131,1187500
2683,420,441,589228,8200,1652572,1182400
2684,400,425,588844,8159,1652997,1415100
2685,426,472,588403,8128,1653469,1370800
2686,421,430,587996,8105,1653899,1221800
2687,439,415,587543,8143,1654314,1207300
2688,391,432,587149,8105,1654746,1213300
2689,430,405,586722,8127,1655151,1659900
2690,401,389,586322,8138,1655540,1343700
2691,414,397,585908,8155,1655937,1274400
2692,422,413,585487,8163,1656350,1265800
2693,429,408,585045,8197,1656758,1449900
2694,399,415,584664,8163,1657173,1272100
2695,426,466,584236,8125,1657639,1146300
2696,417,401,583825,8135,1658040,1210500
2697,423,430,583393,8137,1658470,1302700
2698,399,441,582976,8113,1658911,1322100
2699,419,396,582582,8111,1659307,1355900
2700,417,415,582157,8121,1659722,1310500
2701,394,444,581762,8072,1660166,1352700
2702,416,419,581346,8069,1660585,1365900
2703,386,431,580958,8026,1661016,1347300
2704,453,408,580518,8058,1661424,1316500
2705,440,457,580060,8059,1661881,1388600
2706,421,393,579662,8064,1662274,1458300
2707,447,359,579211,8156,1662633,1199500
2708,418,438,578774,8155,1663071,1407600
2709,413,419,578381,8129,1663490,1391900
2710,435,424,577933,8153,1663914,1318100
2711,416,421,577516,8149,1664335,1293700
2712,446,442,577075,8148,1664777,1429400
2713,403,465,576674,8084,1665242,1320400
2714,440,436,576240,8082,1665678,1336800
2715,438,415,575803,8104,1666093,1339600
2716,414,419,575391,8097,1666512,1222600
2717,424,398,574958,8132,1666910,1268500
2718,419,405,574549,8136,1667315,1306600
2719,400,401,574130,8154,1667716,1405000
2720,434,421,573705,8158,1668137,1354700
2721,398,448,573295,8120,1668585,1342800
2722,443,422,572869,8124,1669007,1276800
2723,395,411,572468,8114,1669418,1253600
2724,410,440,572055,8087,1669858,1307900
2725,408,455,571648,8039,1670313,1202600
2726,370,382,571264,8041,1670695,1340400
2727,392,414,570878,8013,1671109,1284200
2728,381,452,570514,7925,1671561,1276600
2729,415,379,570085,7975,1671940,1183500
2730,399,388,569683,7989,1672328,1391400
2731,378,420,569299,7953,1672748,1467200
2732,451,409,568870,7973,1673157,1277100
2733,377,410,568480,7953,1673567,1404900
2734,364,423,568111,7899,1673990,1357400
2735,414,387,567707,7916,1674377,1536600
2736,370,406,567324,7893,1674783,1203500
2737,387,435,566949,7833,1675218,1257000
2738,376,394,566569,7819,1675612,1442600
2739,415,450,566159,7779,1676062,1390100
2740,425,402,565739,7797,1676464,1297400
2741,378,404,565345,7787,1676868,1191600
2742,418,406,564953,7773,1677274,1368200
2743,411,409,564512,7805,1677683,1610500
2744,379,404,564153,7760,1678087,1417900
2745,404,384,563750,7779,1678471,1435700
2746,409,412,563344,7773,1678883,1395400
2747,390,381,562955,7781,1679264,1196800
2748,400,424,562544,7768,1679688,1128100
2749,399,409,562141,7762,1680097,1095200
2750,416,402,561730,7771,1680499,1260800
2751,441,435,561293,7773,1680934,1366000
2752,433,364,560858,7844,1681298,1201000
2753,398,408,560450,7844,1681706,1161200
2754,391,398,560051,7845,1682104,1216000
2755,402,387,559670,7839,1682491,1320100
2756,401,398,559258,7853,1682889,1217800
2757,392,384,558874,7853,1683273,1056000
2758,416,402,558472,7853,1683675,1087000
2759,436,382,558041,7902,1684057,1062500
2760,420,431,557586,7926,1684488,1154900
2761,413,386,557177,7949,1684874,1131300
2762,392,394,556783,7949,1685268,1223900
2763,423,384,556367,7981,1685652,1143500
2764,401,425,555964,7959,1686077,1151700
2765,377,400,555602,7921,1686477,1170400
2766,420,401,555193,7929,1686878,1399800
2767,435,368,554742,8012,1687246,1235500
2768,422,437,554317,8000,1687683,1201600
2769,433,434,553896,7987,1688117,1218300
2770,430,396,553453,8034,1688513,1232800
2771,433,422,553012,8053,1688935,1291400
2772,432,420,552592,8053,1689355,1105600
2773,417,437,552177,8031,1689792,1126100
2774,440,379,551735,8094,1690171,1167400
2775,429,391,551305,8133,1690562,1255400
2776,458,416,550856,8166,1690978,1104600
2777,413,396,550412,8214,1691374,1102900
2778,429,422,549995,8209,1691796,1173800
2779,456,446,549545,8213,1692242,1208600
2780,405,424,549137,8197,1692666,1146500
2781,407,441,548731,8162,1693107,1228300
2782,412,404,548324,8165,1693511,1215400
2783,399,452,547937,8100,1693963,1195400
2784,389,447,547545,8045,1694410,1185400
2785,416,402,547111,8077,1694812,1158700
2786,405,424,546708,8056,1695236,1090300
2787,406,423,546321,8020,1695659,1051400
2788,436,453,545851,8037,1696112,1146100
2789,333,405,545515,7968,1696517,1184700
2790,395,399,545141,7943,1696916,1127000
2791,415,420,544731,7933,1697336,1067000
2792,384,401,544341,7922,1697737,1108900
2793,379,391,543958,7914,1698128,1188000
2794,406,397,543557,7918,1698525,1137900
2795,392,453,543154,7868,1698978,1210300
2796,389,423,542775,7824,1699401,1071700
2797,358,390,542409,7800,1699791,1165300
2798,358,404,542050,7755,1700195,1145500
2799,379,386,541680,7739,1700581,1194100
2800,386,447,541286,7686,1701028,1140700
2801,382,376,540909,7687,1701404,1108900
2802,400,379,540511,7706,1701783,1211000
2803,373,445,540140,7632,1702228,1197300
2804,426,392,539703,7677,1702620,1257900
2805,399,405,539318,7657,1703025,1160500
2806,398,378,538928,7669,1703403,1184800
2807,374,408,538535,7654,1703811,1184500
2808,370,414,538168,7607,1704225,1098800
2809,351,406,537814,7555,1704631,1323700
2810,396,413,537421,7535,1705044,1133400
2811,408,405,537016,7535,1705449,1155200
2812,384,365,536636,7550,1705814,1169200
2813,408,393,536225,7568,1706207,1136000
2814,366,371,535861,7561,1706578,1097700
2815,400,424,535434,7564,1707002,1080400
2816,400,401,535055,7542,1707403,1124300
2817,422,399,534648,7550,1707802,1156800
2818,402,395,534230,7573,1708197,1231900
2819,414,379,533812,7612,1708576,1142600
2820,403,405,533420,7599,1708981,1073300
2821,399,402,533012,7605,1709383,1181600
2822,417,420,532611,7586,1709803,1271500
2823,427,400,532190,7607,1710203,1247300
2824,406,401,531771,7625,1710604,1059600
2825,436,402,531333,7661,1711006,1118800
2826,425,381,530915,7698,1711387,1168500
2827,429,392,530494,7727,1711779,1250400
2828,396,387,530088,7746,1712166,1213800
2829,442,403,529651,7780,1712569,1230800
2830,418,374,529219,7838,1712943,1171400
2831,411,417,528808,7832,1713360,1202200
2832,372,392,528432,7816,1713752,1144000
2833,369,396,528071,7781,1714148,1033100
2834,406,421,527668,7763,1714569,1101400
2835,406,397,527270,7764,1714966,1295300
2836,389,406,526862,7766,1715372,1258500
2837,396,393,526473,7762,1715765,1198000
2838,441,405,526029,7801,1716170,1161500
2839,394,422,525668,7740,1716592,1054300
2840,432,417,525214,7777,1717009,1177700
2841,395,405,524808,7778,1717414,1209200
2842,393,393,524405,7788,1717807,1231000
2843,366,411,524047,7735,1718218,1120300
2844,400,407,523647,7728,1718625,1141100
2845,379,391,523275,7709,1719016,1175600
2846,369,430,522896,7658,1719446,1138100
2847,338,396,522549,7609,1719842,1115600
2848,355,387,522198,7573,1720229,1146300
2849,332,422,521863,7486,1720651,1143200
2850,352,360,521520,7469,1721011,1152900
2851,362,377,521157,7455,1721388,1262000
2852,392,391,520783,7438,1721779,1151200
2853,357,424,520401,7396,1722203,1257600
2854,388,394,520016,7387,1722597,1168900
2855,393,366,519636,7401,1722963,1161500
2856,366,366,519269,7402,1723329,1138100
2857,386,380,518896,7395,1723709,1110400
2858,340,384,518531,7376,1724093,1056700
2859,368,395,518169,7343,1724488,1172300
2860,357,421,517796,7295,1724909,1205700
2861,354,370,517456,7265,1725279,1248100
2862,399,357,517066,7298,1725636,1147200
2863,401,403,516679,7282,1726039,1152300
2864,399,357,516274,7330,1726396,1199700
2865,378,391,515878,7335,1726787,1258700
2866,376,406,515507,7300,1727193,1167500
2867,378,393,515125,7289,1727586,1085000
2868,391,370,514736,7308,1727956,1146800
2869,366,396,514373,7275,1728352,1222700
2870,373,377,513991,7280,1728729,1228700
2871,378,403,513632,7236,1729132,1069200
2872,328,389,513291,7188,1729521,1171700
2873,368,348,512924,7207,1729869,1155200
2874,399,386,512515,7230,1730255,1207600
2875,392,347,512128,7270,1730602,1219000
2876,381,370,511749,7279,1730972,1093800
2877,368,382,511387,7259,1731354,1138100
2878,386,357,510992,7297,1731711,1176700
2879,396,373,510587,7329,1732084,1163900
2880,401,367,510213,7336,1732451,1130300
2881,405,378,509794,7377,1732829,1063700
2882,402,366,509390,7415,1733195,1150300
2883,392,377,508989,7439,1733572,1273800
2884,380,398,508618,7412,1733970,1157600
2885,376,387,508249,7394,1734357,1158900
2886,374,423,507866,7354,1734780,1108900
2887,360,390,507492,7338,1735170,1176800
2888,377,376,507137,7317,1735546,1279500
2889,355,360,506786,7308,1735906,1270000
2890,337,366,506433,7295,1736272,1218500
2891,362,376,506066,7286,1736648,1144500
2892,375,351,505707,7294,1736999,1209100
2893,390,353,505318,7330,1737352,1316400
2894,374,441,504937,7270,1737793,1138900
2895,399,355,504554,7298,1738148,1095300
2896,368,376,504169,7307,1738524,1137100
2897,395,383,503795,7298,1738907,1187900
2898,397,356,503378,7359,1739263,1144700
2899,369,346,503006,7385,1739609,1108500
2900,403,351,502603,7437,1739960,1120500
2901,392,411,502221,7408,1740371,1208500
2902,402,387,501823,7419,1740758,1161100
2903,391,394,501437,7411,1741152,1264800
2904,393,370,501043,7435,1741522,1125500
2905,393,394,500650,7434,1741916,1084300
2906,382,385,500246,7453,1742301,1192700
2907,373,394,499887,7418,1742695,1234800
2908,357,377,499530,7398,1743072,1225400
2909,365,366,499160,7402,1743438,1155800
2910,367,420,498799,7343,1743858,1215000
2911,376,376,498420,7346,1744234,1243700
2912,396,348,498016,7402,1744582,1188600
2913,408,390,497617,7411,1744972,1200000
2914,420,429,497201,7398,1745401,1270700
2915,342,374,496856,7369,1745775,1234300
2916,401,413,496464,7348,1746188,1213300
2917,312,358,496131,7323,1746546,1215400
2918,380,377,495765,7312,1746923,1109600
2919,382,373,495380,7324,1747296,1102700
2920,327,355,495045,7304,1747651,1223000
2921,386,378,494655,7316,1748029,1236300
2922,378,379,494290,7302,1748408,1184800
2923,371,405,493919,7268,1748813,1197000
2924,389,398,493521,7268,1749211,1205900
2925,347,356,493177,7256,1749567,1318300
2926,393,403,492798,7232,1749970,1430600
2927,379,423,492418,7189,1750393,1237800
2928,330,337,492079,7191,1750730,1363800
2929,369,397,491717,7156,1751127,1331200
2930,379,383,491323,7167,1751510,1301700
2931,345,366,490987,7137,1751876,1223500
2932,338,365,490643,7116,1752241,1290800
2933,328,362,490302,7095,1752603,1304800
2934,329,360,489977,7060,1752963,1329700
2935,337,351,489641,7045,1753314,1263700
2936,362,325,489278,7083,1753639,1204600
2937,358,381,488943,7037,1754020,1377900
2938,359,356,488556,7068,1754376,1405200
2939,374,343,488200,7081,1754719,1250400
2940,368,351,487830,7100,1755070,1158300
2941,351,370,487465,7095,1755440,1308300
2942,392,375,487092,7093,1755815,1251600
2943,420,403,486666,7116,1756218,1374600
2944,365,405,486308,7069,1756623,1320200
2945,390,375,485919,7083,1756998,1460300
2946,374,375,485541,7086,1757373,1357300
2947,375,339,485159,7129,1757712,1247800
2948,335,358,484810,7120,1758070,1214900
2949,397,340,484457,7133,1758410,1252000
2950,392,391,484055,7144,1758801,1521800
2951,371,355,483667,7177,1759156,1331200
2952,358,396,483304,7144,1759552,1185800
2953,372,392,482939,7117,1759944,1244600
2954,350,368,482583,7105,1760312,1317700
2955,352,340,482223,7125,1760652,1307200
2956,354,373,481874,7101,1761025,1210100
2957,364,384,481517,7074,1761409,1453800
2958,384,364,481138,7089,1761773,1271800
2959,354,352,480769,7106,1762125,1383900
2960,346,397,480442,7036,1762522,1218700
2961,343,373,480079,7026,1762895,1194500
2962,372,358,479726,7021,1763253,1291500
2963,370,402,479360,6985,1763655,1252000
2964,381,378,478963,7004,1764033,1301200
2965,369,410,478594,6963,1764443,1289200
2966,388,359,478220,6978,1764802,1280900
2967,340,357,477876,6965,1765159,1335500
2968,362,361,477514,6966,1765520,1391400
2969,383,381,477146,6953,1765901,1227400
2970,377,371,476745,6983,1766272,1240600
2971,369,319,476381,7028,1766591,1212300
2972,386,389,475998,7022,1766980,1245600
2973,383,362,475604,7054,1767342,1313000
2974,392,336,475229,7093,1767678,1151600
2975,368,391,474868,7063,1768069,1242100
2976,367,378,474467,7086,1768447,1278500
2977,355,363,474127,7063,1768810,1230700
2978,360,346,473778,7066,1769156,1106000
2979,371,368,473401,7075,1769524,1158700
2980,386,349,473016,7111,1769873,1159300
2981,385,371,472638,7118,1770244,1207400
2982,384,377,472257,7122,1770621,1184900
2983,399,395,471851,7133,1771016,1060800
2984,369,375,471474,7135,1771391,1067900
2985,390,369,471077,7163,1771760,1107700
2986,389,380,470710,7150,1772140,1071500
2987,326,365,470365,7130,1772505,1167400
2988,364,370,470006,7119,1772875,1136800
2989,370,368,469626,7131,1773243,1208000
2990,379,380,469258,7119,1773623,1245800
2991,404,383,468869,7125,1774006,1139700
2992,381,361,468471,7162,1774367,1424200
2993,329,379,468136,7118,1774746,1298400
2994,351,389,467787,7078,1775135,1153000
2995,366,336,467429,7100,1775471,1174800
2996,386,375,467053,7101,1775846,1145300
2997,390,363,466654,7137,1776209,1037200
2998,347,380,466300,7111,1776589,1081800
2999,355,378,465938,7095,1776967,1129800
3000,357,350,465584,7099,1777317,1060100
3001,363,366,465224,7093,1777683,1141800
3002,349,363,464874,7080,1778046,1045200
3003,375,367,464497,7090,1778413,1115000
3004,379,353,464124,7110,1778766,1032600
3005,338,391,463779,7064,1779157,1087700
3006,377,369,463409,7065,1779526,1111200
3007,329,342,463075,7057,1779868,1065000
3008,389,364,462697,7071,1780232,1109800
3009,359,394,462317,7057,1780626,1094900
3010,395,350,461942,7082,1780976,1067200
3011,343,352,461580,7092,1781328,1045900
3012,351,359,461245,7068,1781687,1088400
3013,364,380,460888,7045,1782067,1015400
3014,370,351,460509,7073,1782418,1049100
3015,338,377,460168,7037,1782795,1069700
3016,383,371,459786,7048,1783166,1130800
3017,360,375,459410,7049,1783541,1104400
3018,344,385,459084,6990,1783926,1012200
3019,344,342,458731,7001,1784268,1092300
3020,361,379,458384,6969,1784647,1049300
3021,353,324,458012,7017,1784971,1095300
3022,385,325,457642,7062,1785296,1066900
3023,339,373,457290,7041,1785669,1092300
3024,370,356,456934,7041,1786025,1052000
3025,379,388,456545,7042,1786413,1018200
3026,352,349,456209,7029,1786762,1105200
3027,350,361,455845,7032,1787123,1166100
3028,336,355,455494,7028,1787478,1117300
3029,352,352,455157,7013,1787830,1103100
3030,336,372,454817,6981,1788202,1133700
3031,334,394,454479,6925,1788596,1100400
3032,349,362,454136,6906,1788958,1110300
3033,314,358,453806,6878,1789316,1081900
3034,322,319,453494,6871,1789635,1098800
3035,340,369,453149,6847,1790004,1050600
3036,327,328,452834,6834,1790332,986000
3037,322,333,452512,6823,1790665,1003700
3038,333,343,452175,6817,1791008,986300
3039,362,342,451824,6826,1791350,996200
3040,337,378,451480,6792,1791728,968000
3041,352,340,451125,6807,1792068,937500
3042,359,328,450769,6835,1792396,976200
3043,372,328,450404,6872,1792724,934700
3044,324,372,450075,6829,1793096,1023400
3045,361,352,449707,6845,1793448,1107700
3046,354,375,449352,6825,1793823,1017500
3047,401,357,448965,6855,1794180,1016400
3048,393,333,448563,6924,1794513,956000
3049,372,333,448205,6949,1794846,1035500
3050,371,358,447833,6963,1795204,1086300
3051,360,345,447457,6994,1795549,1053900
3052,374,373,447101,6977,1795922,1092500
3053,372,333,446733,7012,1796255,1078000
3054,336,382,446383,6980,1796637,1005200
3055,386,382,446002,6979,1797019,1110700
3056,408,350,445597,7034,1797369,992900
3057,417,382,445173,7076,1797751,990800
3058,396,353,444792,7104,1798104,963200
3059,354,396,444415,7085,1798500,1000500
3060,341,394,444076,7030,1798894,1047200
3061,361,374,443716,7016,1799268,1062500
3062,381,348,443328,7056,1799616,972800
3063,368,377,442976,7031,1799993,983900
3064,361,344,442602,7061,1800337,1013200
3065,389,387,442218,7058,1800724,1028400
3066,342,352,441875,7049,1801076,956400
3067,357,340,441516,7068,1801416,946200
3068,331,377,441182,7025,1801793,947400
3069,353,376,440834,6997,1802169,946600
3070,350,351,440489,6991,1802520,968200
3071,321,383,440155,6942,1802903,949000
3072,359,346,439819,6932,1803249,968200
3073,358,335,439446,6970,1803584,963500
3074,335,350,439126,6940,1803934,958400
3075,342,343,438774,6949,1804277,1117300
3076,343,351,438422,6950,1804628,994400
3077,316,322,438106,6944,1804950,972600
3078,319,362,437807,6881,1805312,952100
3079,363,352,437430,6906,1805664,940000
3080,341,347,437086,6903,1806011,937300
3081,351,314,436730,6945,1806325,942300
3082,352,347,436397,6931,1806672,942800
3083,344,313,436045,6970,1806985,959300
3084,356,368,435692,6955,1807353,969000
3085,354,332,435350,6965,1807685,993900
3086,352,389,434997,6929,1808074,952600
3087,305,362,434674,6890,1808436,963800
3088,348,345,434324,6895,1808781,970900
3089,340,350,433996,6873,1809131,960300
3090,320,366,433661,6842,1809497,947800
3091,396,320,433272,6911,1809817,1032100
3092,375,364,432898,6921,1810181,999500
3093,331,345,432554,6920,1810526,977100
3094,384,370,432200,6904,1810896,1049400
3095,366,352,431815,6937,1811248,1032600
3096,368,357,431443,6952,1811605,1014300
3097,384,354,431072,6969,1811959,967000
3098,387,327,430682,7032,1812286,944800
3099,384,375,430286,7053,1812661,1001500
3100,377,406,429924,7009,1813067,1088100
3101,379,381,429555,6997,1813448,1102100
3102,415,375,429138,7039,1813823,1044200
3103,348,341,428767,7069,1814164,1164400
3104,353,371,428425,7040,1814535,1181800
3105,337,366,428079,7020,1814901,1133800
3106,359,395,427737,6967,1815296,1122300
3107,331,355,427382,6967,1815651,1137400
3108,407,371,427001,6977,1816022,1118000
3109,358,347,426636,6995,1816369,1132600
3110,386,354,426257,7020,1816723,1065300
3111,379,370,425871,7036,1817093,1020700
3112,366,354,425508,7045,1817447,1029000
3113,399,367,425122,7064,1817814,1116800
3114,364,349,424731,7106,1818163,1050400
3115,364,363,424357,7117,1818526,1134900
3116,364,364,424003,7107,1818890,1092900
3117,364,374,423629,7107,1819264,1134900
3118,369,344,423272,7120,1819608,1061300
3119,403,391,422895,7106,1819999,1049600
3120,373,357,422493,7151,1820356,1168700
3121,319,362,422178,7104,1820718,1378100
3122,354,383,421817,7082,1821101,1172500
3123,360,361,421459,7079,1821462,1103000
3124,407,366,421057,7115,1821828,1019600
3125,361,354,420677,7141,1822182,1062100
3126,376,415,420325,7078,1822597,1165100
3127,342,367,419971,7065,1822964,1163000
3128,400,331,419580,7125,1823295,1071300
3129,360,370,419230,7105,1823665,983100
3130,318,369,418881,7085,1824034,1040600
3131,344,365,418564,7037,1824399,1123700
3132,345,355,418203,7043,1824754,1176800
3133,325,346,417871,7029,1825100,1173200
3134,353,386,417534,6980,1825486,1163200
3135,337,355,417182,6977,1825841,1108900
3136,350,367,416857,6935,1826208,1105800
3137,323,330,416524,6938,1826538,1143700
3138,363,369,416150,6943,1826907,1189000
3139,335,345,415829,6919,1827252,1094500
3140,365,339,415463,6946,1827591,1124100
3141,346,361,415118,6930,1827952,1111300
3142,354,387,414764,6897,1828339,1117000
3143,357,328,414392,6941,1828667,1177200
3144,313,362,414083,6888,1829029,1077900
3145,367,346,413735,6890,1829375,1046800
3146,332,375,413390,6860,1829750,1059100
3147,345,357,413042,6851,1830107,1123700
3148,373,390,412687,6816,1830497,1186600
3149,310,371,412341,6791,1830868,1145300
3150,325,362,412038,6732,1831230,1046100
3151,350,365,411692,6713,1831595,1044700
3152,357,327,411330,6748,1831922,1043000
3153,362,372,410980,6726,1832294,1029200
3154,390,348,410586,6772,1832642,1030200
3155,359,324,410232,6802,1832966,1065700
3156,346,366,409859,6809,1833332,1069300
3157,336,367,409538,6763,1833699,1135500
3158,365,332,409173,6796,1834031,1201800
3159,351,367,408813,6789,1834398,1177800
3160,314,352,408497,6753,1834750,1111900
3161,359,371,408145,6734,1835121,1149400
3162,369,310,407788,6781,1835431,982700
3163,361,400,407426,6743,1835831,977600
3164,377,292,407041,6836,1836123,984900
3165,365,341,406686,6850,1836464,990800
3166,367,334,406303,6899,1836798,1008600
3167,358,360,405959,6883,1837158,992400
3168,321,384,405647,6811,1837542,1045400
3169,320,367,405298,6793,1837909,1033400
3170,333,339,404981,6771,1838248,988500
3171,344,361,404633,6758,1838609,1029400
3172,364,355,404278,6758,1838964,1016600
3173,373,322,403898,6816,1839286,986000
3174,343,342,403542,6830,1839628,970300
3175,376,362,403172,6838,1839990,1108800
3176,379,362,402799,6849,1840352,1170800
3177,333,329,402465,6854,1840681,1118600
3178,341,381,402122,6816,1841062,1186900
3179,328,367,401810,6761,1841429,1083000
3180,366,371,401438,6762,1841800,1005000
3181,393,334,401052,6814,1842134,1002100
3182,341,357,400704,6805,1842491,1110800
3183,336,366,400362,6781,1842857,1005100
3184,341,349,400023,6771,1843206,975700
3185,321,372,399692,6730,1843578,954600
3186,322,370,399370,6682,1843948,984400
3187,347,342,399031,6679,1844290,1079500
3188,377,347,398648,6715,1844637,997000
3189,340,319,398314,6730,1844956,1000400
3190,362,341,397950,6753,1845297,1105000
3191,339,303,397606,6794,1845600,1034200
3192,317,348,397291,6761,1845948,1016700
3193,366,366,396928,6758,1846314,975700
3194,384,342,396550,6794,1846656,963900
3195,365,336,396174,6834,1846992,1145100
3196,346,365,395829,6814,1847357,1009800
3197,369,339,395464,6840,1847696,1032500
3198,334,363,395133,6808,1848059,954700
3199,342,337,394795,6809,1848396,967300
3200,311,380,394468,6756,1848776,982000
3201,350,348,394125,6751,1849124,973300
3202,338,365,393780,6731,1849489,963900
3203,373,388,393415,6708,1849877,984600
3204,338,345,393081,6697,1850222,980200
3205,314,336,392767,6675,1850558,1041600
3206,333,320,392425,6697,1850878,1030500
3207,346,357,392086,6679,1851235,1011200
3208,369,354,391721,6690,1851589,1007600
3209,334,335,391369,6707,1851924,982000
3210,329,362,391043,6671,1852286,1035600
3211,368,340,390685,6689,1852626,1171400
3212,326,363,390339,6672,1852989,1038400
3213,340,360,390011,6640,1853349,1107700
3214,344,335,389683,6633,1853684,963100
3215,323,367,389342,6607,1854051,962800
3216,311,360,389030,6559,1854411,1069400
3217,357,354,388681,6554,1854765,955600
3218,329,365,388348,6522,1855130,972100
3219,356,347,388012,6511,1855477,1046800
3220,348,332,387644,6547,1855809,1075000
3221,331,353,387311,6527,1856162,1042700
3222,377,334,386937,6567,1856496,1074800
3223,348,342,386588,6574,1856838,1041200
3224,333,296,386267,6599,1857134,1002100
3225,331,334,385923,6609,1857468,946100
3226,361,341,385573,6618,1857809,1183600
3227,357,345,385212,6634,1858154,983000
3228,332,338,384884,6624,1858492,976700
3229,340,318,384544,6646,1858810,985600
3230,389,362,384168,6660,1859172,953700
3231,343,330,383804,6694,1859502,979500
3232,338,322,383469,6707,1859824,1001300
3233,358,339,383127,6710,1860163,1006800
3234,358,337,382764,6736,1860500,1106300
3235,373,347,382392,6761,1860847,1155200
3236,327,359,382049,6745,1861206,1241700
3237,338,337,381721,6736,1861543,1129300
3238,337,323,381381,6753,1861866,1083400
3239,349,354,381019,6761,1862220,1066700
3240,364,340,380681,6759,1862560,1098900
3241,330,321,380337,6782,1862881,1089700
3242,338,362,379991,6766,1863243,1090900
3243,306,345,379678,6734,1863588,1084600
3244,362,351,379334,6727,1863939,1192700
3245,359,330,378973,6758,1864269,1027500
3246,351,351,378622,6758,1864620,1061100
3247,318,327,378296,6757,1864947,1043000
3248,369,328,377949,6776,1865275,1011700
3249,323,355,377621,6749,1865630,1033800
3250,320,328,377285,6757,1865958,1048000
3251,331,351,376962,6729,1866309,1019400
3252,358,330,376604,6757,1866639,1051400
3253,372,382,376220,6759,1867021,994000
3254,339,361,375889,6729,1867382,1047900
3255,330,409,375566,6643,1867791,969400
3256,342,349,375223,6637,1868140,1025200
3257,367,343,374855,6662,1868483,1086600
3258,297,369,374555,6593,1868852,1163700
3259,341,338,374216,6594,1869190,1169100
3260,303,320,373915,6575,1869510,1295000
3261,339,353,373588,6549,1869863,1116400
3262,340,312,373242,6583,1870175,1043900
3263,311,357,372905,6563,1870532,1049700
3264,310,339,372604,6525,1870871,1194300
3265,358,320,372245,6564,1871191,1255200
3266,342,361,371921,6527,1871552,1317600
3267,320,345,371579,6524,1871897,1300700
3268,322,316,371262,6525,1872213,1304200
3269,338,310,370924,6553,1872523,1201400
3270,331,331,370593,6553,1872854,1255100
3271,339,349,370265,6532,1873203,1422600
3272,337,355,369932,6510,1873558,1275300
3273,316,341,369603,6498,1873899,1353000
3274,342,318,369259,6524,1874217,1349700
3275,317,321,368943,6519,1874538,1256500
3276,342,324,368601,6537,1874862,1390800
3277,337,320,368264,6554,1875182,1237200
3278,294,332,367958,6528,1875514,1259300
3279,323,314,367637,6535,1875828,1177700
3280,361,351,367302,6519,1876179,1183600
3281,325,371,366966,6484,1876550,1230600
3282,329,334,366630,6486,1876884,1452400
3283,305,337,366328,6451,1877221,1328700
3284,373,350,365957,6472,1877571,1237200
3285,351,325,365624,6480,1877896,1281200
3286,364,347,365258,6499,1878243,1404800
3287,354,319,364900,6538,1878562,1259100
3288,313,362,364568,6508,1878924,1466900
3289,344,313,364252,6511,1879237,1292500
3290,332,340,363919,6504,1879577,1337400
3291,306,317,363591,6515,1879894,1380600
3292,342,304,363251,6551,1880198,1302200
3293,322,338,362921,6543,1880536,1264600
3294,359,353,362585,6526,1880889,1299500
3295,340,348,362232,6531,1881237,1272100
3296,363,338,361872,6553,1881575,1240100
3297,354,347,361524,6554,1881922,1281500
3298,343,356,361180,6542,1882278,1166000
3299,360,323,360828,6571,1882601,1260900
3300,354,345,360467,6587,1882946,1350100
3301,342,341,360126,6587,1883287,1238800
3302,356,364,359770,6579,1883651,1252000
3303,336,344,359418,6587,1883995,1277500
3304,327,346,359087,6572,1884341,1534800
3305,330,325,358760,6574,1884666,1462800
3306,376,337,358396,6601,1885003,1208200
3307,346,347,358051,6599,1885350,1200800
3308,335,328,357717,6605,1885678,1292600
3309,336,289,357372,6661,1885967,1195500
3310,346,360,357035,6638,1886327,1196000
3311,334,300,356707,6666,1886627,1117200
3312,315,355,356375,6643,1886982,1202900
3313,329,390,356051,6577,1887372,1251300
3314,363,353,355705,6570,1887725,1226600
3315,358,330,355340,6605,1888055,1145800
3316,327,323,355000,6622,1888378,1092400
3317,347,344,354647,6631,1888722,1147100
3318,335,316,354312,6650,1889038,1149600
3319,312,349,353990,6623,1889387,1132200
3320,319,293,353689,6631,1889680,1179700
3321,320,356,353365,6599,1890036,1073700
3322,326,372,353041,6551,1890408,1103300
3323,349,334,352693,6565,1890742,1119400
3324,330,348,352361,6549,1891090,1194600
3325,326,313,352030,6567,1891403,1133500
3326,345,314,351701,6582,1891717,1082500
3327,295,316,351391,6576,1892033,1162100
3328,336,355,351077,6535,1892388,1132100
3329,337,348,350729,6535,1892736,1260000
3330,362,319,350380,6565,1893055,1069300
3331,339,338,350035,6572,1893393,1022500
3332,334,349,349691,6567,1893742,1200800
3333,314,349,349366,6543,1894091,1163100
3334,352,372,349025,6512,1894463,1174500
3335,325,346,348697,6494,1894809,1102900
3336,352,347,348363,6481,1895156,1121900
3337,320,343,348023,6478,1895499,1180700
3338,355,359,347678,6464,1895858,1210200
3339,334,311,347335,6496,1896169,1034600
3340,329,354,346999,6478,1896523,1060200
3341,353,338,346665,6474,1896861,1174500
3342,343,305,346312,6522,1897166,1165900
3343,349,337,345970,6527,1897503,1176100
3344,318,345,345638,6514,1897848,1218500
3345,378,367,345278,6507,1898215,1096500
3346,314,333,344948,6504,1898548,1135700
3347,362,345,344590,6517,1898893,1051300
3348,347,330,344251,6526,1899223,1218600
3349,346,333,343906,6538,1899556,1146600
3350,357,351,343530,6563,1899907,1119700
3351,324,321,343214,6558,1900228,1140100
3352,356,341,342874,6557,1900569,1347800
3353,358,314,342513,6604,1900883,1397300
3354,328,348,342171,6598,1901231,1167600
3355,333,362,341841,6566,1901593,1275200
3356,372,333,341472,6602,1901926,1393400
3357,345,349,341135,6590,1902275,1206900
3358,368,305,340772,6648,1902580,1140900
3359,363,316,340392,6712,1902896,1070400
3360,351,322,340041,6741,1903218,1134400
3361,347,340,339703,6739,1903558,1073600
3362,338,334,339350,6758,1903892,1053000
3363,360,351,339004,6753,1904243,1052900
3364,373,351,338629,6777,1904594,1097000
3365,347,314,338283,6809,1904908,1122300
3366,358,382,337930,6780,1905290,1099000
3367,349,350,337577,6783,1905640,1204300
3368,335,329,337227,6804,1905969,1159000
3369,332,344,336906,6781,1906313,1159300
3370,372,359,336545,6783,1906672,1151700
3371,352,346,336185,6797,1907018,1130200
3372,328,357,335845,6780,1907375,1074300
3373,346,370,335501,6754,1907745,1110900
3374,331,349,335178,6728,1908094,1089100
3375,323,372,334851,6683,1908466,1042600
3376,340,368,334522,6644,1908834,1058700
3377,372,323,334138,6705,1909157,1207400
3378,352,349,333782,6712,1909506,1116100
3379,323,332,333464,6698,1909838,1042100
3380,300,332,333160,6670,1910170,1140200
3381,343,341,332825,6664,1910511,1211700
3382,308,355,332501,6633,1910866,1181400
3383,321,322,332186,6626,1911188,1186900
3384,292,348,331893,6571,1911536,1227900
3385,341,331,331561,6572,1911867,1113900
3386,333,369,331236,6528,1912236,1152100
3387,309,354,330910,6500,1912590,1021800
3388,340,321,330575,6514,1912911,1060600
3389,299,332,330266,6491,1913243,1134800
3390,315,346,329961,6450,1913589,1099800
3391,314,353,329641,6417,1913942,1042500
3392,332,313,329333,6412,1914255,1086400
3393,326,329,328981,6435,1914584,1052300
3394,325,353,328659,6404,1914937,1143300
3395,304,354,328344,6365,1915291,1052900
3396,291,333,328073,6303,1915624,1118800
3397,329,314,327747,6315,1915938,1094700
3398,296,305,327427,6330,1916243,1152700
3399,300,313,327129,6315,1916556,1167700
3400,303,292,326840,6312,1916848,1096000
3401,296,282,326539,6331,1917130,1127600
3402,315,327,326238,6305,1917457,1191200
3403,290,336,325929,6278,1917793,1134400
3404,281,322,325653,6232,1918115,1205700
3405,307,300,325341,6244,1918415,1014200
3406,302,315,325044,6226,1918730,997300
3407,311,337,324746,6187,1919067,1174200
3408,288,327,324447,6159,1919394,1219400
3409,280,339,324158,6109,1919733,1356400
3410,268,311,323889,6067,1920044,1271400
3411,284,322,323618,6016,1920366,1152000
3412,287,295,323320,6019,1920661,1114100
3413,282,294,323053,5992,1920955,1394100
3414,294,311,322746,5988,1921266,1212300
3415,310,310,322444,5980,1921576,1329600
3416,326,311,322120,5993,1921887,1293100
3417,261,320,321843,5950,1922207,1474800
3418,271,300,321578,5915,1922507,1175300
3419,315,305,321268,5920,1922812,1101100
3420,289,320,320983,5885,1923132,1099100
3421,294,275,320683,5910,1923407,1265600
3422,281,303,320391,5899,1923710,1155500
3423,319,282,320072,5936,1923992,1890400
3424,301,305,319785,5918,1924297,1123600
3425,288,289,319497,5917,1924586,1220100
3426,297,323,319190,5901,1924909,1097500
3427,293,281,318899,5911,1925190,1064700
3428,296,319,318611,5880,1925509,1080600
3429,281,292,318319,5880,1925801,1126200
3430,289,322,318037,5840,1926123,1115300
3431,284,275,317750,5852,1926398,1088600
3432,313,303,317444,5855,1926701,1074700
3433,289,298,317157,5844,1926999,1119100
3434,274,284,316880,5837,1927283,1139000
3435,279,310,316605,5802,1927593,1186600
3436,316,282,316293,5832,1927875,1093000
3437,274,301,315993,5831,1928176,1179000
3438,291,283,315713,5828,1928459,1145600
3439,280,331,315430,5780,1928790,1081600
3440,296,281,315138,5791,1929071,1069200
3441,332,343,314819,5767,1929414,1108000
3442,241,283,314566,5737,1929697,1091700
3443,319,300,314254,5749,1929997,1212800
3444,287,291,313966,5746,1930288,1178300
3445,325,268,313643,5801,1930556,1082400
3446,274,314,313351,5779,1930870,1083200
3447,307,310,313054,5766,1931180,1141900
3448,319,296,312746,5778,1931476,1103400
3449,314,281,312433,5810,1931757,1161400
3450,321,331,312114,5798,1932088,1241500
3451,304,301,311800,5811,1932389,1131400
3452,271,306,311521,5784,1932695,1145100
3453,283,301,311237,5767,1932996,1125900
3454,303,289,310942,5773,1933285,1104300
3455,264,288,310668,5759,1933573,1137200
3456,257,296,310417,5714,1933869,1187100
3457,267,280,310138,5713,1934149,1126700
3458,259,288,309888,5675,1934437,1170000
3459,295,322,309607,5634,1934759,1299600
3460,291,273,309314,5654,1935032,1155600
3461,267,279,309042,5647,1935311,1198300
3462,289,311,308740,5638,1935622,1167400
3463,314,288,308436,5654,1935910,1150800
3464,280,319,308167,5604,1936229,1170600
3465,291,303,307874,5594,1936532,1207500
3466,287,282,307574,5612,1936814,1225700
3467,300,293,307270,5623,1937107,1232300
3468,301,264,306982,5647,1937371,1149400
3469,277,284,306699,5646,1937655,1098700
3470,273,277,306427,5641,1937932,1144700
3471,308,303,306127,5638,1938235,1133400
3472,269,298,305844,5623,1938533,1073200
3473,289,304,305553,5610,1938837,1183400
3474,296,287,305279,5597,1939124,1133600
3475,268,274,304998,5604,1939398,1124000
3476,294,266,304695,5641,1939664,1097000
3477,269,249,304428,5659,1939913,1050400
3478,292,290,304162,5635,1940203,1080400
3479,266,314,303872,5611,1940517,1043000
3480,307,281,303576,5626,1940798,1060000
3481,267,307,303296,5599,1941105,1119600
3482,305,308,303005,5582,1941413,1238900
3483,276,276,302726,5585,1941689,1186900
3484,302,307,302422,5582,1941996,1116700
3485,279,280,302133,5591,1942276,1147800
3486,292,299,301843,5582,1942575,1161200
3487,247,277,301595,5553,1942852,1080100
3488,278,257,301334,5557,1943109,1145800
3489,286,258,301041,5592,1943367,1224000
3490,254,285,300788,5560,1943652,1129300
3491,281,290,300505,5553,1943942,1075000
3492,281,276,300231,5551,1944218,1100700
3493,275,284,299936,5562,1944502,1085000
3494,259,306,299692,5500,1944808,1156800
3495,278,271,299402,5519,1945079,1101100
3496,253,297,299144,5480,1945376,1076100
3497,278,287,298886,5451,1945663,1137600
3498,287,299,298600,5438,1945962,1061000
3499,241,263,298338,5437,1946225,1152700
3500,263,284,298092,5399,1946509,1082000
3501,277,296,297808,5387,1946805,1077700
3502,318,279,297513,5403,1947084,1278600
3503,266,302,297224,5390,1947386,1142200
3504,269,283,296949,5382,1947669,1163600
3505,258,252,296696,5383,1947921,1088800
3506,283,258,296406,5415,1948179,1074000
3507,269,300,296135,5386,1948479,1060100
3508,289,291,295873,5357,1948770,1136300
3509,247,271,295605,5354,1949041,1044000
3510,306,247,295310,5402,1949288,1044300
3511,295,263,295000,5449,1949551,1119600
3512,288,273,294716,5460,1949824,1080300
3513,283,293,294436,5447,1950117,1057700
3514,266,314,294163,5406,1950431,1012300
3515,291,283,293880,5406,1950714,1069300
3516,282,296,293611,5379,1951010,1171900
3517,277,294,293321,5375,1951304,1115500
3518,295,294,293017,5385,1951598,1088200
3519,292,270,292753,5379,1951868,1036700
3520,302,284,292443,5405,1952152,1024400
3521,261,270,292167,5411,1952422,1138000
3522,246,255,291926,5397,1952677,991900
3523,301,270,291622,5431,1952947,1154300
3524,282,300,291341,5412,1953247,1239100
3525,286,250,291054,5449,1953497,1179300
3526,291,291,290770,5442,1953788,1210000
3527,290,286,290478,5448,1954074,1110100
3528,286,303,290196,5427,1954377,1095300
3529,286,268,289909,5446,1954645,1053600
3530,270,290,289630,5435,1954935,1111900
3531,252,277,289372,5416,1955212,1150100
3532,260,289,289121,5378,1955501,1094300
3533,257,276,288863,5360,1955777,991000
3534,259,264,288600,5359,1956041,1052200
3535,266,252,288345,5362,1956293,1144300
3536,236,262,288093,5352,1956555,1073800
3537,292,296,287818,5331,1956851,1201500
3538,254,252,287554,5343,1957103,1103200
3539,282,248,287281,5368,1957351,1072800
3540,262,307,287023,5319,1957658,1057300
3541,276,276,286745,5321,1957934,1045700
3542,301,252,286449,5365,1958186,1023500
3543,286,268,286163,5383,1958454,1163900
3544,261,266,285890,5390,1958720,1239400
3545,269,251,285620,5409,1958971,1079000
3546,258,286,285355,5388,1959257,1137500
3547,269,254,285092,5397,1959511,1047300
3548,291,293,284802,5394,1959804,1075900
3549,271,298,284533,5365,1960102,1017100
3550,271,266,284260,5372,1960368,1076500
3551,277,269,283973,5390,1960637,1062800
3552,269,281,283711,5371,1960918,1084500
3553,294,285,283419,5378,1961203,1198000
3554,278,252,283140,5405,1961455,1095300
3555,265,326,282884,5335,1961781,1038800
3556,274,290,282615,5314,1962071,1040400
3557,263,258,282344,5327,1962329,1012500
3558,273,249,282068,5354,1962578,1145400
3559,278,256,281785,5381,1962834,1163300
3560,274,282,281510,5374,1963116,1030000
3561,257,286,281261,5337,1963402,1037800
3562,293,270,280980,5348,1963672,1099500
3563,267,273,280690,5365,1963945,1051900
3564,255,295,280442,5318,1964240,1112200
3565,311,270,280131,5359,1964510,1109300
3566,301,271,279833,5386,1964781,1079600
3567,298,280,279543,5396,1965061,1037400
3568,267,274,279277,5388,1965335,1030600
3569,270,287,278997,5381,1965622,1013000
3570,232,264,278754,5360,1965886,1059600
3571,312,269,278460,5385,1966155,1016000
3572,272,272,278183,5390,1966427,998500
3573,261,262,277912,5399,1966689,1112700
3574,262,277,277664,5370,1966966,1087800
3575,269,293,277386,5355,1967259,1014900
3576,275,274,277122,5345,1967533,1086900
3577,283,271,276827,5369,1967804,1023900
3578,292,272,276543,5381,1968076,1047300
3579,291,281,276256,5387,1968357,1055700
3580,249,278,275999,5366,1968635,1054100
3581,245,288,275747,5330,1968923,1175600
3582,262,265,275484,5328,1969188,1036000
3583,244,277,275248,5287,1969465,1152100
3584,277,256,274980,5299,1969721,1056900
3585,272,280,274694,5305,1970001,1093900
3586,234,272,274458,5269,1970273,1256800
3587,238,269,274220,5238,1970542,1321200
3588,262,260,273959,5239,1970802,1207500
3589,247,250,273718,5230,1971052,1232500
3590,269,297,273450,5201,1971349,1186400
3591,274,301,273175,5175,1971650,1243500
3592,249,271,272919,5160,1971921,1155400
3593,251,287,272668,5124,1972208,1108000
3594,259,269,272401,5122,1972477,1087600
3595,246,259,272162,5102,1972736,1095700
3596,235,258,271925,5081,1972994,1098500
3597,285,252,271640,5114,1973246,1076000
3598,229,264,271401,5089,1973510,1134900
3599,236,284,271181,5025,1973794,1246700
3600,263,277,270921,5008,1974071,1110300
3601,275,255,270653,5021,1974326,1125200
3602,251,273,270392,5009,1974599,1138700
3603,240,258,270147,4996,1974857,1086600
3604,240,252,269912,4979,1975109,1229900
3605,272,252,269636,5003,1975361,1109400
3606,246,235,269388,5016,1975596,1056500
3607,249,276,269149,4979,1975872,1144300
3608,251,285,268889,4954,1976157,1138300
3609,277,257,268617,4969,1976414,1196600
3610,277,263,268339,4984,1976677,1185300
3611,259,246,268086,4991,1976923,1106500
3612,245,269,267844,4964,1977192,1086900
3613,267,268,267576,4964,1977460,1117200
3614,279,264,267295,4981,1977724,1167600
3615,252,258,267039,4979,1977982,1173600
3616,238,266,266785,4967,1978248,1172000
3617,229,261,266567,4924,1978509,1155700
3618,249,264,266323,4904,1978773,1121100
3619,270,253,266042,4932,1979026,1148800
3620,288,248,265771,4955,1979274,1135600
3621,283,267,265491,4968,1979541,1114600
3622,261,219,265226,5014,1979760,1146300
3623,241,267,264977,4996,1980027,1130100
3624,237,247,264730,4996,1980274,1217500
3625,269,251,264470,5005,1980525,1182800
3626,247,252,264225,4998,1980777,1252300
3627,271,242,263963,5018,1981019,1207500
3628,286,255,263681,5045,1981274,1410600
3629,250,239,263420,5067,1981513,1367700
3630,269,227,263162,5098,1981740,1279600
3631,262,268,262894,5098,1982008,1215000
3632,258,287,262622,5083,1982295,1206400
3633,243,274,262381,5050,1982569,1204200
3634,227,251,262153,5027,1982820,1304300
3635,248,255,261910,5015,1983075,1309200
3636,250,241,261665,5019,1983316,1236000
3637,242,239,261418,5027,1983555,1333600
3638,237,240,261183,5022,1983795,1181600
3639,241,238,260937,5030,1984033,1175500
3640,250,255,260706,5006,1984288,1141500
3641,238,246,260441,5025,1984534,1197500
3642,254,275,260203,4988,1984809,1226700
3643,263,264,259932,4995,1985073,1287400
3644,253,289,259680,4958,1985362,1234400
3645,268,236,259418,4984,1985598,1210500
3646,237,253,259171,4978,1985851,1170300
3647,251,251,258914,4984,1986102,1054000
3648,237,260,258683,4955,1986362,1135200
3649,254,252,258442,4944,1986614,1077000
3650,245,249,258198,4939,1986863,1035700
3651,263,274,257935,4928,1987137,1115400
3652,246,265,257685,4913,1987402,1108500
3653,242,273,257438,4887,1987675,1225800
3654,239,229,257211,4885,1987904,1100200
3655,253,241,256950,4905,1988145,1078500
3656,226,258,256722,4875,1988403,1162600
3657,236,238,256477,4882,1988641,1179300
3658,229,264,256258,4837,1988905,1102700
3659,227,257,256024,4814,1989162,1068900
3660,242,234,255781,4823,1989396,1046300
3661,228,238,255557,4809,1989634,1135800
3662,253,255,255303,4808,1989889,1064500
3663,248,241,255055,4815,1990130,1016200
3664,278,253,254799,4818,1990383,1086900
3665,252,248,254534,4835,1990631,1052200
3666,264,233,254266,4870,1990864,1097600
3667,257,257,254017,4862,1991121,1190200
3668,253,230,253760,4889,1991351,1200400
3669,270,253,253489,4907,1991604,1159300
3670,245,258,253234,4904,1991862,1189000
3671,244,224,252992,4922,1992086,1192900
3672,238,219,252768,4927,1992305,1139100
3673,297,270,252474,4951,1992575,1092100
3674,258,243,252206,4976,1992818,1073200
3675,283,268,251933,4981,1993086,1207900
3676,280,251,251646,5017,1993337,1177600
3677,228,220,251408,5035,1993557,1192300
3678,288,273,251137,5033,1993830,1105800
3679,258,235,250873,5062,1994065,1150800
3680,270,256,250623,5056,1994321,1120500
3681,276,277,250328,5074,1994598,1087000
3682,257,274,250066,5062,1994872,1183300
3683,230,275,249835,5018,1995147,1269800
3684,247,244,249591,5018,1995391,1098500
3685,259,283,249327,4999,1995674,1166800
3686,242,262,249090,4974,1995936,1110900
3687,271,271,248827,4966,1996207,1109000
3688,244,248,248565,4980,1996455,1068500
3689,249,269,248323,4953,1996724,1073500
3690,260,263,248070,4943,1996987,1138400
3691,263,255,247805,4953,1997242,1054800
3692,235,264,247563,4931,1997506,1074300
3693,252,238,247313,4943,1997744,1090200
3694,251,265,247067,4924,1998009,1096300
3695,252,252,246811,4928,1998261,1082100
3696,268,286,246541,4912,1998547,1020300
3697,278,218,246260,4975,1998765,1079800
3698,275,256,246005,4974,1999021,1089900
3699,267,256,245724,4999,1999277,1028100
3700,255,274,245461,4988,1999551,1033500
3701,259,256,245212,4981,1999807,1151700
3702,260,266,244952,4975,2000073,1164100
3703,262,248,244679,5000,2000321,1274800
3704,255,232,244433,5014,2000553,1118600
3705,231,289,244195,4963,2000842,1115500
3706,267,250,243942,4966,2001092,1245300
3707,232,255,243700,4953,2001347,1125600
3708,264,240,243444,4969,2001587,1066700
3709,284,239,243159,5015,2001826,1254400
3710,244,263,242908,5003,2002089,1110500
3711,243,206,242655,5050,2002295,1064500
3712,255,270,242413,5022,2002565,1049000
3713,263,263,242136,5036,2002828,1064500
3714,237,276,241916,4980,2003104,1046100
3715,236,242,241673,4981,2003346,1097800
3716,250,270,241428,4956,2003616,1159800
3717,245,217,241192,4975,2003833,1023900
3718,255,234,240918,5015,2004067,1207800
3719,242,272,240689,4972,2004339,1100100
3720,269,279,240424,4958,2004618,1185300
3721,258,258,240164,4960,2004876,1044000
3722,234,258,239915,4951,2005134,1046200
3723,249,238,239682,4946,2005372,1129900
3724,261,262,239408,4958,2005634,1115500
3725,252,262,239158,4946,2005896,1046200
3726,276,251,238900,4953,2006147,1035400
3727,242,262,238651,4940,2006409,1043300
3728,241,255,238402,4934,2006664,1208100
3729,258,244,238144,4948,2006908,1107900
3730,250,263,237891,4938,2007171,1143400
3731,271,271,237635,4923,2007442,1135700
3732,278,239,237345,4974,2007681,1087800
3733,232,259,237107,4953,2007940,1198500
3734,239,257,236872,4931,2008197,1132200
3735,279,247,236603,4953,2008444,1020400
3736,252,243,236343,4970,2008687,1002600
3737,237,249,236098,4966,2008936,1169500
3738,257,241,235846,4977,2009177,1221500
3739,268,257,235584,4982,2009434,1124400
3740,248,249,235341,4976,2009683,1066900
3741,274,243,235064,5010,2009926,1099500
3742,261,300,234797,4977,2010226,1074500
3743,258,273,234541,4960,2010499,1062600
3744,240,276,234303,4922,2010775,1099600
3745,249,247,234055,4923,2011022,1085100
3746,246,253,233802,4923,2011275,1143100
3747,255,269,233545,4911,2011544,1119700
3748,250,247,233298,4911,2011791,1076700
3749,245,272,233045,4892,2012063,1042200
3750,238,281,232818,4838,2012344,1085000
3751,232,268,232582,4806,2012612,1026100
3752,233,249,232349,4790,2012861,1086100
3753,236,241,232117,4781,2013102,1058000
3754,244,229,231873,4796,2013331,1060900
3755,276,245,231596,4828,2013576,1140200
3756,253,226,231341,4857,2013802,1132200
3757,248,223,231109,4866,2014025,1037000
3758,232,261,230853,4861,2014286,1128500
3759,277,244,230589,4881,2014530,1059500
3760,252,242,230328,4900,2014772,1047400
3761,274,260,230072,4896,2015032,1056400
3762,238,210,229815,4943,2015242,1061400
3763,271,262,229557,4939,2015504,1003500
3764,253,257,229303,4936,2015761,1256400
3765,245,254,229050,4935,2016015,1153300
3766,285,252,228776,4957,2016267,1265500
3767,256,265,228514,4954,2016532,1238000
3768,253,251,228244,4973,2016783,1159000
3769,247,279,228012,4926,2017062,1073300
3770,232,239,227781,4918,2017301,1055500
3771,234,232,227541,4926,2017533,1085900
3772,258,265,227292,4910,2017798,1041300
3773,246,269,227044,4889,2018067,1084400
3774,264,272,226781,4880,2018339,1019100
3775,242,262,226529,4870,2018601,1067200
3776,255,248,226303,4848,2018849,1076100
3777,244,225,226034,4892,2019074,1013600
3778,236,260,225796,4870,2019334,1096700
3779,251,257,225555,4854,2019591,1209100
3780,263,249,225297,4863,2019840,1080300
3781,269,265,225022,4873,2020105,1080800
3782,199,252,224814,4829,2020357,1041500
3783,244,248,224575,4820,2020605,1052700
3784,263,268,224308,4819,2020873,1255900
3785,275,263,224030,4834,2021136,1020100
3786,243,232,223792,4840,2021368,1082800
3787,221,258,223568,4806,2021626,1009900
3788,247,253,223320,4801,2021879,1098800
3789,245,272,223084,4765,2022151,1042600
3790,244,272,222829,4748,2022423,1035700
3791,248,228,222595,4754,2022651,1044900
3792,260,266,222325,4758,2022917,1114300
3793,232,242,222083,4758,2023159,1079400
3794,242,245,221842,4754,2023404,1115900
3795,238,243,221612,4741,2023647,1122300
3796,251,237,221369,4747,2023884,1061400
3797,266,236,221110,4770,2024120,1031400
3798,256,242,220846,4792,2024362,1038300
3799,248,257,220595,4786,2024619,1022100
3800,257,246,220343,4792,2024865,1099000
3801,261,248,220082,4805,2025113,1092100
3802,244,268,219837,4782,2025381,1027200
3803,265,256,219572,4791,2025637,1060900
3804,274,262,219296,4805,2025899,1170700
3805,267,249,219040,4812,2026148,1107800
3806,262,250,218772,4830,2026398,1012600
3807,259,266,218509,4827,2026664,1002500
3808,266,265,218244,4827,2026929,1225900
3809,240,242,217986,4843,2027171,1113200
3810,242,212,217755,4862,2027383,1089300
3811,275,233,217490,4894,2027616,1049000
3812,255,285,217243,4856,2027901,1026000
3813,238,266,216981,4852,2028167,1104400
3814,223,243,216763,4827,2028410,1099400
3815,225,239,216533,4818,2028649,1028200
3816,264,245,216277,4829,2028894,1100000
3817,231,257,216049,4800,2029151,1082400
3818,254,250,215784,4815,2029401,1024600
3819,267,247,215537,4815,2029648,1082900
3820,262,258,215271,4823,2029906,1134300
3821,243,259,215021,4814,2030165,1120300
3822,263,250,214753,4832,2030415,1252000
3823,253,257,214501,4827,2030672,1357200
3824,254,236,214246,4846,2030908,1217400
3825,263,268,213992,4832,2031176,1211100
3826,277,225,213707,4892,2031401,1200200
3827,268,278,213463,4858,2031679,1182000
3828,265,226,213173,4922,2031905,1129600
3829,243,271,212932,4892,2032176,1156900
3830,236,280,212692,4852,2032456,1165100
3831,234,251,212464,4829,2032707,1147900
3832,216,243,212249,4801,2032950,1129900
3833,241,284,212002,4764,2033234,1122500
3834,235,223,211765,4778,2033457,1144800
3835,216,263,211541,4739,2033720,1079200
3836,214,230,211330,4720,2033950,1158600
3837,237,253,211106,4691,2034203,1187900
3838,233,230,210863,4704,2034433,1148500
3839,251,237,210625,4705,2034670,1104500
3840,213,267,210403,4660,2034937,1115000
3841,214,243,210189,4631,2035180,1114600
3842,260,238,209932,4650,2035418,1109100
3843,230,246,209710,4626,2035664,1110400
3844,244,244,209444,4648,2035908,1110500
3845,243,229,209217,4646,2036137,1147800
3846,235,232,208984,4647,2036369,1207800
3847,219,227,208757,4647,2036596,1114900
3848,231,239,208526,4639,2036835,1065800
3849,255,220,208275,4670,2037055,1107500
3850,245,228,208032,4685,2037283,1122600
3851,222,239,207808,4670,2037522,1135800
3852,266,249,207556,4673,2037771,1125700
3853,220,236,207327,4666,2038007,1054600
3854,225,232,207107,4654,2038239,1107600
3855,251,245,206852,4664,2038484,1091300
3856,235,234,206618,4664,2038718,1057200
3857,231,227,206374,4681,2038945,1101900
3858,241,253,206148,4654,2039198,1142500
3859,260,237,205882,4683,2039435,1239900
3860,250,227,205631,4707,2039662,1094700
3861,235,253,205395,4690,2039915,1071600
3862,264,241,205134,4710,2040156,1103200
3863,273,221,204858,4765,2040377,1134800
3864,212,213,204650,4760,2040590,1077700
3865,245,247,204399,4764,2040837,1098900
3866,254,217,204153,4793,2041054,1158300
3867,238,264,203901,4781,2041318,1060600
3868,214,259,203694,4729,2041577,1095100
3869,254,270,203440,4713,2041847,1057900
3870,247,222,203190,4741,2042069,1046300
3871,242,240,202949,4742,2042309,1022500
3872,220,253,202726,4712,2042562,1166800
3873,245,240,202496,4702,2042802,1101400
3874,230,237,202263,4698,2043039,994200
3875,215,242,202047,4672,2043281,1038400
3876,244,240,201804,4675,2043521,1078800
3877,244,280,201563,4636,2043801,994200
3878,234,249,201328,4622,2044050,1075600
3879,217,198,201097,4655,2044248,1067100
3880,216,223,200890,4639,2044471,1052600
3881,207,248,200676,4605,2044719,1058000
3882,226,223,200462,4596,2044942,1189700
3883,223,226,200218,4614,2045168,1109600
3884,206,220,200023,4589,2045388,1210000
3885,206,242,199805,4565,2045630,1327000
3886,221,211,199590,4569,2045841,1199000
3887,204,239,199393,4527,2046080,1131900
3888,227,213,199174,4533,2046293,1108000
3889,243,227,198934,4546,2046520,1138800
3890,225,249,198697,4534,2046769,1095900
3891,248,264,198452,4515,2047033,1132700
3892,207,227,198230,4510,2047260,1057500
3893,215,236,198020,4484,2047496,1105100
3894,226,223,197791,4490,2047719,1061300
3895,251,225,197560,4496,2047944,981800
3896,222,234,197326,4496,2048178,1075500
3897,194,197,197130,4495,2048375,1078600
3898,234,243,196898,4484,2048618,1081600
3899,211,247,196679,4456,2048865,1125300
3900,224,218,196469,4448,2049083,1116500
3901,209,234,196248,4435,2049317,1035700
3902,215,252,196039,4392,2049569,1107100
3903,218,234,195822,4375,2049803,1059900
3904,213,239,195619,4339,2050042,1006000
3905,209,249,195402,4307,2050291,1072000
3906,219,220,195181,4308,2050511,1143900
3907,213,196,194972,4321,2050707,1059700
3908,229,213,194732,4348,2050920,1207400
3909,222,218,194517,4345,2051138,1043600
3910,220,217,194298,4347,2051355,1044800
3911,228,242,194069,4334,2051597,1057100
3912,208,245,193848,4310,2051842,1047400
3913,204,201,193650,4307,2052043,1040200
3914,199,209,193451,4297,2052252,1048000
3915,206,221,193246,4281,2052473,1073800
3916,209,239,193036,4252,2052712,1005300
3917,214,223,192814,4251,2052935,1041000
3918,218,198,192609,4258,2053133,1072600
3919,212,211,192397,4259,2053344,1019000
3920,245,231,192163,4262,2053575,1015600
3921,213,231,191924,4270,2053806,1030800
3922,199,214,191731,4249,2054020,1054500
3923,235,223,191501,4256,2054243,1160100
3924,207,242,191301,4214,2054485,1072500
3925,228,233,191068,4214,2054718,1114800
3926,218,208,190861,4213,2054926,1071300
3927,218,206,190636,4232,2055132,1088700
3928,202,236,190432,4200,2055368,1101800
3929,230,248,190202,4182,2055616,1134200
3930,229,215,189980,4189,2055831,1133600
3931,212,208,189761,4200,2056039,1074200
3932,234,223,189539,4199,2056262,1074500
3933,214,201,189316,4221,2056463,1077000
3934,218,227,189105,4205,2056690,1154000
3935,239,218,188873,4219,2056908,1602100
3936,226,223,188623,4246,2057131,1181500
3937,232,216,188398,4255,2057347,1111400
3938,233,203,188168,4282,2057550,1079900
3939,221,219,187945,4286,2057769,1074800
3940,207,211,187743,4277,2057980,1063900
3941,232,215,187510,4295,2058195,1061300
3942,240,232,187266,4307,2058427,1086700
3943,238,209,187028,4336,2058636,1163800
3944,214,226,186816,4322,2058862,1164100
3945,190,197,186619,4322,2059059,1144800
3946,207,211,186413,4317,2059270,1237800
3947,210,243,186194,4293,2059513,1094200
3948,216,216,185987,4284,2059729,1106400
3949,256,236,185739,4296,2059965,1070700
3950,235,221,185495,4319,2060186,1126800
3951,204,248,185300,4266,2060434,1071500
3952,235,217,185059,4290,2060651,1038600
3953,241,232,184822,4295,2060883,1043200
3954,234,233,184598,4286,2061116,1063600
3955,227,223,184358,4303,2061339,1038800
3956,211,228,184147,4286,2061567,1192000
3957,212,256,183938,4239,2061823,1029600
3958,228,202,183708,4267,2062025,1021100
3959,233,210,183471,4294,2062235,1068500
3960,224,224,183254,4287,2062459,1115900
3961,220,229,183033,4279,2062688,1116700
3962,215,232,182818,4262,2062920,1103900
3963,197,233,182615,4232,2063153,1044800
3964,205,190,182406,4251,2063343,1187200
3965,216,218,182206,4233,2063561,1097100
3966,228,228,181974,4237,2063789,1085700
3967,204,211,181760,4240,2064000,1098700
3968,202,206,181558,4236,2064206,1079800
3969,198,205,181356,4233,2064411,1095200
3970,194,218,181176,4195,2064629,1034500
3971,205,227,180971,4173,2064856,1080600
3972,204,224,180755,4165,2065080,1022000
3973,217,205,180537,4178,2065285,1051000
3974,204,223,180339,4153,2065508,1329000
3975,237,240,180115,4137,2065748,1139500
3976,228,214,179890,4148,2065962,1226900
3977,196,182,179674,4182,2066144,1160900
3978,222,214,179458,4184,2066358,1041200
3979,193,216,179264,4162,2066574,1735300
3980,211,209,179059,4158,2066783,1146400
3981,214,188,178836,4193,2066971,1060300
3982,234,203,178618,4208,2067174,1075000
3983,208,223,178390,4213,2067397,1071000
3984,203,211,178189,4203,2067608,1035700
3985,213,223,177987,4182,2067831,1077700
3986,190,198,177796,4175,2068029,1118700
3987,220,221,177572,4178,2068250,1088100
3988,204,219,177376,4155,2068469,1156600
3989,198,191,177163,4177,2068660,1162000
3990,223,195,176957,4188,2068855,1079900
3991,219,257,176714,4174,2069112,1100800
3992,212,200,176520,4168,2069312,1085700
3993,237,207,176284,4197,2069519,1050200
3994,208,204,176069,4208,2069723,1067500
3995,206,206,175868,4203,2069929,1123500
3996,223,217,175653,4201,2070146,1128100
3997,241,197,175403,4254,2070343,1067100
3998,224,230,175165,4262,2070573,1096500
3999,229,206,174946,4275,2070779,1152400
4000,233,204,174717,4300,2070983,1082500
4001,216,209,174506,4302,2071192,1226300
4002,225,231,174281,4296,2071423,1145800
4003,221,235,174054,4288,2071658,1115900
4004,221,220,173844,4278,2071878,1171700
4005,232,228,173606,4288,2072106,1292500
4006,210,198,173389,4307,2072304,1285400
4007,210,233,173176,4287,2072537,1161500
4008,211,222,172973,4268,2072759,1084100
4009,212,225,172763,4253,2072984,1193600
4010,246,200,172508,4308,2073184,1034800
4011,236,244,172278,4294,2073428,1107600
4012,229,226,172053,4293,2073654,1123000
4013,208,211,171841,4294,2073865,1054700
4014,204,205,171620,4310,2074070,1046200
4015,228,199,171415,4316,2074269,1145300
4016,224,226,171176,4329,2074495,1164700
4017,207,201,170968,4336,2074696,1224800
4018,211,222,170759,4323,2074918,1073400
4019,213,211,170555,4316,2075129,1104800
4020,215,228,170322,4321,2075357,997100
4021,210,225,170124,4294,2075582,1023100
4022,248,227,169880,4311,2075809,1011500
4023,248,199,169640,4352,2076008,1026100
4024,245,214,169388,4390,2076222,1047600
4025,270,226,169125,4427,2076448,1033400
4026,191,223,168925,4404,2076671,1065500
4027,215,228,168702,4399,2076899,1032900
4028,212,214,168496,4391,2077113,1080300
4029,232,213,168266,4408,2077326,1047500
4030,235,242,168033,4399,2077568,1139000
4031,223,217,167807,4408,2077785,1096000
4032,202,260,167601,4354,2078045,1104100
4033,216,218,167380,4357,2078263,1142100
4034,216,222,167172,4343,2078485,1032900
4035,230,238,166941,4336,2078723,1076000
4036,180,207,166755,4315,2078930,1050200
4037,227,214,166538,4318,2079144,1088100
4038,190,229,166344,4283,2079373,1148700
4039,235,182,166120,4325,2079555,1134200
4040,225,230,165883,4332,2079785,1174700
4041,213,229,165670,4316,2080014,1081400
4042,229,248,165449,4289,2080262,1112500
4043,221,245,165223,4270,2080507,1068600
4044,202,196,165018,4279,2080703,1047000
4045,216,235,164805,4257,2080938,1023700
4046,210,213,164587,4262,2081151,1009500
4047,227,195,164370,4284,2081346,1034000
4048,194,196,164172,4286,2081542,1104600
4049,215,237,163962,4259,2081779,1039200
4050,204,220,163749,4252,2081999,1061900
4051,208,225,163544,4232,2082224,1074600
4052,213,197,163334,4245,2082421,1099900
4053,223,190,163113,4276,2082611,1131100
4054,214,227,162905,4257,2082838,1053200
4055,229,194,162672,4296,2083032,1272200
4056,227,217,162440,4311,2083249,1179600
4057,238,242,162219,4290,2083491,1160600
4058,206,249,161987,4273,2083740,1106900
4059,216,212,161767,4281,2083952,1065700
4060,201,238,161570,4240,2084190,1433800
4061,209,204,161371,4235,2084394,1125400
4062,210,236,161165,4205,2084630,1192100
4063,200,225,160961,4184,2084855,1334400
4064,217,199,160752,4194,2085054,1294800
4065,206,237,160531,4178,2085291,1235200
4066,226,210,160304,4195,2085501,1124700
4067,204,215,160113,4171,2085716,1137800
4068,201,225,159902,4157,2085941,1151900
4069,200,236,159713,4110,2086177,1126300
4070,224,200,159498,4125,2086377,1070900
4071,201,218,159274,4131,2086595,1191600
4072,214,206,159072,4127,2086801,1147500
4073,223,230,158835,4134,2087031,1076400
4074,199,207,158650,4112,2087238,1244000
4075,202,225,158436,4101,2087463,1141300
4076,177,174,158261,4102,2087637,1107000
4077,212,225,158056,4082,2087862,1115800
4078,186,200,157861,4077,2088062,1054800
4079,204,215,157662,4061,2088277,1138200
4080,192,197,157478,4048,2088474,1067000
4081,203,200,157258,4068,2088674,1022100
4082,210,218,157061,4047,2088892,1047800
4083,206,195,156841,4072,2089087,1035300
4084,198,226,156648,4039,2089313,1046400
4085,223,183,156426,4078,2089496,1020800
4086,231,242,156205,4057,2089738,1105600
4087,221,216,155990,4056,2089954,1130100
4088,212,214,155775,4057,2090168,1081700
4089,194,203,155577,4052,2090371,1109100
4090,199,221,155378,4030,2090592,1072000
4091,210,206,155170,4032,2090798,1113700
4092,229,214,154949,4039,2091012,1203100
4093,209,189,154732,4067,2091201,1071800
4094,219,208,154503,4088,2091409,1052900
4095,209,198,154299,4094,2091607,1237600
4096,217,215,154084,4094,2091822,1138700
4097,211,255,153865,4058,2092077,1039000
4098,209,212,153660,4051,2092289,1036600
4099,194,180,153464,4067,2092469,1045000
4100,196,216,153276,4039,2092685,1096900
4101,215,207,153054,4054,2092892,1103700
4102,196,210,152860,4038,2093102,1283600
4103,208,235,152658,4005,2093337,1151200
4104,192,205,152457,4001,2093542,1119400
4105,220,235,152244,3979,2093777,1112500
4106,202,175,152039,4009,2093952,1097700
4107,194,202,151843,4003,2094154,1074900
4108,229,216,151620,4010,2094370,1300700
4109,204,214,151413,4003,2094584,1098400
4110,203,206,151205,4005,2094790,1588200
4111,217,207,150991,4012,2094997,1290300
4112,229,185,150768,4050,2095182,1212500
4113,203,216,150564,4038,2095398,1168300
4114,213,202,150351,4049,2095600,1072600
4115,217,207,150128,4065,2095807,1200900
4116,218,223,149919,4051,2096030,1167700
4117,219,215,149700,4055,2096245,1081300
4118,222,203,149478,4074,2096448,1092700
4119,232,212,149242,4098,2096660,1079300
4120,217,208,149019,4113,2096868,1163900
4121,180,201,148831,4100,2097069,1203100
4122,217,236,148625,4070,2097305,1253300
4123,225,214,148400,4081,2097519,1305400
4124,218,214,148180,4087,2097733,1219600
4125,179,238,147998,4031,2097971,1390400
4126,207,207,147802,4020,2098178,1170100
4127,209,219,147594,4009,2098397,1251300
4128,217,215,147376,4012,2098612,1258900
4129,192,179,147169,4040,2098791,1182600
4130,203,226,146971,4012,2099017,1117300
4131,174,201,146796,3986,2099218,1088400
4132,214,212,146596,3974,2099430,1067500
4133,214,201,146370,3999,2099631,1141800
4134,203,202,146159,4008,2099833,1364800
4135,208,210,145962,3995,2100043,1148600
4136,203,195,145758,4004,2100238,1080700
4137,175,192,145574,3996,2100430,1134300
4138,195,188,145382,4000,2100618,1090400
4139,193,213,145189,3980,2100831,1100200
4140,177,187,145018,3964,2101018,1142100
4141,193,223,144826,3933,2101241,1089100
4142,189,197,144628,3934,2101438,1122700
4143,174,204,144455,3903,2101642,1137200
4144,189,220,144270,3868,2101862,1144500
4145,196,219,144079,3840,2102081,1097300
4146,181,182,143886,3851,2102263,1095200
4147,182,183,143704,3850,2102446,1081700
4148,167,198,143547,3809,2102644,1124900
4149,196,195,143348,3813,2102839,1052100
4150,202,199,143148,3814,2103038,1166400
4151,179,215,142969,3778,2103253,1100900
4152,208,215,142768,3764,2103468,1185200
4153,184,206,142585,3741,2103674,1178500
4154,169,179,142403,3744,2103853,1056600
4155,215,185,142201,3761,2104038,1110900
4156,186,189,142003,3770,2104227,1310200
4157,190,223,141807,3743,2104450,1120400
4158,191,209,141619,3722,2104659,1162600
4159,209,201,141427,3713,2104860,1113700
4160,221,187,141199,3754,2105047,1114200
4161,210,213,140987,3753,2105260,1198700
4162,207,195,140777,3768,2105455,1128900
4163,225,214,140559,3772,2105669,1124100
4164,196,200,140359,3772,2105869,1082400
4165,209,206,140152,3773,2106075,1062000
4166,239,209,139915,3801,2106284,1113400
4167,212,228,139693,3795,2106512,1170400
4168,236,199,139470,3819,2106711,1111200
4169,221,189,139249,3851,2106900,1137000
4170,231,205,139022,3873,2107105,1164000
4171,225,214,138807,3874,2107319,1158200
4172,217,197,138578,3906,2107516,1052400
4173,215,214,138352,3918,2107730,1165200
4174,201,212,138150,3908,2107942,1122000
4175,211,191,137943,3924,2108133,1067200
4176,209,232,137731,3904,2108365,1038900
4177,244,176,137497,3962,2108541,1073700
4178,210,202,137282,3975,2108743,1072100
4179,194,203,137084,3970,2108946,1098200
4180,211,212,136881,3961,2109158,1030600
4181,191,184,136682,3976,2109342,1195200
4182,208,204,136470,3984,2109546,1151900
4183,183,197,136286,3971,2109743,1179600
4184,208,191,136083,3983,2109934,1127900
4185,214,192,135875,3999,2110126,1133300
4186,171,211,135684,3979,2110337,1186800
4187,196,191,135501,3971,2110528,1091200
4188,199,181,135301,3990,2110709,1087700
4189,203,202,135108,3981,2110911,1001100
4190,202,201,134892,3996,2111112,1166800
4191,209,223,134684,3981,2111335,1156800
4192,202,192,134503,3970,2111527,1147600
4193,190,199,134286,3988,2111726,1179100
4194,201,204,134100,3970,2111930,1224500
4195,192,206,133901,3963,2112136,1178400
4196,174,226,133728,3910,2112362,1118800
4197,214,200,133515,3923,2112562,1101400
4198,207,207,133321,3910,2112769,1105600
4199,186,180,133119,3932,2112949,1041200
4200,190,214,132939,3898,2113163,1084600
4201,176,211,132751,3875,2113374,1111500
4202,226,200,132532,3894,2113574,1106400
4203,188,203,132334,3889,2113777,1223900
4204,198,215,132152,3856,2113992,1143000
4205,199,163,131947,3898,2114155,1265200
4206,213,201,131740,3904,2114356,1153800
4207,179,220,131558,3866,2114576,1148100
4208,169,233,131385,3806,2114809,1135400
4209,205,190,131182,3819,2114999,1062400
4210,188,194,130992,3815,2115193,1187300
4211,189,200,130805,3802,2115393,1108400
4212,208,169,130606,3832,2115562,1101300
4213,195,192,130399,3847,2115754,1036300
4214,169,199,130223,3824,2115953,1155700
4215,185,183,130046,3818,2116136,1095800
4216,205,193,129842,3829,2116329,1167900
4217,157,176,129680,3815,2116505,1185800
4218,182,191,129498,3806,2116696,1115600
4219,181,175,129313,3816,2116871,1139300
4220,200,196,129117,3816,2117067,1101100
4221,175,183,128958,3792,2117250,1082200
4222,203,224,128753,3773,2117474,1054600
4223,180,190,128569,3767,2117664,1090400
4224,217,210,128337,3789,2117874,1184900
4225,173,211,128164,3751,2118085,1161600
4226,224,187,127946,3782,2118272,1224900
4227,179,212,127766,3750,2118484,1201900
4228,201,189,127571,3756,2118673,1145700
4229,199,178,127369,3780,2118851,1157500
4230,172,192,127186,3771,2119043,1115800
4231,216,204,127001,3752,2119247,1116200
4232,234,160,126757,3836,2119407,1054500
4233,224,205,126531,3857,2119612,1056300
4234,192,204,126335,3849,2119816,1094200
4235,195,211,126128,3845,2120027,1148000
4236,193,181,125950,3842,2120208,1223300
4237,196,194,125741,3857,2120402,1288500
4238,207,176,125543,3879,2120578,1289700
4239,212,195,125330,3897,2120773,1131000
4240,202,190,125128,3909,2120963,1213300
4241,235,199,124896,3942,2121162,1112600
4242,214,179,124683,3976,2121341,1255200
4243,215,218,124471,3970,2121559,1241500
4244,203,225,124265,3951,2121784,1099900
4245,205,197,124049,3970,2121981,1099800
4246,179,202,123875,3942,2122183,1179700
4247,177,204,123690,3923,2122387,1312800
4248,195,211,123494,3908,2122598,1095500
4249,191,208,123316,3878,2122806,1072000
4250,191,202,123123,3869,2123008,1028100
4251,181,210,122937,3845,2123218,1124000
4252,195,207,122745,3830,2123425,1113000
4253,194,185,122553,3837,2123610,1098000
4254,189,193,122370,3827,2123803,1238500
4255,220,184,122152,3861,2123987,1117500
4256,173,189,121962,3862,2124176,1061800
4257,184,215,121798,3811,2124391,1210900
4258,205,206,121573,3830,2124597,1143500
4259,203,194,121376,3833,2124791,1154400
4260,198,181,121177,3851,2124972,1108300
4261,186,174,121005,3849,2125146,1154400
4262,188,202,120809,3843,2125348,1099900
4263,167,174,120643,3835,2125522,1194600
4264,203,193,120430,3855,2125715,1300700
4265,187,207,120249,3829,2125922,1210900
4266,181,207,120065,3806,2126129,1163200
4267,174,196,119891,3784,2126325,1172100
4268,195,187,119693,3795,2126512,1197900
4269,187,188,119522,3778,2126700,1158000
4270,155,209,119348,3743,2126909,1121700
4271,186,183,119164,3744,2127092,1208700
4272,171,180,119002,3726,2127272,1235200
4273,196,180,118801,3747,2127452,1162400
4274,212,195,118598,3755,2127647,1107700
4275,192,188,118398,3767,2127835,1143000
4276,182,185,118223,3757,2128020,1113800
4277,216,195,118012,3773,2128215,1166900
4278,179,211,117818,3756,2128426,1085500
4279,189,181,117623,3770,2128607,1071700
4280,162,196,117468,3729,2128803,1075500
4281,194,171,117270,3756,2128974,1052100
4282,175,207,117100,3719,2129181,1010000
4283,190,176,116908,3735,2129357,1056100
4284,170,207,116738,3698,2129564,1041500
4285,169,185,116560,3691,2129749,1151500
4286,163,186,116395,3670,2129935,1109100
4287,180,193,116227,3645,2130128,1214300
4288,203,207,116030,3635,2130335,1233800
4289,169,186,115846,3633,2130521,1145800
4290,183,192,115672,3615,2130713,1334200
4291,189,189,115481,3617,2130902,1260800
4292,197,189,115289,3620,2131091,1278800
4293,195,214,115093,3602,2131305,1291800
4294,187,177,114914,3604,2131482,1344400
4295,213,174,114693,3651,2131656,1210600
4296,198,182,114508,3654,2131838,1377300
4297,197,205,114299,3658,2132043,1356700
4298,178,175,114118,3664,2132218,1288800
4299,189,203,113937,3642,2132421,1276100
4300,208,218,113728,3633,2132639,1240900
4301,193,204,113536,3621,2132843,1271200
4302,201,195,113323,3639,2133038,1364600
4303,200,189,113133,3640,2133227,1475300
4304,199,184,112933,3656,2133411,1416700
4305,221,202,112712,3675,2133613,1303800
4306,188,198,112521,3668,2133811,1448500
4307,201,181,112325,3683,2133992,1337700
4308,204,190,112119,3699,2134182,1376100
4309,200,208,111918,3692,2134390,1332100
4310,210,194,111709,3707,2134584,1217500
4311,200,173,111508,3735,2134757,1319100
4312,232,179,111290,3774,2134936,1560400
4313,192,205,111081,3778,2135141,1305700
4314,220,225,110873,3761,2135366,1318000
4315,220,197,110647,3790,2135563,1239100
4316,199,193,110446,3798,2135756,1472900
4317,224,215,110221,3808,2135971,1434700
4318,182,187,110047,3795,2136158,1427700
4319,187,189,109858,3795,2136347,1244700
4320,192,186,109648,3819,2136533,1501900
4321,202,191,109457,3819,2136724,1420400
4322,194,191,109275,3810,2136915,1438200
4323,199,209,109077,3799,2137124,1195700
4324,188,186,108872,3818,2137310,1387300
4325,219,182,108666,3842,2137492,1266200
4326,223,185,108442,3881,2137677,1234300
4327,216,199,108225,3899,2137876,1324400
4328,235,191,107986,3947,2138067,1364900
4329,208,210,107780,3943,2138277,1391600
4330,201,189,107579,3955,2138466,1329800
4331,206,240,107366,3928,2138706,1325300
4332,213,207,107160,3927,2138913,1377200
4333,192,214,106964,3909,2139127,1253600
4334,226,204,106741,3928,2139331,1315900
4335,191,188,106546,3935,2139519,1278700
4336,200,179,106348,3954,2139698,1340200
4337,193,203,106152,3947,2139901,1263000
4338,197,219,105961,3919,2140120,1417000
4339,178,211,105775,3894,2140331,1302900
4340,197,208,105581,3880,2140539,1236800
4341,201,243,105394,3824,2140782,1244600
4342,187,189,105207,3822,2140971,1464700
4343,200,196,104995,3838,2141167,1263300
4344,186,204,104803,3826,2141371,1407800
4345,198,209,104618,3802,2141580,1321200
4346,171,210,104439,3771,2141790,1489100
4347,185,186,104262,3762,2141976,1280500
4348,173,192,104073,3759,2142168,1179600
4349,167,196,103901,3735,2142364,1405000
4350,181,190,103719,3727,2142554,1361800
4351,194,185,103533,3728,2142739,1364300
4352,186,202,103350,3709,2142941,1197000
4353,177,182,103181,3696,2143123,1493600
4354,206,188,102969,3720,2143311,1262500
4355,193,196,102767,3726,2143507,1253100
4356,206,187,102578,3728,2143694,1339500
4357,195,166,102388,3752,2143860,1371500
4358,175,217,102190,3733,2144077,1295700
4359,197,182,102013,3728,2144259,1377100
4360,189,192,101817,3732,2144451,1278700
4361,176,184,101632,3733,2144635,1409700
4362,209,189,101430,3746,2144824,1309400
4363,205,173,101225,3778,2144997,1300700
4364,199,187,101040,3776,2145184,1226100
4365,208,209,100820,3787,2145393,1450900
4366,189,212,100636,3759,2145605,1361600
4367,189,205,100428,3762,2145810,1386100
4368,194,185,100239,3766,2145995,1330300
4369,167,214,100081,3710,2146209,1504200
4370,189,190,99884,3717,2146399,1361100
4371,215,164,99670,3767,2146563,1295500
4372,192,192,99485,3760,2146755,1328300
4373,193,182,99274,3789,2146937,1269900
4374,194,199,99103,3761,2147136,1296700
4375,196,178,98900,3786,2147314,1338600
4376,196,205,98708,3773,2147519,1326800
4377,202,194,98498,3789,2147713,1217800
4378,180,183,98317,3787,2147896,1336500
4379,196,209,98121,3774,2148105,1325800
4380,200,190,97934,3771,2148295,1162200
4381,196,201,97736,3768,2148496,1147700
4382,177,188,97562,3754,2148684,1184700
4383,161,205,97390,3721,2148889,1307400
4384,195,197,97198,3716,2149086,1401800
4385,189,198,97006,3710,2149284,1324700
4386,173,172,96830,3714,2149456,1272100
4387,181,204,96649,3691,2149660,1228900
4388,190,183,96458,3699,2149843,1508800
4389,159,175,96299,3683,2150018,1338600
4390,208,206,96101,3675,2150224,1175300
4391,175,179,95913,3684,2150403,1335600
4392,174,195,95761,3641,2150598,1286600
4393,188,183,95559,3660,2150781,1240900
4394,186,201,95366,3652,2150982,1264600
4395,169,201,95197,3620,2151183,1395500
4396,210,214,94993,3610,2151397,1347800
4397,193,174,94798,3631,2151571,1272600
4398,186,189,94613,3627,2151760,1171300
4399,160,187,94445,3608,2151947,1471000
4400,181,215,94273,3565,2152162,1364800
4401,174,181,94089,3568,2152343,1361500
4402,174,183,93912,3562,2152526,1209800
4403,196,167,93722,3585,2152693,1223500
4404,215,182,93519,3606,2152875,1396300
4405,155,179,93359,3587,2153054,1342400
4406,200,194,93155,3597,2153248,1249900
4407,192,204,92961,3587,2153452,1250500
4408,189,179,92784,3585,2153631,1261300
4409,198,188,92576,3605,2153819,1302900
4410,221,191,92373,3617,2154010,1152500
4411,203,178,92164,3648,2154188,1222600
4412,199,185,91968,3659,2154373,1293300
4413,185,194,91777,3656,2154567,1257700
4414,186,192,91578,3663,2154759,1223600
4415,163,205,91426,3610,2154964,1180600
4416,218,194,91220,3622,2155158,1199500
4417,195,206,91011,3625,2155364,1495600
4418,169,169,90842,3625,2155533,1377700
4419,199,188,90635,3644,2155721,1254900
4420,166,183,90475,3621,2155904,1249400
4421,171,194,90306,3596,2156098,1315000
4422,171,210,90127,3565,2156308,1363300
4423,194,179,89947,3566,2156487,1273800
4424,200,179,89742,3592,2156666,1252400
4425,185,169,89559,3606,2156835,1335100
4426,181,185,89377,3603,2157020,1293300
4427,185,194,89197,3589,2157214,1264300
4428,166,190,89010,3586,2157404,1203800
4429,173,174,88854,3568,2157578,1296300
4430,166,169,88674,3579,2157747,1340300
4431,172,172,88510,3571,2157919,1415600
4432,183,205,88325,3551,2158124,1253300
4433,162,189,88164,3523,2158313,1278900
4434,158,179,87999,3509,2158492,1197000
4435,183,168,87826,3514,2158660,1158300
4436,175,189,87649,3502,2158849,1165100
4437,153,174,87486,3491,2159023,1190300
4438,181,200,87313,3464,2159223,1479500
4439,202,182,87120,3475,2159405,1575900
4440,184,160,86930,3505,2159565,1421900
4441,176,157,86748,3530,2159722,1708300
4442,166,194,86583,3501,2159916,1796600
4443,185,190,86396,3498,2160106,1886500
4444,190,155,86217,3522,2160261,1677600
4445,198,183,86019,3537,2160444,1671200
4446,190,185,85834,3537,2160629,1440600
4447,184,191,85640,3540,2160820,1428000
4448,178,162,85461,3557,2160982,1596700
4449,189,207,85277,3534,2161189,1712400
4450,161,201,85114,3496,2161390,1648400
4451,176,186,84935,3489,2161576,1576400
4452,188,184,84746,3494,2161760,1652600
4453,190,167,84552,3521,2161927,1566200
4454,153,181,84401,3491,2162108,1358500
4455,168,183,84227,3482,2162291,1595200
4456,190,177,84070,3462,2162468,1998200
4457,153,182,83889,3461,2162650,2213200
4458,197,166,83699,3485,2162816,1924400
4459,167,178,83519,3487,2162994,1698700
4460,156,178,83380,3448,2163172,1484400
4461,199,161,83186,3481,2163333,1674800
4462,179,182,82994,3491,2163515,3088600
4463,150,172,82844,3469,2163687,2346900
4464,176,176,82673,3464,2163863,2313700
4465,191,179,82485,3473,2164042,2081600
4466,152,187,82328,3443,2164229,2301500
4467,170,185,82150,3436,2164414,2069200
4468,204,148,81951,3487,2164562,1977300
4469,171,170,81793,3475,2164732,1824100
4470,177,168,81600,3500,2164900,1809000
4471,181,185,81419,3496,2165085,2077300
4472,180,190,81239,3486,2165275,2500200
4473,171,179,81082,3464,2165454,2188500
4474,176,158,80906,3482,2165612,1825400
4475,179,196,80715,3477,2165808,1874300
4476,161,167,80550,3475,2165975,2145700
4477,164,191,80390,3444,2166166,2606000
4478,171,195,80219,3420,2166361,3474800
4479,186,181,80042,3416,2166542,3021500
4480,178,181,79856,3421,2166723,2974500
4481,172,161,79689,3427,2166884,3644000
4482,151,178,79531,3407,2167062,2320900
4483,171,169,79370,3399,2167231,1882600
4484,173,186,79187,3396,2167417,1521400
4485,181,171,79003,3409,2167588,1592400
4486,174,177,78836,3399,2167765,1524400
4487,156,178,78674,3383,2167943,1432200
4488,205,200,78473,3384,2168143,1981300
4489,165,184,78309,3364,2168327,1765700
4490,185,181,78125,3367,2168508,2287600
4491,170,176,77954,3362,2168684,1842700
4492,168,168,77799,3349,2168852,1976100
4493,166,163,77617,3368,2169015,1519100
4494,175,190,77448,3347,2169205,2037700
4495,186,204,77266,3325,2169409,2082100
4496,187,174,77072,3345,2169583,1526500
4497,161,193,76917,3307,2169776,1634800
4498,179,177,76732,3315,2169953,1587400
4499,149,158,76583,3306,2170111,1536800
4500,158,165,76431,3293,2170276,1547600
4501,174,169,76257,3298,2170445,1456000
4502,177,160,76078,3317,2170605,1459100
4503,171,173,75912,3310,2170778,1511600
4504,174,191,75732,3299,2170969,1357100
4505,150,166,75569,3296,2171135,1396700
4506,159,158,75425,3282,2171293,1402500
4507,180,182,75249,3276,2171475,1300600
4508,192,159,75048,3318,2171634,1285400
4509,203,181,74852,3333,2171815,1361000
4510,170,179,74675,3331,2171994,1531500
4511,194,172,74486,3348,2172166,1330300
4512,164,169,74314,3351,2172335,1411800
4513,169,172,74137,3356,2172507,1507700
4514,179,159,73973,3361,2172666,1352800
4515,173,167,73794,3373,2172833,1249400
4516,164,191,73624,3352,2173024,1561100
4517,178,195,73461,3320,2173219,1475100
4518,170,164,73283,3334,2173383,1708200
4519,163,167,73122,3328,2173550,1560600
4520,172,166,72947,3337,2173716,1840500
4521,171,164,72775,3345,2173880,1736200
4522,169,155,72607,3358,2174035,1790200
4523,176,182,72445,3338,2174217,1735000
4524,174,193,72265,3325,2174410,1814900
4525,168,175,72094,3321,2174585,1401900
4526,151,184,71930,3301,2174769,1569400
4527,159,168,71783,3280,2174937,1463500
4528,163,166,71620,3277,2175103,1695500
4529,173,168,71452,3277,2175271,1433700
4530,161,162,71299,3268,2175433,1434500
4531,160,161,71126,3280,2175594,1595000
4532,173,185,70952,3269,2175779,1442900
4533,164,179,70785,3257,2175958,1432100
4534,163,178,70621,3243,2176136,1507200
4535,181,158,70440,3266,2176294,1751200
4536,183,189,70262,3255,2176483,1433200
4537,183,163,70082,3272,2176646,1592400
4538,169,165,69909,3280,2176811,1494500
4539,208,162,69709,3318,2176973,1700500
4540,168,163,69539,3325,2177136,1494100
4541,161,189,69372,3303,2177325,1259500
4542,175,184,69199,3292,2177509,1820500
4543,181,171,69015,3305,2177680,1509500
4544,189,178,68828,3314,2177858,1685200
4545,141,168,68684,3290,2178026,2018100
4546,177,159,68517,3298,2178185,1646800
4547,148,175,68351,3289,2178360,1622500
4548,176,179,68190,3271,2178539,1695200
4549,173,180,68011,3270,2178719,1634800
4550,196,146,67814,3321,2178865,1457900
4551,172,160,67640,3335,2179025,1792500
4552,172,158,67467,3350,2179183,1777900
4553,170,176,67319,3322,2179359,1327700
4554,206,182,67094,3365,2179541,1455700
4555,184,175,66920,3364,2179716,1512400
4556,180,187,66726,3371,2179903,1418400
4557,146,203,66580,3314,2180106,1454400
4558,186,197,66404,3293,2180303,1753900
4559,155,187,66243,3267,2180490,1927300
4560,185,170,66067,3273,2180660,1512500
4561,201,180,65864,3296,2180840,1699800
4562,178,173,65685,3302,2181013,1498400
4563,190,181,65495,3311,2181194,1569300
4564,176,163,65313,3330,2181357,1489400
4565,159,154,65145,3344,2181511,1452000
4566,184,177,64962,3350,2181688,1515800
4567,144,152,64820,3340,2181840,1318900
4568,150,168,64675,3317,2182008,1540200
4569,169,149,64513,3330,2182157,1527900
4570,143,187,64365,3291,2182344,1412200
4571,155,161,64210,3285,2182505,1457000
4572,161,170,64045,3280,2182675,1315900
4573,160,164,63886,3275,2182839,1394400
4574,147,169,63733,3259,2183008,1433900
4575,178,156,63568,3268,2183164,1489900
4576,156,171,63412,3253,2183335,1551900
4577,192,160,63223,3282,2183495,1486300
4578,159,172,63047,3286,2183667,1319100
4579,139,151,62910,3272,2183818,1441600
4580,153,174,62758,3250,2183992,1458200
4581,157,153,62603,3252,2184145,1470500
4582,151,172,62454,3229,2184317,1569200
4583,163,154,62293,3236,2184471,1482800
4584,155,167,62132,3230,2184638,1462000
4585,156,173,61972,3217,2184811,1602900
4586,164,149,61820,3220,2184960,1273300
4587,146,172,61663,3205,2185132,1346600
4588,170,166,61510,3192,2185298,1450700
4589,143,164,61359,3179,2185462,1692300
4590,148,165,61209,3164,2185627,1474800
4591,136,169,61061,3143,2185796,1455100
4592,134,162,60934,3108,2185958,1546100
4593,143,154,60800,3088,2186112,1304100
4594,131,151,60658,3079,2186263,1443400
4595,137,162,60527,3048,2186425,1576500
4596,138,158,60392,3025,2186583,1641400
4597,123,134,60261,3022,2186717,2103600
4598,141,146,60121,3016,2186863,1704600
4599,117,144,60002,2991,2187007,1692800
4600,139,163,59870,2960,2187170,1649500
4601,146,160,59722,2948,2187330,1649900
4602,149,154,59577,2939,2187484,1502000
4603,119,139,59439,2938,2187623,1785100
4604,111,144,59333,2900,2187767,1667300
4605,115,159,59220,2854,2187926,1590500
4606,131,132,59104,2838,2188058,1619100
4607,118,155,58982,2805,2188213,1484700
4608,129,121,58851,2815,2188334,1503100
4609,135,143,58714,2809,2188477,1735300
4610,139,141,58576,2806,2188618,1582200
4611,139,146,58430,2806,2188764,1564300
4612,114,137,58330,2769,2188901,1531900
4613,134,152,58191,2756,2189053,1555600
4614,147,131,58052,2764,2189184,1572800
4615,128,147,57913,2756,2189331,1503400
4616,135,141,57782,2746,2189472,1659200
4617,158,145,57627,2756,2189617,1492400
4618,128,131,57499,2753,2189748,1638000
4619,156,150,57338,2764,2189898,1378100
4620,107,155,57223,2724,2190053,1587400
4621,119,112,57111,2724,2190165,1525600
4622,129,120,56978,2737,2190285,1462200
4623,119,136,56862,2717,2190421,1607500
4624,103,139,56755,2685,2190560,1646700
4625,142,143,56625,2672,2190703,1442600
4626,145,157,56479,2661,2190860,1461700
4627,112,128,56356,2656,2190988,1700100
4628,126,129,56227,2656,2191117,1394000
4629,123,126,56111,2646,2191243,1333200
4630,125,129,55985,2643,2191372,1617100
4631,127,140,55855,2633,2191512,1610700
4632,124,137,55733,2618,2191649,1724500
4633,94,152,55627,2572,2191801,1453100
4634,119,112,55511,2576,2191913,1749000
4635,118,133,55398,2556,2192046,1265000
4636,117,119,55287,2548,2192165,1618900
4637,123,140,55165,2530,2192305,1383200
4638,125,119,55036,2540,2192424,1545700
4639,117,103,54922,2551,2192527,1864700
4640,123,125,54793,2555,2192652,1608400
4641,133,131,54664,2553,2192783,1772400
4642,129,125,54534,2558,2192908,1444800
4643,144,142,54390,2560,2193050,1451000
4644,148,139,54250,2561,2193189,1480300
4645,115,141,54128,2542,2193330,1766500
4646,139,145,53992,2533,2193475,1404300
4647,135,123,53847,2555,2193598,1490400
4648,96,129,53742,2531,2193727,1603800
4649,131,116,53630,2527,2193843,1991200
4650,116,135,53506,2516,2193978,1815900
4651,103,134,53404,2484,2194112,1670000
4652,106,134,53292,2462,2194246,2193400
4653,121,118,53175,2461,2194364,1818300
4654,94,107,53080,2449,2194471,1669500
4655,86,114,52991,2424,2194585,1750100
4656,122,121,52871,2423,2194706,1611000
4657,113,123,52760,2411,2194829,1580300
4658,85,121,52668,2382,2194950,1783400
4659,120,112,52562,2376,2195062,1501700
4660,106,118,52447,2373,2195180,2049900
4661,115,103,52331,2386,2195283,1990400
4662,118,139,52219,2359,2195422,1497300
4663,113,127,52105,2346,2195549,1610000
4664,117,129,51982,2340,2195678,1521100
4665,109,114,51878,2330,2195792,1823500
4666,103,105,51779,2324,2195897,1852000
4667,107,120,51668,2315,2196017,1577100
4668,114,118,51556,2309,2196135,1407800
4669,126,125,51426,2314,2196260,1343600
4670,104,96,51318,2326,2196356,1569600
4671,98,108,51224,2312,2196464,1551600
4672,90,107,51122,2307,2196571,1586700
4673,109,130,51029,2270,2196701,1384500
4674,87,103,50935,2261,2196804,1709400
4675,115,107,50827,2262,2196911,1713600
4676,106,111,50719,2259,2197022,1290400
4677,103,106,50617,2255,2197128,1931700
4678,96,112,50521,2239,2197240,1829000
4679,110,110,50408,2242,2197350,1982400
4680,96,117,50313,2220,2197467,2210400
4681,113,122,50201,2210,2197589,1641700
4682,87,112,50113,2186,2197701,2647400
4683,103,129,50006,2164,2197830,2848400
4684,103,102,49905,2163,2197932,1921100
4685,84,122,49826,2120,2198054,1784700
4686,98,117,49720,2109,2198171,1769100
4687,92,117,49630,2082,2198288,1519000
4688,85,120,49547,2045,2198408,1602200
4689,80,92,49460,2040,2198500,1567000
4690,114,111,49357,2032,2198611,1249100
4691,81,103,49273,2013,2198714,1347300
4692,92,108,49183,1995,2198822,1369400
4693,88,122,49092,1964,2198944,1640200
4694,73,90,49013,1953,2199034,1481700
4695,74,119,48939,1908,2199153,1434900
4696,59,110,48882,1855,2199263,1768700
4697,78,94,48804,1839,2199357,1478700
4698,83,85,48718,1840,2199442,1279200
4699,60,100,48651,1807,2199542,1380600
4700,81,88,48573,1797,2199630,1895300
4701,90,73,48491,1806,2199703,1740200
4702,81,92,48416,1789,2199795,1975000
4703,83,90,48327,1788,2199885,1862000
4704,87,86,48240,1789,2199971,1922900
4705,91,76,48154,1799,2200047,1645900
4706,65,95,48082,1776,2200142,2457900
4707,73,89,48001,1768,2200231,1922600
4708,75,92,47931,1746,2200323,1607500
4709,68,106,47862,1709,2200429,1526500
4710,91,91,47785,1695,2200520,1430300
4711,76,84,47698,1698,2200604,1839500
4712,70,95,47628,1673,2200699,1545000
4713,77,90,47548,1663,2200789,1592000
4714,66,99,47488,1624,2200888,1458900
4715,64,75,47424,1613,2200963,1579500
4716,64,83,47354,1600,2201046,1590900
4717,50,70,47301,1583,2201116,2308300
4718,59,89,47243,1552,2201205,2153400
4719,69,69,47178,1548,2201274,2706500
4720,67,68,47114,1544,2201342,4676200
4721,65,80,47040,1538,2201422,2970000
4722,57,75,46988,1515,2201497,2299300
4723,66,70,46922,1511,2201567,2037200
4724,69,84,46853,1496,2201651,1744900
4725,62,84,46790,1475,2201735,1513100
4726,61,75,46726,1464,2201810,1468700
4727,65,61,46662,1467,2201871,1415000
4728,44,60,46617,1452,2201931,1502500
4729,51,64,46566,1439,2201995,1585900
4730,51,69,46521,1415,2202064,1446400
4731,61,77,46456,1403,2202141,1425900
4732,63,65,46398,1396,2202206,1594700
4733,57,89,46335,1370,2202295,1352300
4734,53,79,46280,1346,2202374,1292500
4735,53,70,46235,1321,2202444,1414000
4736,55,66,46168,1322,2202510,1480200
4737,53,51,46124,1315,2202561,1311400
4738,40,55,46078,1306,2202616,1404100
4739,57,58,46028,1298,2202674,1562500
4740,56,57,45968,1301,2202731,1438700
4741,59,73,45910,1286,2202804,1612800
4742,66,63,45846,1287,2202867,1441900
4743,69,65,45774,1294,2202932,1426300
4744,66,83,45711,1274,2203015,1328000
4745,66,60,45641,1284,2203075,1300000
4746,71,55,45573,1297,2203130,1383100
4747,73,68,45499,1303,2203198,1567400
4748,70,68,45429,1305,2203266,1427800
4749,58,82,45370,1282,2203348,1470200
4750,55,73,45315,1264,2203421,1191100
4751,74,56,45248,1275,2203477,1481200
4752,72,67,45178,1278,2203544,1480300
4753,65,64,45108,1284,2203608,1267900
4754,69,64,45048,1280,2203672,1325400
4755,71,73,44968,1287,2203745,1393100
4756,58,60,44904,1291,2203805,1494000
4757,64,61,44845,1289,2203866,1674400
4758,65,65,44779,1290,2203931,2046400
4759,53,69,44724,1276,2204000,1931000
4760,57,58,44673,1269,2204058,1949300
4761,53,56,44621,1265,2204114,2436000
4762,68,69,44555,1262,2204183,2301700
4763,77,59,44472,1286,2204242,1958400
4764,57,72,44414,1272,2204314,1789500
4765,60,59,44354,1273,2204373,1998900
4766,61,60,44291,1276,2204433,2868000
4767,61,61,44236,1270,2204494,2288400
4768,54,67,44180,1259,2204561,1693000
4769,63,59,44112,1268,2204620,1609200
4770,55,58,44059,1263,2204678,2454000
4771,56,63,44006,1253,2204741,1818200
4772,57,55,43942,1262,2204796,1582700
4773,55,64,43886,1254,2204860,1322900
4774,48,62,43844,1234,2204922,3080400
4775,42,58,43797,1223,2204980,1975500
4776,42,63,43753,1204,2205043,1847600
4777,38,68,43716,1173,2205111,1446700
4778,44,72,43670,1147,2205183,1637300
4779,35,52,43639,1126,2205235,1756800
4780,49,48,43591,1126,2205283,1386300
4781,54,51,43540,1126,2205334,1590400
4782,43,37,43493,1136,2205371,1327900
4783,51,44,43443,1142,2205415,1550200
4784,42,49,43405,1131,2205464,1573100
4785,49,73,43350,1113,2205537,1540900
4786,44,56,43304,1103,2205593,1706300
4787,40,58,43267,1082,2205651,1565300
4788,46,44,43224,1081,2205695,1914100
4789,47,54,43176,1075,2205749,1612900
4790,50,54,43128,1069,2205803,2079400
4791,43,58,43083,1056,2205861,1559700
4792,42,51,43041,1047,2205912,2522900
4793,57,56,42987,1045,2205968,1561600
4794,46,48,42937,1047,2206016,1852500
4795,48,53,42888,1043,2206069,1328200
4796,53,47,42835,1049,2206116,1506600
4797,51,53,42786,1045,2206169,1588200
4798,43,57,42743,1031,2206226,1440700
4799,41,56,42701,1017,2206282,1571200
4800,43,60,42655,1003,2206342,1924700
4801,34,44,42621,993,2206386,2327000
4802,53,51,42571,992,2206437,2449300
4803,45,39,42526,998,2206476,2051900
4804,55,47,42476,1001,2206523,1707800
4805,67,66,42408,1003,2206589,2125900
4806,38,49,42367,995,2206638,4026500
4807,34,50,42330,982,2206688,2672600
4808,49,55,42283,974,2206743,1634300
4809,55,49,42226,982,2206792,4404300
4810,43,50,42185,973,2206842,1827600
4811,38,43,42144,971,2206885,1995800
4812,51,58,42101,956,2206943,3073700
4813,50,36,42050,971,2206979,3722300
4814,47,45,42003,973,2207024,1942600
4815,43,47,41958,971,2207071,4054900
4816,51,50,41904,975,2207121,4934300
4817,44,59,41861,959,2207180,4051200
4818,55,39,41807,974,2207219,3656700
4819,47,58,41763,960,2207277,1937500
4820,53,48,41704,971,2207325,1861300
4821,55,51,41649,975,2207376,1563200
4822,50,56,41602,966,2207432,2041800
4823,37,56,41565,947,2207488,4742700
4824,44,50,41518,944,2207538,2202600
4825,39,62,41479,921,2207600,1711800
4826,49,41,41431,928,2207641,1508500
4827,44,42,41384,933,2207683,1583000
4828,43,52,41345,920,2207735,1704700
4829,46,44,41293,928,2207779,1532100
4830,52,48,41252,921,2207827,1611400
4831,46,41,41200,932,2207868,1637700
4832,49,38,41152,942,2207906,1654600
4833,55,48,41101,945,2207954,1484700
4834,49,56,41051,939,2208010,1656000
4835,44,61,41000,929,2208071,1320100
4836,38,48,40966,915,2208119,1596600
4837,57,46,40912,923,2208165,1367900
4838,33,55,40875,905,2208220,1458900
4839,37,48,40843,889,2208268,1407300
4840,57,46,40789,897,2208314,1278100
4841,42,68,40739,879,2208382,1256000
4842,51,31,40698,889,2208413,1295300
4843,46,39,40644,904,2208452,1396500
4844,38,52,40601,895,2208504,1360700
4845,43,40,40561,895,2208544,1432900
4846,40,39,40526,891,2208583,1504600
4847,51,36,40472,909,2208619,2364400
4848,42,44,40429,908,2208663,2252700
4849,45,41,40388,908,2208704,2127800
4850,51,35,40333,928,2208739,1572300
4851,35,66,40298,897,2208805,1435500
4852,38,47,40264,884,2208852,1591400
4853,54,43,40210,895,2208895,1709900
4854,53,44,40153,908,2208939,1373400
4855,45,47,40108,906,2208986,1567600
4856,44,43,40064,907,2209029,1490700
4857,31,42,40032,897,2209071,1480400
4858,51,33,39987,909,2209104,1370600
4859,29,40,39953,903,2209144,2056400
4860,49,50,39907,899,2209194,1361700
4861,36,54,39870,882,2209248,1543100
4862,36,44,39832,876,2209292,1596600
4863,35,42,39797,869,2209334,1840900
4864,48,46,39748,872,2209380,1430500
4865,40,43,39707,870,2209423,1410800
4866,46,47,39662,868,2209470,1777700
4867,33,59,39627,844,2209529,1543500
4868,35,47,39596,828,2209576,1337100
4869,41,42,39550,832,2209618,1551400
4870,36,48,39514,820,2209666,1642900
4871,35,45,39485,804,2209711,1388900
4872,33,47,39446,796,2209758,1511200
4873,32,41,39414,787,2209799,1684900
4874,30,53,39389,759,2209852,1561400
4875,26,44,39356,748,2209896,1332300
4876,34,48,39322,734,2209944,1553200
4877,39,37,39292,727,2209981,1542600
4878,38,37,39251,731,2210018,1373200
4879,39,28,39210,744,2210046,1300100
4880,41,30,39171,753,2210076,1471400
4881,28,41,39139,744,2210117,1783400
4882,51,30,39095,758,2210147,1432100
4883,31,39,39059,755,2210186,1284500
4884,20,48,39039,727,2210234,1412600
4885,36,40,39002,724,2210274,1534200
4886,29,29,38976,721,2210303,1798500
4887,35,33,38943,721,2210336,2041100
4888,44,35,38896,733,2210371,1833700
4889,36,33,38861,735,2210404,1737800
4890,45,35,38815,746,2210439,1703500
4891,48,49,38773,739,2210488,1616100
4892,33,41,38733,738,2210529,1480800
4893,34,44,38701,726,2210573,1593400
4894,38,41,38662,724,2210614,1360300
4895,46,39,38614,733,2210653,1435600
4896,41,40,38577,730,2210693,1254000
4897,44,32,38533,742,2210725,1212000
4898,53,38,38479,758,2210763,1818600
4899,44,47,38431,759,2210810,1552100
4900,41,37,38394,759,2210847,1350400
4901,34,47,38361,745,2210894,1364600
4902,38,34,38320,752,2210928,1492000
4903,52,42,38270,760,2210970,1394900
4904,49,39,38223,768,2211009,1269300
4905,45,34,38174,783,2211043,2750500
4906,38,39,38133,785,2211082,1576800
4907,44,40,38094,784,2211122,1473500
4908,31,39,38059,780,2211161,1540400
4909,34,38,38025,776,2211199,1766500
4910,29,37,37996,768,2211236,1480500
4911,43,33,37958,773,2211269,1662100
4912,38,38,37916,777,2211307,1833600
4913,25,44,37892,757,2211351,1503200
4914,41,36,37852,761,2211387,1409000
4915,37,33,37810,770,2211420,1637900
4916,21,39,37794,747,2211459,1975400
4917,33,23,37760,758,2211482,1390900
4918,39,53,37721,744,2211535,1851400
4919,37,47,37681,737,2211582,1730600
4920,37,47,37645,726,2211629,1345600
4921,46,44,37604,723,2211673,1308200
4922,42,34,37561,732,2211707,2117400
4923,46,38,37514,741,2211745,1652100
4924,40,43,37474,738,2211788,1437200
4925,34,43,37438,731,2211831,1518100
4926,40,43,37396,730,2211874,1515600
4927,40,34,37360,732,2211908,1874200
4928,34,43,37324,725,2211951,1696700
4929,33,44,37290,715,2211995,1649000
4930,36,43,37258,704,2212038,1613200
4931,27,32,37226,704,2212070,1493200
4932,31,38,37196,696,2212108,1886000
4933,39,42,37155,695,2212150,1789700
4934,24,32,37135,683,2212182,1385600
4935,21,45,37112,661,2212227,1466200
4936,36,39,37081,653,2212266,1550300
4937,27,38,37050,646,2212304,1252100
4938,25,26,37027,643,2212330,1287900
4939,28,25,36993,652,2212355,1358800
4940,31,35,36967,643,2212390,1622900
4941,23,32,36941,637,2212422,1360700
4942,30,41,36912,625,2212463,1346800
4943,21,26,36892,619,2212489,1278700
4944,20,23,36872,616,2212512,1544800
4945,20,32,36849,607,2212544,1295800
4946,24,21,36828,607,2212565,1232600
4947,28,28,36802,605,2212593,1459100
4948,26,35,36773,599,2212628,1644900
4949,27,23,36746,603,2212651,1286000
4950,22,34,36726,589,2212685,1197600
4951,30,29,36698,588,2212714,1491000
4952,17,30,36677,579,2212744,1775500
4953,21,36,36654,566,2212780,1406800
4954,27,42,36629,549,2212822,1555300
4955,32,27,36601,550,2212849,1883700
4956,23,32,36573,546,2212881,1533800
4957,27,24,36548,547,2212905,1468400
4958,18,26,36527,542,2212931,1429700
4959,19,27,36510,532,2212958,3205000
4960,21,23,36489,530,2212981,2403100
4961,14,33,36475,511,2213014,1659600
4962,22,21,36450,515,2213035,1446400
4963,21,14,36429,522,2213049,1487900
4964,27,28,36404,519,2213077,1798800
4965,19,22,36386,515,2213099,1696300
4966,30,18,36355,528,2213117,1311700
4967,17,35,36338,510,2213152,1320900
4968,24,26,36316,506,2213178,1993700
4969,26,28,36289,505,2213206,1538900
4970,25,30,36262,502,2213236,1355800
4971,31,18,36236,510,2213254,1890900
4972,10,18,36222,506,2213272,1409800
4973,16,26,36206,496,2213298,1254600
4974,23,25,36182,495,2213323,1252800
4975,29,18,36155,504,2213341,1459500
4976,25,25,36129,505,2213366,1278500
4977,19,31,36112,491,2213397,1157700
4978,16,28,36092,483,2213425,1357200
4979,24,23,36075,477,2213448,3149500
4980,18,15,36051,486,2213463,1577400
4981,13,22,36038,477,2213485,2861800
4982,18,26,36025,464,2213511,1581600
4983,11,28,36011,450,2213539,1784900
4984,18,20,35992,449,2213559,1787800
4985,25,20,35968,453,2213579,1674200
4986,9,25,35957,439,2213604,1412000
4987,22,20,35934,442,2213624,1600500
4988,13,15,35922,439,2213639,4036700
4989,19,23,35903,435,2213662,2114500
4990,15,22,35888,428,2213684,1733500
4991,14,26,35877,413,2213710,1400300
4992,11,26,35864,400,2213736,1462000
4993,15,24,35847,393,2213760,1491800
4994,10,23,35836,381,2213783,1227500
4995,22,12,35818,387,2213795,1295700
4996,23,16,35797,392,2213811,1232200
4997,11,15,35786,388,2213826,1525100
4998,20,17,35764,393,2213843,1835500
4999,10,18,35751,388,2213861,1228600
5000,11,23,35741,375,2213884,1590400
5001,13,23,35728,365,2213907,1700500
5002,13,18,35715,360,2213925,1336700
5003,8,15,35706,354,2213940,1179700
5004,14,13,35692,355,2213953,1422100
5005,13,12,35680,355,2213965,1402600
5006,17,18,35663,354,2213983,1273100
5007,14,17,35652,348,2214000,1099400
5008,19,14,35633,353,2214014,1130700
5009,22,20,35609,357,2214034,1480400
5010,22,23,35586,357,2214057,1279000
5011,18,24,35571,348,2214081,1158600
5012,11,9,35555,355,2214090,1256400
5013,15,15,35542,353,2214105,1275200
5014,13,19,35527,349,2214124,1404400
5015,21,14,35511,351,2214138,1204300
5016,15,9,35493,360,2214147,1146300
5017,9,16,35483,354,2214163,2477200
5018,18,13,35465,359,2214176,1318600
5019,10,25,35455,344,2214201,1235700
5020,19,18,35436,345,2214219,1229800
5021,14,19,35422,340,2214238,1913500
5022,15,22,35408,332,2214260,1479400
5023,18,19,35389,332,2214279,1645100
5024,20,20,35370,331,2214299,1380600
5025,16,13,35355,333,2214312,1265200
5026,17,22,35339,327,2214334,1380900
5027,14,19,35323,324,2214353,1185700
5028,17,22,35306,319,2214375,1203000
5029,20,18,35287,320,2214393,1392300
5030,7,17,35278,312,2214410,1129100
5031,7,18,35270,302,2214428,1388600
5032,7,21,35264,287,2214449,1314000
5033,13,14,35252,285,2214463,1154200
5034,9,16,35243,278,2214479,1311300
5035,8,15,35235,271,2214494,1928700
5036,14,8,35220,278,2214502,1256100
5037,6,12,35214,272,2214514,1294300
5038,17,13,35196,277,2214527,1381200
5039,14,16,35186,271,2214543,1300800
5040,10,15,35174,268,2214558,1436300
5041,9,12,35165,265,2214570,2598400
5042,16,7,35150,273,2214577,1679900
5043,11,18,35137,268,2214595,1865500
5044,14,21,35123,261,2214616,1518700
5045,14,13,35111,260,2214629,1386700
5046,11,14,35101,256,2214643,1548200
5047,9,13,35089,255,2214656,1453900
5048,16,9,35076,259,2214665,1628300
5049,10,10,35063,262,2214675,1599400
5050,18,13,35044,268,2214688,2591000
5051,19,13,35030,269,2214701,1634700
5052,13,9,35014,276,2214710,1329100
5053,14,13,35000,277,2214723,1403500
5054,15,13,34987,277,2214736,1535600
5055,16,17,34970,277,2214753,1273100
5056,15,14,34953,280,2214767,1237800
5057,15,14,34941,278,2214781,1724500
5058,14,16,34925,278,2214797,1517200
5059,19,20,34907,276,2214817,1389200
5060,15,17,34892,274,2214834,1583100
5061,16,15,34876,275,2214849,2264000
5062,11,17,34863,271,2214866,1418200
5063,11,10,34854,270,2214876,1501000
5064,9,19,34844,261,2214895,2171400
5065,12,14,34830,261,2214909,1546900
5066,15,10,34817,264,2214919,1508000
5067,8,18,34811,252,2214937,1398300
5068,12,13,34796,254,2214950,1694700
5069,16,16,34782,252,2214966,1428000
5070,11,13,34771,250,2214979,1364000
5071,11,16,34758,247,2214995,1709800
5072,14,8,34744,253,2215003,1736700
5073,15,8,34730,259,2215011,1483700
5074,18,13,34713,263,2215024,1505400
5075,9,17,34704,255,2215041,1704400
5076,13,12,34692,255,2215053,1388100
5077,16,15,34676,256,2215068,1244200
5078,13,15,34661,256,2215083,1295000
5079,18,16,34645,256,2215099,1767000
5080,10,8,34632,261,2215107,1865000
5081,15,13,34618,262,2215120,1710800
5082,10,13,34607,260,2215133,2523200
5083,4,11,34603,253,2215144,1609300
5084,13,15,34589,252,2215159,1731500
5085,12,7,34578,256,2215166,1859100
5086,15,20,34562,252,2215186,1571000
5087,14,15,34552,247,2215201,1399300
5088,4,17,34546,236,2215218,2672600
5089,15,6,34529,247,2215224,1591000
5090,8,12,34522,242,2215236,2264300
5091,15,8,34508,248,2215244,1596200
5092,8,9,34500,247,2215253,1740800
5093,8,15,34491,241,2215268,1485000
5094,9,20,34481,231,2215288,1810600
5095,5,16,34478,218,2215304,1340700
5096,10,13,34467,216,2215317,1357200
5097,11,13,34459,211,2215330,1728500
5098,6,13,34451,206,2215343,1437900
5099,8,14,34442,201,2215357,1576200
5100,8,9,34436,198,2215366,1647100
5101,6,12,34428,194,2215378,3013800
5102,6,8,34423,191,2215386,1496700
5103,10,11,34412,191,2215397,1363000
5104,7,7,34407,189,2215404,1352000
5105,8,9,34398,189,2215413,1677000
5106,8,12,34390,185,2215425,1905500
5107,4,12,34385,178,2215437,2496700
5108,6,10,34379,174,2215447,1867100
5109,9,11,34372,170,2215458,2240300
5110,8,9,34362,171,2215467,1751900
5111,13,13,34348,172,2215480,1916400
5112,10,9,34342,169,2215489,2671200
5113,14,12,34324,175,2215501,1543100
5114,6,5,34320,174,2215506,1926300
5115,9,8,34312,174,2215514,2338400
5116,8,6,34302,178,2215520,2224400
5117,6,9,34296,175,2215529,1714000
5118,12,11,34284,176,2215540,1706000
5119,11,10,34272,178,2215550,2656000
5120,12,7,34263,180,2215557,2272300
5121,12,8,34248,187,2215565,1607400
5122,8,9,34243,183,2215574,1670900
5123,16,12,34225,189,2215586,1912600
5124,9,11,34215,188,2215597,1837200
5125,14,5,34203,195,2215602,1423900
5126,13,11,34190,197,2215613,1624600
5127,6,8,34183,196,2215621,1698400
5128,5,8,34177,194,2215629,1623500
5129,6,11,34172,188,2215640,3526900
5130,8,9,34164,187,2215649,2333300
5131,7,13,34156,182,2215662,2344900
5132,5,11,34153,174,2215673,2392700
5133,3,13,34148,166,2215686,2984800
5134,8,6,34141,167,2215692,1988100
5135,5,3,34136,169,2215695,1490800
5136,5,6,34130,169,2215701,2837300
5137,7,4,34124,171,2215705,2641500
5138,9,13,34116,166,2215718,2588700
5139,7,7,34107,168,2215725,1675300
5140,9,6,34100,169,2215731,1633600
5141,12,13,34087,169,2215744,1825300
5142,7,8,34079,169,2215752,1985400
5143,4,11,34075,162,2215763,1704900
5144,5,9,34070,158,2215772,2124600
5145,3,3,34067,158,2215775,1640400
5146,5,5,34062,158,2215780,1445600
5147,7,9,34057,154,2215789,1568500
5148,3,3,34052,156,2215792,1495000
5149,8,10,34045,153,2215802,1521900
5150,6,5,34039,154,2215807,1561300
5151,6,6,34032,155,2215813,1536300
5152,4,8,34028,151,2215821,1690500
5153,9,11,34020,148,2215832,1563500
5154,10,6,34010,152,2215838,1914600
5155,7,6,34003,153,2215844,1925100
5156,6,8,33997,151,2215852,1521600
5157,5,10,33992,146,2215862,1704100
5158,6,9,33986,143,2215871,2002800
5159,7,7,33979,143,2215878,2084200
5160,8,11,33971,140,2215889,2754000
5161,12,9,33962,140,2215898,1766000
5162,11,10,33948,144,2215908,1445400
5163,10,10,33940,142,2215918,1562200
5164,5,7,33933,142,2215925,1410700
5165,6,7,33928,140,2215932,1416600
5166,3,8,33923,137,2215940,1391000
5167,8,4,33917,139,2215944,1524200
5168,4,5,33912,139,2215949,1660600
5169,2,5,33909,137,2215954,1581100
5170,2,9,33907,130,2215963,1594300
5171,3,6,33904,127,2215969,1520100
5172,4,4,33900,127,2215973,1521100
5173,2,9,33900,118,2215982,1466600
5174,5,3,33894,121,2215985,1766200
5175,6,4,33888,123,2215989,1887200
5176,4,10,33883,118,2215999,1411200
5177,0,4,33883,114,2216003,2211200
5178,2,14,33881,102,2216017,2009700
5179,2,3,33879,101,2216020,1799700
5180,3,7,33876,97,2216027,2020200
5181,2,7,33874,92,2216034,1967700
5182,1,3,33873,90,2216037,2249500
5183,1,4,33872,87,2216041,2264800
5184,3,4,33869,86,2216045,1600800
5185,1,4,33868,83,2216049,1858900
5186,3,7,33866,78,2216056,2201900
5187,1,4,33864,76,2216060,1406000
5188,2,0,33862,78,2216060,1603600
5189,1,6,33861,73,2216066,2046900
5190,1,2,33860,72,2216068,3063000
5191,0,4,33860,68,2216072,2782700
5192,0,1,33860,67,2216073,1718800
5193,0,4,33860,63,2216077,1916900
5194,3,4,33858,61,2216081,2156200
5195,0,2,33857,60,2216083,1491500
5196,1,3,33856,58,2216086,1733000
5197,1,1,33855,58,2216087,1767300
5198,1,5,33855,53,2216092,1620500
5199,0,3,33854,51,2216095,2726700
5200,3,5,33852,48,2216100,1963600
5201,1,2,33850,48,2216102,1586100
5202,0,3,33850,45,2216105,3486700
5203,0,0,33850,45,2216105,2006300
5204,1,1,33849,45,2216106,2422600
5205,0,2,33849,43,2216108,2108100
5206,1,2,33848,42,2216110,2145000
5207,0,3,33848,39,2216113,2183300
5208,0,4,33848,35,2216117,1790200
5209,0,1,33848,34,2216118,1840200
5210,0,1,33848,33,2216119,1830700
5211,2,1,33846,34,2216120,1817500
5212,0,0,33846,34,2216120,1780800
5213,0,2,33846,32,2216122,2251900
5214,0,2,33846,30,2216124,1657500
5215,0,1,33846,29,2216125,1621400
5216,0,1,33846,28,2216126,1562100
5217,0,2,33846,26,2216128,1619100
5218,0,2,33846,24,2216130,1530000
5219,0,2,33846,22,2216132,1744800
5220,2,1,33844,23,2216133,1740900
5221,0,4,33844,19,2216137,1442400
5222,0,0,33844,19,2216137,1533100
5223,0,2,33844,17,2216139,1510800
5224,1,1,33843,17,2216140,1287200
5225,0,0,33843,17,2216140,1280200
5226,1,2,33842,16,2216142,1611500
5227,0,2,33842,14,2216144,1554400
5228,0,1,33842,13,2216145,1339700
5229,0,0,33842,13,2216145,1397800
5230,0,1,33842,12,2216146,1958100
5231,0,0,33842,12,2216146,2410200
5232,0,0,33842,12,2216146,1929600
5233,0,0,33842,12,2216146,1676100
5234,0,0,33842,12,2216146,1500700
5235,0,0,33842,12,2216146,1821900
5236,0,0,33842,12,2216146,1676500
5237,0,1,33842,11,2216147,1519700
5238,0,1,33842,10,2216148,1504600
5239,0,0,33842,10,2216148,1965900
5240,0,0,33842,10,2216148,1459700
5241,0,0,33842,10,2216148,1328700
5242,0,2,33842,8,2216150,1491100
5243,0,0,33842,8,2216150,1906500
5244,0,0,33842,8,2216150,1388100
5245,0,1,33842,7,2216151,1299400
5246,0,0,33842,7,2216151,1363300
5247,0,0,33842,7,2216151,1480800
5248,0,0,33842,7,2216151,1206200
5249,0,0,33842,7,2216151,1384700
5250,0,0,33842,7,2216151,1717900
5251,0,0,33842,7,2216151,1781500
5252,0,0,33842,7,2216151,1315000
5253,0,1,33842,6,2216152,1206600
5254,0,1,33842,5,2216153,1348400
5255,0,0,33842,5,2216153,1434100
5256,0,0,33842,5,2216153,1413800
5257,0,0,33842,5,2216153,1205300
5258,0,0,33842,5,2216153,1772200
5259,0,0,33842,5,2216153,1580300
5260,0,0,33842,5,2216153,1341700
5261,0,0,33842,5,2216153,1602200
5262,0,2,33842,3,2216155,1619800
5263,0,0,33842,3,2216155,1249400
5264,0,0,33842,3,2216155,1323500
5265,0,1,33842,2,2216156,1619600
5266,0,0,33842,2,2216156,1927000
5267,0,0,33842,2,2216156,1311400
5268,0,0,33842,2,2216156,1309800
5269,0,0,33842,2,2216156,1373400
5270,0,0,33842,2,2216156,1418300
5271,0,0,33842,2,2216156,1351600
5272,0,0,33842,2,2216156,1733500
5273,0,1,33842,1,2216157,1772400
5274,0,0,33842,1,2216157,1477900
5275,0,0,33842,1,2216157,1362900
5276,0,0,33842,1,2216157,1700500
5277,0,0,33842,1,2216157,1874100
5278,0,0,33842,1,2216157,2134300
5279,0,0,33842,1,2216157,2369900
5280,0,0,33842,1,2216157,2327900
5281,0,0,33842,1,2216157,3107100
5282,0,0,33842,1,2216157,2082500
5283,0,0,33842,1,2216157,2129900
5284,0,1,33842,0,2216158,1636300
