Tick,NewlyInfected,NewlyRecovered,TotalSusceptible,TotalInfected,TotalRecovered,StepTimeNanos
0,6,0,999990,10,0,1199300
1,4,0,999986,14,0,565300
2,3,2,999982,16,2,482800
3,11,2,999971,25,4,408900
4,5,0,999967,29,4,354200
5,8,2,999960,34,6,310400
6,8,3,999953,38,9,317300
7,6,1,999944,46,10,285000
8,6,1,999939,50,11,256400
9,6,1,999932,56,12,275000
10,9,2,999924,62,14,244000
11,7,2,999918,66,16,474600
12,9,2,999907,75,18,291900
13,12,9,999896,77,27,278800
14,9,8,999889,76,35,270900
15,9,5,999880,80,40,256500
16,12,5,999867,88,45,248100
17,13,5,999855,95,50,242400
18,12,6,999842,102,56,260600
19,19,9,999824,111,65,266100
20,10,7,999811,117,72,270200
21,16,11,999796,121,83,245500
22,13,6,999782,129,89,293900
23,6,5,999778,128,94,279800
24,15,8,999765,133,102,258700
25,16,11,999748,139,113,276300
26,7,7,999738,142,120,303000
27,19,14,999720,146,134,308500
28,25,8,999695,163,142,284000
29,12,11,999683,164,153,269400
30,21,15,999664,168,168,275500
31,21,12,999642,178,180,270300
32,27,12,999615,193,192,292600
33,29,13,999585,210,205,254500
34,12,10,999574,211,215,266200
35,23,12,999550,223,227,278200
36,29,14,999521,238,241,259500
37,17,13,999503,243,254,311900
38,30,10,999476,260,264,274800
39,18,21,999457,258,285,267300
40,34,13,999428,274,298,276200
41,21,16,999405,281,314,279800
42,25,10,999375,301,324,328500
43,31,22,999347,307,346,261100
44,21,11,999323,320,357,245200
45,32,14,999295,334,371,292200
46,28,21,999264,344,392,263500
47,43,15,999226,367,407,241700
48,28,18,999196,379,425,265400
49,28,19,999166,390,444,257600
50,37,17,999130,409,461,251900
51,37,18,999094,427,479,276400
52,27,21,999069,431,500,260900
53,32,20,999034,446,520,276500
54,38,12,999000,468,532,236600
55,37,22,998962,484,554,246300
56,38,27,998920,499,581,262800
57,44,24,998882,513,605,282400
58,46,24,998837,534,629,250700
59,43,30,998794,547,659,267500
60,31,29,998756,556,688,268800
61,44,23,998715,574,711,255800
62,41,30,998674,585,741,237800
63,38,31,998636,592,772,287600
64,49,46,998587,595,818,279200
65,45,31,998544,607,849,264700
66,67,30,998475,646,879,287500
67,51,28,998428,665,907,267100
68,58,36,998375,682,943,265100
69,56,25,998308,724,968,289600
70,70,32,998241,759,1000,287100
71,55,52,998188,760,1052,265200
72,58,39,998134,775,1091,276400
73,71,37,998059,813,1128,244300
74,65,39,997996,837,1167,261800
75,60,34,997933,866,1201,250200
76,55,42,997880,877,1243,255400
77,67,54,997813,890,1297,262700
78,48,55,997762,886,1352,267900
79,76,49,997681,918,1401,251900
80,65,40,997624,935,1441,273400
81,74,50,997554,955,1491,384800
82,70,57,997482,970,1548,234300
83,70,58,997415,979,1606,274500
84,63,42,997345,1007,1648,290900
85,68,49,997276,1027,1697,311400
86,70,60,997212,1031,1757,378000
87,73,48,997139,1056,1805,322300
88,67,60,997065,1070,1865,332300
89,77,55,996995,1085,1920,284200
90,83,56,996910,1114,1976,260800
91,85,69,996825,1130,2045,294200
92,70,54,996756,1145,2099,277100
93,80,67,996679,1155,2166,271400
94,77,67,996591,1176,2233,253400
95,68,61,996528,1178,2294,268000
96,81,52,996447,1207,2346,267700
97,75,65,996379,1210,2411,266800
98,86,56,996290,1243,2467,398200
99,90,62,996200,1271,2529,285700
100,76,67,996121,1283,2596,281900
101,80,63,996045,1296,2659,263500
102,70,67,995971,1303,2726,255600
103,68,73,995900,1301,2799,268800
104,76,68,995829,1304,2867,271700
105,97,60,995737,1336,2927,263000
106,77,81,995653,1339,3008,276500
107,91,67,995559,1366,3075,248000
108,84,63,995476,1386,3138,266400
109,81,69,995394,1399,3207,258500
110,104,76,995299,1418,3283,286300
111,83,70,995211,1436,3353,244100
112,87,65,995131,1451,3418,283100
113,94,79,995032,1471,3497,282500
114,115,72,994915,1516,3569,257300
115,111,106,994806,1519,3675,298200
116,118,68,994690,1567,3743,403800
117,108,70,994579,1608,3813,258400
118,108,86,994474,1627,3899,275100
119,117,104,994357,1640,4003,249100
120,109,82,994245,1670,4085,275800
121,89,94,994154,1667,4179,249500
122,116,91,994040,1690,4270,284600
123,122,89,993921,1720,4359,274600
124,137,84,993787,1770,4443,261300
125,129,95,993659,1803,4538,277000
126,107,107,993553,1802,4645,257700
127,108,93,993438,1824,4738,275000
128,112,93,993322,1847,4831,265200
129,86,94,993241,1834,4925,258100
130,129,98,993113,1864,5023,260600
131,118,97,992989,1891,5120,280100
132,107,99,992888,1893,5219,279500
133,117,81,992771,1929,5300,414600
134,113,111,992663,1926,5411,271300
135,115,80,992546,1963,5491,319800
136,116,96,992420,1993,5587,291600
137,127,104,992303,2006,5691,305700
138,118,105,992182,2022,5796,301900
139,119,98,992057,2049,5894,270800
140,113,114,991950,2042,6008,267600
141,132,89,991817,2086,6097,280200
142,146,92,991677,2134,6189,270300
143,139,129,991538,2144,6318,269900
144,134,106,991403,2173,6424,266100
145,125,120,991278,2178,6544,272600
146,130,107,991145,2204,6651,259600
147,128,118,991021,2210,6769,254500
148,151,108,990872,2251,6877,255200
149,140,133,990724,2266,7010,277000
150,150,115,990578,2297,7125,250100
151,125,113,990458,2304,7238,295700
152,143,137,990313,2312,7375,467700
153,145,130,990168,2327,7505,263700
154,150,108,990016,2371,7613,285100
155,160,98,989856,2433,7711,264500
156,156,120,989702,2467,7831,264100
157,157,124,989543,2502,7955,255900
158,164,127,989377,2541,8082,258300
159,167,123,989210,2585,8205,258300
160,146,136,989071,2588,8341,250600
161,168,141,988899,2619,8482,258700
162,150,150,988746,2622,8632,265200
163,146,140,988604,2624,8772,290100
164,160,135,988444,2649,8907,276300
165,148,112,988288,2693,9019,269600
166,153,164,988140,2677,9183,258200
167,176,151,987971,2695,9334,248200
168,183,132,987783,2751,9466,430300
169,168,143,987617,2774,9609,275300
170,168,154,987452,2785,9763,269700
171,185,136,987269,2832,9899,267400
172,150,177,987118,2806,10076,284000
173,157,158,986957,2809,10234,261500
174,178,147,986783,2836,10381,249300
175,179,143,986597,2879,10524,254400
176,185,144,986416,2916,10668,250400
177,176,145,986233,2954,10813,270900
178,168,143,986071,2973,10956,256900
179,202,152,985862,3030,11108,288900
180,191,126,985677,3089,11234,270000
181,171,162,985507,3097,11396,264200
182,220,177,985291,3136,11573,257800
183,186,162,985106,3159,11735,317200
184,191,145,984923,3197,11880,292900
185,208,153,984704,3263,12033,277600
186,181,161,984527,3279,12194,271100
187,173,175,984345,3286,12369,270600
188,174,152,984174,3305,12521,270400
189,199,165,983985,3329,12686,249800
190,186,175,983797,3342,12861,275200
191,199,151,983595,3393,13012,260100
192,192,180,983395,3413,13192,264600
193,197,188,983208,3412,13380,253200
194,213,177,982990,3453,13557,260400
195,173,170,982810,3463,13727,268800
196,208,200,982620,3453,13927,279100
197,203,171,982400,3502,14098,264300
198,200,170,982210,3522,14268,290900
199,196,162,982011,3559,14430,267700
200,189,204,981824,3542,14634,284900
201,191,193,981632,3541,14827,264400
202,217,173,981416,3584,15000,270000
203,225,188,981195,3617,15188,294000
204,186,204,980996,3612,15392,268900
205,235,185,980768,3655,15577,253300
206,196,172,980566,3685,15749,296300
207,208,204,980365,3682,15953,287100
208,179,176,980190,3681,16129,267900
209,196,151,979984,3736,16280,266900
210,217,181,979769,3770,16461,302400
211,216,223,979550,3766,16684,271800
212,212,191,979341,3784,16875,277100
213,240,174,979113,3838,17049,245600
214,216,210,978894,3847,17259,273700
215,224,206,978661,3874,17465,263600
216,242,198,978425,3912,17663,267100
217,235,207,978194,3936,17870,276300
218,226,206,977967,3957,18076,258800
219,224,185,977747,3992,18261,271000
220,231,224,977513,4002,18485,284600
221,243,186,977263,4066,18671,281500
222,223,208,977045,4076,18879,272300
223,239,186,976799,4136,19065,270300
224,265,213,976531,4191,19278,280300
225,220,223,976316,4183,19501,281400
226,253,216,976069,4214,19717,279600
227,255,211,975823,4249,19928,317100
228,266,193,975550,4329,20121,273300
229,281,218,975272,4389,20339,297300
230,234,227,975027,4407,20566,308600
231,241,243,974793,4398,20809,281000
232,256,234,974540,4417,21043,265900
233,252,253,974286,4418,21296,283300
234,249,251,974029,4424,21547,317000
235,242,240,973789,4424,21787,280000
236,257,237,973539,4437,22024,272200
237,244,242,973297,4437,22266,312000
238,229,252,973070,4412,22518,273500
239,224,212,972838,4432,22730,283000
240,248,219,972592,4459,22949,282700
241,246,225,972346,4480,23174,428700
242,245,237,972095,4494,23411,285900
243,273,231,971833,4525,23642,330700
244,278,248,971559,4551,23890,278000
245,274,242,971275,4593,24132,303100
246,270,237,971013,4618,24369,283200
247,256,246,970737,4648,24615,280300
248,245,233,970506,4646,24848,272000
249,237,241,970259,4652,25089,307500
250,254,273,970013,4625,25362,265400
251,272,234,969753,4651,25596,259600
252,247,226,969493,4685,25822,279100
253,259,252,969233,4693,26074,420000
254,276,243,968966,4717,26317,281600
255,279,241,968676,4766,26558,404200
256,249,257,968433,4752,26815,270600
257,269,242,968170,4773,27057,456100
258,298,254,967872,4817,27311,275100
259,280,269,967591,4829,27580,298800
260,295,237,967287,4896,27817,280400
261,254,268,967036,4879,28085,284400
262,257,252,966769,4894,28337,255900
263,301,279,966481,4903,28616,283300
264,283,261,966204,4919,28877,284700
265,280,295,965928,4900,29172,281500
266,275,243,965641,4944,29415,268900
267,271,235,965376,4974,29650,257200
268,308,302,965067,4981,29952,278200
269,302,252,964760,5036,30204,269600
270,291,258,964467,5071,30462,283300
271,283,236,964196,5106,30698,267300
272,281,258,963904,5140,30956,255500
273,317,268,963593,5183,31224,278500
274,322,252,963283,5241,31476,262500
275,319,262,962954,5308,31738,401000
276,302,278,962656,5328,32016,265600
277,313,288,962341,5355,32304,289700
278,357,300,961991,5405,32604,283900
279,313,289,961675,5432,32893,298900
280,298,272,961373,5462,33165,333800
281,338,315,961042,5478,33480,292600
282,289,332,960738,5450,33812,297000
283,307,293,960435,5460,34105,268100
284,342,286,960091,5518,34391,275200
285,349,305,959757,5547,34696,295900
286,323,294,959429,5581,34990,279300
287,356,283,959069,5658,35273,281400
288,302,292,958762,5673,35565,285400
289,368,280,958390,5765,35845,304900
290,309,304,958090,5761,36149,303700
291,326,295,957766,5790,36444,344600
292,334,289,957436,5831,36733,313900
293,371,304,957063,5900,37037,306400
294,368,318,956694,5951,37355,303200
295,326,331,956368,5946,37686,293800
296,350,294,956019,6001,37980,295000
297,336,340,955679,6001,38320,329900
298,325,343,955356,5981,38663,288600
299,348,330,954997,6010,38993,292200
300,325,302,954680,6025,39295,303800
301,334,301,954345,6059,39596,304700
302,313,298,954036,6070,39894,298200
303,330,294,953699,6113,40188,313600
304,312,290,953385,6137,40478,297200
305,332,318,953055,6149,40796,283900
306,348,311,952713,6180,41107,319200
307,370,314,952353,6226,41421,317400
308,324,303,952001,6275,41724,316100
309,351,322,951674,6280,42046,312100
310,338,309,951326,6319,42355,325200
311,305,322,951023,6300,42677,295100
312,332,318,950692,6313,42995,304200
313,359,333,950339,6333,43328,281500
314,342,323,949994,6355,43651,279400
315,363,323,949627,6399,43974,307200
316,369,332,949261,6433,44306,296300
317,379,343,948891,6460,44649,291700
318,331,356,948560,6435,45005,292300
319,380,322,948174,6499,45327,297000
320,336,341,947835,6497,45668,301400
321,372,341,947470,6521,46009,318900
322,358,330,947100,6561,46339,302100
323,344,339,946754,6568,46678,346500
324,329,288,946432,6602,46966,306200
325,361,327,946085,6622,47293,303500
326,361,324,945717,6666,47617,316300
327,376,367,945347,6669,47984,350300
328,399,311,944939,6766,48295,346800
329,422,333,944528,6844,48628,366400
330,414,324,944101,6947,48952,332900
331,408,346,943706,6996,49298,331600
332,391,354,943306,7042,49652,325800
333,424,413,942895,7040,50065,329900
334,413,350,942472,7113,50415,340800
335,428,384,942044,7157,50799,324000
336,449,400,941592,7209,51199,332900
337,429,347,941164,7290,51546,320000
338,397,374,940760,7320,51920,301700
339,410,371,940344,7365,52291,311600
340,397,336,939958,7415,52627,319700
341,422,411,939537,7425,53038,299900
342,416,380,939126,7456,53418,325800
343,401,391,938725,7466,53809,317000
344,396,359,938329,7503,54168,296800
345,398,409,937918,7505,54577,307600
346,427,381,937500,7542,54958,324700
347,373,370,937133,7539,55328,293400
348,393,398,936736,7538,55726,309900
349,407,392,936324,7558,56118,318000
350,404,376,935914,7592,56494,308300
351,438,405,935493,7608,56899,299600
352,416,392,935067,7642,57291,323900
353,441,400,934625,7684,57691,323400
354,443,381,934185,7743,58072,312800
355,436,390,933765,7773,58462,456200
356,444,408,933320,7810,58870,301500
357,451,417,932853,7860,59287,286300
358,458,413,932401,7899,59700,310500
359,434,417,931957,7926,60117,297700
360,462,410,931512,7961,60527,275500
361,446,406,931070,7997,60933,297600
362,445,409,930619,8039,61342,274600
363,448,424,930154,8080,61766,291100
364,464,417,929703,8114,62183,299300
365,499,411,929211,8195,62594,298700
366,482,395,928739,8272,62989,291000
367,440,422,928277,8312,63411,276800
368,455,473,927843,8273,63884,286200
369,446,431,927386,8299,64315,270700
370,482,427,926879,8379,64742,302100
371,435,471,926476,8311,65213,294300
372,471,421,925996,8370,65634,282500
373,471,414,925523,8429,66048,292400
374,472,449,925045,8458,66497,286400
375,492,421,924554,8528,66918,289400
376,436,444,924111,8527,67362,360200
377,481,425,923644,8569,67787,301900
378,434,437,923206,8570,68224,294600
379,454,428,922750,8598,68652,290000
380,470,460,922290,8598,69112,281200
381,438,436,921839,8613,69548,324500
382,481,451,921369,8632,69999,302900
383,443,441,920911,8649,70440,302100
384,461,406,920459,8695,70846,332000
385,456,432,919998,8724,71278,337000
386,438,463,919575,8684,71741,311500
387,487,460,919088,8711,72201,289000
388,425,477,918648,8674,72678,287700
389,482,453,918181,8688,73131,288800
390,426,448,917742,8679,73579,303800
391,432,420,917302,8699,73999,300600
392,459,463,916850,8688,74462,298400
393,469,481,916375,8682,74943,288700
394,454,456,915923,8678,75399,298100
395,477,438,915453,8710,75837,279500
396,523,445,914944,8774,76282,300900
397,460,420,914467,8831,76702,299000
398,500,449,913980,8869,77151,326200
399,477,471,913500,8878,77622,318600
400,484,469,913015,8894,78091,318800
401,501,467,912519,8923,78558,329700
402,489,472,912021,8949,79030,312900
403,507,461,911534,8975,79491,326200
404,494,448,911020,9041,79939,320700
405,501,469,910520,9072,80408,317800
406,475,477,910029,9086,80885,313900
407,502,469,909550,9096,81354,279200
408,461,481,909082,9083,81835,288900
409,454,467,908626,9072,82302,301900
410,480,462,908165,9071,82764,288900
411,521,444,907632,9160,83208,289800
412,492,488,907124,9180,83696,303700
413,494,453,906641,9210,84149,465500
414,436,462,906202,9187,84611,294700
415,459,491,905755,9143,85102,338800
416,511,458,905247,9193,85560,305000
417,456,474,904783,9183,86034,296800
418,490,479,904294,9193,86513,311000
419,451,461,903846,9180,86974,293000
420,506,484,903358,9184,87458,325500
421,497,494,902841,9207,87952,310200
422,482,477,902343,9228,88429,283000
423,505,451,901857,9263,88880,285900
424,492,495,901360,9265,89375,293800
425,498,442,900859,9324,89817,350500
426,492,501,900359,9323,90318,404000
427,488,462,899878,9342,90780,310700
428,504,502,899378,9340,91282,320800
429,492,436,898887,9395,91718,349400
430,494,496,898395,9391,92214,386000
431,483,497,897898,9391,92711,303900
432,500,460,897410,9419,93171,290200
433,537,498,896875,9456,93669,309200
434,547,485,896336,9510,94154,296500
435,515,508,895813,9525,94662,280400
436,545,487,895271,9580,95149,308500
437,543,490,894731,9630,95639,276400
438,476,534,894241,9586,96173,299600
439,506,509,893749,9569,96682,297500
440,488,525,893244,9549,97207,329800
441,525,485,892733,9575,97692,312200
442,465,515,892261,9532,98207,307200
443,531,465,891729,9599,98672,343200
444,509,465,891228,9635,99137,327500
445,550,503,890684,9676,99640,371000
446,484,494,890168,9698,100134,338800
447,497,493,889702,9671,100627,319900
448,478,502,889199,9672,101129,319000
449,501,493,888709,9669,101622,289900
450,509,533,888201,9644,102155,292000
451,484,506,887724,9615,102661,314100
452,540,481,887190,9668,103142,303700
453,505,530,886671,9657,103672,296800
454,527,493,886151,9684,104165,296400
455,490,540,885672,9623,104705,291900
456,525,459,885131,9705,105164,297900
457,547,546,884592,9698,105710,305100
458,512,507,884080,9703,106217,295600
459,549,471,883539,9773,106688,285500
460,576,525,882977,9810,107213,276800
461,550,513,882401,9873,107726,311400
462,503,561,881895,9818,108287,409700
463,543,552,881373,9788,108839,323000
464,535,494,880818,9849,109333,412300
465,499,497,880324,9846,109830,294800
466,564,508,879759,9903,110338,293300
467,526,515,879243,9904,110853,293300
468,539,512,878686,9949,111365,288700
469,526,520,878174,9941,111885,289700
470,561,530,877615,9970,112415,282100
471,539,525,877077,9983,112940,277600
472,539,507,876521,10032,113447,329700
473,495,472,876031,10050,113919,327000
474,504,521,875528,10032,114440,303000
475,543,532,874983,10045,114972,305600
476,561,513,874428,10087,115485,311300
477,535,521,873889,10105,116006,349800
478,528,492,873363,10139,116498,285100
479,513,541,872868,10093,117039,286900
480,543,534,872298,10129,117573,304500
481,561,522,871760,10145,118095,297300
482,501,557,871246,10102,118652,390000
483,482,505,870749,10094,119157,301700
484,525,533,870249,10061,119690,293800
485,557,556,869669,10085,120246,299000
486,537,549,869160,10045,120795,300800
487,545,490,868596,10119,121285,282800
488,516,513,868068,10134,121798,293400
489,551,523,867531,10148,122321,296900
490,501,513,867030,10136,122834,303100
491,591,554,866453,10159,123388,292000
492,554,544,865896,10172,123932,297000
493,544,513,865353,10202,124445,314700
494,592,568,864769,10218,125013,301000
495,547,563,864202,10222,125576,289600
496,533,551,863661,10212,126127,301800
497,525,514,863159,10200,126641,289000
498,527,527,862602,10230,127168,302100
499,515,549,862108,10175,127717,305500
500,540,510,861581,10192,128227,303800
501,572,520,860998,10255,128747,306300
502,574,497,860426,10330,129244,326000
503,575,540,859851,10365,129784,280900
504,521,498,859314,10404,130282,461600
505,563,551,858765,10402,130833,320600
506,547,529,858218,10420,131362,317800
507,563,553,857651,10434,131915,304400
508,548,518,857106,10461,132433,300900
509,569,537,856546,10484,132970,322600
510,563,552,855975,10503,133522,308900
511,558,533,855412,10533,134055,309000
512,559,498,854857,10590,134553,294700
513,588,563,854270,10614,135116,283400
514,568,574,853699,10611,135690,307700
515,546,559,853146,10605,136249,291100
516,561,529,852592,10630,136778,278300
517,538,588,852048,10586,137366,289500
518,542,526,851499,10609,137892,292700
519,619,532,850895,10681,138424,306400
520,536,545,850364,10667,138969,319400
521,580,546,849787,10698,139515,283300
522,561,578,849211,10696,140093,327800
523,579,541,848643,10723,140634,307300
524,520,565,848108,10693,141199,297100
525,532,556,847589,10656,141755,290700
526,557,561,847045,10639,142316,308000
527,585,528,846447,10709,142844,305600
528,585,513,845848,10795,143357,306500
529,563,568,845294,10781,143925,307400
530,553,554,844751,10770,144479,288200
531,581,577,844161,10783,145056,280500
532,576,585,843591,10768,145641,322900
533,551,563,843034,10762,146204,303000
534,551,544,842476,10776,146748,292900
535,567,571,841924,10757,147319,316700
536,553,554,841357,10770,147873,309000
537,554,586,840792,10749,148459,297000
538,557,539,840250,10752,148998,301300
539,559,556,839691,10755,149554,311800
540,586,541,839117,10788,150095,322900
541,598,528,838513,10864,150623,359800
542,608,572,837904,10901,151195,320000
543,600,590,837305,10910,151785,317600
544,578,544,836723,10948,152329,347800
545,566,558,836143,10970,152887,334000
546,590,587,835575,10951,153474,324600
547,616,544,834953,11029,154018,327300
548,547,580,834412,10990,154598,270000
549,587,584,833810,11008,155182,296300
550,591,558,833235,11025,155740,288200
551,607,576,832630,11054,156316,295800
552,631,598,831991,11095,156914,325400
553,581,584,831418,11084,157498,351000
554,604,588,830816,11098,158086,318200
555,600,581,830204,11129,158667,303700
556,581,551,829605,11177,159218,331400
557,558,573,829065,11144,159791,331100
558,557,570,828507,11132,160361,310000
559,607,590,827912,11137,160951,303000
560,578,574,827330,11145,161525,343300
561,662,599,826697,11179,162124,356200
562,610,551,826064,11261,162675,314000
563,623,594,825439,11292,163269,319800
564,639,601,824787,11343,163870,293800
565,612,618,824182,11330,164488,313700
566,615,613,823560,11339,165101,333700
567,619,579,822959,11361,165680,296400
568,560,554,822379,11387,166234,300600
569,615,571,821762,11433,166805,307800
570,591,591,821180,11424,167396,453100
571,616,617,820581,11406,168013,331800
572,591,589,819989,11409,168602,327600
573,611,602,819359,11437,169204,319800
574,613,614,818745,11437,169818,300400
575,579,567,818176,11439,170385,303000
576,609,611,817571,11433,170996,299500
577,605,581,816950,11473,171577,367600
578,593,595,816367,11461,172172,306800
579,611,608,815746,11474,172780,294000
580,584,630,815168,11422,173410,314800
581,609,583,814572,11435,173993,292100
582,588,603,813965,11439,174596,304500
583,614,542,813365,11497,175138,302600
584,629,611,812723,11528,175749,304600
585,607,569,812108,11574,176318,344300
586,582,597,811548,11537,176915,314800
587,630,607,810917,11561,177522,363900
588,590,588,810325,11565,178110,335800
589,603,614,809721,11555,178724,340100
590,587,599,809136,11541,179323,326100
591,575,564,808555,11558,179887,353600
592,589,597,807972,11544,180484,320500
593,589,565,807371,11580,181049,344700
594,559,578,806817,11556,181627,330600
595,605,575,806203,11595,182202,319200
596,645,595,805590,11613,182797,284700
597,653,625,804935,11643,183422,289800
598,596,622,804333,11623,184044,333700
599,585,597,803726,11633,184641,321300
600,611,597,803130,11632,185238,299100
601,624,579,802515,11668,185817,309800
602,573,542,801918,11723,186359,14211200
603,572,613,801351,11677,186972,926900
604,611,618,800741,11669,187590,711300
605,622,665,800127,11618,188255,621000
606,617,591,799503,11651,188846,512600
607,607,621,798910,11623,189467,594300
608,595,573,798293,11667,190040,408800
609,614,616,797705,11639,190656,379200
610,523,588,797158,11598,191244,341900
611,565,589,796602,11565,191833,342900
612,602,592,795993,11582,192425,345300
613,580,596,795417,11562,193021,384200
614,624,629,794792,11558,193650,354800
615,578,632,794208,11510,194282,412500
616,590,591,793638,11489,194873,409500
617,571,613,793060,11454,195486,342800
618,560,588,792500,11426,196074,363300
619,590,611,791902,11413,196685,363400
620,576,554,791316,11445,197239,377300
621,565,573,790760,11428,197812,408600
622,569,590,790189,11409,198402,470200
623,556,624,789624,11350,199026,447400
624,586,575,789062,11337,199601,371800
625,578,569,788468,11362,200170,414400
626,561,591,787919,11320,200761,372600
627,557,607,787342,11290,201368,365000
628,553,594,786788,11250,201962,369300
629,563,596,786232,11210,202558,362400
630,593,608,785640,11194,203166,374700
631,627,576,785022,11236,203742,344700
632,577,582,784428,11248,204324,365500
633,577,573,783874,11229,204897,296500
634,583,557,783272,11274,205454,372600
635,535,545,782736,11265,205999,352200
636,582,546,782173,11282,206545,340900
637,577,552,781585,11318,207097,334400
638,633,612,780953,11338,207709,382500
639,574,605,780381,11305,208314,371200
640,655,601,779736,11349,208915,429600
641,602,580,779123,11382,209495,415400
642,650,629,778492,11384,210124,399000
643,642,603,777842,11431,210727,384700
644,654,594,777187,11492,211321,360100
645,660,547,776535,11597,211868,327400
646,624,590,775899,11643,212458,358000
647,634,635,775266,11641,213093,331000
648,609,561,774659,11687,213654,343600
649,622,630,774030,11686,214284,335700
650,601,632,773432,11652,214916,338800
651,609,625,772837,11622,215541,501000
652,597,604,772232,11623,216145,421700
653,614,626,771608,11621,216771,368300
654,615,569,770993,11667,217340,387300
655,604,630,770391,11639,217970,374500
656,589,593,769796,11641,218563,352900
657,619,567,769184,11686,219130,381400
658,644,613,768538,11719,219743,357800
659,589,584,767947,11726,220327,381900
660,658,645,767304,11724,220972,348800
661,582,599,766697,11732,221571,343200
662,619,631,766103,11695,222202,327400
663,667,578,765448,11772,222780,359000
664,593,628,764829,11763,223408,361000
665,679,641,764163,11788,224049,375200
666,574,613,763581,11757,224662,398700
667,605,633,762983,11722,225295,413100
668,609,613,762361,11731,225908,380900
669,610,636,761767,11689,226544,349700
670,640,598,761115,11743,227142,350400
671,656,565,760461,11832,227707,324400
672,623,626,759836,11831,228333,364000
673,613,612,759222,11833,228945,404900
674,641,606,758595,11854,229551,357200
675,607,627,757992,11830,230178,366700
676,602,614,757375,11833,230792,394500
677,668,591,756710,11907,231383,331100
678,607,644,756084,11889,232027,346100
679,622,576,755474,11923,232603,337300
680,590,659,754884,11854,233262,334700
681,634,611,754245,11882,233873,329600
682,576,618,753665,11844,234491,408800
683,569,615,753113,11781,235106,352600
684,636,579,752459,11856,235685,314500
685,606,600,751868,11847,236285,395500
686,584,623,751284,11808,236908,388300
687,630,640,750662,11790,237548,410300
688,601,565,750054,11833,238113,350400
689,595,601,749459,11827,238714,402000
690,676,607,748777,11902,239321,343700
691,679,614,748106,11959,239935,320700
692,605,638,747487,11940,240573,340400
693,653,566,746848,12013,241139,331800
694,710,614,746142,12105,241753,348600
695,647,644,745490,12113,242397,383000
696,606,629,744874,12100,243026,466200
697,665,636,744222,12116,243662,523200
698,592,613,743629,12096,244275,551900
699,626,614,743001,12110,244889,428200
700,686,637,742314,12160,245526,414000
701,629,641,741683,12150,246167,422100
702,660,634,741033,12166,246801,386300
703,679,607,740343,12249,247408,399700
704,619,645,739720,12227,248053,402100
705,631,608,739093,12246,248661,418000
706,636,632,738469,12238,249293,400600
707,593,625,737848,12234,249918,407600
708,606,650,737247,12185,250568,602300
709,641,616,736609,12207,251184,408700
710,647,642,735972,12202,251826,395100
711,635,630,735334,12210,252456,360500
712,642,657,734712,12175,253113,393400
713,638,586,734079,12222,253699,407500
714,647,653,733413,12235,254352,379400
715,663,608,732749,12291,254960,405000
716,596,632,732149,12259,255592,393800
717,604,613,731544,12251,256205,359100
718,620,678,730916,12201,256883,362100
719,634,641,730284,12192,257524,412000
720,628,660,729680,12136,258184,319500
721,673,675,728999,12142,258859,338400
722,612,658,728382,12101,259517,535000
723,582,621,727789,12073,260138,398300
724,609,615,727170,12077,260753,390500
725,644,591,726547,12109,261344,456700
726,582,598,725969,12089,261942,451300
727,661,661,725308,12089,262603,380600
728,632,631,724668,12098,263234,408100
729,640,637,724038,12091,263871,359700
730,614,595,723417,12117,264466,338800
731,597,612,722826,12096,265078,372700
732,667,642,722164,12116,265720,389200
733,597,612,721534,12134,266332,456700
734,644,616,720923,12129,266948,628400
735,664,592,720242,12218,267540,412600
736,642,611,719611,12238,268151,449400
737,598,626,719017,12206,268777,481700
738,649,615,718355,12253,269392,501900
739,627,637,717748,12223,270029,418400
740,687,666,717046,12259,270695,431100
741,704,597,716335,12373,271292,419600
742,629,669,715712,12327,271961,375600
743,713,651,715002,12386,272612,364000
744,644,629,714368,12391,273241,387900
745,612,641,713735,12383,273882,374900
746,705,640,713047,12431,274522,401500
747,659,638,712385,12455,275160,357600
748,689,638,711691,12511,275798,632900
749,615,667,711076,12459,276465,395700
750,668,629,710421,12485,277094,373100
751,678,648,709728,12530,277742,377700
752,665,630,709082,12546,278372,384100
753,640,578,708440,12610,278950,346400
754,675,684,707755,12611,279634,385000
755,665,637,707082,12647,280271,423600
756,660,677,706419,12633,280948,403200
757,664,639,705778,12635,281587,393500
758,642,615,705117,12681,282202,428800
759,662,659,704463,12676,282861,394400
760,681,679,703778,12682,283540,395800
761,662,706,703116,12638,284246,698600
762,676,684,702453,12617,284930,2795000
763,611,671,701829,12570,285601,1606700
764,602,674,701211,12514,286275,3311800
765,645,610,700578,12537,286885,1328400
766,638,660,699946,12509,287545,1135800
767,607,634,699325,12496,288179,4226300
768,604,638,698725,12458,288817,795600
769,624,645,698095,12443,289462,650900
770,665,638,697445,12455,290100,554300
771,656,661,696781,12458,290761,535200
772,655,606,696135,12498,291367,437800
773,658,655,695474,12504,292022,464100
774,692,660,694785,12533,292682,387100
775,658,657,694131,12530,293339,427900
776,663,647,693455,12559,293986,401100
777,638,621,692813,12580,294607,377400
778,643,637,692174,12582,295244,385700
779,734,660,691454,12642,295904,365000
780,667,647,690793,12656,296551,396800
781,637,647,690132,12670,297198,362000
782,661,663,689485,12654,297861,385500
783,655,638,688841,12660,298499,409000
784,668,671,688159,12671,299170,380800
785,696,642,687489,12699,299812,382000
786,689,651,686782,12755,300463,360500
787,647,641,686139,12757,301104,361700
788,703,638,685425,12833,301742,373200
789,684,686,684749,12823,302428,366600
790,676,663,684068,12841,303091,340500
791,697,639,683349,12921,303730,373200
792,662,666,682719,12885,304396,341800
793,735,668,681993,12943,305064,341800
794,686,667,681294,12975,305731,371600
795,686,686,680604,12979,306417,342900
796,706,677,679887,13019,307094,371900
797,704,638,679187,13081,307732,369200
798,696,661,678483,13124,308393,351300
799,656,645,677833,13129,309038,362100
800,725,689,677124,13149,309727,355200
801,709,718,676398,13157,310445,341900
802,720,690,675679,13186,311135,359800
803,695,650,674989,13226,311785,370400
804,695,702,674293,13220,312487,361600
805,682,689,673604,13220,313176,354900
806,665,652,672941,13231,313828,356900
807,623,712,672321,13139,314540,372600
808,712,644,671619,13197,315184,370200
809,728,690,670896,13230,315874,363300
810,701,690,670189,13247,316564,386900
811,663,672,669519,13245,317236,365000
812,680,671,668843,13250,317907,354800
813,656,729,668169,13195,318636,392900
814,678,671,667513,13180,319307,412800
815,695,678,666814,13201,319985,396800
816,647,663,666170,13182,320648,362100
817,696,652,665460,13240,321300,422600
818,651,659,664825,13216,321959,388800
819,666,735,664136,13170,322694,3865300
820,665,657,663482,13167,323351,1106900
821,654,652,662839,13158,324003,797800
822,744,702,662104,13191,324705,556300
823,642,656,661438,13201,325361,504200
824,612,670,660835,13134,326031,475700
825,662,719,660179,13071,326750,471700
826,624,680,659535,13035,327430,453800
827,641,659,658901,13010,328089,430300
828,644,744,658262,12905,328833,429600
829,680,615,657594,12958,329448,446500
830,662,687,656921,12944,330135,488200
831,659,630,656268,12967,330765,498000
832,612,682,655645,12908,331447,476100
833,678,675,654976,12902,332122,459500
834,618,705,654361,12812,332827,426000
835,638,662,653727,12784,333489,447200
836,606,686,653086,12739,334175,469500
837,641,704,652474,12647,334879,430900
838,633,640,651835,12646,335519,458400
839,635,692,651185,12604,336211,609900
840,650,659,650546,12584,336870,560000
841,624,631,649921,12578,337501,523400
842,608,637,649311,12551,338138,433100
843,644,660,648659,12543,338798,437600
844,673,683,648007,12512,339481,474700
845,613,670,647385,12464,340151,457000
846,625,626,646747,12476,340777,411000
847,677,646,646083,12494,341423,402300
848,627,598,645446,12533,342021,417100
849,685,642,644771,12566,342663,396400
850,641,634,644118,12585,343297,404400
851,678,634,643464,12605,343931,410600
852,650,633,642801,12635,344564,606800
853,738,653,642071,12712,345217,378500
854,702,680,641355,12748,345897,390200
855,640,640,640727,12736,346537,430600
856,637,668,640083,12712,347205,397400
857,611,679,639476,12640,347884,473000
858,615,652,638854,12610,348536,396800
859,658,611,638196,12657,349147,392400
860,647,644,637568,12641,349791,417400
861,633,611,636913,12685,350402,448400
862,653,644,636272,12682,351046,506100
863,591,646,635664,12644,351692,538300
864,650,668,635001,12639,352360,450100
865,665,695,634364,12581,353055,532200
866,629,655,633741,12549,353710,601500
867,681,695,633045,12550,354405,515700
868,641,701,632423,12471,355106,453700
869,659,664,631749,12481,355770,461500
870,650,688,631103,12439,356458,422400
871,612,635,630479,12428,357093,445000
872,687,628,629807,12472,357721,481600
873,652,624,629163,12492,358345,470100
874,646,629,628512,12514,358974,418300
875,631,653,627878,12495,359627,418800
876,678,612,627201,12560,360239,459300
877,677,673,626512,12576,360912,354000
878,654,658,625871,12559,361570,330600
879,696,671,625171,12588,362241,338200
880,652,669,624535,12555,362910,336500
881,664,687,623863,12540,363597,387100
882,613,659,623223,12521,364256,376500
883,637,654,622589,12501,364910,389100
884,629,645,621975,12470,365555,385000
885,679,678,621309,12458,366233,352000
886,650,644,620640,12483,366877,357700
887,661,615,619996,12512,367492,358700
888,613,617,619355,12536,368109,325500
889,584,634,618778,12479,368743,385600
890,580,669,618205,12383,369412,425300
891,606,649,617598,12341,370061,409900
892,614,627,616990,12322,370688,400800
893,645,632,616345,12335,371320,445800
894,628,657,615708,12315,371977,372700
895,581,605,615135,12283,372582,366800
896,629,654,614508,12256,373236,323600
897,646,633,613869,12262,373869,322100
898,638,602,613217,12312,374471,353500
899,603,621,612601,12307,375092,333800
900,622,640,611974,12294,375732,357300
901,612,641,611368,12259,376373,336200
902,622,599,610756,12272,376972,342800
903,635,636,610123,12269,377608,450600
904,623,621,609516,12255,378229,375300
905,642,638,608853,12280,378867,438500
906,622,630,608219,12284,379497,346200
907,634,643,607597,12263,380140,347400
908,590,654,607020,12186,380794,344200
909,576,622,606429,12155,381416,342500
910,592,654,605839,12091,382070,359400
911,596,615,605252,12063,382685,388500
912,608,640,604642,12033,383325,337200
913,607,604,604035,12036,383929,341300
914,621,668,603411,11992,384597,411300
915,640,621,602765,12017,385218,410700
916,601,628,602166,11988,385846,489900
917,610,606,601547,12001,386452,408300
918,606,640,600951,11957,387092,345200
919,575,610,600367,11931,387702,341700
920,674,561,599717,12020,388263,354700
921,641,566,599063,12108,388829,316000
922,678,628,598377,12166,389457,316200
923,637,640,597749,12154,390097,355400
924,598,592,597148,12163,390689,364400
925,608,663,596550,12098,391352,365600
926,637,614,595906,12128,391966,369500
927,581,629,595314,12091,392595,347000
928,677,594,594654,12157,393189,353900
929,620,620,594029,12162,393809,397000
930,617,605,593403,12183,394414,368900
931,602,622,592812,12152,395036,390300
932,642,623,592182,12159,395659,425300
933,640,643,591540,12158,396302,461300
934,656,658,590865,12175,396960,404000
935,628,620,590230,12190,397580,464000
936,646,616,589601,12203,398196,412600
937,588,616,589010,12178,398812,365900
938,638,672,588365,12151,399484,481200
939,630,637,587738,12141,400121,364300
940,589,637,587149,12093,400758,408900
941,723,607,586434,12201,401365,380100
942,652,587,585773,12275,401952,372100
943,652,602,585125,12321,402554,353300
944,666,644,584460,12342,403198,473500
945,610,660,583848,12294,403858,390700
946,629,656,583212,12274,404514,357100
947,646,644,582576,12266,405158,393400
948,613,630,581960,12252,405788,385800
949,650,631,581312,12269,406419,391400
950,626,653,580697,12231,407072,417500
951,663,628,580027,12273,407700,388200
952,664,605,579358,12337,408305,357400
953,668,655,578699,12341,408960,348000
954,665,647,578031,12362,409607,396800
955,662,630,577347,12416,410237,427800
956,666,643,576690,12430,410880,365100
957,663,631,576041,12448,411511,352700
958,617,613,575419,12457,412124,341300
959,629,643,574805,12428,412767,335400
960,636,628,574176,12429,413395,354200
961,607,635,573533,12437,414030,333500
962,675,673,572862,12435,414703,334100
963,668,633,572213,12451,415336,390700
964,661,680,571548,12436,416016,327500
965,660,664,570882,12438,416680,320300
966,606,618,570275,12427,417298,324300
967,670,643,569609,12450,417941,303100
968,612,630,568996,12433,418571,328200
969,631,595,568363,12471,419166,358200
970,621,634,567724,12476,419800,346600
971,655,608,567092,12500,420408,311700
972,650,609,566435,12548,421017,317800
973,676,699,565756,12528,421716,306800
974,692,645,565082,12557,422361,320800
975,670,623,564400,12616,422984,355300
976,650,689,563749,12578,423673,303700
977,683,651,563066,12610,424324,318300
978,687,601,562394,12681,424925,339100
979,699,626,561690,12759,425551,329300
980,690,665,560992,12792,426216,336500
981,693,671,560303,12810,426887,359200
982,659,670,559635,12808,427557,326500
983,612,618,559026,12799,428175,323200
984,674,660,558363,12802,428835,316000
985,648,623,557708,12834,429458,316700
986,695,710,557014,12818,430168,330500
987,626,631,556377,12824,430799,348600
988,624,652,555769,12780,431451,310800
989,679,687,555089,12773,432138,341400
990,670,664,554408,12790,432802,322400
991,645,649,553770,12779,433451,329700
992,612,632,553159,12758,434083,314100
993,666,706,552487,12724,434789,309000
994,615,633,551868,12710,435422,321400
995,583,641,551283,12654,436063,341900
996,611,661,550681,12595,436724,340200
997,638,639,550042,12595,437363,351100
998,617,599,549418,12620,437962,320200
999,607,650,548807,12581,438612,397100
1000,662,610,548160,12618,439222,365200
1001,641,674,547508,12596,439896,318800
1002,657,634,546862,12608,440530,326000
1003,673,659,546188,12623,441189,333100
1004,646,665,545548,12598,441854,319100
1005,650,684,544885,12577,442538,319900
1006,673,607,544223,12632,443145,302400
1007,654,643,543554,12658,443788,320300
1008,610,623,542947,12642,444411,328200
1009,697,642,542283,12664,445053,339100
1010,631,671,541611,12665,445724,326600
1011,649,638,540976,12662,446362,319900
1012,626,672,540356,12610,447034,328400
1013,637,610,539713,12643,447644,343200
1014,644,637,539075,12644,448281,320200
1015,604,699,538464,12556,448980,325000
1016,613,614,537845,12561,449594,305000
1017,629,660,537239,12507,450254,322200
1018,614,642,536595,12509,450896,322500
1019,674,621,535925,12558,451517,315600
1020,637,651,535299,12533,452168,314900
1021,637,653,534660,12519,452821,332600
1022,621,678,534044,12457,453499,323700
1023,646,634,533387,12480,454133,303900
1024,592,606,532790,12471,454739,325600
1025,627,642,532169,12450,455381,324000
1026,599,647,531569,12403,456028,306800
1027,647,720,530926,12326,456748,283900
1028,601,643,530316,12293,457391,330000
1029,618,613,529701,12295,458004,318200
1030,605,646,529089,12261,458650,316200
1031,673,608,528440,12302,459258,329100
1032,613,656,527819,12267,459914,325800
1033,625,651,527193,12242,460565,302100
1034,604,593,526573,12269,461158,303100
1035,617,616,525961,12265,461774,299200
1036,642,635,525328,12263,462409,323900
1037,623,642,524699,12250,463051,296000
1038,593,603,524123,12223,463654,325400
1039,658,607,523439,12300,464261,317100
1040,686,624,522773,12342,464885,299700
1041,643,630,522121,12364,465515,298300
1042,703,659,521437,12389,466174,305000
1043,626,588,520782,12456,466762,330600
1044,655,626,520141,12471,467388,322000
1045,668,638,519480,12494,468026,299100
1046,638,665,518829,12480,468691,304900
1047,607,611,518211,12487,469302,349700
1048,669,666,517554,12478,469968,352400
1049,625,661,516935,12436,470629,354900
1050,625,681,516312,12378,471310,348000
1051,663,645,515656,12389,471955,351700
1052,670,655,514980,12410,472610,317700
1053,631,682,514348,12360,473292,308600
1054,615,653,513718,12337,473945,340000
1055,668,622,513065,12368,474567,338100
1056,617,610,512439,12384,475177,330700
1057,573,668,511868,12287,475845,318800
1058,636,622,511244,12289,476467,323000
1059,676,635,510558,12340,477102,337000
1060,688,684,509865,12349,477786,321200
1061,632,646,509243,12325,478432,332000
1062,636,604,508598,12366,479036,329700
1063,623,624,507985,12355,479660,313200
1064,649,656,507327,12357,480316,287900
1065,666,610,506677,12397,480926,295500
1066,594,603,506066,12405,481529,336800
1067,634,596,505455,12420,482125,355000
1068,682,666,504735,12474,482791,352700
1069,659,656,504114,12439,483447,368700
1070,611,637,503483,12433,484084,344300
1071,658,628,502830,12458,484712,320300
1072,664,613,502167,12508,485325,304900
1073,651,623,501524,12528,485948,339500
1074,634,657,500875,12520,486605,335200
1075,652,606,500236,12553,487211,340900
1076,636,634,499585,12570,487845,365600
1077,640,631,498949,12575,488476,341500
1078,610,661,498357,12506,489137,325800
1079,693,673,497652,12538,489810,358800
1080,632,641,497009,12540,490451,597200
1081,677,629,496342,12578,491080,375400
1082,606,637,495732,12551,491717,375700
1083,648,597,495083,12603,492314,363800
1084,639,623,494450,12613,492937,356100
1085,635,641,493822,12600,493578,380200
1086,606,603,493203,12616,494181,359400
1087,635,653,492569,12597,494834,355200
1088,633,665,491936,12565,495499,365600
1089,617,652,491304,12545,496151,326600
1090,616,683,490700,12466,496834,440000
1091,637,594,490057,12515,497428,379400
1092,633,629,489450,12493,498057,627600
1093,652,661,488786,12496,498718,551100
1094,635,643,488148,12491,499361,455700
1095,615,669,487538,12432,500030,391700
1096,672,677,486848,12445,500707,378900
1097,639,605,486216,12472,501312,392300
1098,628,584,485597,12507,501896,381200
1099,626,643,484970,12491,502539,373000
1100,585,650,484380,12431,503189,385400
1101,635,643,483744,12424,503832,390300
1102,680,666,483077,12425,504498,348600
1103,648,706,482423,12373,505204,358200
1104,658,611,481772,12413,505815,373500
1105,661,625,481099,12461,506440,384700
1106,638,686,480460,12414,507126,341700
1107,669,646,479796,12432,507772,360300
1108,674,665,479132,12431,508437,384800
1109,667,607,478449,12507,509044,370100
1110,638,704,477822,12430,509748,1120500
1111,663,651,477145,12456,510399,449800
1112,676,612,476484,12505,511011,441100
1113,651,693,475827,12469,511704,395100
1114,657,657,475164,12475,512361,397700
1115,684,600,474482,12557,512961,361700
1116,657,681,473827,12531,513642,380300
1117,634,631,473188,12539,514273,352700
1118,642,632,472545,12550,514905,375800
1119,699,612,471850,12633,515517,349100
1120,664,609,471189,12685,516126,410200
1121,677,673,470508,12693,516799,413700
1122,623,645,469885,12671,517444,364500
1123,644,656,469230,12670,518100,451500
1124,650,680,468592,12628,518780,344700
1125,684,677,467923,12620,519457,405400
1126,625,662,467279,12602,520119,374900
1127,636,648,466656,12577,520767,343900
1128,647,677,466001,12555,521444,472100
1129,648,678,465354,12524,522122,366200
1130,620,619,464728,12531,522741,383400
1131,668,646,464074,12539,523387,356500
1132,627,674,463441,12498,524061,354000
1133,638,649,462802,12488,524710,352800
1134,664,642,462129,12519,525352,418500
1135,593,603,461540,12505,525955,378600
1136,601,648,460938,12459,526603,355800
1137,636,680,460318,12399,527283,323700
1138,651,649,459650,12418,527932,359500
1139,632,635,459015,12418,528567,388600
1140,670,636,458368,12429,529203,373600
1141,647,616,457695,12486,529819,362200
1142,634,626,457076,12479,530445,360400
1143,708,663,456362,12530,531108,391100
1144,674,621,455693,12578,531729,388300
1145,639,667,455047,12557,532396,351500
1146,644,650,454412,12542,533046,359500
1147,646,646,453757,12551,533692,367200
1148,646,646,453111,12551,534338,363300
1149,630,603,452500,12559,534941,388500
1150,657,637,451828,12594,535578,425000
1151,665,668,451152,12602,536246,362700
1152,713,630,450472,12652,536876,427100
1153,651,690,449806,12628,537566,440500
1154,656,617,449162,12655,538183,466300
1155,690,631,448471,12715,538814,426900
1156,613,654,447845,12687,539468,448800
1157,681,674,447156,12702,540142,429000
1158,652,606,446516,12736,540748,388100
1159,613,687,445886,12679,541435,393800
1160,648,615,445258,12692,542050,429800
1161,688,652,444547,12751,542702,437100
1162,665,625,443901,12772,543327,432200
1163,664,678,443220,12775,544005,399800
1164,717,686,442519,12790,544691,370300
1165,665,670,441847,12792,545361,393300
1166,685,676,441174,12789,546037,375600
1167,604,636,440550,12777,546673,536200
1168,633,625,439924,12778,547298,456900
1169,695,655,439235,12812,547953,511800
1170,708,634,438521,12892,548587,436300
1171,681,664,437851,12898,549251,486600
1172,669,635,437172,12942,549886,440700
1173,661,646,436512,12956,550532,400700
1174,747,724,435764,12980,551256,417400
1175,713,649,435062,13033,551905,401100
1176,696,706,434366,13023,552611,400800
1177,702,675,433657,13057,553286,407500
1178,655,637,432999,13078,553923,432400
1179,692,689,432307,13081,554612,499700
1180,687,695,431635,13058,555307,487600
1181,717,667,430898,13128,555974,440200
1182,587,710,430303,13013,556684,408800
1183,646,624,429682,13010,557308,377000
1184,638,694,429019,12979,558002,393500
1185,652,696,428385,12917,558698,370400
1186,640,713,427746,12843,559411,346200
1187,614,678,427130,12781,560089,366300
1188,715,682,426408,12821,560771,421800
1189,642,673,425761,12795,561444,416800
1190,600,661,425167,12728,562105,344000
1191,664,638,424503,12754,562743,343700
1192,670,625,423830,12802,563368,347500
1193,595,671,423229,12732,564039,364900
1194,656,614,422578,12769,564653,331200
1195,645,643,421924,12780,565296,360800
1196,660,644,421259,12801,565940,345600
1197,663,658,420621,12781,566598,322800
1198,619,623,419995,12784,567221,325300
1199,580,634,419414,12731,567855,335400
1200,669,687,418754,12704,568542,329600
1201,629,673,418120,12665,569215,319300
1202,605,641,417522,12622,569856,313400
1203,627,632,416876,12636,570488,331900
1204,654,654,416237,12621,571142,363500
1205,622,652,415622,12584,571794,370300
1206,638,684,414977,12545,572478,366000
1207,624,639,414342,12541,573117,382000
1208,664,656,413673,12554,573773,336900
1209,690,655,412996,12576,574428,365400
1210,652,678,412337,12557,575106,372000
1211,683,672,411666,12556,575778,413000
1212,621,634,411046,12542,576412,365500
1213,640,650,410395,12543,577062,369900
1214,631,644,409766,12528,577706,328300
1215,588,631,409173,12490,578337,340400
1216,616,685,408557,12421,579022,318600
1217,640,636,407936,12406,579658,331900
1218,616,680,407303,12359,580338,322900
1219,660,627,406636,12399,580965,343200
1220,633,628,406013,12394,581593,395900
1221,671,658,405342,12407,582251,358100
1222,652,616,404678,12455,582867,349200
1223,609,686,404086,12361,583553,327900
1224,623,597,403461,12389,584150,336100
1225,617,616,402841,12393,584766,366100
1226,644,636,402199,12399,585402,346000
1227,620,675,401572,12351,586077,346700
1228,650,647,400928,12348,586724,355600
1229,647,622,400271,12383,587346,315500
1230,656,644,399628,12382,587990,349600
1231,663,625,398959,12426,588615,314300
1232,711,642,398259,12484,589257,324500
1233,665,613,397605,12525,589870,348000
1234,635,625,396961,12544,590495,328700
1235,638,633,396318,12554,591128,362600
1236,683,617,395630,12625,591745,370700
1237,650,629,394969,12657,592374,344500
1238,683,662,394304,12660,593036,338900
1239,670,687,393630,12647,593723,331200
1240,603,622,393036,12619,594345,323700
1241,621,622,392407,12626,594967,336100
1242,633,654,391764,12615,595621,310300
1243,652,651,391104,12624,596272,345600
1244,636,658,390483,12587,596930,324500
1245,640,670,389850,12550,597600,332200
1246,681,671,389171,12558,598271,342100
1247,638,593,388529,12607,598864,349900
1248,635,668,387886,12582,599532,346500
1249,674,653,387226,12589,600185,567900
1250,702,671,386522,12622,600856,398700
1251,675,716,385837,12591,601572,371100
1252,661,673,385170,12585,602245,330900
1253,668,634,384514,12607,602879,329500
1254,689,636,383821,12664,603515,335500
1255,626,640,383191,12654,604155,329200
1256,645,669,382549,12627,604824,327600
1257,674,632,381879,12665,605456,351300
1258,645,598,381249,12697,606054,361000
1259,603,669,380618,12659,606723,337900
1260,655,643,379968,12666,607366,350000
1261,615,633,379355,12646,607999,335200
1262,621,634,378736,12631,608633,383600
1263,628,664,378109,12594,609297,343600
1264,593,667,377503,12533,609964,379900
1265,628,647,376877,12512,610611,321100
1266,598,652,376303,12434,611263,322900
1267,652,613,375625,12499,611876,317000
1268,620,650,375011,12463,612526,355200
1269,651,623,374361,12490,613149,323000
1270,641,705,373733,12413,613854,320100
1271,659,639,373061,12446,614493,318600
1272,576,615,372488,12404,615108,318500
1273,614,669,371870,12353,615777,316500
1274,645,657,371221,12345,616434,335800
1275,609,607,370621,12338,617041,336500
1276,596,619,370004,12336,617660,338000
1277,618,615,369405,12320,618275,319400
1278,644,668,368771,12286,618943,328700
1279,632,664,368124,12269,619607,327900
1280,617,644,367511,12238,620251,309200
1281,631,640,366878,12231,620891,340600
1282,630,639,366249,12221,621530,327900
1283,618,672,365621,12177,622202,334300
1284,635,630,365006,12162,622832,355000
1285,633,633,364379,12156,623465,311800
1286,557,598,363792,12145,624063,328000
1287,588,626,363221,12090,624689,326400
1288,613,633,362593,12085,625322,311200
1289,593,642,362012,12024,625964,301800
1290,599,621,361419,11996,626585,358100
1291,589,614,360817,11984,627199,338700
1292,604,612,360219,11970,627811,318400
1293,606,643,359628,11918,628454,313200
1294,598,568,359021,11957,629022,367000
1295,597,604,358416,11958,629626,337600
1296,639,599,357786,11989,630225,329600
1297,605,599,357183,11993,630824,332900
1298,597,623,356569,11984,631447,369300
1299,608,607,355955,11991,632054,364200
1300,596,636,355373,11937,632690,348500
1301,562,614,354812,11884,633304,340500
1302,594,589,354206,11901,633893,338400
1303,616,612,353596,11899,634505,424500
1304,606,570,352997,11928,635075,366400
1305,609,598,352399,11928,635673,335700
1306,636,603,351750,11974,636276,353400
1307,589,613,351163,11948,636889,363600
1308,629,660,350540,11911,637549,319400
1309,588,611,349935,11905,638160,350700
1310,508,619,349424,11797,638779,355100
1311,629,579,348810,11832,639358,349200
1312,641,622,348165,11855,639980,324100
1313,621,577,347555,11888,640557,341900
1314,565,590,346985,11868,641147,351400
1315,640,652,346342,11859,641799,319800
1316,606,589,345739,11873,642388,336800
1317,621,593,345107,11912,642981,345400
1318,641,604,344469,11946,643585,310700
1319,576,608,343896,11911,644193,332600
1320,646,591,343253,11963,644784,321900
1321,636,635,342624,11957,645419,320000
1322,547,616,342075,11890,646035,342600
1323,604,635,341463,11867,646670,356200
1324,627,617,340846,11867,647287,344200
1325,552,582,340270,11861,647869,316600
1326,601,627,339687,11817,648496,346500
1327,616,634,339065,11805,649130,333600
1328,600,666,338453,11751,649796,324500
1329,570,614,337906,11684,650410,342600
1330,608,584,337299,11707,650994,346800
1331,663,617,336611,11778,651611,351000
1332,619,594,336006,11789,652205,346900
1333,658,590,335359,11846,652795,346100
1334,630,579,334732,11894,653374,361200
1335,624,648,334101,11877,654022,350800
1336,576,600,333501,11877,654622,336200
1337,629,637,332888,11853,655259,337900
1338,607,606,332281,11854,655865,361700
1339,636,622,331652,11861,656487,347800
1340,604,577,331026,11910,657064,345500
1341,651,624,330411,11901,657688,355400
1342,604,614,329792,11906,658302,348500
1343,620,599,329173,11926,658901,330000
1344,626,621,328555,11923,659522,337500
1345,552,610,327981,11887,660132,339900
1346,597,651,327383,11834,660783,346600
1347,600,622,326802,11793,661405,344900
1348,581,609,326205,11781,662014,331300
1349,572,613,325636,11737,662627,343800
1350,569,619,325080,11674,663246,336200
1351,660,620,324413,11721,663866,332900
1352,662,600,323759,11775,664466,337100
1353,621,596,323140,11798,665062,358900
1354,552,643,322568,11727,665705,360300
1355,609,621,321971,11703,666326,363300
1356,601,640,321377,11657,666966,348800
1357,589,637,320779,11618,667603,353600
1358,607,613,320167,11617,668216,358200
1359,589,627,319563,11594,668843,335200
1360,592,569,318982,11606,669412,348300
1361,620,615,318383,11590,670027,354000
1362,580,614,317791,11568,670641,351400
1363,545,615,317244,11500,671256,347200
1364,613,591,316621,11532,671847,359500
1365,583,636,316042,11475,672483,341000
1366,577,599,315483,11435,673082,326900
1367,624,560,314842,11516,673642,316000
1368,553,594,314285,11479,674236,340700
1369,593,597,313695,11472,674833,322500
1370,607,621,313089,11457,675454,344200
1371,625,543,312474,11529,675997,350800
1372,534,566,311909,11528,676563,326800
1373,610,594,311322,11521,677157,326700
1374,583,571,310717,11555,677728,326600
1375,583,602,310149,11521,678330,339900
1376,574,594,309587,11489,678924,312600
1377,632,618,308966,11492,679542,329900
1378,611,629,308349,11480,680171,323100
1379,559,627,307782,11420,680798,326000
1380,592,563,307187,11452,681361,342400
1381,575,582,306618,11439,681943,319800
1382,614,563,306005,11489,682506,361800
1383,612,566,305400,11528,683072,342400
1384,588,595,304800,11533,683667,359000
1385,597,627,304205,11501,684294,331800
1386,601,597,303599,11510,684891,353800
1387,574,578,303020,11511,685469,352500
1388,633,595,302406,11530,686064,328100
1389,592,630,301808,11498,686694,306400
1390,599,555,301205,11546,687249,318500
1391,598,574,300608,11569,687823,349600
1392,580,571,300026,11580,688394,349700
1393,606,586,299429,11591,688980,305300
1394,603,597,298820,11603,689577,333400
1395,609,577,298219,11627,690154,332400
1396,666,633,297549,11664,690787,321500
1397,598,587,296945,11681,691374,339700
1398,582,597,296358,11671,691971,341400
1399,606,550,295752,11727,692521,329000
1400,663,593,295105,11781,693114,352600
1401,590,626,294494,11766,693740,350800
1402,606,609,293890,11761,694349,313100
1403,551,584,293335,11732,694933,336100
1404,564,597,292778,11692,695530,315100
1405,620,604,292161,11705,696134,338600
1406,600,638,291571,11657,696772,336600
1407,578,651,290984,11593,697423,324000
1408,611,590,290361,11626,698013,334600
1409,545,635,289822,11530,698648,298500
1410,613,610,289220,11522,699258,327600
1411,570,602,288666,11474,699860,564000
1412,561,627,288076,11437,700487,384100
1413,620,587,287477,11449,701074,373900
1414,566,579,286893,11454,701653,347300
1415,592,575,286298,11474,702228,333900
1416,603,575,285698,11499,702803,337500
1417,572,611,285120,11466,703414,333200
1418,584,604,284552,11430,704018,327500
1419,548,584,283994,11404,704602,319300
1420,577,591,283407,11400,705193,312600
1421,603,556,282828,11423,705749,333400
1422,596,585,282227,11439,706334,318500
1423,573,584,281647,11435,706918,339100
1424,612,577,281047,11458,707495,322600
1425,603,578,280449,11478,708073,316000
1426,613,638,279835,11454,708711,354600
1427,611,597,279211,11481,709308,382900
1428,610,556,278610,11526,709864,366000
1429,587,587,278017,11532,710451,383000
1430,623,618,277392,11539,711069,336000
1431,593,597,276798,11536,711666,309100
1432,570,582,276214,11538,712248,347500
1433,595,599,275641,11512,712847,305600
1434,643,562,275002,11589,713409,320100
1435,616,605,274382,11604,714014,338600
1436,656,607,273720,11659,714621,332100
1437,627,610,273091,11678,715231,319000
1438,631,612,272463,11694,715843,360600
1439,568,588,271903,11666,716431,336000
1440,590,606,271293,11670,717037,338500
1441,542,632,270765,11566,717669,342000
1442,595,622,270163,11546,718291,367100
1443,574,623,269586,11500,718914,436000
1444,602,562,268991,11533,719476,355900
1445,606,635,268386,11503,720111,332100
1446,587,600,267795,11494,720711,322600
1447,585,624,267211,11454,721335,330600
1448,595,602,266618,11445,721937,337600
1449,516,590,266098,11375,722527,329000
1450,565,598,265525,11350,723125,335000
1451,554,586,264986,11303,723711,297200
1452,552,602,264425,11262,724313,316100
1453,536,612,263889,11186,724925,311000
1454,528,575,263365,11135,725500,325100
1455,493,582,262864,11054,726082,342100
1456,565,552,262317,11049,726634,327100
1457,542,602,261754,11010,727236,311400
1458,568,614,261202,10948,727850,324000
1459,531,577,260656,10917,728427,329500
1460,528,522,260124,10927,728949,326500
1461,534,569,259592,10890,729518,314900
1462,518,583,259082,10817,730101,297800
1463,502,553,258566,10780,730654,353900
1464,536,561,258039,10746,731215,310400
1465,498,587,257553,10645,731802,308200
1466,526,556,257015,10627,732358,325400
1467,543,535,256474,10633,732893,311900
1468,528,542,255944,10621,733435,328200
1469,518,561,255417,10587,733996,332100
1470,513,587,254907,10510,734583,302800
1471,510,506,254398,10513,735089,356000
1472,485,501,253924,10486,735590,308900
1473,551,502,253364,10544,736092,306000
1474,503,547,252865,10496,736639,351300
1475,508,517,252364,10480,737156,320000
1476,492,562,251868,10414,737718,310700
1477,502,553,251353,10376,738271,328400
1478,542,561,250821,10347,738832,291700
1479,497,564,250311,10293,739396,335200
1480,484,520,249829,10255,739916,324100
1481,482,545,249350,10189,740461,320500
1482,486,531,248876,10132,740992,323100
1483,487,550,248384,10074,741542,316600
1484,500,503,247880,10075,742045,322000
1485,520,513,247353,10089,742558,335300
1486,479,544,246884,10014,743102,322200
1487,461,533,246416,9949,743635,317900
1488,490,490,245941,9934,744125,328600
1489,458,502,245476,9897,744627,309000
1490,469,507,245005,9861,745134,333000
1491,469,523,244547,9796,745657,323900
1492,467,502,244061,9780,746159,320400
1493,476,523,243598,9720,746682,305400
1494,482,463,243116,9739,747145,302000
1495,514,520,242606,9729,747665,305800
1496,508,477,242088,9770,748142,293700
1497,540,489,241568,9801,748631,329900
1498,518,513,241023,9833,749144,322200
1499,559,469,240463,9924,749613,336600
1500,512,538,239966,9883,750151,322100
1501,523,517,239437,9895,750668,312900
1502,513,508,238921,9903,751176,323700
1503,523,510,238403,9911,751686,339000
1504,562,493,237843,9978,752179,316300
1505,508,481,237337,10003,752660,302800
1506,534,505,236817,10018,753165,318100
1507,552,537,236240,10058,753702,306900
1508,529,543,235723,10032,754245,321400
1509,518,515,235212,10028,754760,310100
1510,506,525,234698,10017,755285,332700
1511,459,528,234230,9957,755813,340800
1512,473,501,233764,9922,756314,313100
1513,493,529,233271,9886,756843,307300
1514,483,567,232772,9818,757410,304900
1515,522,527,232260,9803,757937,309000
1516,497,519,231762,9782,758456,328100
1517,495,503,231265,9776,758959,331500
1518,512,514,230764,9763,759473,333900
1519,550,538,230226,9763,760011,357600
1520,551,527,229659,9803,760538,351600
1521,507,486,229146,9830,761024,343200
1522,478,524,228669,9783,761548,310100
1523,468,478,228190,9784,762026,325800
1524,412,501,227788,9685,762527,302000
1525,446,510,227345,9618,763037,308500
1526,463,470,226884,9609,763507,328100
1527,446,478,226415,9600,763985,319100
1528,446,493,225982,9540,764478,300400
1529,473,498,225516,9508,764976,310000
1530,459,478,225061,9485,765454,322000
1531,463,469,224577,9500,765923,322500
1532,452,503,224145,9429,766426,314300
1533,453,491,223682,9401,766917,319500
1534,500,463,223189,9431,767380,331100
1535,472,442,222715,9463,767822,302100
1536,456,507,222266,9405,768329,346300
1537,447,470,221803,9398,768799,312300
1538,514,487,221306,9408,769286,332600
1539,487,470,220812,9432,769756,296800
1540,484,498,220322,9424,770254,321100
1541,474,503,219849,9394,770757,310500
1542,480,513,219378,9352,771270,312100
1543,475,479,218909,9342,771749,308200
1544,448,481,218445,9325,772230,337500
1545,530,493,217919,9358,772723,318800
1546,476,486,217446,9345,773209,299900
1547,463,485,216975,9331,773694,323400
1548,484,503,216506,9297,774197,300300
1549,468,474,216024,9305,774671,306200
1550,470,494,215546,9289,775165,312900
1551,471,466,215104,9265,775631,301100
1552,456,482,214629,9258,776113,311300
1553,445,514,214183,9190,776627,312000
1554,492,474,213694,9205,777101,299900
1555,452,453,213239,9207,777554,315200
1556,460,459,212783,9204,778013,318300
1557,471,489,212308,9190,778502,314000
1558,480,491,211828,9179,778993,333100
1559,478,450,211349,9208,779443,304100
1560,432,481,210927,9149,779924,305600
1561,469,541,210451,9084,780465,323400
1562,458,467,209985,9083,780932,288200
1563,445,420,209553,9095,781352,302300
1564,419,477,209127,9044,781829,315400
1565,485,433,208647,9091,782262,336800
1566,472,446,208178,9114,782708,349100
1567,462,454,207705,9133,783162,314900
1568,428,468,207278,9092,783630,344200
1569,465,465,206815,9090,784095,405200
1570,460,446,206357,9102,784541,366900
1571,421,478,205938,9043,785019,331800
1572,439,495,205497,8989,785514,403800
1573,433,441,205064,8981,785955,434500
1574,443,457,204626,8962,786412,422900
1575,451,445,204175,8968,786857,432500
1576,457,444,203735,8964,787301,350500
1577,489,483,203234,8982,787784,421300
1578,449,463,202774,8979,788247,397800
1579,483,457,202301,8995,788704,393600
1580,465,493,201822,8981,789197,416700
1581,451,448,201377,8978,789645,340200
1582,421,461,200952,8942,790106,394700
1583,447,462,200509,8923,790568,389800
1584,489,468,200019,8945,791036,377600
1585,417,418,199589,8957,791454,378000
1586,425,436,199172,8938,791890,348800
1587,430,472,198743,8895,792362,393900
1588,456,459,198289,8890,792821,408000
1589,478,431,197798,8950,793252,344700
1590,440,467,197369,8912,793719,335200
1591,468,440,196923,8918,794159,340700
1592,469,444,196443,8954,794603,584100
1593,402,421,196031,8945,795024,343200
1594,457,453,195577,8946,795477,334400
1595,447,451,195131,8941,795928,341800
1596,441,429,194691,8952,796357,327700
1597,464,454,194234,8955,796811,314800
1598,443,501,193782,8906,797312,339800
1599,427,454,193344,8890,797766,347400
1600,482,479,192882,8873,798245,310600
1601,425,472,192436,8847,798717,320000
1602,403,470,192045,8768,799187,321800
1603,425,451,191624,8738,799638,313000
1604,442,471,191174,8717,800109,346000
1605,426,447,190744,8700,800556,339200
1606,521,464,190253,8727,801020,341800
1607,479,445,189753,8782,801465,335800
1608,445,485,189317,8733,801950,479600
1609,429,448,188867,8735,802398,322700
1610,423,451,188454,8697,802849,385300
1611,459,420,188002,8729,803269,311000
1612,470,472,187515,8744,803741,331100
1613,463,425,187055,8779,804166,333400
1614,448,457,186615,8762,804623,438600
1615,413,463,186198,8716,805086,342400
1616,413,427,185788,8699,805513,305300
1617,409,446,185379,8662,805959,318000
1618,440,452,184954,8635,806411,317800
1619,451,470,184482,8637,806881,324500
1620,416,443,184071,8605,807324,352200
1621,399,482,183674,8520,807806,307600
1622,424,444,183248,8502,808250,298300
1623,422,423,182826,8501,808673,334400
1624,427,417,182397,8513,809090,505500
1625,416,437,181973,8500,809527,332800
1626,417,416,181572,8485,809943,328900
1627,435,423,181139,8495,810366,307900
1628,423,459,180693,8482,810825,313100
1629,406,388,180298,8489,811213,308100
1630,379,419,179921,8447,811632,291500
1631,402,433,179522,8413,812065,293800
1632,399,412,179115,8408,812477,305600
1633,362,443,178743,8337,812920,298700
1634,361,439,178386,8255,813359,324900
1635,389,425,178019,8197,813784,323600
1636,409,426,177599,8191,814210,311900
1637,384,392,177218,8180,814602,313200
1638,382,430,176823,8145,815032,346500
1639,378,391,176455,8122,815423,348500
1640,419,425,176037,8115,815848,341600
1641,401,418,175625,8109,816266,363500
1642,397,411,175242,8081,816677,340500
1643,407,419,174823,8081,817096,326200
1644,354,411,174472,8021,817507,293600
1645,406,403,174066,8024,817910,312700
1646,369,402,173694,7994,818312,316700
1647,374,395,173322,7971,818707,338800
1648,382,412,172929,7952,819119,298600
1649,388,396,172549,7936,819515,315200
1650,391,424,172152,7909,819939,311600
1651,375,384,171792,7885,820323,310000
1652,405,434,171387,7856,820757,349700
1653,408,378,170982,7883,821135,303500
1654,398,406,170584,7875,821541,380700
1655,406,405,170162,7892,821946,349500
1656,384,425,169793,7836,822371,371800
1657,408,405,169397,7827,822776,349000
1658,433,412,168944,7868,823188,331600
1659,383,410,168574,7828,823598,298000
1660,409,409,168167,7826,824007,296400
1661,408,406,167762,7825,824413,326900
1662,433,407,167325,7855,824820,307400
1663,396,384,166915,7881,825204,315400
1664,393,437,166522,7837,825641,326000
1665,382,426,166139,7794,826067,293600
1666,428,441,165718,7774,826508,295900
1667,384,387,165333,7772,826895,316300
1668,393,427,164927,7751,827322,342200
1669,445,386,164495,7797,827708,327100
1670,406,411,164095,7786,828119,299000
1671,372,368,163722,7791,828487,304400
1672,383,375,163336,7802,828862,272300
1673,377,392,162961,7785,829254,299900
1674,387,411,162562,7773,829665,311800
1675,376,380,162191,7764,830045,371800
1676,383,392,161799,7764,830437,304500
1677,377,389,161436,7738,830826,327800
1678,378,355,161060,7759,831181,315900
1679,362,418,160690,7711,831599,308700
1680,379,407,160305,7689,832006,334400
1681,373,401,159934,7659,832407,319000
1682,400,383,159553,7657,832790,308500
1683,439,377,159111,7722,833167,294300
1684,382,441,158725,7667,833608,299600
1685,380,386,158334,7672,833994,312100
1686,413,399,157923,7684,834393,288900
1687,386,360,157541,7706,834753,284700
1688,336,359,157208,7680,835112,316900
1689,371,408,156837,7643,835520,309900
1690,388,395,156445,7640,835915,301500
1691,398,416,156050,7619,836331,292300
1692,342,352,155705,7612,836683,312900
1693,346,407,155351,7559,837090,354900
1694,412,400,154941,7569,837490,309200
1695,383,389,154564,7557,837879,291500
1696,366,346,154197,7578,838225,309000
1697,357,378,153842,7555,838603,378800
1698,350,427,153484,7486,839030,296900
1699,360,387,153116,7467,839417,299700
1700,388,379,152738,7466,839796,315400
1701,373,391,152371,7442,840187,283700
1702,375,390,152001,7422,840577,336000
1703,373,412,151613,7398,840989,332600
1704,375,364,151251,7396,841353,313900
1705,355,384,150892,7371,841737,304300
1706,357,375,150527,7361,842112,335800
1707,338,366,150187,7335,842478,312400
1708,361,382,149825,7315,842860,305600
1709,357,381,149469,7290,843241,311600
1710,371,400,149108,7251,843641,338800
1711,355,348,148754,7257,843989,316500
1712,348,386,148402,7223,844375,328000
1713,360,378,148036,7211,844753,296800
1714,297,395,147740,7112,845148,298500
1715,301,355,147441,7056,845503,307300
1716,272,355,147169,6973,845858,313800
1717,348,372,146818,6952,846230,291500
1718,320,348,146485,6937,846578,313200
1719,331,346,146160,6916,846924,337500
1720,330,365,145837,6874,847289,318300
1721,317,365,145525,6821,847654,336200
1722,307,347,145209,6790,848001,298700
1723,341,338,144874,6787,848339,322400
1724,350,356,144522,6783,848695,310100
1725,331,316,144207,6782,849011,331300
1726,340,334,143854,6801,849345,311400
1727,345,351,143514,6790,849696,277200
1728,351,367,143169,6768,850063,332700
1729,323,352,142827,6758,850415,316800
1730,359,360,142479,6746,850775,329100
1731,359,348,142113,6764,851123,309900
1732,367,357,141766,6754,851480,318500
1733,366,352,141396,6772,851832,319200
1734,344,359,141033,6776,852191,310500
1735,352,323,140690,6796,852514,293600
1736,337,372,140346,6768,852886,314100
1737,386,356,139964,6794,853242,319800
1738,350,327,139628,6803,853569,316800
1739,337,320,139272,6839,853889,317900
1740,344,338,138940,6833,854227,300300
1741,327,387,138596,6790,854614,310600
1742,319,334,138283,6769,854948,302200
1743,332,364,137949,6739,855312,310800
1744,347,327,137610,6751,855639,332600
1745,330,375,137270,6716,856014,297000
1746,330,365,136941,6680,856379,312900
1747,327,332,136622,6667,856711,321100
1748,347,344,136274,6671,857055,320900
1749,321,390,135938,6617,857445,308400
1750,384,309,135576,6670,857754,338700
1751,333,346,135242,6658,858100,316300
1752,320,350,134915,6635,858450,303300
1753,355,361,134570,6619,858811,325900
1754,320,332,134233,6624,859143,328300
1755,354,315,133895,6647,859458,311000
1756,337,334,133552,6656,859792,297100
1757,287,362,133268,6578,860154,305500
1758,296,346,132967,6533,860500,307000
1759,316,336,132651,6513,860836,295900
1760,290,354,132356,6454,861190,298400
1761,308,333,132059,6418,861523,310200
1762,286,311,131760,6406,861834,308300
1763,290,349,131479,6338,862183,304700
1764,321,354,131147,6316,862537,312900
1765,331,343,130817,6303,862880,308900
1766,340,339,130476,6305,863219,306100
1767,303,332,130184,6265,863551,281900
1768,327,307,129853,6289,863858,297100
1769,318,318,129539,6285,864176,309100
1770,290,346,129241,6237,864522,284100
1771,336,351,128927,6200,864873,308600
1772,318,326,128585,6216,865199,292800
1773,320,336,128281,6184,865535,286600
1774,318,308,127946,6211,865843,304400
1775,332,305,127639,6213,866148,298400
1776,344,345,127274,6233,866493,329900
1777,319,313,126949,6245,866806,307500
1778,328,300,126626,6268,867106,294000
1779,334,348,126292,6254,867454,301000
1780,303,297,125986,6263,867751,288300
1781,288,312,125701,6236,868063,309600
1782,327,333,125381,6223,868396,304500
1783,312,316,125062,6226,868712,285500
1784,352,301,124719,6268,869013,302000
1785,345,336,124374,6277,869349,305700
1786,353,314,124013,6324,869663,302700
1787,342,334,123666,6337,869997,304800
1788,303,339,123369,6295,870336,288700
1789,323,325,123046,6293,870661,307000
1790,308,337,122735,6267,870998,292000
1791,320,343,122433,6226,871341,293500
1792,328,345,122087,6227,871686,317300
1793,304,299,121783,6232,871985,306400
1794,275,320,121513,6182,872305,311200
1795,304,285,121200,6210,872590,306300
1796,284,300,120931,6179,872890,290000
1797,303,337,120610,6163,873227,326300
1798,307,315,120312,6146,873542,302500
1799,303,299,120007,6152,873841,337000
1800,296,305,119714,6140,874146,312800
1801,310,295,119407,6152,874441,292300
1802,306,304,119099,6156,874745,328600
1803,299,333,118795,6127,875078,330400
1804,296,296,118518,6108,875374,317800
1805,293,315,118209,6102,875689,322600
1806,304,309,117916,6086,875998,314700
1807,298,301,117614,6087,876299,312100
1808,286,303,117314,6084,876602,329700
1809,325,315,116995,6088,876917,294800
1810,314,310,116678,6095,877227,314900
1811,297,285,116380,6108,877512,295100
1812,284,324,116100,6064,877836,306600
1813,269,298,115828,6038,878134,309200
1814,297,301,115530,6035,878435,271700
1815,301,306,115235,6024,878741,301100
1816,297,319,114941,5999,879060,300000
1817,306,318,114632,5990,879378,297100
1818,315,287,114318,6017,879665,391500
1819,307,323,114013,5999,879988,331500
1820,288,310,113715,5987,880298,313000
1821,298,316,113430,5956,880614,283500
1822,302,314,113123,5949,880928,283900
1823,295,322,112819,5931,881250,305300
1824,288,315,112536,5899,881565,288200
1825,272,299,112266,5870,881864,296200
1826,308,321,111953,5862,882185,316700
1827,299,302,111657,5856,882487,284700
1828,301,316,111348,5849,882803,304000
1829,284,302,111073,5822,883105,297600
1830,297,304,110775,5816,883409,321000
1831,299,304,110480,5807,883713,312500
1832,291,305,110184,5798,884018,356200
1833,281,306,109908,5768,884324,325700
1834,306,302,109599,5775,884626,302200
1835,288,296,109313,5765,884922,292500
1836,296,300,109016,5762,885222,308500
1837,292,286,108715,5777,885508,314600
1838,277,286,108433,5773,885794,296900
1839,292,272,108144,5790,886066,303900
1840,258,325,107895,5714,886391,313600
1841,302,299,107599,5711,886690,280000
1842,304,270,107288,5752,886960,303100
1843,280,266,107012,5762,887226,307500
1844,290,281,106715,5778,887507,327800
1845,271,268,106446,5779,887775,352600
1846,287,298,106149,5778,888073,306200
1847,250,306,105910,5711,888379,337000
1848,275,263,105633,5725,888642,342100
1849,281,302,105357,5699,888944,313700
1850,276,303,105076,5677,889247,320600
1851,256,309,104818,5626,889556,407400
1852,266,314,104553,5577,889870,318800
1853,255,303,104292,5535,890173,373900
1854,316,267,103989,5571,890440,344300
1855,255,264,103726,5570,890704,332600
1856,268,265,103456,5575,890969,329000
1857,284,278,103176,5577,891247,318400
1858,280,266,102894,5593,891513,294100
1859,276,292,102616,5579,891805,301400
1860,277,262,102349,5584,892067,317600
1861,299,262,102055,5616,892329,333900
1862,272,312,101770,5589,892641,324200
1863,297,312,101474,5573,892953,316500
1864,263,283,101221,5543,893236,362900
1865,242,299,100972,5493,893535,600800
1866,270,285,100699,5481,893820,343300
1867,252,264,100450,5466,894084,346600
1868,279,294,100165,5457,894378,345000
1869,263,274,99903,5445,894652,346400
1870,253,235,99658,5455,894887,324800
1871,279,294,99371,5448,895181,326200
1872,276,282,99111,5426,895463,309200
1873,279,263,98824,5450,895726,323200
1874,265,306,98556,5412,896032,327300
1875,284,261,98267,5440,896293,301000
1876,272,285,97998,5424,896578,314100
1877,293,270,97714,5438,896848,308900
1878,267,273,97441,5438,897121,302700
1879,268,302,97179,5398,897423,317200
1880,266,315,96906,5356,897738,295100
1881,252,278,96654,5330,898016,310100
1882,256,285,96391,5308,898301,316600
1883,274,296,96123,5280,898597,298300
1884,254,263,95869,5271,898860,317000
1885,247,282,95614,5244,899142,312500
1886,252,262,95364,5232,899404,317700
1887,243,288,95133,5175,899692,307700
1888,215,266,94916,5126,899958,308100
1889,244,269,94665,5108,900227,309600
1890,255,290,94420,5063,900517,330500
1891,245,248,94166,5069,900765,313600
1892,256,249,93913,5073,901014,326400
1893,241,260,93677,5049,901274,323200
1894,270,242,93405,5079,901516,318900
1895,258,274,93141,5069,901790,307200
1896,239,257,92897,5056,902047,314600
1897,260,266,92636,5051,902313,318800
1898,247,232,92394,5061,902545,324400
1899,245,250,92153,5052,902795,360700
1900,227,278,91928,4999,903073,388400
1901,251,260,91676,4991,903333,342600
1902,235,240,91440,4987,903573,319200
1903,254,247,91187,4993,903820,333000
1904,209,249,90975,4956,904069,313600
1905,240,284,90729,4918,904353,302600
1906,270,248,90460,4939,904601,324700
1907,227,250,90242,4907,904851,316800
1908,238,245,89987,4917,905096,335500
1909,222,253,89770,4881,905349,317100
1910,220,287,89551,4813,905636,309700
1911,215,236,89336,4792,905872,332500
1912,208,208,89126,4794,906080,314000
1913,206,240,88918,4762,906320,312900
1914,232,251,88691,4738,906571,304300
1915,255,243,88435,4751,906814,311700
1916,223,246,88218,4722,907060,307000
1917,224,274,88000,4666,907334,331100
1918,217,211,87779,4676,907545,297900
1919,212,248,87565,4642,907793,309100
1920,179,235,87377,4595,908028,317000
1921,207,247,87174,4551,908275,336900
1922,227,217,86950,4558,908492,311900
1923,214,224,86742,4542,908716,292500
1924,214,218,86523,4543,908934,315700
1925,204,242,86317,4507,909176,320800
1926,216,258,86098,4468,909434,305800
1927,206,239,85894,4433,909673,344100
1928,209,232,85677,4418,909905,304700
1929,207,230,85471,4394,910135,292900
1930,201,219,85275,4371,910354,318200
1931,190,220,85080,4346,910574,344200
1932,220,229,84874,4323,910803,298700
1933,202,226,84664,4307,911029,303500
1934,224,223,84454,4294,911252,308400
1935,213,238,84237,4273,911490,301400
1936,216,222,84010,4278,911712,311500
1937,222,245,83789,4254,911957,322100
1938,223,214,83566,4263,912171,296000
1939,237,221,83333,4275,912392,319400
1940,240,201,83095,4312,912593,314400
1941,211,233,82873,4301,912826,314700
1942,234,229,82650,4295,913055,316000
1943,224,225,82426,4294,913280,284400
1944,201,216,82223,4281,913496,296100
1945,228,237,81995,4272,913733,297800
1946,243,245,81749,4273,913978,310200
1947,244,214,81509,4299,914192,299400
1948,253,243,81255,4310,914435,302200
1949,220,212,81032,4321,914647,330800
1950,221,230,80809,4314,914877,337600
1951,231,220,80580,4323,915097,338300
1952,240,213,80345,4345,915310,318500
1953,214,225,80121,4344,915535,311000
1954,204,200,79923,4342,915735,322000
1955,223,246,79699,4320,915981,329000
1956,208,227,79499,4293,916208,303800
1957,233,227,79258,4307,916435,306700
1958,226,220,79030,4315,916655,321300
1959,211,226,78822,4297,916881,288500
1960,232,238,78584,4297,917119,309500
1961,236,230,78358,4293,917349,304900
1962,199,216,78152,4283,917565,298500
1963,230,229,77923,4283,917794,294700
1964,226,233,77695,4278,918027,302600
1965,205,207,77492,4274,918234,275900
1966,237,232,77254,4280,918466,313500
1967,196,222,77062,4250,918688,301700
1968,223,214,76837,4261,918902,284600
1969,241,236,76599,4263,919138,305300
1970,204,211,76388,4263,919349,288200
1971,197,227,76191,4233,919576,281600
1972,228,220,75968,4236,919796,297000
1973,212,242,75752,4210,920038,308300
1974,220,212,75537,4213,920250,271000
1975,218,217,75318,4215,920467,300600
1976,243,253,75072,4208,920720,302500
1977,227,213,74850,4217,920933,290300
1978,207,220,74637,4210,921153,284600
1979,232,250,74405,4192,921403,291500
1980,245,225,74162,4210,921628,285000
1981,231,218,73933,4221,921846,285700
1982,206,242,73718,4194,922088,318200
1983,238,197,73490,4225,922285,292300
1984,228,227,73256,4232,922512,292600
1985,193,225,73068,4195,922737,303400
1986,209,223,72859,4181,922960,309600
1987,215,221,72637,4182,923181,340000
1988,195,200,72454,4165,923381,309100
1989,214,202,72230,4187,923583,270900
1990,202,243,72027,4147,923826,302500
1991,188,201,71843,4130,924027,287600
1992,202,214,71636,4123,924241,314400
1993,211,237,71430,4092,924478,286700
1994,202,209,71222,4091,924687,302300
1995,174,196,71048,4069,924883,281100
1996,169,215,70877,4025,925098,301200
1997,197,210,70692,4000,925308,310900
1998,207,238,70485,3969,925546,310400
1999,178,234,70301,3919,925780,303300
2000,213,207,70094,3919,925987,305700
2001,165,211,69925,3877,926198,343700
2002,169,217,69754,3831,926415,325400
2003,211,194,69545,3846,926609,330900
2004,203,204,69344,3843,926813,320300
2005,192,203,69145,3839,927016,306600
2006,194,194,68960,3830,927210,358000
2007,172,190,68783,3817,927400,320600
2008,169,206,68607,3787,927606,334100
2009,159,194,68450,3750,927800,317700
2010,176,200,68279,3721,928000,330600
2011,194,207,68081,3712,928207,326200
2012,161,186,67922,3685,928393,330700
2013,176,183,67743,3681,928576,314700
2014,187,202,67564,3658,928778,304700
2015,172,182,67392,3648,928960,314200
2016,164,200,67218,3622,929160,311900
2017,165,198,67056,3586,929358,300900
2018,143,188,66922,3532,929546,310600
2019,166,170,66748,3536,929716,298400
2020,146,176,66592,3516,929892,289700
2021,169,199,66432,3477,930091,334900
2022,152,182,66275,3452,930273,328500
2023,168,176,66115,3436,930449,309600
2024,133,179,65975,3397,930628,298100
2025,162,164,65813,3395,930792,304800
2026,154,157,65663,3388,930949,379900
2027,162,194,65500,3357,931143,353700
2028,152,156,65344,3357,931299,342900
2029,146,166,65194,3341,931465,320700
2030,142,167,65065,3303,931632,332200
2031,173,164,64890,3314,931796,292000
2032,147,167,64742,3295,931963,294800
2033,186,165,64552,3320,932128,296400
2034,182,189,64375,3308,932317,305400
2035,147,175,64217,3291,932492,315200
2036,162,160,64059,3289,932652,319200
2037,151,189,63911,3248,932841,321500
2038,149,157,63759,3243,932998,296500
2039,182,185,63594,3223,933183,304100
2040,134,163,63446,3208,933346,332700
2041,144,173,63296,3185,933519,316700
2042,167,172,63138,3171,933691,344100
2043,150,177,62980,3152,933868,336100
2044,165,171,62819,3142,934039,306400
2045,127,151,62688,3122,934190,309200
2046,187,167,62510,3133,934357,293500
2047,140,164,62361,3118,934521,297800
2048,136,166,62230,3083,934687,326500
2049,149,160,62079,3074,934847,317300
2050,151,148,61933,3072,934995,291700
2051,141,172,61784,3049,935167,327300
2052,146,147,61650,3036,935314,296800
2053,154,180,61485,3021,935494,349300
2054,143,142,61345,3019,935636,329100
2055,159,185,61194,2985,935821,303800
2056,161,158,61022,2999,935979,323400
2057,147,133,60875,3013,936112,312600
2058,158,140,60727,3021,936252,368500
2059,154,154,60571,3023,936406,330000
2060,139,155,60427,3012,936561,337100
2061,168,151,60265,3023,936712,305900
2062,164,146,60099,3043,936858,311800
2063,157,171,59930,3041,937029,288800
2064,162,159,59778,3034,937188,298500
2065,159,155,59622,3035,937343,276100
2066,155,159,59462,3036,937502,319300
2067,155,160,59312,3026,937662,324000
2068,164,131,59145,3062,937793,289300
2069,171,146,58976,3085,937939,310100
2070,154,191,58821,3049,938130,283600
2071,152,159,58671,3040,938289,286300
2072,139,146,58521,3044,938435,285400
2073,172,163,58361,3041,938598,288000
2074,132,147,58224,3031,938745,294200
2075,167,152,58057,3046,938897,329000
2076,143,157,57914,3032,939054,281700
2077,142,136,57775,3035,939190,346900
2078,143,174,57630,3006,939364,309100
2079,152,148,57473,3015,939512,298200
2080,153,165,57328,2995,939677,281500
2081,169,170,57154,2999,939847,288100
2082,145,155,57011,2987,940002,269500
2083,148,157,56861,2980,940159,293300
2084,141,170,56722,2949,940329,290500
2085,156,145,56569,2957,940474,296600
2086,159,166,56409,2951,940640,281200
2087,137,157,56271,2932,940797,290900
2088,155,144,56115,2944,940941,291600
2089,125,133,55990,2936,941074,293300
2090,143,135,55846,2945,941209,308700
2091,167,154,55684,2953,941363,326900
2092,142,160,55541,2936,941523,299200
2093,138,155,55401,2921,941678,282600
2094,158,176,55243,2903,941854,295600
2095,163,142,55076,2928,941996,296900
2096,119,122,54959,2923,942118,281100
2097,151,151,54805,2926,942269,274700
2098,145,143,54665,2923,942412,312900
2099,151,146,54514,2928,942558,304100
2100,128,168,54380,2894,942726,319300
2101,163,133,54222,2919,942859,300600
2102,151,153,54064,2924,943012,295500
2103,137,136,53929,2923,943148,294100
2104,152,156,53776,2920,943304,293900
2105,162,157,53629,2910,943461,291700
2106,138,157,53478,2904,943618,291900
2107,132,138,53352,2892,943756,294800
2108,155,148,53191,2905,943904,268600
2109,136,147,53055,2894,944051,298300
2110,133,127,52921,2901,944178,290400
2111,124,165,52802,2855,944343,305700
2112,139,147,52660,2850,944490,296300
2113,127,136,52532,2842,944626,279600
2114,124,147,52415,2812,944773,301500
2115,146,171,52269,2787,944944,306000
2116,143,141,52125,2790,945085,281000
2117,127,129,51985,2801,945214,294600
2118,124,145,51866,2775,945359,280300
2119,151,156,51720,2765,945515,449100
2120,118,137,51596,2752,945652,308500
2121,124,152,51476,2720,945804,293400
2122,94,125,51384,2687,945929,276100
2123,161,146,51224,2701,946075,298100
2124,129,148,51093,2684,946223,301200
2125,139,147,50950,2680,946370,298200
2126,120,139,50828,2663,946509,271700
2127,121,131,50719,2641,946640,295800
2128,146,127,50570,2663,946767,289700
2129,131,102,50430,2701,946869,279300
2130,153,144,50281,2706,947013,296800
2131,140,157,50143,2687,947170,284200
2132,151,164,49993,2673,947334,282600
2133,145,133,49844,2689,947467,284800
2134,127,119,49721,2693,947586,316500
2135,128,127,49592,2695,947713,297800
2136,129,145,49462,2680,947858,296600
2137,120,145,49348,2649,948003,301600
2138,135,153,49203,2641,948156,280500
2139,113,118,49089,2637,948274,278300
2140,131,131,48960,2635,948405,307300
2141,120,133,48843,2619,948538,278500
2142,136,135,48703,2624,948673,286700
2143,121,118,48583,2626,948791,298600
2144,137,140,48456,2613,948931,278800
2145,117,150,48332,2587,949081,294300
2146,119,135,48208,2576,949216,268600
2147,111,132,48097,2555,949348,284300
2148,100,148,47999,2505,949496,282600
2149,107,123,47892,2489,949619,282200
2150,110,120,47777,2484,949739,274600
2151,116,127,47671,2463,949866,310400
2152,114,129,47555,2450,949995,317800
2153,111,144,47447,2414,950139,288500
2154,86,137,47356,2368,950276,274300
2155,93,129,47266,2329,950405,274400
2156,89,106,47175,2314,950511,268800
2157,100,124,47069,2296,950635,300000
2158,93,104,46979,2282,950739,289700
2159,85,117,46893,2251,950856,293900
2160,94,125,46800,2219,950981,297100
2161,85,109,46712,2198,951090,289100
2162,117,122,46608,2180,951212,298100
2163,106,110,46496,2182,951322,289900
2164,116,119,46378,2181,951441,285000
2165,89,98,46292,2169,951539,265600
2166,119,125,46171,2165,951664,280500
2167,106,122,46064,2150,951786,345900
2168,103,110,45967,2137,951896,281200
2169,117,104,45849,2151,952000,295100
2170,114,104,45736,2160,952104,287600
2171,103,118,45626,2152,952222,284200
2172,109,118,45520,2140,952340,294300
2173,114,106,45402,2152,952446,283600
2174,125,118,45284,2152,952564,309600
2175,111,93,45169,2174,952657,284400
2176,128,99,45042,2202,952756,324400
2177,109,115,44933,2196,952871,301600
2178,127,120,44803,2206,952991,343500
2179,115,117,44690,2202,953108,327000
2180,126,108,44563,2221,953216,306300
2181,100,127,44460,2197,953343,312600
2182,123,112,44339,2206,953455,310500
2183,115,122,44221,2202,953577,298600
2184,138,108,44090,2225,953685,303800
2185,130,113,43959,2243,953798,316600
2186,113,116,43846,2240,953914,346500
2187,98,124,43743,2219,954038,300300
2188,119,107,43632,2223,954145,336600
2189,103,121,43522,2212,954266,357700
2190,110,127,43412,2195,954393,356300
2191,116,119,43299,2189,954512,353700
2192,112,124,43185,2179,954636,716200
2193,94,100,43089,2175,954736,798600
2194,102,150,42986,2128,954886,704000
2195,118,114,42872,2128,955000,530200
2196,119,101,42755,2144,955101,437600
2197,111,121,42644,2134,955222,513400
2198,95,118,42548,2112,955340,816200
2199,103,114,42440,2106,955454,660100
2200,119,118,42334,2094,955572,568900
2201,102,123,42223,2082,955695,514500
2202,105,91,42116,2098,955786,431300
2203,100,97,42028,2089,955883,398400
2204,107,95,41912,2110,955978,369900
2205,106,106,41808,2108,956084,373800
2206,101,108,41705,2103,956192,378300
2207,97,98,41602,2108,956290,387000
2208,98,98,41506,2106,956388,361300
2209,101,120,41408,2084,956508,400800
2210,114,111,41295,2086,956619,625000
2211,111,114,41184,2083,956733,369600
2212,92,110,41089,2068,956843,361800
2213,127,100,40965,2092,956943,349400
2214,97,109,40866,2082,957052,349200
2215,82,110,40787,2051,957162,351200
2216,96,114,40690,2034,957276,327300
2217,81,103,40604,2017,957379,390200
2218,95,107,40511,2003,957486,296000
2219,101,119,40410,1985,957605,315300
2220,88,104,40324,1967,957709,327300
2221,101,116,40218,1957,957825,333900
2222,103,118,40119,1938,957943,342800
2223,101,88,40023,1946,958031,313300
2224,86,118,39932,1919,958149,293200
2225,80,96,39852,1903,958245,289700
2226,100,91,39754,1910,958336,402800
2227,89,97,39667,1900,958433,317800
2228,96,101,39560,1906,958534,316800
2229,92,92,39472,1902,958626,308800
2230,99,104,39371,1899,958730,295200
2231,100,99,39278,1893,958829,307000
2232,86,96,39191,1884,958925,276500
2233,92,107,39094,1874,959032,312800
2234,85,95,39009,1864,959127,299800
2235,98,96,38920,1857,959223,308600
2236,71,86,38836,1855,959309,307300
2237,106,85,38740,1866,959394,260000
2238,95,97,38643,1866,959491,301100
2239,84,87,38550,1872,959578,338000
2240,85,108,38472,1842,959686,325300
2241,93,97,38375,1842,959783,311100
2242,101,113,38278,1826,959896,330000
2243,95,113,38187,1804,960009,405600
2244,100,115,38080,1796,960124,277200
2245,86,102,37994,1780,960226,297800
2246,94,98,37905,1771,960324,282300
2247,107,105,37799,1772,960429,281800
2248,113,94,37687,1790,960523,335000
2249,89,76,37596,1805,960599,267600
2250,89,89,37503,1809,960688,268700
2251,87,83,37415,1814,960771,308200
2252,75,87,37345,1797,960858,330200
2253,86,101,37254,1787,960959,324900
2254,89,80,37168,1793,961039,320600
2255,87,84,37076,1801,961123,302800
2256,96,91,36989,1797,961214,441300
2257,92,98,36890,1798,961312,323600
2258,83,91,36808,1789,961403,319600
2259,113,105,36700,1792,961508,285400
2260,83,90,36609,1793,961598,282600
2261,92,97,36523,1782,961695,329700
2262,87,97,36434,1774,961792,288900
2263,93,88,36347,1773,961880,280200
2264,97,79,36250,1791,961959,284800
2265,109,89,36136,1816,962048,290000
2266,84,93,36054,1805,962141,280900
2267,106,95,35946,1818,962236,290700
2268,116,110,35836,1818,962346,293700
2269,118,105,35712,1837,962451,262800
2270,97,79,35613,1857,962530,285300
2271,89,90,35526,1854,962620,314500
2272,89,87,35435,1858,962707,286200
2273,88,96,35350,1847,962803,316400
2274,99,87,35258,1852,962890,300800
2275,93,84,35155,1871,962974,289100
2276,99,82,35058,1886,963056,288800
2277,100,102,34953,1889,963158,436500
2278,103,99,34856,1887,963257,283200
2279,103,89,34753,1901,963346,306700
2280,98,98,34654,1902,963444,259100
2281,110,89,34550,1917,963533,279200
2282,90,96,34453,1918,963629,287300
2283,98,90,34357,1924,963719,289000
2284,89,103,34271,1907,963822,302400
2285,101,92,34170,1916,963914,286900
2286,107,98,34060,1928,964012,262000
2287,128,82,33940,1966,964094,283800
2288,106,108,33824,1974,964202,303300
2289,113,111,33726,1961,964313,276100
2290,98,110,33611,1966,964423,291300
2291,104,88,33514,1975,964511,291800
2292,96,98,33419,1972,964609,294900
2293,85,123,33327,1941,964732,295600
2294,103,102,33223,1943,964834,285500
2295,88,104,33140,1922,964938,298800
2296,117,98,33021,1943,965036,289800
2297,100,104,32920,1940,965140,314800
2298,117,103,32803,1954,965243,312500
2299,96,79,32710,1968,965322,321500
2300,105,112,32605,1961,965434,304900
2301,97,99,32507,1960,965533,309900
2302,102,103,32404,1960,965636,320100
2303,88,93,32318,1953,965729,324600
2304,94,102,32228,1941,965831,298900
2305,99,106,32123,1940,965937,270000
2306,95,99,32032,1932,966036,277000
2307,87,101,31937,1926,966137,292800
2308,83,101,31853,1909,966238,323100
2309,95,86,31762,1914,966324,287200
2310,89,100,31673,1903,966424,273600
2311,109,90,31573,1913,966514,296700
2312,80,93,31488,1905,966607,289000
2313,93,96,31400,1897,966703,294200
2314,76,98,31312,1887,966801,290000
2315,88,92,31231,1876,966893,282800
2316,99,88,31127,1892,966981,267200
2317,100,96,31037,1886,967077,304600
2318,86,96,30947,1880,967173,291100
2319,108,97,30847,1883,967270,278600
2320,88,79,30745,1906,967349,286500
2321,104,97,30644,1910,967446,297600
2322,77,92,30560,1902,967538,467400
2323,103,78,30464,1920,967616,293300
2324,78,102,30380,1902,967718,289000
2325,75,101,30308,1873,967819,266400
2326,81,94,30229,1858,967913,270700
2327,84,87,30143,1857,968000,297200
2328,88,106,30058,1836,968106,277600
2329,98,104,29960,1830,968210,274500
2330,99,82,29866,1842,968292,278300
2331,87,87,29772,1849,968379,277300
2332,90,103,29679,1839,968482,280200
2333,93,88,29592,1838,968570,263300
2334,95,99,29491,1840,968669,295800
2335,82,104,29411,1816,968773,298400
2336,89,95,29326,1806,968868,278900
2337,93,85,29232,1815,968953,291000
2338,95,90,29139,1818,969043,319100
2339,84,108,29053,1796,969151,294600
2340,82,97,28972,1780,969248,305800
2341,100,82,28871,1799,969330,286700
2342,89,106,28784,1780,969436,291500
2343,76,78,28701,1785,969514,284900
2344,83,93,28622,1771,969607,291400
2345,93,94,28529,1770,969701,299100
2346,88,106,28444,1749,969807,272200
2347,84,73,28353,1767,969880,302500
2348,90,112,28263,1745,969992,285100
2349,82,81,28184,1743,970073,295900
2350,86,84,28100,1743,970157,290800
2351,90,73,28005,1765,970230,301100
2352,78,95,27933,1742,970325,291000
2353,75,87,27852,1736,970412,287900
2354,82,79,27775,1734,970491,310600
2355,73,78,27702,1729,970569,287400
2356,69,85,27628,1718,970654,288000
2357,83,93,27551,1702,970747,274900
2358,92,94,27455,1704,970841,280900
2359,88,91,27372,1696,970932,288200
2360,73,85,27298,1685,971017,289500
2361,76,78,27215,1690,971095,266200
2362,77,97,27141,1667,971192,270000
2363,87,83,27059,1666,971275,313100
2364,98,82,26961,1682,971357,279800
2365,87,85,26871,1687,971442,288400
2366,81,100,26785,1673,971542,293500
2367,78,81,26711,1666,971623,281100
2368,87,93,26624,1660,971716,287900
2369,75,75,26551,1658,971791,282300
2370,94,93,26460,1656,971884,279400
2371,76,76,26378,1662,971960,295400
2372,77,81,26301,1658,972041,273200
2373,76,86,26225,1648,972127,288500
2374,101,88,26126,1659,972215,272300
2375,79,87,26048,1650,972302,294400
2376,69,83,25977,1638,972385,268800
2377,89,77,25898,1640,972462,286300
2378,66,75,25819,1644,972537,296700
2379,92,89,25730,1644,972626,281000
2380,77,77,25652,1645,972703,307000
2381,88,83,25562,1652,972786,305500
2382,87,79,25477,1658,972865,314500
2383,84,74,25393,1668,972939,280800
2384,91,86,25308,1667,973025,277800
2385,101,89,25201,1685,973114,288400
2386,73,85,25131,1670,973199,292000
2387,96,75,25039,1687,973274,294700
2388,86,79,24946,1701,973353,321100
2389,88,83,24860,1704,973436,345700
2390,83,103,24786,1675,973539,348400
2391,87,83,24692,1686,973622,290100
2392,81,88,24607,1683,973710,325500
2393,98,93,24512,1685,973803,309200
2394,68,87,24442,1668,973890,313100
2395,94,82,24352,1676,973972,305200
2396,80,83,24265,1680,974055,295600
2397,95,83,24175,1687,974138,299500
2398,73,88,24101,1673,974226,297200
2399,77,89,24024,1661,974315,300700
2400,75,83,23945,1657,974398,287900
2401,84,77,23860,1665,974475,300400
2402,51,75,23810,1640,974550,274800
2403,80,88,23733,1629,974638,278300
2404,58,85,23673,1604,974723,305000
2405,69,73,23601,1603,974796,295800
2406,73,93,23534,1577,974889,312400
2407,73,78,23456,1577,974967,285200
2408,77,81,23385,1567,975048,299600
2409,55,89,23325,1538,975137,295200
2410,69,68,23259,1536,975205,293500
2411,66,89,23192,1514,975294,280900
2412,70,80,23125,1501,975374,293400
2413,71,90,23054,1482,975464,289500
2414,71,73,22984,1479,975537,292400
2415,66,83,22914,1466,975620,283000
2416,59,76,22852,1452,975696,289700
2417,80,84,22783,1437,975780,297100
2418,59,83,22712,1425,975863,286100
2419,68,67,22651,1419,975930,294500
2420,78,75,22570,1425,976005,280400
2421,68,70,22499,1426,976075,305000
2422,73,63,22436,1426,976138,293500
2423,74,64,22354,1444,976202,285700
2424,78,70,22277,1451,976272,294700
2425,72,79,22199,1450,976351,292500
2426,67,68,22141,1440,976419,293400
2427,68,78,22067,1436,976497,290300
2428,64,79,22007,1417,976576,272400
2429,66,77,21938,1409,976653,304500
2430,55,69,21883,1395,976722,290700
2431,74,75,21811,1392,976797,295400
2432,63,69,21745,1389,976866,326200
2433,59,85,21684,1365,976951,293800
2434,55,57,21632,1360,977008,302400
2435,64,89,21570,1333,977097,270700
2436,60,69,21506,1328,977166,277600
2437,62,70,21446,1318,977236,293500
2438,45,59,21398,1307,977295,334100
2439,56,66,21348,1291,977361,270800
2440,67,69,21275,1295,977430,295800
2441,66,66,21211,1293,977496,273700
2442,56,66,21157,1281,977562,306000
2443,58,57,21102,1279,977619,290600
2444,53,79,21045,1257,977698,284300
2445,50,58,20993,1251,977756,328200
2446,60,73,20936,1235,977829,298800
2447,67,60,20868,1243,977889,301600
2448,63,64,20804,1243,977953,319800
2449,62,57,20743,1247,978010,273300
2450,47,71,20695,1224,978081,349100
2451,57,63,20637,1219,978144,316000
2452,54,53,20584,1219,978197,286100
2453,70,55,20515,1233,978252,288000
2454,62,57,20457,1234,978309,286900
2455,71,65,20384,1242,978374,300300
2456,70,56,20314,1256,978430,286500
2457,61,65,20252,1253,978495,306100
2458,64,66,20189,1250,978561,292100
2459,60,57,20126,1256,978618,296800
2460,56,70,20071,1241,978688,289100
2461,51,66,20018,1228,978754,287600
2462,64,81,19958,1207,978835,268500
2463,74,59,19883,1223,978894,277600
2464,64,62,19824,1220,978956,311600
2465,59,70,19760,1214,979026,308000
2466,42,65,19715,1194,979091,329300
2467,45,68,19672,1169,979159,283200
2468,41,51,19630,1160,979210,310900
2469,56,56,19575,1159,979266,317700
2470,56,65,19519,1150,979331,297800
2471,54,55,19468,1146,979386,298200
2472,46,51,19419,1144,979437,275000
2473,47,56,19370,1137,979493,289900
2474,48,59,19323,1125,979552,280800
2475,56,53,19270,1125,979605,285600
2476,53,63,19220,1112,979668,290900
2477,49,58,19169,1105,979726,294400
2478,51,46,19115,1113,979772,294600
2479,64,52,19054,1122,979824,307300
2480,40,62,19013,1101,979886,295900
2481,41,73,18969,1072,979959,292800
2482,60,51,18909,1081,980010,352600
2483,54,52,18857,1081,980062,341000
2484,44,67,18811,1060,980129,314000
2485,51,54,18765,1052,980183,332800
2486,40,62,18719,1036,980245,283700
2487,46,52,18678,1025,980297,287000
2488,50,49,18627,1027,980346,271700
2489,45,54,18581,1019,980400,291500
2490,45,63,18534,1003,980463,305900
2491,46,52,18492,993,980515,282100
2492,50,48,18442,995,980563,280100
2493,41,49,18394,994,980612,291500
2494,47,48,18349,991,980660,281100
2495,47,59,18301,980,980719,329600
2496,44,40,18257,984,980759,293600
2497,36,58,18222,961,980817,308900
2498,31,48,18191,944,980865,300500
2499,40,49,18154,932,980914,273100
2500,31,52,18119,915,980966,341300
2501,36,44,18083,907,981010,325200
2502,34,44,18055,891,981054,286500
2503,35,48,18018,880,981102,383800
2504,20,53,17993,852,981155,294900
2505,43,39,17953,853,981194,306000
2506,32,47,17922,837,981241,287400
2507,39,38,17880,841,981279,293700
2508,28,56,17855,810,981335,300400
2509,34,28,17821,816,981363,281500
2510,38,40,17781,816,981403,304900
2511,35,36,17746,815,981439,276100
2512,23,43,17721,797,981482,271500
2513,39,41,17686,791,981523,271300
2514,27,36,17656,785,981559,276600
2515,35,36,17623,782,981595,290600
2516,31,39,17591,775,981634,294000
2517,42,41,17547,778,981675,282900
2518,38,44,17512,769,981719,260700
2519,28,44,17483,754,981763,284600
2520,36,30,17446,761,981793,257400
2521,27,40,17420,747,981833,287000
2522,28,43,17391,733,981876,265500
2523,27,39,17365,720,981915,283200
2524,33,44,17333,708,981959,290100
2525,26,45,17305,691,982004,306400
2526,21,31,17285,680,982035,292700
2527,19,27,17263,675,982062,273700
2528,26,41,17238,659,982103,389000
2529,28,35,17214,648,982138,304900
2530,32,47,17178,637,982185,278500
2531,27,33,17153,629,982218,276100
2532,26,26,17128,628,982244,291000
2533,21,34,17104,618,982278,280500
2534,33,27,17074,621,982305,273100
2535,28,46,17050,599,982351,268100
2536,33,36,17011,602,982387,263600
2537,43,35,16969,609,982422,266400
2538,27,31,16940,607,982453,292200
2539,24,32,16916,599,982485,272400
2540,17,30,16900,585,982515,359500
2541,21,26,16882,577,982541,268900
2542,18,26,16860,573,982567,267400
2543,22,42,16838,553,982609,270600
2544,11,23,16825,543,982632,257300
2545,19,30,16807,531,982662,305600
2546,14,19,16794,525,982681,298200
2547,16,33,16778,508,982714,287900
2548,14,19,16762,505,982733,266600
2549,15,25,16748,494,982758,332300
2550,16,29,16732,481,982787,268000
2551,26,20,16708,485,982807,263100
2552,17,16,16690,487,982823,250200
2553,21,28,16670,479,982851,281000
2554,11,24,16656,469,982875,257700
2555,10,18,16647,460,982893,289100
2556,18,28,16632,447,982921,263000
2557,13,22,16616,441,982943,285500
2558,8,28,16611,418,982971,260800
2559,17,20,16591,418,982991,280100
2560,17,21,16575,413,983012,282400
2561,19,16,16555,417,983028,266000
2562,18,22,16540,410,983050,237900
2563,22,24,16518,408,983074,278400
2564,22,25,16493,408,983099,270400
2565,14,15,16481,405,983114,262500
2566,19,19,16459,408,983133,254700
2567,26,21,16436,410,983154,265600
2568,16,16,16421,409,983170,259500
2569,12,20,16408,402,983190,241700
2570,18,16,16389,405,983206,259800
2571,12,19,16375,400,983225,251300
2572,17,19,16361,395,983244,269600
2573,29,15,16330,411,983259,273400
2574,21,22,16310,409,983281,290900
2575,19,13,16291,415,983294,252000
2576,22,13,16269,424,983307,291200
2577,17,22,16253,418,983329,243200
2578,12,18,16238,415,983347,280000
2579,30,24,16209,420,983371,359000
2580,11,17,16199,413,983388,243200
2581,15,22,16184,406,983410,272800
2582,7,19,16176,395,983429,258300
2583,19,22,16160,389,983451,268200
2584,20,21,16137,391,983472,274400
2585,15,16,16122,390,983488,272600
2586,13,14,16111,387,983502,270000
2587,11,18,16097,383,983520,274600
2588,18,28,16081,371,983548,265800
2589,18,18,16061,373,983566,259800
2590,20,23,16041,370,983589,258400
2591,18,12,16025,374,983601,259100
2592,13,24,16012,363,983625,275700
2593,12,19,15998,358,983644,262100
2594,18,16,15983,357,983660,272600
2595,16,21,15966,353,983681,259600
2596,17,24,15949,346,983705,271200
2597,15,16,15933,346,983721,264500
2598,20,16,15913,350,983737,268200
2599,18,18,15898,347,983755,377500
2600,13,15,15882,348,983770,264300
2601,13,12,15869,349,983782,290000
2602,14,19,15856,343,983801,305100
2603,13,21,15842,336,983822,262500
2604,15,16,15827,335,983838,304900
2605,16,16,15812,334,983854,278400
2606,11,16,15800,330,983870,277400
2607,8,24,15791,315,983894,276500
2608,12,19,15782,305,983913,278600
2609,16,15,15766,306,983928,301000
2610,12,14,15754,304,983942,259300
2611,16,17,15737,304,983959,275900
2612,7,13,15730,298,983972,303500
2613,10,20,15719,289,983992,278700
2614,10,14,15709,285,984006,278800
2615,8,11,15701,282,984017,261600
2616,17,13,15686,284,984030,270000
2617,9,11,15675,284,984041,384900
2618,3,12,15672,275,984053,273500
2619,6,10,15665,272,984063,280600
2620,10,13,15656,268,984076,261900
2621,11,11,15645,268,984087,255500
2622,4,16,15640,257,984103,263600
2623,7,13,15634,250,984116,269500
2624,3,12,15630,242,984128,255800
2625,2,18,15628,226,984146,270100
2626,2,14,15626,214,984160,258900
2627,5,6,15622,212,984166,271600
2628,5,11,15617,206,984177,276000
2629,3,8,15614,201,984185,293000
2630,1,8,15612,195,984193,269600
2631,4,10,15608,189,984203,258200
2632,1,12,15607,178,984215,262900
2633,2,7,15605,173,984222,281500
2634,5,9,15601,168,984231,278600
2635,1,6,15599,164,984237,283500
2636,0,4,15599,160,984241,273000
2637,0,9,15599,151,984250,297100
2638,1,7,15599,144,984257,265000
2639,0,9,15598,136,984266,286600
2640,0,4,15598,132,984270,280300
2641,3,12,15595,123,984282,266100
2642,0,4,15595,119,984286,284800
2643,0,7,15595,112,984293,438000
2644,2,3,15593,111,984296,256500
2645,3,4,15590,110,984300,269900
2646,0,5,15590,105,984305,287400
2647,1,7,15589,99,984312,277000
2648,1,8,15589,91,984320,279800
2649,0,5,15588,87,984325,312600
2650,0,5,15588,82,984330,297700
2651,0,2,15588,80,984332,266400
2652,0,3,15588,77,984335,275100
2653,0,1,15588,76,984336,289200
2654,0,2,15588,74,984338,279200
2655,0,2,15588,72,984340,243000
2656,0,3,15588,69,984343,258100
2657,0,4,15588,65,984347,281700
2658,0,0,15588,65,984347,287500
2659,0,7,15588,58,984354,267600
2660,0,0,15588,58,984354,250900
2661,0,1,15588,57,984355,269000
2662,0,6,15588,51,984361,268400
2663,0,4,15588,47,984365,248700
2664,0,2,15588,45,984367,272300
2665,0,3,15588,42,984370,283200
2666,0,2,15588,40,984372,286100
2667,0,3,15588,37,984375,260100
2668,0,3,15588,34,984378,283700
2669,0,2,15588,32,984380,285800
2670,0,1,15588,31,984381,258300
2671,0,1,15588,30,984382,276500
2672,0,2,15588,28,984384,265900
2673,0,1,15588,27,984385,272400
2674,0,0,15588,27,984385,276300
2675,0,1,15588,26,984386,250700
2676,0,1,15588,25,984387,272400
2677,0,1,15588,24,984388,288000
2678,0,1,15588,23,984389,276000
2679,0,0,15588,23,984389,287000
2680,0,0,15588,23,984389,274700
2681,0,1,15588,22,984390,271800
2682,0,2,15588,20,984392,269100
2683,0,1,15588,19,984393,265600
2684,0,1,15588,18,984394,247300
2685,0,2,15588,16,984396,263600
2686,0,0,15588,16,984396,384600
2687,0,1,15588,15,984397,295300
2688,0,1,15588,14,984398,283000
2689,0,0,15588,14,984398,280500
2690,0,2,15588,12,984400,313600
2691,0,1,15588,11,984401,329200
2692,0,0,15588,11,984401,287500
2693,0,0,15588,11,984401,285600
2694,0,0,15588,11,984401,331000
2695,0,0,15588,11,984401,271000
2696,0,0,15588,11,984401,265600
2697,0,2,15588,9,984403,294900
2698,0,0,15588,9,984403,259700
2699,0,0,15588,9,984403,267400
2700,0,1,15588,8,984404,257200
2701,0,0,15588,8,984404,269100
2702,0,0,15588,8,984404,280600
2703,0,1,15588,7,984405,292800
2704,0,0,15588,7,984405,276700
2705,0,0,15588,7,984405,274600
2706,0,0,15588,7,984405,256100
2707,0,0,15588,7,984405,409400
2708,0,0,15588,7,984405,258400
2709,0,0,15588,7,984405,325000
2710,0,0,15588,7,984405,261400
2711,0,0,15588,7,984405,264300
2712,0,0,15588,7,984405,277500
2713,0,1,15588,6,984406,288700
2714,0,0,15588,6,984406,252900
2715,0,0,15588,6,984406,269900
2716,0,0,15588,6,984406,287500
2717,0,0,15588,6,984406,252100
2718,0,0,15588,6,984406,254600
2719,0,1,15588,5,984407,268400
2720,0,0,15588,5,984407,265700
2721,0,0,15588,5,984407,265000
2722,0,0,15588,5,984407,256900
2723,0,1,15588,4,984408,261700
2724,0,0,15588,4,984408,273100
2725,0,0,15588,4,984408,270000
2726,0,0,15588,4,984408,292300
2727,0,0,15588,4,984408,271700
2728,0,1,15588,3,984409,259300
2729,0,0,15588,3,984409,263200
2730,0,1,15588,2,984410,394300
2731,0,0,15588,2,984410,272700
2732,0,0,15588,2,984410,267600
2733,0,0,15588,2,984410,267000
2734,0,0,15588,2,984410,269400
2735,0,0,15588,2,984410,271400
2736,0,0,15588,2,984410,265600
2737,0,0,15588,2,984410,283900
2738,0,1,15588,1,984411,268700
2739,0,0,15588,1,984411,275100
2740,0,0,15588,1,984411,268900
2741,0,0,15588,1,984411,248200
2742,0,0,15588,1,984411,303100
2743,0,0,15588,1,984411,272200
2744,0,0,15588,1,984411,273300
2745,0,0,15588,1,984411,296900
2746,0,0,15588,1,984411,274600
2747,0,0,15588,1,984411,283000
2748,0,0,15588,1,984411,293300
2749,0,0,15588,1,984411,268000
2750,0,0,15588,1,984411,272700
2751,0,0,15588,1,984411,250600
2752,0,0,15588,1,984411,342800
2753,0,0,15588,1,984411,274400
2754,0,0,15588,1,984411,310500
2755,0,0,15588,1,984411,262500
2756,0,0,15588,1,984411,269400
2757,0,0,15588,1,984411,267200
2758,0,0,15588,1,984411,261000
2759,0,0,15588,1,984411,267900
2760,0,0,15588,1,984411,257900
2761,0,0,15588,1,984411,260400
2762,0,0,15588,1,984411,252800
2763,0,0,15588,1,984411,269400
2764,0,0,15588,1,984411,249000
2765,0,0,15588,1,984411,269500
2766,0,0,15588,1,984411,257400
2767,0,0,15588,1,984411,311600
2768,0,0,15588,1,984411,268500
2769,0,0,15588,1,984411,266800
2770,0,0,15588,1,984411,274000
2771,0,0,15588,1,984411,303300
2772,0,0,15588,1,984411,321000
2773,0,0,15588,1,984411,286200
2774,0,0,15588,1,984411,277600
2775,0,0,15588,1,984411,265300
2776,0,0,15588,1,984411,279600
2777,0,0,15588,1,984411,264500
2778,0,0,15588,1,984411,268600
2779,0,0,15588,1,984411,274600
2780,0,0,15588,1,984411,273200
2781,0,0,15588,1,984411,250000
2782,0,0,15588,1,984411,264500
2783,0,0,15588,1,984411,273300
2784,0,0,15588,1,984411,255700
2785,0,0,15588,1,984411,258500
2786,0,0,15588,1,984411,244200
2787,0,0,15588,1,984411,281200
2788,0,0,15588,1,984411,253400
2789,0,0,15588,1,984411,293500
2790,0,0,15588,1,984411,268700
2791,0,0,15588,1,984411,256600
2792,0,0,15588,1,984411,264500
2793,0,0,15588,1,984411,257300
2794,0,0,15588,1,984411,270400
2795,0,0,15588,1,984411,278400
2796,0,0,15588,1,984411,265200
2797,0,0,15588,1,984411,279100
2798,0,1,15588,0,984412,269300
