Tick,NewlyInfected,NewlyRecovered,TotalSusceptible,TotalInfected,TotalRecovered,StepTimeNanos
0,1,1,3999995,4,1,4409600
1,1,0,3999993,6,1,2893500
2,2,0,3999992,7,1,2744600
3,1,1,3999990,8,2,2610800
4,2,0,3999988,10,2,2490200
5,3,0,3999987,11,2,2560400
6,0,0,3999985,13,2,2571800
7,5,3,3999981,14,5,2711300
8,2,0,3999978,17,5,2579800
9,2,1,3999977,17,6,2440900
10,1,3,3999975,16,9,2559900
11,3,1,3999973,17,10,2600100
12,1,1,3999971,18,11,2423900
13,2,0,3999970,19,11,2633400
14,5,2,3999964,23,13,2496100
15,8,1,3999959,27,14,2430500
16,3,1,3999953,32,15,2722500
17,2,1,3999951,33,16,2578400
18,3,1,3999949,34,17,2362300
19,3,0,3999947,36,17,2542700
20,5,4,3999941,38,21,2571400
21,5,0,3999938,41,21,2505600
22,4,2,3999933,44,23,2466400
23,9,4,3999924,49,27,2316600
24,10,2,3999913,58,29,2415800
25,7,2,3999907,62,31,2551800
26,7,6,3999898,65,37,2495900
27,7,3,3999893,67,40,2455700
28,11,5,3999884,71,45,2442400
29,4,5,3999876,74,50,2416900
30,10,0,3999869,81,50,2509400
31,11,4,3999856,90,54,2738600
32,14,3,3999845,98,57,2931200
33,9,6,3999833,104,63,2564300
34,23,2,3999815,120,65,2677400
35,16,9,3999796,130,74,2509900
36,18,10,3999777,139,84,2468400
37,16,7,3999765,144,91,2348200
38,17,6,3999745,158,97,2480500
39,17,6,3999726,171,103,2428200
40,25,14,3999704,179,117,2346600
41,14,6,3999690,187,123,2326900
42,25,5,3999665,207,128,2369300
43,32,16,3999633,223,144,2486800
44,31,14,3999608,234,158,2368000
45,19,11,3999585,246,169,2648900
46,18,12,3999564,255,181,2476800
47,24,17,3999546,256,198,2450200
48,20,10,3999523,269,208,2574300
49,26,10,3999496,286,218,2523900
50,15,11,3999479,292,229,2747700
51,25,20,3999459,292,249,2533000
52,20,12,3999434,305,261,2612000
53,17,20,3999417,302,281,2799000
54,30,19,3999391,309,300,2529200
55,22,14,3999369,317,314,2863900
56,34,25,3999337,324,339,2694100
57,38,16,3999300,345,355,2729500
58,37,17,3999261,367,372,2699200
59,38,9,3999219,400,381,2627800
60,31,24,3999194,401,405,2782600
61,38,21,3999155,419,426,2460200
62,30,20,3999126,428,446,2499400
63,42,24,3999082,448,470,2419400
64,34,28,3999048,454,498,2324700
65,41,20,3999009,473,518,2401600
66,41,31,3998964,487,549,2393700
67,39,25,3998928,498,574,2681400
68,34,23,3998894,509,597,2367600
69,28,19,3998862,522,616,2530000
70,42,36,3998834,514,652,2802900
71,48,37,3998776,535,689,2705600
72,43,33,3998740,538,722,2505700
73,31,27,3998701,550,749,2466100
74,41,25,3998659,567,774,2623500
75,28,30,3998633,563,804,2378400
76,55,38,3998576,582,842,2440500
77,44,35,3998540,583,877,2395100
78,40,29,3998495,599,906,2483700
79,51,36,3998450,608,942,2388600
80,53,33,3998393,632,975,2533600
81,34,37,3998354,634,1012,2320700
82,47,34,3998313,641,1046,2279200
83,51,30,3998261,663,1076,2416100
84,50,28,3998210,686,1104,2422700
85,69,35,3998143,718,1139,2325400
86,57,30,3998085,746,1169,2260100
87,47,32,3998036,763,1201,2411400
88,55,36,3997982,781,1237,2535900
89,67,39,3997919,805,1276,2467000
90,59,43,3997857,824,1319,2439100
91,53,46,3997807,828,1365,2359700
92,58,29,3997745,861,1394,2314600
93,73,46,3997675,885,1440,2290700
94,55,41,3997620,899,1481,2314700
95,58,49,3997556,914,1530,2241600
96,78,57,3997483,930,1587,2288200
97,64,48,3997421,944,1635,2385600
98,65,50,3997356,959,1685,2349600
99,67,49,3997293,973,1734,2337700
100,74,39,3997213,1014,1773,2328100
101,71,38,3997142,1047,1811,2348700
102,71,40,3997079,1070,1851,2494800
103,77,64,3996999,1086,1915,2369600
104,77,61,3996924,1100,1976,2430200
105,67,49,3996855,1120,2025,2445900
106,78,72,3996772,1131,2097,2329500
107,65,61,3996706,1136,2158,2351800
108,78,50,3996635,1157,2208,2321300
109,76,73,3996561,1158,2281,2349200
110,73,62,3996484,1173,2343,2362600
111,70,70,3996415,1172,2413,2326400
112,59,61,3996354,1172,2474,2328000
113,65,58,3996288,1180,2532,2364600
114,92,72,3996205,1191,2604,2431700
115,78,55,3996121,1220,2659,2280000
116,96,85,3996030,1226,2744,2352900
117,83,73,3995943,1240,2817,2449600
118,85,69,3995860,1254,2886,2403200
119,88,83,3995776,1255,2969,2364000
120,104,76,3995670,1285,3045,2297200
121,98,70,3995569,1316,3115,2356800
122,94,74,3995478,1333,3189,2341000
123,110,76,3995372,1363,3265,2287500
124,99,62,3995272,1401,3327,2369400
125,112,68,3995158,1447,3395,2433800
126,108,77,3995055,1473,3472,2331100
127,105,74,3994946,1508,3546,2443000
128,90,76,3994862,1516,3622,2366600
129,104,79,3994752,1547,3701,2445700
130,98,88,3994647,1564,3789,2628300
131,92,74,3994567,1570,3863,2388400
132,88,87,3994469,1581,3950,2318700
133,100,92,3994374,1584,4042,2346000
134,93,79,3994275,1604,4121,2332300
135,120,79,3994159,1641,4200,2382100
136,96,79,3994076,1645,4279,2314900
137,98,111,3993956,1654,4390,2446200
138,105,93,3993856,1661,4483,2314300
139,105,80,3993762,1675,4563,2259200
140,106,70,3993649,1718,4633,2411900
141,117,87,3993544,1736,4720,2492200
142,115,87,3993422,1771,4807,2404500
143,100,89,3993315,1789,4896,2470700
144,106,91,3993222,1791,4987,2529300
145,111,96,3993096,1821,5083,2574200
146,100,104,3993008,1805,5187,3103000
147,123,107,3992896,1810,5294,2597700
148,120,95,3992752,1859,5389,3127100
149,127,103,3992641,1867,5492,3106800
150,111,92,3992525,1891,5584,2945300
151,112,99,3992412,1905,5683,2588200
152,131,95,3992275,1947,5778,2936700
153,127,92,3992150,1980,5870,2566200
154,113,105,3992039,1986,5975,5350100
155,123,103,3991921,2001,6078,2948100
156,134,112,3991786,2024,6190,2780700
157,131,105,3991648,2057,6295,2583500
158,126,117,3991534,2054,6412,2629200
159,121,115,3991404,2069,6527,2634300
160,145,113,3991266,2094,6640,4041700
161,118,103,3991141,2116,6743,13582600
162,121,108,3991025,2124,6851,5486600
163,136,105,3990887,2157,6956,4445800
164,140,106,3990753,2185,7062,8167200
165,132,145,3990617,2176,7207,3775500
166,133,107,3990485,2201,7314,3719000
167,132,105,3990345,2236,7419,2897600
168,131,113,3990222,2246,7532,3048700
169,142,124,3990083,2261,7656,2740100
170,122,121,3989957,2266,7777,3295100
171,149,110,3989806,2307,7887,3047200
172,140,115,3989671,2327,8002,3069800
173,125,135,3989546,2317,8137,2838900
174,154,103,3989394,2366,8240,2749000
175,171,116,3989226,2418,8356,2941300
176,159,115,3989061,2468,8471,2657600
177,150,137,3988922,2470,8608,2796000
178,162,131,3988748,2513,8739,2615700
179,136,131,3988613,2517,8870,2666400
180,146,115,3988466,2549,8985,2815500
181,138,136,3988326,2553,9121,2735900
182,157,125,3988186,2568,9246,2638800
183,156,141,3988017,2596,9387,2446600
184,183,144,3987850,2619,9531,2745400
185,177,160,3987668,2641,9691,2768200
186,170,139,3987496,2674,9830,2713200
187,174,136,3987331,2703,9966,2825000
188,165,133,3987153,2748,10099,2974400
189,158,141,3986992,2768,10240,2727300
190,125,158,3986864,2738,10398,5692700
191,182,147,3986694,2761,10545,4248300
192,157,132,3986524,2799,10677,2882300
193,126,137,3986401,2785,10814,2705300
194,192,153,3986225,2808,10967,2887200
195,151,150,3986056,2827,11117,2710900
196,152,143,3985906,2834,11260,2490800
197,164,143,3985752,2845,11403,2575700
198,206,149,3985553,2895,11552,2578600
199,180,141,3985365,2942,11693,2505200
200,158,139,3985209,2959,11832,2460800
201,171,134,3985029,3005,11966,2453500
202,172,172,3984862,3000,12138,2480100
203,187,138,3984672,3052,12276,2649100
204,197,158,3984472,3094,12434,13874000
205,197,127,3984285,3154,12561,3843800
206,166,169,3984110,3160,12730,2908800
207,197,160,3983926,3184,12890,2640800
208,203,173,3983717,3220,13063,2483800
209,181,158,3983542,3237,13221,2462900
210,195,147,3983346,3286,13368,2487800
211,173,159,3983164,3309,13527,2488200
212,190,177,3982992,3304,13704,2383200
213,177,162,3982798,3336,13866,2384200
214,188,163,3982617,3354,14029,2793700
215,190,167,3982426,3378,14196,2805200
216,214,198,3982219,3387,14394,3231800
217,198,186,3982017,3403,14580,2662600
218,200,190,3981809,3421,14770,2675000
219,236,183,3981584,3463,14953,2907300
220,198,171,3981372,3504,15124,2952500
221,195,183,3981187,3506,15307,2616200
222,209,154,3980983,3556,15461,2779300
223,230,169,3980753,3617,15630,3616600
224,213,180,3980541,3649,15810,3533500
225,226,196,3980310,3684,16006,2952000
226,203,183,3980109,3702,16189,2850800
227,218,204,3979893,3714,16393,3500500
228,217,164,3979673,3770,16557,3155400
229,235,225,3979440,3778,16782,3033300
230,233,198,3979206,3814,16980,2838600
231,234,200,3978976,3844,17180,2727700
232,214,199,3978766,3855,17379,2825800
233,203,209,3978547,3865,17588,2711700
234,196,216,3978362,3834,17804,2813000
235,186,196,3978160,3840,18000,2530700
236,232,191,3977951,3858,18191,2577400
237,208,187,3977739,3883,18378,2549700
238,226,193,3977516,3913,18571,2655300
239,197,199,3977304,3926,18770,2602700
240,201,208,3977112,3910,18978,2595700
241,232,202,3976867,3953,19180,2625700
242,248,191,3976636,3993,19371,2399100
243,222,202,3976392,4035,19573,2434700
244,229,199,3976195,4033,19772,2356300
245,210,224,3975957,4047,19996,2341200
246,227,211,3975744,4049,20207,2341300
247,206,212,3975523,4058,20419,2348500
248,209,217,3975334,4030,20636,2536300
249,247,235,3975082,4047,20871,2392800
250,222,219,3974851,4059,21090,2389800
251,246,214,3974616,4080,21304,2293300
252,220,232,3974390,4074,21536,2338400
253,197,216,3974193,4055,21752,2371600
254,213,193,3973984,4071,21945,2369900
255,241,205,3973732,4118,22150,2350200
256,221,221,3973520,4109,22371,2456200
257,249,232,3973285,4112,22603,2581800
258,247,228,3973025,4144,22831,4435000
259,245,244,3972783,4142,23075,3803100
260,226,212,3972557,4156,23287,7341900
261,243,221,3972311,4181,23508,4069200
262,242,205,3972062,4225,23713,2687700
263,210,200,3971866,4221,23913,2513200
264,221,209,3971641,4237,24122,2420100
265,242,240,3971408,4230,24362,2512000
266,237,219,3971178,4241,24581,2633000
267,227,244,3970930,4245,24825,2601900
268,242,223,3970693,4259,25048,2467500
269,236,253,3970453,4246,25301,2762600
270,223,233,3970216,4250,25534,2661200
271,233,219,3970003,4244,25753,2595500
272,243,222,3969762,4263,25975,2645500
273,248,240,3969519,4266,26215,2544200
274,230,220,3969277,4288,26435,2478300
275,209,238,3969058,4269,26673,2510000
276,258,224,3968825,4278,26897,2419500
277,240,232,3968579,4292,27129,2397700
278,240,233,3968330,4308,27362,2499700
279,241,223,3968096,4319,27585,2305500
280,232,234,3967855,4326,27819,2232400
281,243,232,3967619,4330,28051,2234900
282,264,229,3967363,4357,28280,2205200
283,246,219,3967108,4393,28499,2373400
284,255,214,3966851,4436,28713,2427500
285,263,250,3966593,4444,28963,2292200
286,225,249,3966365,4423,29212,2319400
287,246,241,3966123,4424,29453,2302200
288,220,231,3965897,4419,29684,2282700
289,270,239,3965625,4452,29923,2354900
290,245,234,3965384,4459,30157,2264500
291,246,246,3965138,4459,30403,2243700
292,240,213,3964909,4475,30616,2254100
293,213,222,3964683,4479,30838,2321400
294,238,262,3964447,4453,31100,2236100
295,260,231,3964194,4475,31331,2546100
296,263,254,3963919,4496,31585,2480400
297,246,260,3963676,4479,31845,2729400
298,267,230,3963414,4511,32075,2476300
299,258,260,3963158,4507,32335,2496100
300,277,219,3962873,4573,32554,2556900
301,293,214,3962610,4622,32768,2461100
302,289,242,3962296,4694,33010,2398000
303,269,223,3962024,4743,33233,2409200
304,283,240,3961757,4770,33473,2299300
305,280,270,3961463,4794,33743,2418800
306,275,279,3961184,4794,34022,2335300
307,271,228,3960918,4832,34250,2344500
308,294,261,3960646,4843,34511,2353600
309,319,225,3960321,4943,34736,2451400
310,262,258,3960046,4960,34994,2297200
311,252,260,3959787,4959,35254,2382100
312,266,274,3959530,4942,35528,2427500
313,263,260,3959263,4949,35788,13734200
314,277,235,3958992,4985,36023,3761000
315,297,255,3958689,5033,36278,2704200
316,295,271,3958410,5041,36549,2852400
317,275,239,3958118,5094,36788,3453500
318,304,276,3957824,5112,37064,2616200
319,307,271,3957500,5165,37335,2561300
320,300,280,3957209,5176,37615,2402000
321,272,266,3956931,5188,37881,2406900
322,255,266,3956676,5177,38147,2954500
323,245,277,3956430,5146,38424,2666800
324,285,249,3956159,5168,38673,2550200
325,324,238,3955844,5245,38911,2670900
326,258,242,3955576,5271,39153,2749800
327,312,281,3955275,5291,39434,2695500
328,298,290,3954973,5303,39724,2581600
329,277,267,3954677,5332,39991,2515500
330,314,294,3954374,5341,40285,2434700
331,297,262,3954075,5378,40547,2336700
332,319,304,3953758,5391,40851,2432400
333,311,275,3953445,5429,41126,2400600
334,301,302,3953150,5422,41428,2311400
335,322,263,3952820,5489,41691,2278000
336,267,272,3952552,5485,41963,2280100
337,277,256,3952280,5501,42219,2209100
338,293,292,3951991,5498,42511,2278700
339,314,291,3951695,5503,42802,2385200
340,319,290,3951354,5554,43092,2474300
341,269,298,3951068,5542,43390,2382300
342,271,283,3950812,5515,43673,2405700
343,305,273,3950511,5543,43946,2287100
344,258,305,3950252,5497,44251,2227500
345,284,308,3949966,5475,44559,2366600
346,277,293,3949690,5458,44852,2247800
347,286,255,3949415,5478,45107,2218100
348,276,300,3949134,5459,45407,2237000
349,297,294,3948820,5479,45701,2420700
350,282,266,3948550,5483,45967,2324000
351,299,261,3948252,5520,46228,2217000
352,297,282,3947952,5538,46510,2228900
353,337,280,3947626,5584,46790,2200200
354,297,315,3947328,5567,47105,2199800
355,301,308,3947014,5573,47413,2251300
356,303,270,3946712,5605,47683,2141100
357,292,272,3946424,5621,47955,2106300
358,300,282,3946125,5638,48237,2072300
359,313,295,3945807,5661,48532,2189800
360,284,306,3945514,5648,48838,2269600
361,251,299,3945268,5595,49137,2362900
362,321,303,3944958,5602,49440,2338500
363,313,294,3944651,5615,49734,2338900
364,307,309,3944340,5617,50043,2395800
365,302,326,3944043,5588,50369,2338800
366,321,304,3943717,5610,50673,2347100
367,300,285,3943411,5631,50958,2563500
368,322,285,3943105,5652,51243,2639800
369,274,291,3942803,5663,51534,2615500
370,316,284,3942496,5686,51818,4524000
371,307,307,3942196,5679,52125,2610600
372,320,275,3941886,5714,52400,2485400
373,314,292,3941562,5746,52692,2487700
374,311,306,3941257,5745,52998,2543700
375,334,288,3940931,5783,53286,2918600
376,354,312,3940557,5845,53598,3061100
377,312,299,3940249,5854,53897,2616500
378,348,342,3939918,5843,54239,2646600
379,328,296,3939577,5888,54535,2510500
380,397,281,3939188,5996,54816,2430600
381,372,298,3938813,6073,55114,2379900
382,323,342,3938472,6072,55456,2302500
383,343,308,3938153,6083,55764,2287600
384,334,330,3937816,6090,56094,2322000
385,332,311,3937484,6111,56405,2446900
386,372,347,3937116,6132,56752,4890600
387,359,273,3936759,6216,57025,8997900
388,340,301,3936408,6266,57326,4054700
389,338,361,3936079,6234,57687,2686200
390,333,304,3935721,6288,57991,2682400
391,349,321,3935380,6308,58312,2519500
392,356,334,3935037,6317,58646,2465700
393,355,318,3934673,6363,58964,2568700
394,314,335,3934360,6341,59299,2709000
395,365,344,3934009,6348,59643,2797900
396,344,313,3933646,6398,59956,2681200
397,325,330,3933331,6383,60286,2681300
398,324,326,3933020,6368,60612,2438100
399,339,327,3932664,6397,60939,2599100
400,353,327,3932321,6413,61266,2468000
401,343,343,3931966,6425,61609,2696400
402,347,306,3931614,6471,61915,2594700
403,345,322,3931294,6469,62237,2570000
404,329,332,3930936,6495,62569,2483200
405,326,318,3930612,6501,62887,2383000
406,362,311,3930255,6547,63198,2455400
407,393,340,3929866,6596,63538,2352800
408,338,362,3929523,6577,63900,2438900
409,344,340,3929187,6573,64240,2344600
410,346,329,3928847,6584,64569,2508900
411,336,325,3928490,6616,64894,2536400
412,333,378,3928163,6565,65272,2405900
413,365,358,3927826,6544,65630,2302900
414,370,324,3927442,6604,65954,2373700
415,351,343,3927100,6603,66297,2319900
416,353,362,3926743,6598,66659,2354900
417,387,342,3926369,6630,67001,2309200
418,357,335,3925989,6675,67336,2303200
419,362,344,3925626,6694,67680,2402900
420,316,357,3925305,6658,68037,2408200
421,350,337,3924973,6653,68374,2407900
422,339,338,3924630,6658,68712,2658300
423,342,340,3924288,6660,69052,2472700
424,352,358,3923918,6672,69410,2530200
425,381,336,3923540,6714,69746,2472300
426,332,352,3923215,6687,70098,2476400
427,373,358,3922855,6689,70456,2354400
428,353,370,3922480,6694,70826,2434400
429,353,347,3922121,6706,71173,2412800
430,387,331,3921768,6728,71504,2336600
431,388,335,3921362,6799,71839,2314500
432,391,321,3920971,6869,72160,2334100
433,386,319,3920598,6923,72479,2363300
434,395,396,3920204,6921,72875,2315600
435,392,353,3919806,6966,73228,2319100
436,391,333,3919411,7028,73561,2326000
437,343,353,3919061,7025,73914,2221200
438,385,364,3918674,7048,74278,2244400
439,367,383,3918321,7018,74661,2196900
440,366,387,3917936,7016,75048,2197000
441,382,386,3917581,6985,75434,2241800
442,378,371,3917204,6991,75805,2233200
443,388,342,3916809,7044,76147,2443800
444,378,363,3916410,7080,76510,9954100
445,420,346,3916013,7131,76856,3122300
446,394,389,3915614,7141,77245,2576300
447,419,404,3915198,7153,77649,2401800
448,400,384,3914794,7173,78033,2385300
449,408,358,3914393,7216,78391,2366000
450,367,368,3914016,7225,78759,2375800
451,382,376,3913633,7232,79135,2243800
452,385,382,3913244,7239,79517,2269100
453,397,369,3912856,7258,79886,2311500
454,367,379,3912487,7248,80265,2308600
455,377,371,3912109,7255,80636,2228100
456,375,376,3911733,7255,81012,2186600
457,337,357,3911388,7243,81369,2151600
458,374,377,3911009,7245,81746,2168500
459,339,384,3910671,7199,82130,2175800
460,393,350,3910292,7228,82480,2198800
461,363,361,3909923,7236,82841,2177000
462,379,381,3909555,7223,83222,2234500
463,377,370,3909176,7232,83592,2165100
464,385,380,3908780,7248,83972,2172000
465,365,376,3908420,7232,84348,2107700
466,397,354,3908028,7270,84702,2213700
467,380,366,3907652,7280,85068,2166500
468,380,386,3907265,7281,85454,2154000
469,358,371,3906900,7275,85825,2144100
470,405,371,3906501,7303,86196,2164600
471,382,362,3906118,7324,86558,2203300
472,402,413,3905720,7309,86971,2226400
473,381,376,3905336,7317,87347,2138900
474,406,339,3904936,7378,87686,2136100
475,412,405,3904528,7381,88091,2129700
476,385,358,3904135,7416,88449,2238000
477,406,388,3903757,7406,88837,2199200
478,384,384,3903352,7427,89221,2174400
479,421,416,3902938,7425,89637,2204500
480,362,397,3902559,7407,90034,2354700
481,426,393,3902143,7430,90427,2328100
482,389,432,3901747,7394,90859,2406600
483,377,372,3901368,7401,91231,2618800
484,414,378,3900973,7418,91609,2813400
485,427,395,3900547,7449,92004,2317600
486,413,390,3900114,7492,92394,2301600
487,404,394,3899713,7499,92788,2401300
488,416,360,3899311,7541,93148,2326600
489,425,375,3898890,7587,93523,4290000
490,386,372,3898482,7623,93895,2484400
491,413,429,3898083,7593,94324,2407500
492,435,362,3897653,7661,94686,2249200
493,424,391,3897225,7698,95077,9258200
494,395,448,3896813,7662,95525,2681000
495,392,425,3896429,7621,95950,2523500
496,419,420,3896028,7602,96370,2371000
497,468,412,3895553,7665,96782,2377200
498,429,393,3895115,7710,97175,2398800
499,439,394,3894699,7732,97569,2638200
500,412,358,3894265,7808,97927,2609900
501,389,407,3893880,7786,98334,2479400
502,440,381,3893446,7839,98715,2500600
503,460,416,3892977,7892,99131,2678300
504,447,429,3892549,7891,99560,2413800
505,426,395,3892096,7949,99955,2398500
506,429,393,3891689,7963,100348,2613500
507,443,411,3891235,8006,100759,2700100
508,384,422,3890858,7961,101181,2490600
509,394,409,3890459,7951,101590,2428100
510,417,392,3890037,7981,101982,2354900
511,440,387,3889607,8024,102369,2404600
512,424,426,3889184,8021,102795,2322100
513,449,421,3888742,8042,103216,2356200
514,457,431,3888281,8072,103647,2417500
515,447,393,3887820,8140,104040,2324700
516,415,409,3887410,8141,104449,2443400
517,393,418,3887010,8123,104867,2348700
518,441,409,3886581,8143,105276,2429600
519,445,438,3886139,8147,105714,2418700
520,402,419,3885720,8147,106133,2433300
521,446,432,3885305,8130,106565,2459800
522,484,434,3884811,8190,106999,2585600
523,480,418,3884355,8228,107417,3724400
524,471,436,3883864,8283,107853,7862200
525,442,445,3883423,8279,108298,2882700
526,414,423,3882999,8280,108721,2607300
527,465,437,3882529,8313,109158,2458300
528,488,420,3882038,8384,109578,2480000
529,442,442,3881615,8365,110020,2368000
530,475,425,3881129,8426,110445,2332500
531,416,406,3880682,8467,110851,2275200
532,481,443,3880246,8460,111294,2431200
533,473,408,3879767,8531,111702,2357600
534,461,409,3879297,8592,112111,2594500
535,451,439,3878853,8597,112550,2610900
536,475,435,3878369,8646,112985,2688100
537,460,423,3877900,8692,113408,2489000
538,442,449,3877472,8671,113857,2414900
539,451,432,3877017,8694,114289,2370700
540,503,453,3876531,8727,114742,2480900
541,420,466,3876085,8707,115208,2294700
542,447,440,3875648,8704,115648,2420000
543,467,446,3875185,8721,116094,2609200
544,477,471,3874724,8711,116565,2511200
545,478,450,3874225,8760,117015,3217000
546,509,440,3873715,8830,117455,2770700
547,491,434,3873236,8875,117889,2554700
548,519,450,3872730,8931,118339,2673300
549,469,486,3872241,8934,118825,2402400
550,477,461,3871778,8936,119286,2391000
551,501,466,3871274,8974,119752,2350400
552,432,427,3870833,8988,120179,2362200
553,438,452,3870390,8979,120631,2379700
554,490,481,3869892,8996,121112,2348900
555,479,482,3869421,8985,121594,2398000
556,479,486,3868944,8976,122080,2437800
557,519,475,3868434,9011,122555,2458700
558,503,442,3867933,9070,122997,2455900
559,557,460,3867400,9143,123457,2395300
560,516,498,3866855,9190,123955,2434100
561,521,437,3866359,9249,124392,2480200
562,546,502,3865806,9300,124894,2490600
563,485,511,3865297,9298,125405,2340800
564,462,486,3864843,9266,125891,2347300
565,457,451,3864383,9275,126342,2388300
566,459,484,3863926,9248,126826,2371500
567,494,460,3863434,9280,127286,2344200
568,455,507,3862969,9238,127793,2298100
569,484,440,3862519,9248,128233,2579100
570,480,500,3862026,9241,128733,2261400
571,488,478,3861547,9242,129211,2403300
572,526,487,3861008,9294,129698,2229500
573,491,497,3860512,9293,130195,2202400
574,473,513,3860031,9261,130708,2253800
575,500,482,3859537,9273,131190,2144100
576,492,495,3859056,9259,131685,2124000
577,478,486,3858554,9275,132171,2154500
578,487,466,3858075,9288,132637,2120800
579,436,495,3857624,9244,133132,2206600
580,498,476,3857150,9242,133608,2190400
581,499,497,3856646,9249,134105,2114500
582,446,473,3856191,9231,134578,2139000
583,521,509,3855704,9209,135087,2206200
584,490,471,3855180,9262,135558,2383800
585,439,458,3854758,9226,136016,2273500
586,486,461,3854260,9263,136477,2349300
587,494,493,3853767,9263,136970,2270800
588,482,471,3853293,9266,137441,2277300
589,523,495,3852774,9290,137936,2287500
590,512,455,3852262,9347,138391,2248200
591,472,472,3851772,9365,138863,2298300
592,477,504,3851305,9328,139367,2244700
593,518,479,3850785,9369,139846,2196700
594,477,469,3850314,9371,140315,2300400
595,512,494,3849798,9393,140809,2356900
596,485,494,3849296,9401,141303,2228500
597,522,465,3848786,9446,141768,2257400
598,503,492,3848300,9440,142260,2277700
599,501,464,3847789,9487,142724,2250100
600,527,480,3847259,9537,143204,2178200
601,545,541,3846726,9529,143745,2174100
602,507,523,3846226,9506,144268,2282200
603,497,554,3845707,9471,144822,2200200
604,519,481,3845192,9505,145303,2404100
605,543,480,3844652,9565,145783,2165000
606,545,507,3844093,9617,146290,2287000
607,536,489,3843562,9659,146779,2179800
608,490,540,3843083,9598,147319,2157900
609,545,484,3842522,9675,147803,2131800
610,507,525,3842026,9646,148328,2177000
611,513,526,3841509,9637,148854,2270300
612,494,465,3841020,9661,149319,2251600
613,529,530,3840505,9646,149849,2228400
614,536,471,3839957,9723,150320,2156100
615,552,502,3839409,9769,150822,2193600
616,548,492,3838855,9831,151314,2114500
617,572,531,3838294,9861,151845,2149000
618,583,524,3837703,9928,152369,2177200
619,540,516,3837161,9954,152885,2203800
620,536,496,3836652,9967,153381,2301200
621,583,504,3836066,10049,153885,2471700
622,525,543,3835531,10041,154428,2461400
623,570,530,3834966,10076,154958,2340600
624,613,507,3834368,10167,155465,2482700
625,578,492,3833760,10283,155957,2536100
626,531,540,3833227,10276,156497,2355300
627,557,581,3832670,10252,157078,2270100
628,579,572,3832121,10229,157650,2255100
629,571,534,3831533,10283,158184,2375100
630,526,534,3831011,10271,158718,2400200
631,567,558,3830439,10285,159276,2271000
632,583,540,3829874,10310,159816,2258700
633,549,502,3829291,10391,160318,2251600
634,575,534,3828715,10433,160852,2377800
635,578,574,3828138,10436,161426,2464200
636,549,529,3827619,10426,161955,2340400
637,576,525,3827037,10483,162480,2594400
638,588,560,3826448,10512,163040,2617300
639,590,589,3825868,10503,163629,2664300
640,539,524,3825322,10525,164153,2688600
641,551,544,3824760,10543,164697,2587100
642,540,544,3824203,10556,165241,2698200
643,555,535,3823668,10556,165776,2450000
644,554,510,3823103,10611,166286,2612900
645,564,510,3822541,10663,166796,2977400
646,574,553,3821973,10678,167349,2763600
647,525,536,3821428,10687,167885,2543500
648,606,589,3820838,10688,168474,2582700
649,562,525,3820283,10718,168999,2662700
650,568,580,3819711,10710,169579,2540300
651,553,550,3819148,10723,170129,2665700
652,579,573,3818568,10730,170702,2717800
653,600,590,3817977,10731,171292,2484100
654,569,527,3817396,10785,171819,2929900
655,557,575,3816843,10763,172394,2412000
656,610,549,3816251,10806,172943,2603800
657,619,593,3815639,10825,173536,2432100
658,616,584,3815028,10852,174120,2687400
659,550,615,3814456,10809,174735,2561500
660,560,580,3813906,10779,175315,2449500
661,522,543,3813369,10773,175858,2615900
662,575,544,3812811,10787,176402,2440500
663,596,538,3812226,10834,176940,2691700
664,563,518,3811632,10910,177458,2480000
665,597,546,3811054,10942,178004,2370000
666,554,574,3810476,10946,178578,2463500
667,496,605,3809980,10837,179183,2422100
668,539,566,3809466,10785,179749,2563900
669,571,584,3808885,10782,180333,2445800
670,575,608,3808318,10741,180941,2491700
671,530,556,3807769,10734,181497,2331400
672,553,580,3807240,10683,182077,2581300
673,544,568,3806696,10659,182645,2396800
674,586,534,3806081,10740,183179,2477500
675,599,592,3805508,10721,183771,2480300
676,554,550,3804946,10733,184321,2373800
677,556,587,3804378,10714,184908,2677200
678,564,550,3803831,10711,185458,2555900
679,545,579,3803284,10679,186037,2415300
680,582,553,3802728,10682,186590,2492900
681,590,543,3802137,10730,187133,2420900
682,561,560,3801532,10775,187693,2498000
683,603,577,3800940,10790,188270,2475900
684,622,547,3800341,10842,188817,2738200
685,606,546,3799731,10906,189363,2394200
686,613,531,3799092,11014,189894,2542400
687,604,586,3798500,11020,190480,2322800
688,621,573,3797891,11056,191053,2338000
689,600,608,3797300,11039,191661,2292200
690,637,523,3796651,11165,192184,2424900
691,646,599,3796017,11200,192783,2542200
692,579,570,3795401,11246,193353,2348600
693,593,589,3794817,11241,193942,2479200
694,601,570,3794242,11246,194512,2494400
695,558,587,3793645,11256,195099,2610900
696,606,601,3793065,11235,195700,2484900
697,616,591,3792448,11261,196291,2474000
698,607,620,3791832,11257,196911,2381600
699,602,586,3791248,11255,197497,2507400
700,647,614,3790605,11284,198111,2439400
701,668,655,3789908,11326,198766,2433000
702,643,589,3789284,11361,199355,2301500
703,583,621,3788695,11329,199976,2720200
704,610,616,3788105,11303,200592,2423900
705,611,610,3787482,11316,201202,2395100
706,555,609,3786907,11282,201811,2403400
707,622,569,3786291,11329,202380,2732000
708,607,634,3785695,11291,203014,2533300
709,594,587,3785103,11296,203601,2432800
710,636,596,3784473,11330,204197,2528300
711,621,600,3783847,11356,204797,2585200
712,607,602,3783242,11359,205399,2467300
713,602,565,3782634,11402,205964,2328900
714,595,661,3782050,11325,206625,2523500
715,572,576,3781473,11326,207201,2458000
716,628,618,3780849,11332,207819,2453200
717,572,598,3780260,11323,208417,2505900
718,628,579,3779660,11344,208996,2384000
719,610,605,3779035,11364,209601,2502900
720,630,628,3778413,11358,210229,2849600
721,568,635,3777839,11297,210864,2521500
722,604,554,3777222,11360,211418,2636500
723,662,626,3776572,11384,212044,2745800
724,603,619,3775965,11372,212663,2457200
725,575,598,3775379,11360,213261,2490600
726,596,610,3774797,11332,213871,2587100
727,583,669,3774214,11246,214540,2376800
728,592,571,3773618,11271,215111,2679200
729,568,626,3773053,11210,215737,2456300
730,580,589,3772463,11211,216326,2307200
731,581,562,3771896,11216,216888,2247000
732,598,597,3771281,11234,217485,2240000
733,576,575,3770705,11235,218060,2252300
734,597,556,3770102,11282,218616,2381100
735,587,553,3769525,11306,219169,2666900
736,656,587,3768880,11364,219756,2231600
737,649,576,3768239,11429,220332,2349900
738,606,553,3767612,11503,220885,2480500
739,674,646,3766965,11504,221531,2607200
740,636,610,3766321,11538,222141,2450000
741,591,656,3765722,11481,222797,2774800
742,647,621,3765089,11493,223418,2692400
743,601,584,3764488,11510,224002,2612300
744,633,532,3763846,11620,224534,2642200
745,637,607,3763193,11666,225141,2758900
746,610,604,3762572,11683,225745,2589100
747,616,645,3761968,11642,226390,2639800
748,649,626,3761339,11645,227016,2790200
749,614,628,3760702,11654,227644,2369400
750,584,605,3760132,11619,228249,2280600
751,681,607,3759445,11699,228856,2353300
752,666,621,3758774,11749,229477,2373900
753,647,642,3758159,11722,230119,2244300
754,621,607,3757507,11767,230726,2183400
755,661,640,3756868,11766,231366,2197900
756,638,604,3756220,11810,231970,2163000
757,657,610,3755569,11851,232580,2179300
758,657,641,3754920,11859,233221,2252200
759,637,650,3754272,11857,233871,2552200
760,640,596,3753634,11899,234467,2311700
761,668,615,3752976,11942,235082,2348600
762,702,669,3752258,11991,235751,2403800
763,623,589,3751639,12021,236340,2711700
764,656,609,3750995,12056,236949,2634700
765,619,604,3750358,12089,237553,2326100
766,630,629,3749726,12092,238182,2398700
767,643,627,3749076,12115,238809,2427500
768,634,594,3748463,12134,239403,2735100
769,657,619,3747819,12159,240022,2602500
770,629,575,3747178,12225,240597,2468400
771,597,584,3746565,12254,241181,2492800
772,675,621,3745914,12284,241802,2470700
773,634,619,3745285,12294,242421,2507100
774,650,651,3744624,12304,243072,2475400
775,643,625,3743975,12328,243697,2305000
776,633,621,3743328,12354,244318,2265100
777,645,657,3742697,12328,244975,2327000
778,644,635,3742048,12342,245610,2558000
779,701,648,3741369,12373,246258,2460900
780,703,653,3740629,12460,246911,2464200
781,661,666,3740007,12416,247577,2604900
782,657,668,3739330,12425,248245,2552400
783,715,664,3738624,12467,248909,2402600
784,689,688,3737922,12481,249597,2355100
785,681,648,3737269,12486,250245,2340200
786,632,650,3736612,12493,250895,2390300
787,724,680,3735894,12531,251575,2454000
788,652,655,3735235,12535,252230,2319600
789,686,676,3734562,12532,252906,2271500
790,716,645,3733843,12606,253551,2344000
791,674,669,3733164,12616,254220,2254300
792,743,641,3732443,12696,254861,2376800
793,734,717,3731719,12703,255578,2402300
794,769,649,3730925,12848,256227,2411400
795,709,654,3730219,12900,256881,2290300
796,759,670,3729453,12996,257551,2231800
797,763,704,3728722,13023,258255,2307600
798,760,670,3727959,13116,258925,2250200
799,721,661,3727229,13185,259586,2449400
800,703,697,3726510,13207,260283,2359900
801,713,697,3725771,13249,260980,2342900
802,736,680,3725062,13278,261660,2365200
803,721,657,3724358,13325,262317,2382700
804,697,683,3723629,13371,263000,2452600
805,697,696,3722938,13366,263696,2753800
806,698,619,3722240,13445,264315,2462600
807,721,707,3721536,13442,265022,2405800
808,692,706,3720841,13431,265728,2354400
809,677,729,3720160,13383,266457,2390100
810,706,685,3719446,13412,267142,2829800
811,673,730,3718774,13354,267872,2500100
812,680,696,3718096,13336,268568,2421600
813,685,682,3717411,13339,269250,2513200
814,693,658,3716710,13382,269908,2457700
815,737,702,3715996,13394,270610,2595500
816,712,729,3715259,13402,271339,2896200
817,634,699,3714614,13348,272038,2509300
818,732,686,3713905,13371,272724,2346800
819,722,688,3713213,13375,273412,2499000
820,706,702,3712492,13394,274114,2429900
821,753,678,3711718,13490,274792,2640300
822,724,690,3711009,13509,275482,2615000
823,733,706,3710269,13543,276188,2545800
824,718,730,3709551,13531,276918,2393600
825,717,706,3708838,13538,277624,2441900
826,739,710,3708110,13556,278334,2408700
827,764,737,3707373,13556,279071,2662800
828,759,733,3706585,13611,279804,2618100
829,763,703,3705825,13668,280507,2345100
830,755,739,3705094,13660,281246,2497100
831,702,733,3704349,13672,281979,2391900
832,698,751,3703653,13617,282730,2435900
833,687,671,3702973,13626,283401,2701300
834,686,704,3702271,13624,284105,2900500
835,696,665,3701577,13653,284770,2551300
836,690,727,3700884,13619,285497,2404600
837,687,735,3700201,13567,286232,2541600
838,691,736,3699503,13529,286968,2682300
839,695,734,3698800,13498,287702,2592200
840,673,659,3698156,13483,288361,2674000
841,696,677,3697454,13508,289038,2359400
842,755,678,3696712,13572,289716,2539100
843,714,720,3695995,13569,290436,2373300
844,705,666,3695292,13606,291102,2459500
845,722,759,3694552,13587,291861,2793400
846,689,735,3693879,13525,292596,2565500
847,725,726,3693143,13535,293322,2355200
848,756,698,3692387,13593,294020,2649500
849,685,691,3691721,13568,294711,2427900
850,780,682,3690937,13670,295393,2743000
851,753,720,3690178,13709,296113,2737500
852,734,725,3689446,13716,296838,2464300
853,715,708,3688729,13725,297546,2420500
854,730,714,3687983,13757,298260,2341700
855,744,671,3687255,13814,298931,2278600
856,747,736,3686525,13808,299667,2702200
857,746,756,3685743,13834,300423,2554000
858,724,719,3685037,13821,301142,2370400
859,729,684,3684300,13874,301826,2355200
860,755,735,3683553,13886,302561,2487000
861,719,710,3682836,13893,303271,2881800
862,790,740,3682058,13931,304011,2505600
863,765,717,3681289,13983,304728,2481800
864,758,766,3680536,13970,305494,2375200
865,803,722,3679735,14049,306216,2388000
866,813,760,3678927,14097,306976,2577200
867,782,767,3678142,14115,307743,2826700
868,760,787,3677362,14108,308530,2432200
869,798,690,3676583,14197,309220,2331600
870,744,770,3675818,14192,309990,2542100
871,781,725,3675067,14218,310715,2444000
872,737,738,3674311,14236,311453,2633300
873,766,724,3673551,14272,312177,2623900
874,851,776,3672745,14302,312953,2413800
875,769,732,3671938,14377,313685,2274900
876,745,748,3671173,14394,314433,2368000
877,784,744,3670414,14409,315177,2228800
878,757,731,3669635,14457,315908,2693700
879,810,745,3668828,14519,316653,2615600
880,796,763,3668047,14537,317416,2436800
881,750,737,3667291,14556,318153,2421300
882,745,723,3666542,14582,318876,2521300
883,734,794,3665813,14517,319670,2323700
884,782,785,3665021,14524,320455,2655900
885,722,756,3664305,14484,321211,2682600
886,833,781,3663469,14539,321992,2391600
887,768,744,3662692,14572,322736,2330100
888,707,699,3661988,14577,323435,2538800
889,774,776,3661236,14553,324211,2435900
890,791,772,3660423,14594,324983,2837100
891,782,763,3659637,14617,325746,2886000
892,753,751,3658883,14620,326497,2683900
893,747,765,3658121,14617,327262,2767500
894,745,720,3657394,14624,327982,2504300
895,764,808,3656621,14589,328790,2458900
896,748,748,3655893,14569,329538,2549100
897,733,716,3655173,14573,330254,2375800
898,751,737,3654380,14629,330991,2528700
899,792,761,3653610,14638,331752,2771100
900,810,745,3652817,14686,332497,2486900
901,780,767,3652023,14713,333264,2525800
902,801,765,3651255,14716,334029,2544100
903,732,766,3650475,14730,334795,2486400
904,799,734,3649698,14773,335529,2855600
905,757,774,3648929,14768,336303,2606000
906,795,739,3648136,14822,337042,2447900
907,814,758,3647332,14868,337800,2512900
908,736,772,3646579,14849,338572,2640400
909,799,746,3645807,14875,339318,2615600
910,804,727,3645010,14945,340045,2749300
911,767,754,3644219,14982,340799,2843900
912,834,746,3643407,15048,341545,2929400
913,787,757,3642610,15088,342302,2912500
914,793,811,3641825,15062,343113,2700200
915,782,792,3641030,15065,343905,2659700
916,758,778,3640248,15069,344683,2850300
917,835,815,3639439,15063,345498,2736800
918,818,817,3638624,15061,346315,2545000
919,812,815,3637790,15080,347130,2703600
920,731,804,3637074,14992,347934,2609100
921,787,855,3636294,14917,348789,2798300
922,780,773,3635508,14930,349562,2667800
923,795,769,3634715,14954,350331,2606600
924,744,786,3633962,14921,351117,2468500
925,790,790,3633180,14913,351907,2608800
926,830,827,3632371,14895,352734,3402700
927,834,738,3631535,14993,353472,3223500
928,801,779,3630721,15028,354251,3002700
929,794,784,3629916,15049,355035,3155300
930,797,745,3629135,15085,355780,3035300
931,812,784,3628350,15086,356564,2966800
932,818,792,3627493,15151,357356,2745600
933,829,779,3626667,15198,358135,2593900
934,777,775,3625870,15220,358910,2586800
935,812,770,3625082,15238,359680,2606600
936,803,803,3624275,15242,360483,2498200
937,843,801,3623432,15284,361284,2607000
938,810,787,3622621,15308,362071,2920500
939,839,767,3621792,15370,362838,2702800
940,815,794,3620985,15383,363632,2658700
941,733,824,3620223,15321,364456,2769700
942,839,763,3619395,15386,365219,2648700
943,824,802,3618593,15386,366021,2368500
944,829,746,3617760,15473,366767,2742600
945,812,813,3616915,15505,367580,2490500
946,850,800,3616074,15546,368380,2651200
947,867,806,3615223,15591,369186,2688800
948,797,777,3614428,15609,369963,2381800
949,827,825,3613562,15650,370788,2593200
950,766,792,3612827,15593,371580,2540700
951,841,799,3611967,15654,372379,2316100
952,855,807,3611131,15683,373186,2646300
953,811,804,3610326,15684,373990,2651000
954,812,780,3609488,15742,374770,2530700
955,796,840,3608698,15692,375610,2722800
956,834,790,3607864,15736,376400,2544200
957,816,809,3607062,15729,377209,2605600
958,785,817,3606265,15709,378026,2697200
959,784,788,3605483,15703,378814,2592900
960,832,832,3604652,15702,379646,2373000
961,794,797,3603863,15694,380443,2406100
962,770,817,3603072,15668,381260,2474300
963,812,813,3602284,15643,382073,2279700
964,830,804,3601472,15651,382877,2439900
965,808,795,3600621,15707,383672,2641800
966,865,811,3599784,15733,384483,2465900
967,867,789,3598930,15798,385272,2323700
968,907,845,3598025,15858,386117,2434600
969,876,865,3597138,15880,386982,2206400
970,848,826,3596248,15944,387808,2316800
971,787,786,3595493,15913,388594,2550300
972,817,836,3594683,15887,389430,2385600
973,844,808,3593836,15926,390238,2299800
974,875,817,3592961,15984,391055,2357500
975,896,844,3592051,16050,391899,2344200
976,880,861,3591203,16037,392760,2354700
977,830,848,3590367,16025,393608,2657700
978,853,864,3589494,16034,394472,2516500
979,895,841,3588625,16062,395313,2449600
980,853,835,3587773,16079,396148,2388900
981,842,857,3586908,16087,397005,2532100
982,835,802,3586072,16121,397807,2659700
983,848,864,3585228,16101,398671,2759400
984,847,885,3584381,16063,399556,2461700
985,851,851,3583543,16050,400407,2573200
986,836,805,3582705,16083,401212,2469000
987,833,848,3581856,16084,402060,2421600
988,864,793,3581000,16147,402853,2573700
989,896,792,3580109,16246,403645,2661500
990,887,877,3579211,16267,404522,2353700
991,888,871,3578338,16269,405393,2285500
992,901,856,3577434,16317,406249,2393000
993,895,843,3576561,16347,407092,2324900
994,938,854,3575604,16450,407946,2182100
995,919,853,3574687,16514,408799,2232000
996,829,875,3573864,16462,409674,2236400
997,909,859,3572952,16515,410533,2272000
998,891,868,3572048,16551,411401,2402500
999,936,854,3571129,16616,412255,2336400
1000,948,896,3570179,16670,413151,2325400
1001,910,883,3569259,16707,414034,2303100
1002,882,837,3568376,16753,414871,2292900
1003,879,860,3567499,16770,415731,2314900
1004,889,846,3566578,16845,416577,2276800
1005,912,904,3565695,16824,417481,2386200
1006,931,884,3564773,16862,418365,2470800
1007,880,890,3563897,16848,419255,2475900
1008,911,915,3563017,16813,420170,2852900
1009,925,842,3562050,16938,421012,2913400
1010,885,867,3561174,16947,421879,2593300
1011,906,953,3560259,16909,422832,2724800
1012,865,892,3559405,16871,423724,2615500
1013,937,850,3558464,16962,424574,2419700
1014,877,880,3557572,16974,425454,2859400
1015,919,878,3556669,16999,426332,2685700
1016,910,843,3555763,17062,427175,2592600
1017,915,900,3554849,17076,428075,2502800
1018,917,877,3553934,17114,428952,2453900
1019,896,920,3553047,17081,429872,2552400
1020,899,863,3552142,17123,430735,3103900
1021,923,890,3551224,17151,431625,2665400
1022,908,924,3550305,17146,432549,2658200
1023,926,884,3549393,17174,433433,2900900
1024,937,878,3548442,17247,434311,2580700
1025,910,861,3547516,17312,435172,2581400
1026,988,920,3546575,17333,436092,3192500
1027,929,897,3545633,17378,436989,2758700
1028,920,942,3544693,17376,437931,2727200
1029,883,903,3543793,17373,438834,2656200
1030,918,903,3542919,17344,439737,2711100
1031,860,883,3542016,17364,440620,2990600
1032,896,910,3541125,17345,441530,2712200
1033,901,915,3540244,17311,442445,2674700
1034,883,914,3539332,17309,443359,2574800
1035,923,951,3538430,17260,444310,2613700
1036,897,884,3537511,17295,445194,2736000
1037,869,871,3536657,17278,446065,2667200
1038,862,914,3535775,17246,446979,2623600
1039,933,899,3534863,17259,447878,2588500
1040,895,908,3533961,17253,448786,2389900
1041,900,898,3533062,17254,449684,2513900
1042,883,918,3532176,17222,450602,2747000
1043,855,885,3531295,17218,451487,2492400
1044,844,926,3530467,17120,452413,2432500
1045,934,917,3529544,17126,453330,2367100
1046,922,902,3528642,17126,454232,2509400
1047,933,839,3527698,17231,455071,2457200
1048,916,860,3526765,17304,455931,2916800
1049,940,899,3525841,17329,456830,2672200
1050,945,931,3524903,17336,457761,2490500
1051,933,977,3523967,17295,458738,2506200
1052,902,881,3523064,17317,459619,2373100
1053,949,963,3522121,17297,460582,2725400
1054,967,896,3521154,17368,461478,2966200
1055,965,931,3520199,17392,462409,2764900
1056,928,910,3519270,17411,463319,2848400
1057,966,915,3518311,17455,464234,2882900
1058,952,914,3517352,17500,465148,2781000
1059,920,935,3516419,17498,466083,2701900
1060,910,891,3515510,17516,466974,2555900
1061,1002,921,3514536,17569,467895,2500800
1062,916,917,3513603,17585,468812,2908800
1063,945,922,3512638,17628,469734,2539200
1064,899,931,3511751,17584,470665,2545500
1065,878,911,3510861,17563,471576,2605200
1066,911,879,3509941,17604,472455,2426400
1067,932,882,3509038,17625,473337,2744900
1068,930,955,3508090,17618,474292,2718300
1069,951,926,3507151,17631,475218,2839900
1070,971,901,3506185,17696,476119,2546100
1071,981,946,3505204,17731,477065,2460900
1072,945,909,3504245,17781,477974,2473100
1073,965,915,3503310,17801,478889,2726600
1074,884,927,3502401,17783,479816,2490500
1075,931,945,3501480,17759,480761,2347200
1076,979,937,3500508,17794,481698,2448500
1077,933,929,3499570,17803,482627,2407900
1078,965,903,3498589,17881,483530,2617000
1079,985,945,3497630,17895,484475,2610600
1080,916,980,3496697,17848,485455,2386300
1081,932,940,3495753,17852,486395,2330200
1082,957,906,3494857,17842,487301,2520400
1083,946,908,3493872,17919,488209,2340200
1084,1022,985,3492842,17964,489194,2643500
1085,953,977,3491900,17929,490171,2566100
1086,958,946,3490918,17965,491117,2302300
1087,978,944,3489951,17988,492061,2472700
1088,943,933,3488986,18020,492994,2427300
1089,949,970,3488047,17989,493964,2227800
1090,955,943,3487117,17976,494907,2454400
1091,1040,896,3486082,18115,495803,2644200
1092,951,949,3485130,18118,496752,2487700
1093,1014,890,3484115,18243,497642,2541400
1094,998,919,3483115,18324,498561,2641500
1095,1002,949,3482125,18365,499510,2299800
1096,1042,921,3481063,18506,500431,2290900
1097,980,930,3480092,18547,501361,2258200
1098,969,894,3479128,18617,502255,2284900
1099,966,995,3478160,18590,503250,2155500
1100,1002,950,3477191,18609,504200,2220700
1101,972,970,3476167,18663,505170,2291500
1102,930,930,3475237,18663,506100,2167900
1103,917,984,3474316,18600,507084,2145500
1104,998,961,3473344,18611,508045,2164500
1105,972,926,3472352,18677,508971,2152300
1106,952,947,3471422,18660,509918,2238100
1107,980,944,3470442,18696,510862,2247600
1108,965,1001,3469462,18675,511863,2325500
1109,993,980,3468454,18703,512843,2349000
1110,1009,972,3467475,18710,513815,2341800
1111,998,947,3466464,18774,514762,2542500
1112,961,946,3465522,18770,515708,2672700
1113,1018,1004,3464491,18797,516712,2558000
1114,1001,952,3463495,18841,517664,2471500
1115,982,1005,3462499,18832,518669,2564900
1116,992,1023,3461494,18814,519692,2345200
1117,972,981,3460536,18791,520673,2540100
1118,972,1005,3459555,18767,521678,3297900
1119,954,1009,3458608,18705,522687,2758200
1120,1034,956,3457588,18769,523643,2652700
1121,1000,967,3456558,18832,524610,2689600
1122,946,991,3455613,18786,525601,2418900
1123,939,1016,3454691,18692,526617,2514900
1124,976,990,3453729,18664,527607,2716500
1125,1011,950,3452707,18736,528557,2461400
1126,968,999,3451756,18688,529556,2636500
1127,963,993,3450799,18652,530549,2773000
1128,950,954,3449799,18698,531503,2560400
1129,951,991,3448853,18653,532494,2434700
1130,959,937,3447910,18659,533431,2578400
1131,939,990,3446961,18618,534421,2582500
1132,931,1016,3446050,18513,535437,2961300
1133,967,989,3445052,18522,536426,2703400
1134,927,971,3444124,18479,537397,2559200
1135,958,941,3443177,18485,538338,2578400
1136,941,998,3442248,18416,539336,2675700
1137,1022,957,3441234,18473,540293,2583100
1138,939,936,3440296,18475,541229,2654000
1139,961,970,3439307,18494,542199,2443000
1140,960,1045,3438391,18365,543244,2305600
1141,898,999,3437471,18286,544243,2240200
1142,966,942,3436494,18321,545185,2438900
1143,921,937,3435574,18304,546122,2434000
1144,901,975,3434670,18233,547097,2244200
1145,943,904,3433741,18258,548001,2302000
1146,923,967,3432804,18228,548968,2267300
1147,944,915,3431868,18249,549883,2226100
1148,984,958,3430884,18275,550841,2219700
1149,979,949,3429910,18300,551790,2326700
1150,964,964,3428947,18299,552754,2653300
1151,1013,943,3427934,18369,553697,2260500
1152,947,964,3426987,18352,554661,2374500
1153,988,938,3426005,18396,555599,2355300
1154,1007,961,3424994,18446,556560,2614000
1155,970,941,3424004,18495,557501,2573800
1156,931,914,3423087,18498,558415,2318800
1157,997,964,3422070,18551,559379,2292300
1158,1004,996,3421074,18551,560375,2508700
1159,1057,930,3420038,18657,561305,2352200
1160,983,971,3419078,18646,562276,2797900
1161,977,1018,3418083,18623,563294,2853700
1162,992,986,3417073,18647,564280,2491100
1163,1020,947,3416073,18700,565227,2515600
1164,968,925,3415099,18749,566152,2283600
1165,1045,966,3414062,18820,567118,2354300
1166,991,1040,3413061,18781,568158,2584800
1167,1001,1005,3412071,18766,569163,2496700
1168,1068,947,3411003,18887,570110,2409300
1169,1013,967,3409989,18934,571077,2263400
1170,1019,976,3408964,18983,572053,2392600
1171,1012,941,3407929,19077,572994,2222700
1172,985,1009,3406958,19039,574003,2437000
1173,1002,974,3405984,19039,574977,2634000
1174,1029,1010,3404910,19103,575987,2521300
1175,1058,1028,3403886,19099,577015,2592600
1176,960,990,3402913,19082,578005,2413100
1177,910,1009,3401987,18999,579014,2475300
1178,1025,1003,3400992,18991,580017,2857700
1179,1027,1013,3399945,19025,581030,2597000
1180,967,976,3398962,19032,582006,2597400
1181,1021,1002,3397974,19018,583008,2609800
1182,1001,1030,3396951,19011,584038,2418700
1183,1020,1017,3395954,18991,585055,2780000
1184,1000,1003,3394930,19012,586058,2432600
1185,1011,951,3393930,19061,587009,2440900
1186,1009,972,3392905,19114,587981,2546400
1187,1010,981,3391924,19114,588962,2459900
1188,929,995,3390960,19083,589957,2637200
1189,1015,978,3389960,19105,590935,2730900
1190,1000,998,3388954,19113,591933,2564800
1191,993,1006,3387973,19088,592939,2611000
1192,1025,1072,3386941,19048,594011,2411300
1193,1009,952,3385951,19086,594963,2510300
1194,1068,999,3384855,19183,595962,2655600
1195,1009,1024,3383861,19153,596986,2502500
1196,986,997,3382871,19146,597983,2798100
1197,1051,1002,3381817,19198,598985,2571100
1198,1068,959,3380755,19301,599944,2634600
1199,1119,971,3379654,19431,600915,2619700
1200,1026,1030,3378608,19447,601945,2827000
1201,1030,989,3377577,19489,602934,2687200
1202,1043,1035,3376561,19470,603969,2419300
1203,1044,1063,3375493,19475,605032,2362400
1204,1044,1020,3374463,19485,606052,2243300
1205,1012,1021,3373449,19478,607073,2166600
1206,1000,1029,3372429,19469,608102,2256600
1207,1127,1094,3371365,19439,609196,2248700
1208,1016,1022,3370309,19473,610218,2255300
1209,1055,970,3369266,19546,611188,2358500
1210,1031,1072,3368212,19528,612260,2331400
1211,1126,1054,3367106,19580,613314,2316600
1212,1041,1051,3366045,19590,614365,2425300
1213,1087,995,3364973,19667,615360,2586800
1214,1027,1011,3363950,19679,616371,2853200
1215,1060,1013,3362878,19738,617384,2725000
1216,1047,1073,3361855,19688,618457,2725100
1217,1014,971,3360812,19760,619428,2947600
1218,1032,990,3359770,19812,620418,2551600
1219,1029,1058,3358754,19770,621476,2808200
1220,1063,1077,3357703,19744,622553,2657400
1221,1055,1014,3356641,19792,623567,2673200
1222,971,1048,3355669,19716,624615,2674700
1223,999,1037,3354661,19687,625652,2486300
1224,1057,1015,3353592,19741,626667,2628700
1225,1017,1052,3352587,19694,627719,2646900
1226,996,1041,3351560,19680,628760,2677400
1227,1073,1033,3350522,19685,629793,2533400
1228,1005,1079,3349528,19600,630872,2655900
1229,1025,982,3348489,19657,631854,2530300
1230,1028,1037,3347463,19646,632891,2799500
1231,1001,1032,3346443,19634,633923,2595800
1232,1076,1055,3345391,19631,634978,2494600
1233,1012,1019,3344372,19631,635997,2581800
1234,1085,1052,3343255,19696,637049,2430300
1235,1088,1010,3342203,19738,638059,2753800
1236,1025,1012,3341156,19773,639071,2556200
1237,1049,1033,3340131,19765,640104,2859600
1238,1103,1023,3339048,19825,641127,2610900
1239,1050,991,3337997,19885,642118,2329000
1240,1051,1058,3336932,19892,643176,2432700
1241,1029,1052,3335903,19869,644228,2576300
1242,1041,1000,3334869,19903,645228,2311800
1243,1052,1009,3333816,19947,646237,2362100
1244,1089,1107,3332733,19923,647344,2857400
1245,1106,1083,3331598,19975,648427,2547700
1246,1047,1067,3330565,19941,649494,2341600
1247,1072,1070,3329489,19947,650564,2400100
1248,1091,1091,3328432,19913,651655,2243100
1249,1063,981,3327321,20043,652636,2343500
1250,1025,1068,3326339,19957,653704,2364200
1251,1102,1080,3325211,20005,654784,2826400
1252,1111,1025,3324124,20067,655809,2584600
1253,1078,1028,3323011,20152,656837,2375600
1254,1108,1152,3321939,20072,657989,2408200
1255,1097,1010,3320825,20176,658999,2361000
1256,1076,1061,3319740,20200,660060,2386900
1257,1087,1075,3318646,20219,661135,2815700
1258,1076,1094,3317608,20163,662229,2500500
1259,1072,1045,3316509,20217,663274,2312300
1260,1058,979,3315476,20271,664253,2295700
1261,1031,1055,3314407,20285,665308,2331300
1262,1071,1038,3313361,20293,666346,2437100
1263,1113,1063,3312224,20367,667409,2642000
1264,1078,1048,3311162,20381,668457,2765200
1265,1084,1060,3310071,20412,669517,2399400
1266,1149,1057,3308932,20494,670574,2498600
1267,1089,1058,3307861,20507,671632,2436300
1268,1139,1077,3306718,20573,672709,2553400
1269,1103,1057,3305590,20644,673766,2524600
1270,1119,1041,3304505,20688,674807,2542500
1271,1045,1063,3303422,20708,675870,2355400
1272,1096,1111,3302347,20672,676981,2375100
1273,1124,1071,3301243,20705,678052,2294000
1274,1116,1047,3300109,20792,679099,2595700
1275,1170,1112,3298948,20841,680211,2678300
1276,1085,1055,3297832,20902,681266,2502900
1277,1115,1100,3296743,20891,682366,2359800
1278,1036,1159,3295707,20768,683525,2305700
1279,1119,1109,3294585,20781,684634,2360600
1280,1029,1043,3293551,20772,685677,2482300
1281,1034,1130,3292492,20701,686807,2694200
1282,1124,1049,3291406,20738,687856,2555900
1283,1092,1053,3290291,20800,688909,2376500
1284,1056,1106,3289217,20768,690015,2265600
1285,1056,1097,3288159,20729,691112,2449700
1286,1103,1058,3287093,20737,692170,2437400
1287,1077,1097,3285978,20755,693267,2754700
1288,1159,1098,3284847,20788,694365,2654300
1289,1102,1045,3283766,20824,695410,2699000
1290,1097,1066,3282633,20891,696476,2607400
1291,1119,1096,3281547,20881,697572,2576600
1292,1121,1127,3280409,20892,698699,2305000
1293,1065,1099,3279337,20865,699798,2338800
1294,1087,1039,3278291,20872,700837,2737400
1295,1089,1096,3277165,20902,701933,2819800
1296,1113,1075,3276074,20918,703008,2552300
1297,1044,1102,3275012,20878,704110,2470600
1298,1151,1048,3273859,20983,705158,2449000
1299,1132,1129,3272728,20985,706287,2528900
1300,1095,1027,3271630,21056,707314,3036300
1301,1073,1159,3270547,20980,708473,2815600
1302,1102,1096,3269472,20959,709569,2637500
1303,1106,1138,3268350,20943,710707,2524000
1304,1125,1122,3267225,20946,711829,2797200
1305,1142,1038,3266085,21048,712867,2698700
1306,1123,1075,3264971,21087,713942,2499500
1307,1096,1099,3263869,21090,715041,2458700
1308,1123,1116,3262730,21113,716157,2349600
1309,1102,1077,3261647,21119,717234,2644500
1310,1162,1130,3260485,21151,718364,2555600
1311,1107,1129,3259358,21149,719493,2419800
1312,1136,1103,3258248,21156,720596,2819400
1313,1158,1126,3257101,21177,721722,2833300
1314,1134,1145,3255969,21164,722867,2861200
1315,1145,1075,3254812,21246,723942,2721000
1316,1119,1104,3253664,21290,725046,2579800
1317,1148,1109,3252569,21276,726155,2506400
1318,1105,1143,3251413,21289,727298,2364900
1319,1097,1113,3250324,21265,728411,2374100
1320,1153,1130,3249181,21278,729541,2306800
1321,1103,1070,3248085,21304,730611,2329400
1322,1065,1115,3247011,21263,731726,2224000
1323,1055,1107,3245940,21227,732833,2293100
1324,1127,1067,3244854,21246,733900,2535300
1325,1072,1067,3243763,21270,734967,2344300
1326,1174,1135,3242564,21334,736102,2207900
1327,1194,1095,3241383,21420,737197,2206100
1328,1079,1115,3240320,21368,738312,2249800
1329,1207,1131,3239146,21411,739443,2219300
1330,1140,1211,3237977,21369,740654,2180700
1331,1147,1083,3236810,21453,741737,2277400
1332,1172,1113,3235661,21489,742850,2205300
1333,1231,1083,3234421,21646,743933,2165900
1334,1153,1125,3233245,21697,745058,2130800
1335,1131,1123,3232130,21689,746181,2119800
1336,1228,1115,3230949,21755,747296,2226500
1337,1121,1113,3229778,21813,748409,2165800
1338,1176,1097,3228628,21866,749506,2137200
1339,1198,1164,3227423,21907,750670,2365000
1340,1188,1152,3226211,21967,751822,2303500
1341,1126,1120,3225086,21972,752942,2266500
1342,1147,1176,3223928,21954,754118,2279200
1343,1250,1128,3222724,22030,755246,2256000
1344,1199,1111,3221515,22128,756357,2211300
1345,1207,1187,3220316,22140,757544,2149900
1346,1224,1198,3219094,22164,758742,2207000
1347,1184,1169,3217874,22215,759911,2254100
1348,1132,1187,3216772,22130,761098,2201000
1349,1139,1160,3215606,22136,762258,2196800
1350,1120,1134,3214486,22122,763392,2339400
1351,1236,1193,3213267,22148,764585,2330900
1352,1133,1177,3212122,22116,765762,2334300
1353,1135,1118,3210982,22138,766880,2493700
1354,1082,1175,3209906,22039,768055,2320600
1355,1201,1190,3208715,22040,769245,2300400
1356,1173,1128,3207551,22076,770373,2185100
1357,1179,1185,3206374,22068,771558,2180100
1358,1179,1160,3205200,22082,772718,2232700
1359,1106,1158,3204098,22026,773876,2301400
1360,1196,1219,3202884,22021,775095,2274900
1361,1143,1085,3201739,22081,776180,2200400
1362,1153,1127,3200586,22107,777307,2179700
1363,1181,1135,3199421,22137,778442,2186900
1364,1155,1077,3198246,22235,779519,2220900
1365,1141,1097,3197088,22296,780616,2139200
1366,1220,1174,3195890,22320,781790,2243400
1367,1166,1173,3194732,22305,782963,2236400
1368,1163,1140,3193563,22334,784103,2131600
1369,1144,1207,3192395,22295,785310,2248800
1370,1155,1212,3191264,22214,786522,2282500
1371,1078,1135,3190187,22156,787657,2201900
1372,1106,1139,3189084,22120,788796,2272500
1373,1178,1208,3187906,22090,790004,2335800
1374,1119,1147,3186770,22079,791151,2282400
1375,1114,1122,3185640,22087,792273,2301400
1376,1138,1165,3184511,22051,793438,2290500
1377,1142,1191,3183390,21981,794629,2239600
1378,1062,1161,3182301,21909,795790,2160600
1379,1166,1194,3181173,21843,796984,2130800
1380,1159,1096,3179990,21930,798080,2298500
1381,1102,1140,3178865,21915,799220,2295400
1382,1097,1159,3177799,21822,800379,2244000
1383,1126,1115,3176683,21823,801494,2232300
1384,1139,1126,3175518,21862,802620,2145500
1385,1030,1167,3174483,21730,803787,2164000
1386,1089,1118,3173397,21698,804905,2142200
1387,1144,1148,3172262,21685,806053,2220200
1388,1077,1089,3171170,21688,807142,2155600
1389,1199,1110,3170006,21742,808252,2150900
1390,1158,1139,3168857,21752,809391,2149700
1391,1159,1077,3167684,21848,810468,2142300
1392,1176,1136,3166503,21893,811604,2125600
1393,1205,1183,3165304,21909,812787,2163700
1394,1155,1122,3164169,21922,813909,2506200
1395,1185,1149,3162952,21990,815058,2273900
1396,1192,1154,3161783,22005,816212,2299800
1397,1125,1159,3160626,22003,817371,2220500
1398,1219,1114,3159434,22081,818485,2315900
1399,1188,1158,3158250,22107,819643,2452400
1400,1260,1141,3157019,22197,820784,2407900
1401,1214,1137,3155774,22305,821921,2508100
1402,1244,1133,3154537,22409,823054,2481500
1403,1178,1128,3153351,22467,824182,2416700
1404,1177,1188,3152165,22465,825370,2441400
1405,1169,1185,3150980,22465,826555,2422200
1406,1126,1181,3149880,22384,827736,2399000
1407,1206,1144,3148682,22438,828880,2440900
1408,1185,1181,3147482,22457,830061,2490800
1409,1223,1198,3146262,22479,831259,2355500
1410,1176,1157,3145121,22463,832416,2425500
1411,1203,1166,3143910,22508,833582,2406000
1412,1124,1155,3142741,22522,834737,2451500
1413,1194,1212,3141544,22507,835949,2401500
1414,1184,1182,3140373,22496,837131,2318500
1415,1212,1189,3139193,22487,838320,2366800
1416,1148,1204,3137999,22477,839524,2387600
1417,1216,1209,3136832,22435,840733,2455500
1418,1130,1158,3135682,22427,841891,2501200
1419,1160,1187,3134505,22417,843078,2708000
1420,1226,1183,3133317,22422,844261,2834200
1421,1189,1138,3132098,22503,845399,2670700
1422,1178,1180,3130890,22531,846579,3088900
1423,1174,1194,3129733,22494,847773,2919100
1424,1219,1176,3128575,22476,848949,2742600
1425,1185,1151,3127302,22598,850100,2964600
1426,1199,1196,3126133,22571,851296,2684800
1427,1210,1167,3124923,22614,852463,2911400
1428,1180,1215,3123743,22579,853678,3014500
1429,1178,1175,3122560,22587,854853,3037900
1430,1159,1170,3121401,22576,856023,2737400
1431,1151,1171,3120278,22528,857194,2753400
1432,1196,1202,3119110,22494,858396,2500800
1433,1196,1188,3117858,22558,859584,3148100
1434,1159,1176,3116715,22525,860760,2665900
1435,1151,1181,3115574,22485,861941,2929400
1436,1204,1176,3114361,22522,863117,2642900
1437,1198,1198,3113190,22495,864315,2861500
1438,1209,1160,3111973,22552,865475,2744800
1439,1237,1216,3110730,22579,866691,2691400
1440,1195,1135,3109535,22639,867826,2543800
1441,1175,1154,3108330,22690,868980,2459700
1442,1187,1188,3107180,22652,870168,2446400
1443,1200,1159,3105976,22697,871327,2358300
1444,1232,1136,3104761,22776,872463,2458500
1445,1228,1107,3103514,22916,873570,2536000
1446,1233,1163,3102277,22990,874733,2585300
1447,1256,1204,3101016,23047,875937,2489600
1448,1217,1267,3099795,23001,877204,2372800
1449,1254,1164,3098580,23052,878368,2550400
1450,1261,1192,3097281,23159,879560,2485600
1451,1264,1235,3096031,23174,880795,2419100
1452,1295,1155,3094758,23292,881950,2702900
1453,1237,1193,3093457,23400,883143,2834000
1454,1258,1228,3092241,23388,884371,2504700
1455,1235,1186,3090989,23454,885557,2792000
1456,1234,1231,3089768,23444,886788,2730400
1457,1222,1222,3088539,23451,888010,2494300
1458,1265,1262,3087287,23441,889272,2659100
1459,1183,1214,3086074,23440,890486,2623700
1460,1234,1207,3084850,23457,891693,2517400
1461,1205,1165,3083637,23505,892858,2664100
1462,1287,1234,3082372,23536,894092,2480200
1463,1300,1219,3081076,23613,895311,2420400
1464,1292,1218,3079802,23669,896529,2704300
1465,1263,1188,3078524,23759,897717,2831300
1466,1271,1243,3077249,23791,898960,2647500
1467,1192,1237,3076071,23732,900197,2553700
1468,1240,1236,3074814,23753,901433,2488600
1469,1190,1176,3073625,23766,902609,2437700
1470,1230,1273,3072387,23731,903882,2607700
1471,1194,1247,3071196,23675,905129,2937800
1472,1169,1146,3070000,23725,906275,2805600
1473,1216,1180,3068824,23721,907455,6235300
1474,1170,1257,3067615,23673,908712,3122000
1475,1238,1251,3066398,23639,909963,2678900
1476,1212,1252,3065191,23594,911215,2625100
1477,1314,1199,3063917,23669,912414,2477600
1478,1159,1215,3062706,23665,913629,2631900
1479,1113,1212,3061580,23579,914841,2521100
1480,1300,1283,3060321,23555,916124,2350200
1481,1235,1253,3059085,23538,917377,2486000
1482,1229,1223,3057869,23531,918600,2362600
1483,1191,1214,3056648,23538,919814,2455100
1484,1228,1253,3055403,23530,921067,2371700
1485,1181,1221,3054202,23510,922288,2351200
1486,1227,1290,3053035,23387,923578,2315200
1487,1256,1207,3051791,23424,924785,2670300
1488,1212,1267,3050577,23371,926052,11534700
1489,1236,1236,3049301,23411,927288,3049200
1490,1176,1154,3048109,23449,928442,2687500
1491,1244,1257,3046910,23391,929699,2508500
1492,1246,1240,3045657,23404,930939,2553100
1493,1241,1203,3044417,23441,932142,2427300
1494,1205,1289,3043200,23369,933431,2375100
1495,1213,1219,3041988,23362,934650,2353200
1496,1220,1197,3040757,23396,935847,2248100
1497,1261,1214,3039500,23439,937061,2245300
1498,1202,1219,3038287,23433,938280,2344600
1499,1275,1207,3037055,23458,939487,2760600
1500,1188,1266,3035833,23414,940753,3600900
1501,1219,1231,3034629,23387,941984,3942700
1502,1238,1227,3033366,23423,943211,2787200
1503,1187,1195,3032175,23419,944406,2633700
1504,1253,1241,3030945,23408,945647,2746300
1505,1228,1162,3029719,23472,946809,2839200
1506,1213,1209,3028495,23487,948018,2624200
1507,1243,1222,3027273,23487,949240,2447200
1508,1149,1226,3026085,23449,950466,2841200
1509,1153,1254,3024929,23351,951720,2630700
1510,1256,1213,3023688,23379,952933,2581500
1511,1266,1222,3022462,23383,954155,2374900
1512,1285,1203,3021179,23463,955358,2458700
1513,1213,1183,3019909,23550,956541,2750700
1514,1202,1219,3018716,23524,957760,2625000
1515,1264,1285,3017462,23493,959045,2784800
1516,1246,1234,3016238,23483,960279,2915800
1517,1194,1205,3015043,23473,961484,2855700
1518,1278,1217,3013756,23543,962701,2457900
1519,1205,1196,3012542,23561,963897,2359200
1520,1176,1197,3011353,23553,965094,2546600
1521,1239,1281,3010156,23469,966375,2670700
1522,1175,1148,3008962,23515,967523,2366000
1523,1219,1242,3007727,23508,968765,2502800
1524,1201,1249,3006517,23469,970014,2584000
1525,1223,1199,3005337,23450,971213,2457900
1526,1280,1210,3004008,23569,972423,2504800
1527,1243,1272,3002787,23518,973695,2724500
1528,1260,1213,3001551,23541,974908,2881300
1529,1179,1188,3000345,23559,976096,2539100
1530,1191,1228,2999143,23533,977324,2690600
1531,1250,1254,2997872,23550,978578,2443500
1532,1219,1239,2996710,23473,979817,2424100
1533,1210,1191,2995481,23511,981008,2455800
1534,1237,1232,2994238,23522,982240,2485900
1535,1255,1203,2992997,23560,983443,2362800
1536,1220,1245,2991766,23546,984688,2283900
1537,1286,1229,2990520,23563,985917,2303400
1538,1265,1171,2989234,23678,987088,2408000
1539,1219,1183,2987995,23734,988271,2417600
1540,1298,1268,2986715,23746,989539,2357700
1541,1266,1250,2985426,23785,990789,2293400
1542,1302,1253,2984141,23817,992042,2299000
1543,1192,1236,2982942,23780,993278,2263400
1544,1192,1213,2981760,23749,994491,2306800
1545,1279,1239,2980503,23767,995730,2241400
1546,1240,1244,2979255,23771,996974,2298200
1547,1272,1233,2977967,23826,998207,2366300
1548,1247,1245,2976699,23849,999452,2247800
1549,1202,1281,2975519,23748,1000733,2221200
1550,1261,1237,2974248,23782,1001970,2317800
1551,1307,1248,2973003,23779,1003218,2199400
1552,1281,1255,2971693,23834,1004473,2297100
1553,1282,1206,2970367,23954,1005679,2397900
1554,1274,1261,2969093,23967,1006940,2226500
1555,1250,1259,2967892,23909,1008199,2170900
1556,1212,1235,2966636,23930,1009434,2129000
1557,1264,1237,2965410,23919,1010671,2102800
1558,1183,1215,2964181,23933,1011886,2140800
1559,1234,1204,2962968,23942,1013090,2157800
1560,1237,1252,2961742,23916,1014342,2194800
1561,1234,1238,2960497,23923,1015580,2139600
1562,1305,1322,2959228,23870,1016902,2147600
1563,1270,1230,2957917,23951,1018132,2132600
1564,1259,1256,2956665,23947,1019388,2103400
1565,1280,1220,2955424,23968,1020608,2108300
1566,1259,1291,2954140,23961,1021899,2193900
1567,1321,1215,2952804,24082,1023114,2339300
1568,1245,1216,2951581,24089,1024330,2223200
1569,1271,1219,2950310,24141,1025549,2259900
1570,1340,1174,2948987,24290,1026723,2160200
1571,1230,1265,2947744,24268,1027988,2114100
1572,1315,1264,2946401,24347,1029252,2393700
1573,1217,1295,2945184,24269,1030547,2174100
1574,1246,1203,2943926,24324,1031750,2149900
1575,1180,1302,2942804,24144,1033052,2135400
1576,1254,1246,2941518,24184,1034298,2120300
1577,1231,1324,2940285,24093,1035622,2079600
1578,1293,1214,2938988,24176,1036836,2079900
1579,1228,1231,2937739,24194,1038067,2078400
1580,1237,1297,2936508,24128,1039364,2202200
1581,1294,1259,2935221,24156,1040623,2249800
1582,1274,1230,2933972,24175,1041853,2195500
1583,1272,1256,2932669,24222,1043109,2223800
1584,1293,1248,2931399,24244,1044357,2214200
1585,1285,1257,2930094,24292,1045614,2247300
1586,1348,1250,2928776,24360,1046864,2167900
1587,1278,1280,2927475,24381,1048144,2117700
1588,1286,1246,2926221,24389,1049390,2211700
1589,1329,1240,2924883,24487,1050630,2184100
1590,1245,1266,2923618,24486,1051896,2155600
1591,1245,1232,2922390,24482,1053128,2183500
1592,1184,1319,2921184,24369,1054447,2255000
1593,1211,1322,2919979,24252,1055769,2133000
1594,1251,1291,2918736,24204,1057060,2129900
1595,1219,1252,2917515,24173,1058312,2315500
1596,1197,1255,2916320,24113,1059567,2235600
1597,1310,1267,2915004,24162,1060834,2178900
1598,1254,1184,2913749,24233,1062018,2141900
1599,1338,1341,2912426,24215,1063359,2108400
1600,1227,1266,2911179,24196,1064625,2177400
1601,1304,1270,2909896,24209,1065895,2105000
1602,1209,1327,2908642,24136,1067222,2101200
1603,1206,1256,2907442,24080,1068478,2123500
1604,1246,1191,2906213,24118,1069669,2178200
1605,1223,1230,2904975,24126,1070899,2229800
1606,1222,1258,2903753,24090,1072157,2187900
1607,1192,1284,2902562,23997,1073441,2122300
1608,1228,1249,2901366,23944,1074690,2108200
1609,1234,1241,2900096,23973,1075931,2118500
1610,1264,1263,2898875,23931,1077194,2219000
1611,1352,1315,2897515,23976,1078509,2229700
1612,1242,1319,2896273,23899,1079828,2301700
1613,1289,1289,2894981,23902,1081117,2372400
1614,1261,1225,2893720,23938,1082342,2287400
1615,1260,1243,2892449,23966,1083585,2507900
1616,1235,1322,2891204,23889,1084907,2318200
1617,1191,1256,2890012,23825,1086163,2309100
1618,1225,1218,2888787,23832,1087381,2219800
1619,1237,1288,2887580,23751,1088669,2238400
1620,1308,1206,2886284,23841,1089875,2214400
1621,1197,1280,2885043,23802,1091155,2271500
1622,1278,1213,2883800,23832,1092368,2171600
1623,1313,1201,2882452,23979,1093569,2251100
1624,1250,1258,2881236,23937,1094827,2259300
1625,1254,1227,2879985,23961,1096054,2348000
1626,1310,1264,2878666,24016,1097318,2195000
1627,1256,1289,2877404,23989,1098607,2207800
1628,1203,1265,2876190,23938,1099872,2176800
1629,1337,1303,2874850,23975,1101175,2206700
1630,1230,1300,2873620,23905,1102475,2222800
1631,1287,1209,2872341,23975,1103684,2210200
1632,1294,1216,2871033,24067,1104900,2207300
1633,1326,1269,2869739,24092,1106169,2158400
1634,1274,1233,2868448,24150,1107402,2192000
1635,1291,1290,2867167,24141,1108692,2202300
1636,1262,1211,2865880,24217,1109903,2470200
1637,1334,1290,2864571,24236,1111193,2480000
1638,1276,1222,2863311,24274,1112415,2285500
1639,1313,1311,2861985,24289,1113726,2251600
1640,1302,1243,2860672,24359,1114969,2242400
1641,1295,1322,2859358,24351,1116291,2259000
1642,1288,1287,2858097,24325,1117578,2222300
1643,1346,1236,2856755,24431,1118814,2316400
1644,1340,1290,2855450,24446,1120104,2341700
1645,1313,1278,2854100,24518,1121382,2490500
1646,1290,1270,2852838,24510,1122652,2198700
1647,1307,1305,2851492,24551,1123957,2192400
1648,1381,1241,2850123,24679,1125198,2232600
1649,1331,1335,2848780,24687,1126533,2234500
1650,1361,1335,2847438,24694,1127868,2197700
1651,1267,1271,2846147,24714,1129139,2235000
1652,1331,1336,2844815,24710,1130475,2313600
1653,1300,1254,2843523,24748,1131729,2214500
1654,1290,1350,2842220,24701,1133079,2131300
1655,1291,1298,2840924,24699,1134377,2111800
1656,1346,1233,2839635,24755,1135610,2167000
1657,1333,1303,2838276,24811,1136913,2211000
1658,1296,1396,2836977,24714,1138309,2410100
1659,1331,1315,2835651,24725,1139624,2264300
1660,1273,1287,2834327,24762,1140911,2225400
1661,1240,1210,2833138,24741,1142121,2171200
1662,1331,1276,2831791,24812,1143397,2148000
1663,1267,1321,2830514,24768,1144718,2154000
1664,1313,1322,2829221,24739,1146040,2261500
1665,1311,1275,2827916,24769,1147315,2333800
1666,1301,1274,2826595,24816,1148589,2252700
1667,1288,1346,2825343,24722,1149935,2166400
1668,1335,1306,2823992,24767,1151241,2260100
1669,1335,1310,2822674,24775,1152551,2206000
1670,1309,1323,2821363,24763,1153874,2283000
1671,1380,1244,2819962,24920,1155118,2312200
1672,1331,1304,2818649,24929,1156422,2305500
1673,1254,1270,2817374,24934,1157692,2288300
1674,1343,1329,2816045,24934,1159021,2222300
1675,1217,1248,2814816,24915,1160269,2187600
1676,1326,1286,2813496,24949,1161555,2182500
1677,1318,1318,2812176,24951,1162873,2107600
1678,1278,1325,2810890,24912,1164198,2086700
1679,1299,1272,2809605,24925,1165470,2444900
1680,1397,1294,2808205,25031,1166764,2269900
1681,1301,1333,2806882,25021,1168097,2156200
1682,1351,1282,2805550,25071,1169379,2169100
1683,1391,1338,2804195,25088,1170717,2296600
1684,1297,1318,2802854,25111,1172035,2274900
1685,1366,1319,2801500,25146,1173354,2206100
1686,1285,1287,2800227,25132,1174641,2197500
1687,1340,1324,2798858,25177,1175965,2195000
1688,1312,1340,2797539,25156,1177305,2244700
1689,1331,1224,2796237,25234,1178529,2169400
1690,1295,1288,2794916,25267,1179817,2112900
1691,1292,1292,2793632,25259,1181109,2099700
1692,1394,1321,2792258,25312,1182430,2125400
1693,1410,1286,2790865,25419,1183716,2199200
1694,1360,1376,2789508,25400,1185092,2121200
1695,1269,1332,2788225,25351,1186424,2161600
1696,1353,1285,2786874,25417,1187709,2219100
1697,1365,1334,2785480,25477,1189043,2177900
1698,1319,1279,2784169,25509,1190322,2113600
1699,1382,1351,2782830,25497,1191673,2105600
1700,1381,1274,2781422,25631,1192947,2230900
1701,1384,1344,2780022,25687,1194291,2237300
1702,1431,1307,2778605,25797,1195598,2277800
1703,1355,1345,2777250,25807,1196943,2346600
1704,1381,1334,2775851,25872,1198277,2164100
1705,1413,1348,2774461,25914,1199625,2235600
1706,1328,1329,2773095,25951,1200954,2234500
1707,1348,1442,2771772,25832,1202396,2331400
1708,1340,1337,2770417,25850,1203733,2556100
1709,1316,1289,2769129,25849,1205022,2341400
1710,1466,1350,2767703,25925,1206372,2273100
1711,1360,1357,2766285,25986,1207729,2236800
1712,1408,1408,2764914,25949,1209137,2188300
1713,1361,1376,2763516,25971,1210513,2141400
1714,1389,1310,2762134,26043,1211823,2139200
1715,1319,1345,2760804,26028,1213168,2278100
1716,1410,1381,2759413,26038,1214549,2456700
1717,1377,1342,2758037,26072,1215891,2236500
1718,1321,1352,2756668,26089,1217243,2237600
1719,1414,1341,2755286,26130,1218584,2215700
1720,1357,1320,2753958,26138,1219904,2245800
1721,1374,1358,2752555,26183,1221262,2230500
1722,1396,1376,2751143,26219,1222638,2214300
1723,1317,1302,2749846,26214,1223940,2214400
1724,1382,1381,2748467,26212,1225321,2280600
1725,1439,1368,2747032,26279,1226689,2517700
1726,1402,1408,2745622,26281,1228097,2327800
1727,1345,1352,2744287,26264,1229449,2599200
1728,1332,1357,2742928,26266,1230806,2570200
1729,1352,1350,2741599,26245,1232156,2510300
1730,1450,1360,2740167,26317,1233516,2500300
1731,1428,1441,2738762,26281,1234957,2466100
1732,1393,1370,2737344,26329,1236327,2463400
1733,1399,1344,2735965,26364,1237671,2825400
1734,1436,1412,2734483,26434,1239083,2912400
1735,1340,1373,2733157,26387,1240456,2525600
1736,1398,1356,2731749,26439,1241812,2714800
1737,1368,1465,2730381,26342,1243277,2438300
1738,1403,1353,2729000,26370,1244630,2532300
1739,1387,1416,2727620,26334,1246046,2440800
1740,1393,1294,2726220,26440,1247340,2497400
1741,1371,1363,2724847,26450,1248703,2324000
1742,1293,1400,2723506,26391,1250103,2325100
1743,1372,1368,2722153,26376,1251471,2216100
1744,1373,1399,2720810,26320,1252870,2219900
1745,1384,1400,2719431,26299,1254270,2280500
1746,1391,1416,2717990,26324,1255686,2462400
1747,1334,1342,2716695,26277,1257028,2354100
1748,1404,1377,2715300,26295,1258405,2320700
1749,1418,1384,2713896,26315,1259789,2185900
1750,1395,1411,2712454,26346,1261200,2107600
1751,1445,1371,2711014,26415,1262571,2129500
1752,1399,1373,2709633,26423,1263944,2133400
1753,1445,1391,2708169,26496,1265335,2201600
1754,1435,1381,2706754,26530,1266716,2142100
1755,1441,1368,2705321,26595,1268084,2111100
1756,1465,1391,2703855,26670,1269475,2299500
1757,1415,1361,2702476,26688,1270836,2133300
1758,1419,1394,2701034,26736,1272230,2183900
1759,1451,1421,2699561,26788,1273651,2208100
1760,1435,1436,2698165,26748,1275087,2192300
1761,1397,1352,2696743,26818,1276439,2202000
1762,1410,1393,2695298,26870,1277832,2135900
1763,1367,1353,2693942,26873,1279185,2108200
1764,1387,1388,2692559,26868,1280573,2071100
1765,1379,1366,2691197,26864,1281939,2069900
1766,1423,1387,2689756,26918,1283326,2085800
1767,1389,1345,2688375,26954,1284671,2154300
1768,1413,1393,2686956,26980,1286064,2216000
1769,1482,1450,2685500,26986,1287514,2179100
1770,1377,1343,2684089,27054,1288857,2225700
1771,1416,1432,2682697,27014,1290289,2321600
1772,1368,1410,2681350,26951,1291699,2184200
1773,1422,1446,2679886,26969,1293145,2127000
1774,1442,1412,2678466,26977,1294557,2212700
1775,1346,1363,2677100,26980,1295920,2208900
1776,1380,1447,2675723,26910,1297367,2181100
1777,1379,1344,2674342,26947,1298711,2143100
1778,1420,1425,2672940,26924,1300136,2096800
1779,1436,1440,2671512,26912,1301576,2199400
1780,1441,1390,2670048,26986,1302966,2123200
1781,1456,1383,2668614,27037,1304349,2134700
1782,1476,1428,2667152,27071,1305777,2108300
1783,1386,1404,2665739,27080,1307181,2110300
1784,1434,1437,2664300,27082,1308618,2130400
1785,1451,1387,2662864,27131,1310005,2145400
1786,1432,1409,2661442,27144,1311414,2128400
1787,1401,1431,2660008,27147,1312845,2211000
1788,1434,1372,2658598,27185,1314217,2208800
1789,1413,1412,2657170,27201,1315629,2222000
1790,1338,1416,2655817,27138,1317045,2182200
1791,1408,1417,2654433,27105,1318462,2192400
1792,1469,1459,2652992,27087,1319921,2276100
1793,1456,1378,2651517,27184,1321299,2216900
1794,1446,1414,2650070,27217,1322713,2186100
1795,1371,1400,2648652,27235,1324113,2193400
1796,1381,1383,2647280,27224,1325496,2206200
1797,1360,1465,2645917,27122,1326961,2163700
1798,1317,1334,2644614,27091,1328295,2166700
1799,1417,1472,2643216,27017,1329767,2121900
1800,1338,1384,2641862,26987,1331151,2092100
1801,1355,1433,2640526,26890,1332584,2110300
1802,1347,1351,2639181,26884,1333935,2170600
1803,1423,1449,2637759,26857,1335384,2178000
1804,1373,1371,2636378,26867,1336755,2100800
1805,1327,1395,2635011,26839,1338150,2097300
1806,1425,1401,2633612,26837,1339551,2089200
1807,1362,1422,2632234,26793,1340973,2131200
1808,1350,1420,2630914,26693,1342393,2134900
1809,1398,1406,2629486,26715,1343799,2131200
1810,1391,1390,2628119,26692,1345189,2136400
1811,1368,1385,2626737,26689,1346574,2119800
1812,1321,1389,2625435,26602,1347963,2114800
1813,1386,1330,2624023,26684,1349293,2086300
1814,1409,1399,2622635,26673,1350692,2107700
1815,1337,1387,2621288,26633,1352079,2072300
1816,1358,1401,2619945,26575,1353480,2221000
1817,1405,1454,2618549,26517,1354934,2163800
1818,1426,1390,2617119,26557,1356324,2270400
1819,1417,1416,2615701,26559,1357740,2298700
1820,1449,1344,2614266,26650,1359084,2238900
1821,1293,1408,2612930,26578,1360492,2196100
1822,1418,1380,2611528,26600,1361872,2448600
1823,1381,1359,2610148,26621,1363231,2204400
1824,1383,1353,2608761,26655,1364584,2238200
1825,1434,1371,2607328,26717,1365955,2601900
1826,1399,1408,2605945,26692,1367363,2197900
1827,1409,1345,2604527,26765,1368708,2133500
1828,1415,1430,2603163,26699,1370138,2139800
1829,1401,1286,2601727,26849,1371424,2085300
1830,1457,1408,2600295,26873,1372832,2485700
1831,1401,1397,2598855,26916,1374229,2267600
1832,1398,1395,2597438,26938,1375624,2197700
1833,1499,1453,2595968,26955,1377077,2143500
1834,1400,1420,2594568,26935,1378497,2141100
1835,1310,1338,2593220,26945,1379835,2137300
1836,1435,1423,2591852,26890,1381258,2099300
1837,1432,1345,2590381,27016,1382603,2096700
1838,1395,1353,2589003,27041,1383956,2142200
1839,1428,1385,2587576,27083,1385341,2320100
1840,1456,1434,2586121,27104,1386775,2296700
1841,1456,1439,2584663,27123,1388214,2301600
1842,1436,1439,2583227,27120,1389653,2236000
1843,1394,1411,2581801,27135,1391064,2219300
1844,1441,1389,2580362,27185,1392453,2277300
1845,1382,1387,2578989,27171,1393840,2253800
1846,1500,1446,2577529,27185,1395286,2491900
1847,1401,1386,2576097,27231,1396672,2381400
1848,1424,1407,2574664,27257,1398079,2639000
1849,1515,1457,2573172,27292,1399536,2345400
1850,1443,1371,2571753,27340,1400907,2350700
1851,1471,1489,2570249,27355,1402396,2281800
1852,1422,1404,2568840,27360,1403800,2493000
1853,1456,1364,2567365,27471,1405164,2298700
1854,1452,1367,2565935,27534,1406531,2314200
1855,1473,1416,2564446,27607,1407947,2198700
1856,1493,1462,2562972,27619,1409409,2117900
1857,1479,1479,2561516,27596,1410888,2126000
1858,1431,1418,2560038,27656,1412306,2142000
1859,1468,1492,2558589,27613,1413798,2148300
1860,1474,1403,2557107,27692,1415201,2145900
1861,1429,1453,2555662,27684,1416654,2146100
1862,1414,1491,2554278,27577,1418145,2128800
1863,1405,1378,2552883,27594,1419523,2142100
1864,1304,1447,2551549,27481,1420970,2114800
1865,1418,1445,2550128,27457,1422415,2077900
1866,1354,1424,2548757,27404,1423839,2240300
1867,1416,1413,2547344,27404,1425252,2511900
1868,1423,1420,2545931,27397,1426672,2415000
1869,1458,1433,2544509,27386,1428105,2340500
1870,1396,1459,2543071,27365,1429564,2771700
1871,1447,1445,2541596,27395,1431009,2403000
1872,1399,1434,2540210,27347,1432443,2363900
1873,1486,1422,2538762,27373,1433865,2340000
1874,1403,1447,2537342,27346,1435312,2322400
1875,1459,1390,2535903,27395,1436702,2209300
1876,1565,1388,2534348,27562,1438090,2318400
1877,1362,1409,2532949,27552,1439499,2181400
1878,1459,1462,2531488,27551,1440961,2214100
1879,1519,1445,2530012,27582,1442406,2309600
1880,1497,1379,2528527,27688,1443785,2358300
1881,1465,1478,2527031,27706,1445263,2302400
1882,1393,1470,2525629,27638,1446733,2200100
1883,1447,1323,2524168,27776,1448056,2200200
1884,1466,1471,2522718,27755,1449527,2213000
1885,1488,1459,2521226,27788,1450986,2322900
1886,1376,1389,2519843,27782,1452375,2348400
1887,1402,1456,2518441,27728,1453831,2367600
1888,1428,1450,2517050,27669,1455281,2513300
1889,1487,1438,2515552,27729,1456719,2242600
1890,1446,1479,2514106,27696,1458198,2217700
1891,1443,1376,2512649,27777,1459574,2306400
1892,1416,1493,2511213,27720,1461067,2319000
1893,1536,1418,2509716,27799,1462485,2510900
1894,1411,1417,2508271,27827,1463902,2756700
1895,1599,1485,2506727,27886,1465387,2706300
1896,1497,1455,2505198,27960,1466842,2798900
1897,1485,1472,2503701,27985,1468314,2398500
1898,1501,1416,2502214,28056,1469730,2813500
1899,1571,1469,2500656,28145,1471199,2622400
1900,1548,1548,2499070,28183,1472747,2441200
1901,1492,1475,2497628,28150,1474222,2338700
1902,1496,1435,2496129,28214,1475657,2195300
1903,1564,1491,2494564,28288,1477148,2259900
1904,1518,1477,2493039,28336,1478625,2154900
1905,1480,1498,2491508,28369,1480123,2293400
1906,1541,1510,2490019,28348,1481633,2308300
1907,1462,1508,2488560,28299,1483141,2285000
1908,1469,1421,2487086,28352,1484562,2358100
1909,1528,1485,2485546,28407,1486047,2172400
1910,1424,1474,2484090,28389,1487521,2132500
1911,1450,1528,2482656,28295,1489049,2156600
1912,1538,1460,2481131,28360,1490509,2294900
1913,1504,1470,2479604,28417,1491979,2372800
1914,1459,1517,2478161,28343,1493496,2184700
1915,1503,1516,2476687,28301,1495012,2292700
1916,1401,1543,2475249,28196,1496555,2490800
1917,1503,1432,2473741,28272,1497987,2143800
1918,1490,1435,2472273,28305,1499422,2213600
1919,1478,1486,2470772,28320,1500908,2291500
1920,1448,1495,2469351,28246,1502403,2259600
1921,1490,1457,2467845,28295,1503860,2467200
1922,1454,1492,2466411,28237,1505352,2228100
1923,1419,1533,2464980,28135,1506885,2244600
1924,1376,1422,2463563,28130,1508307,2344300
1925,1421,1498,2462157,28038,1509805,2660700
1926,1405,1395,2460784,28016,1511200,2407600
1927,1493,1519,2459291,27990,1512719,2337800
1928,1459,1503,2457784,27994,1514222,2237800
1929,1368,1448,2456436,27894,1515670,2309000
1930,1389,1445,2455070,27815,1517115,2230100
1931,1365,1464,2453685,27736,1518579,2208300
1932,1395,1362,2452296,27763,1519941,2287800
1933,1369,1450,2450903,27706,1521391,2320500
1934,1347,1428,2449559,27622,1522819,2304200
1935,1479,1465,2448114,27602,1524284,2279300
1936,1427,1434,2446667,27615,1525718,2261300
1937,1459,1405,2445219,27658,1527123,2187900
1938,1410,1487,2443813,27577,1528610,2323800
1939,1459,1395,2442333,27662,1530005,2312700
1940,1397,1470,2440936,27589,1531475,2367800
1941,1441,1404,2439501,27620,1532879,2275200
1942,1512,1441,2438018,27662,1534320,2353000
1943,1533,1392,2436510,27778,1535712,2361700
1944,1436,1495,2435033,27760,1537207,2261100
1945,1454,1408,2433571,27814,1538615,2323000
1946,1413,1453,2432186,27746,1540068,2308300
1947,1498,1438,2430703,27791,1541506,2300900
1948,1401,1454,2429242,27798,1542960,2332200
1949,1426,1482,2427857,27701,1544442,2345300
1950,1395,1422,2426427,27709,1545864,2243700
1951,1424,1363,2425033,27740,1547227,2210200
1952,1437,1431,2423589,27753,1548658,2447800
1953,1497,1418,2422085,27839,1550076,2286800
1954,1393,1503,2420671,27750,1551579,2397000
1955,1414,1434,2419259,27728,1553013,2426900
1956,1420,1366,2417845,27776,1554379,2568000
1957,1410,1428,2416457,27736,1555807,2550800
1958,1498,1462,2414953,27778,1557269,2412800
1959,1400,1480,2413543,27708,1558749,2423700
1960,1470,1450,2412108,27693,1560199,2273000
1961,1479,1467,2410643,27691,1561666,2313200
1962,1428,1420,2409171,27743,1563086,2423000
1963,1516,1418,2407670,27826,1564504,2456200
1964,1488,1455,2406168,27873,1565959,2452600
1965,1438,1437,2404705,27899,1567396,2770800
1966,1442,1458,2403314,27832,1568854,2576200
1967,1455,1459,2401842,27845,1570313,2450400
1968,1487,1484,2400360,27843,1571797,2341100
1969,1436,1439,2398888,27876,1573236,2400200
1970,1439,1489,2397461,27814,1574725,2325100
1971,1501,1413,2395980,27882,1576138,2396300
1972,1444,1428,2394537,27897,1577566,2273800
1973,1452,1403,2393080,27951,1578969,2164100
1974,1499,1467,2391572,27992,1580436,2185700
1975,1416,1508,2390172,27884,1581944,2302200
1976,1423,1436,2388727,27893,1583380,2388900
1977,1438,1430,2387293,27897,1584810,2323900
1978,1415,1507,2385893,27790,1586317,2453400
1979,1366,1424,2384535,27724,1587741,2418800
1980,1413,1460,2383095,27704,1589201,2289700
1981,1426,1404,2381684,27711,1590605,2383200
1982,1398,1467,2380305,27623,1592072,2520700
1983,1342,1421,2378925,27582,1593493,2515900
1984,1420,1394,2377534,27579,1594887,2532800
1985,1422,1484,2376109,27520,1596371,2564900
1986,1433,1403,2374666,27560,1597774,2456600
1987,1393,1457,2373236,27533,1599231,2358200
1988,1404,1442,2371887,27440,1600673,2458500
1989,1485,1412,2370393,27522,1602085,2322700
1990,1306,1422,2369053,27440,1603507,2371700
1991,1380,1453,2367686,27354,1604960,3017500
1992,1450,1428,2366261,27351,1606388,7842900
1993,1391,1437,2364851,27324,1607825,15744900
1994,1445,1458,2363425,27292,1609283,4498800
1995,1364,1404,2362015,27298,1610687,3192000
1996,1404,1410,2360658,27245,1612097,2953400
1997,1362,1478,2359261,27164,1613575,2878600
1998,1412,1426,2357883,27116,1615001,2782900
1999,1328,1408,2356525,27066,1616409,2737900
2000,1378,1420,2355146,27025,1617829,2743600
2001,1370,1386,2353783,27002,1619215,3056300
2002,1385,1360,2352385,27040,1620575,2839300
2003,1380,1415,2350987,27023,1621990,2804200
2004,1417,1409,2349610,26991,1623399,2846400
2005,1427,1341,2348186,27074,1624740,2966000
2006,1368,1438,2346799,27023,1626178,3069900
2007,1404,1470,2345427,26925,1627648,2822700
2008,1461,1347,2343967,27038,1628995,2770800
2009,1424,1359,2342526,27120,1630354,2652400
2010,1496,1422,2341050,27174,1631776,2839300
2011,1368,1429,2339651,27144,1633205,2794400
2012,1451,1482,2338194,27119,1634687,2625500
2013,1441,1500,2336767,27046,1636187,2824400
2014,1390,1397,2335370,27046,1637584,2481400
2015,1389,1412,2333976,27028,1638996,2358900
2016,1422,1368,2332586,27050,1640364,2389800
2017,1406,1416,2331147,27073,1641780,2395400
2018,1404,1412,2329760,27048,1643192,2421700
2019,1476,1405,2328283,27120,1644597,2557300
2020,1382,1448,2326908,27047,1646045,2520100
2021,1325,1408,2325572,26975,1647453,2338300
2022,1370,1395,2324203,26949,1648848,2355000
2023,1404,1468,2322776,26908,1650316,2337200
2024,1391,1413,2321411,26860,1651729,2418500
2025,1404,1506,2319993,26772,1653235,2399900
2026,1397,1433,2318646,26686,1654668,2597900
2027,1337,1384,2317254,26694,1656052,2541100
2028,1426,1336,2315856,26756,1657388,2544300
2029,1384,1388,2314467,26757,1658776,2464400
2030,1387,1378,2313081,26765,1660154,2434700
2031,1370,1396,2311676,26774,1661550,9602400
2032,1441,1365,2310281,26804,1662915,4188900
2033,1344,1342,2308884,26859,1664257,3011700
2034,1453,1360,2307478,26905,1665617,2711000
2035,1418,1446,2306045,26892,1667063,2862900
2036,1416,1410,2304623,26904,1668473,2658600
2037,1397,1396,2303215,26916,1669869,2499000
2038,1417,1457,2301824,26850,1671326,2550300
2039,1365,1440,2300449,26785,1672766,2415900
2040,1305,1398,2299140,26696,1674164,2360900
2041,1394,1339,2297748,26749,1675503,2415900
2042,1333,1414,2296413,26670,1676917,2354900
2043,1386,1422,2295039,26622,1678339,2276400
2044,1358,1321,2293671,26669,1679660,2484700
2045,1421,1316,2292284,26740,1680976,2799100
2046,1466,1396,2290803,26825,1682372,2668800
2047,1450,1404,2289365,26859,1683776,3898300
2048,1464,1435,2287901,26888,1685211,4620000
2049,1431,1409,2286446,26934,1686620,3866700
2050,1475,1426,2284977,26977,1688046,10795900
2051,1444,1446,2283517,26991,1689492,3627800
2052,1520,1366,2282029,27113,1690858,2917700
2053,1416,1460,2280599,27083,1692318,2607700
2054,1371,1395,2279193,27094,1693713,2567800
2055,1475,1353,2277746,27188,1695066,2890300
2056,1390,1421,2276346,27167,1696487,3484200
2057,1412,1410,2274922,27181,1697897,3160800
2058,1402,1430,2273528,27145,1699327,3065600
2059,1385,1481,2272142,27050,1700808,2994700
2060,1392,1442,2270769,26981,1702250,3380100
2061,1433,1424,2269330,26996,1703674,3135600
2062,1415,1392,2267916,27018,1705066,3207900
2063,1389,1406,2266523,27005,1706472,2626700
2064,1378,1419,2265152,26957,1707891,2679000
2065,1414,1393,2263731,26985,1709284,2656000
2066,1494,1396,2262271,27049,1710680,2511000
2067,1414,1409,2260806,27105,1712089,2461100
2068,1410,1424,2259405,27082,1713513,2533300
2069,1410,1412,2257991,27084,1714925,2493000
2070,1350,1329,2256625,27121,1716254,2643700
2071,1385,1371,2255270,27105,1717625,2524900
2072,1348,1440,2253923,27012,1719065,2494400
2073,1387,1330,2252533,27072,1720395,2476700
2074,1380,1386,2251152,27067,1721781,2547900
2075,1360,1422,2249795,27002,1723203,2790100
2076,1398,1433,2248380,26984,1724636,2594300
2077,1328,1409,2247033,26922,1726045,2528300
2078,1291,1412,2245735,26808,1727457,2667000
2079,1304,1406,2244412,26725,1728863,2615700
2080,1366,1433,2243091,26613,1730296,2553000
2081,1321,1396,2241779,26529,1731692,2579500
2082,1433,1324,2240360,26624,1733016,2642700
2083,1354,1397,2239003,26584,1734413,2674000
2084,1363,1410,2237646,26531,1735823,2780600
2085,1476,1425,2236179,26573,1737248,2575200
2086,1442,1421,2234721,26610,1738669,4119400
2087,1390,1394,2233324,26613,1740063,9450700
2088,1422,1415,2231929,26593,1741478,3770600
2089,1447,1442,2230449,26631,1742920,3020200
2090,1352,1337,2229100,26643,1744257,2914400
2091,1401,1421,2227703,26619,1745678,2756500
2092,1440,1404,2226280,26638,1747082,2769000
2093,1285,1426,2224949,26543,1748508,2637300
2094,1465,1417,2223545,26530,1749925,2547000
2095,1388,1362,2222093,26620,1751287,2627700
2096,1438,1399,2220686,26628,1752686,2783900
2097,1396,1376,2219310,26628,1754062,2652800
2098,1433,1373,2217850,26715,1755435,2531900
2099,1411,1410,2216442,26713,1756845,2754300
2100,1361,1343,2215090,26722,1758188,2748400
2101,1373,1392,2213735,26685,1759580,2725600
2102,1372,1360,2212335,26725,1760940,3037800
2103,1405,1415,2210928,26717,1762355,2769900
2104,1419,1426,2209544,26675,1763781,2755800
2105,1351,1435,2208167,26617,1765216,3219700
2106,1454,1416,2206701,26667,1766632,2814100
2107,1397,1467,2205312,26589,1768099,3148600
2108,1454,1330,2203880,26691,1769429,3294400
2109,1354,1415,2202461,26695,1770844,20741100
2110,1380,1365,2201121,26670,1772209,4280700
2111,1473,1400,2199682,26709,1773609,3634800
2112,1399,1406,2198234,26751,1775015,3390500
2113,1408,1447,2196852,26686,1776462,3293200
2114,1424,1366,2195421,26751,1777828,3096700
2115,1382,1453,2194037,26682,1779281,3104600
2116,1432,1400,2192605,26714,1780681,2919700
2117,1376,1405,2191223,26691,1782086,2866900
2118,1417,1375,2189849,26690,1783461,2718400
2119,1378,1390,2188428,26721,1784851,3039400
2120,1431,1408,2187000,26741,1786259,2942200
2121,1400,1437,2185619,26685,1787696,2834900
2122,1403,1383,2184176,26745,1789079,2770500
2123,1445,1351,2182786,26784,1790430,2771700
2124,1356,1454,2181417,26699,1791884,2646000
2125,1434,1343,2179965,26808,1793227,2499500
2126,1355,1401,2178619,26753,1794628,2368500
2127,1364,1343,2177255,26774,1795971,2366200
2128,1407,1404,2175847,26778,1797375,2389900
2129,1404,1411,2174440,26774,1798786,2453000
2130,1501,1353,2172949,26912,1800139,2443300
2131,1510,1349,2171461,27051,1801488,2548200
2132,1459,1397,2169951,27164,1802885,2453800
2133,1436,1394,2168549,27172,1804279,2416300
2134,1426,1371,2167109,27241,1805650,2369800
2135,1461,1375,2165654,27321,1807025,2350400
2136,1353,1446,2164294,27235,1808471,2498400
2137,1458,1510,2162854,27165,1809981,2427900
2138,1381,1428,2161470,27121,1811409,2489400
2139,1456,1403,2160023,27165,1812812,2898600
2140,1417,1426,2158601,27161,1814238,2563600
2141,1389,1394,2157211,27157,1815632,2586000
2142,1343,1439,2155827,27102,1817071,2525600
2143,1361,1366,2154498,27065,1818437,2465700
2144,1421,1423,2153071,27069,1819860,2355100
2145,1357,1433,2151699,27008,1821293,2387100
2146,1389,1377,2150345,26985,1822670,2355500
2147,1377,1369,2148957,27004,1824039,2342900
2148,1391,1487,2147577,26897,1825526,2318300
2149,1260,1430,2146271,26773,1826956,2455600
2150,1334,1367,2144949,26728,1828323,2282400
2151,1355,1358,2143614,26705,1829681,6484800
2152,1390,1475,2142202,26642,1831156,11980700
2153,1317,1426,2140871,26547,1832582,3546900
2154,1359,1328,2139530,26560,1833910,2937800
2155,1292,1345,2138211,26534,1835255,2871700
2156,1420,1411,2136844,26490,1836666,2700600
2157,1294,1358,2135539,26437,1838024,2527900
2158,1397,1332,2134159,26485,1839356,2419300
2159,1372,1358,2132739,26547,1840714,2428600
2160,1344,1318,2131392,26576,1842032,2346300
2161,1304,1358,2130093,26517,1843390,2646600
2162,1299,1378,2128782,26450,1844768,2313200
2163,1267,1360,2127534,26338,1846128,2365800
2164,1406,1380,2126159,26333,1847508,2416900
2165,1295,1369,2124813,26310,1848877,2488000
2166,1326,1412,2123519,26192,1850289,2480400
2167,1312,1330,2122211,26170,1851619,2337700
2168,1326,1340,2120872,26169,1852959,2302300
2169,1299,1412,2119550,26079,1854371,2389600
2170,1303,1412,2118270,25947,1855783,2463900
2171,1301,1348,2116978,25891,1857131,2321500
2172,1230,1367,2115726,25776,1858498,2305500
2173,1311,1361,2114433,25708,1859859,2312000
2174,1342,1368,2113069,25704,1861227,2288300
2175,1287,1392,2111826,25555,1862619,2266300
2176,1295,1304,2110493,25584,1863923,2287200
2177,1400,1378,2109141,25558,1865301,2339800
2178,1287,1390,2107811,25498,1866691,2268200
2179,1289,1314,2106507,25488,1868005,2273300
2180,1328,1329,2105221,25445,1869334,2327600
2181,1339,1389,2103867,25410,1870723,2495700
2182,1279,1314,2102568,25395,1872037,2603600
2183,1315,1343,2101246,25374,1873380,2473600
2184,1390,1392,2099878,25350,1874772,2369400
2185,1279,1311,2098574,25343,1876083,2264900
2186,1322,1345,2097250,25322,1877428,2297700
2187,1335,1345,2095946,25281,1878773,2382100
2188,1294,1354,2094633,25240,1880127,2336600
2189,1355,1297,2093291,25285,1881424,2484100
2190,1362,1353,2091936,25287,1882777,2695800
2191,1372,1303,2090569,25351,1884080,2493700
2192,1337,1291,2089203,25426,1885371,2768400
2193,1361,1318,2087875,25436,1886689,2446500
2194,1363,1340,2086476,25495,1888029,2382000
2195,1261,1274,2085212,25485,1889303,2409700
2196,1295,1373,2083921,25403,1890676,2317800
2197,1341,1332,2082599,25393,1892008,2431300
2198,1365,1335,2081240,25417,1893343,2335700
2199,1290,1406,2079942,25309,1894749,2275300
2200,1255,1270,2078656,25325,1896019,2170800
2201,1289,1337,2077393,25251,1897356,2162700
2202,1277,1271,2076085,25288,1898627,2269100
2203,1271,1382,2074803,25188,1900009,2281700
2204,1373,1335,2073493,25163,1901344,2206800
2205,1325,1305,2072124,25227,1902649,2237500
2206,1302,1254,2070855,25242,1903903,2237800
2207,1294,1331,2069533,25233,1905234,2345200
2208,1370,1367,2068169,25230,1906601,2371200
2209,1318,1273,2066862,25264,1907874,2286400
2210,1293,1329,2065561,25236,1909203,2487800
2211,1311,1366,2064244,25187,1910569,2360600
2212,1328,1295,2062963,25173,1911864,2295300
2213,1306,1342,2061627,25167,1913206,2460000
2214,1279,1324,2060334,25136,1914530,2275400
2215,1335,1243,2059018,25209,1915773,2319400
2216,1332,1267,2057684,25276,1917040,2307400
2217,1298,1284,2056386,25290,1918324,2357800
2218,1321,1296,2055040,25340,1919620,2335200
2219,1309,1379,2053750,25251,1920999,3709000
2220,1287,1247,2052455,25299,1922246,2229700
2221,1374,1264,2051086,25404,1923510,2164000
2222,1365,1314,2049754,25422,1924824,2210600
2223,1328,1291,2048383,25502,1926115,2203000
2224,1280,1272,2047106,25507,1927387,2155200
2225,1298,1341,2045803,25469,1928728,2113600
2226,1373,1314,2044445,25513,1930042,2206900
2227,1290,1337,2043135,25486,1931379,2139100
2228,1268,1390,2041856,25375,1932769,2089700
2229,1368,1265,2040538,25428,1934034,2147500
2230,1305,1300,2039202,25464,1935334,2125000
2231,1315,1320,2037896,25450,1936654,2110000
2232,1307,1281,2036591,25474,1937935,2167500
2233,1247,1385,2035306,25374,1939320,2210500
2234,1273,1253,2034088,25339,1940573,2128800
2235,1330,1342,2032745,25340,1941915,2131800
2236,1315,1313,2031447,25325,1943228,2272000
2237,1298,1337,2030145,25290,1944565,2443400
2238,1354,1343,2028790,25302,1945908,2304000
2239,1342,1317,2027440,25335,1947225,2318700
2240,1378,1317,2026068,25390,1948542,2325300
2241,1233,1338,2024816,25304,1949880,2357800
2242,1229,1310,2023569,25241,1951190,2845700
2243,1385,1353,2022240,25217,1952543,2427800
2244,1248,1227,2020939,25291,1953770,2449800
2245,1331,1313,2019632,25285,1955083,2405700
2246,1338,1318,2018304,25295,1956401,2658300
2247,1310,1301,2016988,25310,1957702,2447800
2248,1284,1351,2015704,25243,1959053,2320700
2249,1269,1336,2014430,25181,1960389,2263500
2250,1283,1321,2013131,25159,1961710,2245100
2251,1259,1278,2011858,25154,1962988,2175700
2252,1268,1295,2010638,25079,1964283,2168600
2253,1241,1277,2009362,25078,1965560,2166600
2254,1317,1395,2008073,24972,1966955,2160900
2255,1220,1310,2006836,24899,1968265,2244500
2256,1271,1313,2005556,24866,1969578,2143400
2257,1294,1286,2004254,24882,1970864,2196000
2258,1269,1246,2002999,24891,1972110,2150700
2259,1269,1273,2001728,24889,1973383,2168000
2260,1336,1243,2000422,24952,1974626,2184100
2261,1328,1284,1999086,25004,1975910,2198400
2262,1303,1321,1997761,25008,1977231,2266800
2263,1223,1327,1996516,24926,1978558,2525200
2264,1335,1301,1995226,24915,1979859,2434600
2265,1319,1271,1993894,24976,1981130,2373200
2266,1284,1244,1992617,25009,1982374,2345900
2267,1278,1344,1991325,24957,1983718,2568500
2268,1260,1276,1990058,24948,1984994,2348800
2269,1262,1304,1988795,24907,1986298,2259700
2270,1247,1295,1987541,24866,1987593,2287400
2271,1322,1267,1986256,24884,1988860,2535100
2272,1323,1336,1984938,24866,1990196,2332900
2273,1233,1288,1983693,24823,1991484,2392600
2274,1282,1319,1982404,24793,1992803,2283700
2275,1313,1288,1981091,24818,1994091,2228300
2276,1238,1275,1979848,24786,1995366,2232700
2277,1181,1270,1978667,24697,1996636,2144500
2278,1296,1296,1977370,24698,1997932,2253500
2279,1261,1318,1976105,24645,1999250,2100900
2280,1232,1229,1974873,24648,2000479,2144700
2281,1257,1242,1973627,24652,2001721,2203400
2282,1287,1272,1972317,24690,2002993,2241600
2283,1257,1226,1971025,24756,2004219,2338700
2284,1246,1264,1969815,24702,2005483,2585900
2285,1243,1324,1968525,24668,2006807,2305000
2286,1260,1284,1967327,24582,2008091,2276200
2287,1253,1294,1966066,24549,2009385,2220300
2288,1298,1282,1964800,24533,2010667,2139900
2289,1278,1245,1963516,24572,2011912,2155200
2290,1226,1281,1962246,24561,2013193,2148100
2291,1281,1216,1961007,24584,2014409,2177600
2292,1276,1249,1959703,24639,2015658,2289900
2293,1235,1208,1958466,24668,2016866,2104500
2294,1166,1259,1957293,24582,2018125,2242900
2295,1339,1312,1955974,24589,2019437,2191900
2296,1255,1260,1954728,24575,2020697,2245000
2297,1296,1240,1953440,24623,2021937,2428600
2298,1347,1227,1952105,24731,2023164,2256000
2299,1293,1267,1950808,24761,2024431,2160300
2300,1286,1252,1949480,24837,2025683,2189800
2301,1289,1300,1948197,24820,2026983,2233800
2302,1293,1272,1946927,24818,2028255,2198400
2303,1325,1271,1945602,24872,2029526,2272800
2304,1212,1345,1944392,24737,2030871,2476600
2305,1230,1314,1943122,24693,2032185,2685900
2306,1297,1278,1941875,24662,2033463,2347100
2307,1236,1278,1940610,24649,2034741,2229100
2308,1232,1273,1939393,24593,2036014,2282200
2309,1284,1299,1938083,24604,2037313,2217700
2310,1340,1306,1936813,24568,2038619,2239600
2311,1310,1290,1935466,24625,2039909,2213600
2312,1261,1301,1934178,24612,2041210,2221700
2313,1197,1266,1932972,24552,2042476,2281000
2314,1282,1285,1931729,24510,2043761,2187800
2315,1267,1296,1930450,24493,2045057,2185400
2316,1313,1351,1929172,24420,2046408,2167700
2317,1248,1293,1927871,24428,2047701,2251400
2318,1293,1219,1926571,24509,2048920,2686700
2319,1327,1294,1925258,24528,2050214,2288900
2320,1311,1285,1923931,24570,2051499,2251900
2321,1293,1291,1922672,24538,2052790,2193500
2322,1266,1239,1921370,24601,2054029,2310600
2323,1264,1311,1920132,24528,2055340,2665300
2324,1241,1297,1918862,24501,2056637,2735500
2325,1355,1311,1917538,24514,2057948,2403400
2326,1345,1251,1916202,24599,2059199,2580100
2327,1254,1284,1914953,24564,2060483,2755800
2328,1289,1311,1913661,24545,2061794,2462700
2329,1317,1307,1912328,24571,2063101,2532100
2330,1325,1291,1911017,24591,2064392,2372700
2331,1284,1265,1909731,24612,2065657,2724000
2332,1233,1283,1908479,24581,2066940,2532700
2333,1329,1325,1907157,24578,2068265,2875600
2334,1272,1227,1905880,24628,2069492,2656400
2335,1228,1312,1904639,24557,2070804,2388900
2336,1239,1317,1903400,24479,2072121,2377200
2337,1295,1285,1902143,24451,2073406,2360900
2338,1304,1302,1900822,24470,2074708,2272700
2339,1240,1328,1899575,24389,2076036,2286800
2340,1280,1265,1898296,24403,2077301,2346700
2341,1262,1230,1897016,24453,2078531,2580000
2342,1314,1287,1895728,24454,2079818,2315500
2343,1301,1265,1894429,24488,2081083,2360400
2344,1296,1242,1893126,24549,2082325,2658700
2345,1301,1323,1891801,24551,2083648,2261300
2346,1356,1301,1890513,24538,2084949,2279000
2347,1284,1299,1889192,24560,2086248,2789000
2348,1360,1229,1887838,24685,2087477,2497800
2349,1301,1315,1886510,24698,2088792,2435900
2350,1341,1279,1885167,24762,2090071,2621100
2351,1303,1305,1883871,24753,2091376,2395800
2352,1304,1285,1882555,24784,2092661,2554800
2353,1300,1298,1881293,24748,2093959,2343200
2354,1253,1269,1880002,24770,2095228,2280300
2355,1244,1269,1878770,24733,2096497,2376400
2356,1262,1276,1877496,24731,2097773,2601100
2357,1281,1284,1876232,24711,2099057,2578200
2358,1217,1261,1874988,24694,2100318,2392900
2359,1241,1337,1873747,24598,2101655,6104000
2360,1288,1262,1872489,24594,2102917,11787900
2361,1243,1296,1871242,24545,2104213,8577800
2362,1193,1380,1870053,24354,2105593,4197300
2363,1236,1249,1868812,24346,2106842,3433500
2364,1285,1233,1867519,24406,2108075,3020600
2365,1193,1269,1866325,24331,2109344,2974600
2366,1239,1279,1865089,24288,2110623,2758200
2367,1219,1283,1863849,24245,2111906,2690600
2368,1284,1287,1862592,24215,2113193,2736500
2369,1194,1210,1861380,24217,2114403,2923200
2370,1246,1293,1860151,24153,2115696,3008900
2371,1243,1270,1858881,24153,2116966,3766200
2372,1219,1213,1857689,24132,2118179,3285400
2373,1282,1237,1856409,24175,2119416,2949700
2374,1188,1256,1855210,24118,2120672,3236300
2375,1198,1349,1854002,23977,2122021,3053700
2376,1184,1233,1852801,23945,2123254,2929600
2377,1216,1209,1851609,23928,2124463,2952000
2378,1244,1268,1850360,23909,2125731,3033700
2379,1218,1253,1849143,23873,2126984,3067300
2380,1175,1240,1847993,23783,2128224,2922200
2381,1163,1234,1846811,23731,2129458,2673800
2382,1154,1243,1845632,23667,2130701,2811900
2383,1201,1176,1844469,23654,2131877,2655200
2384,1245,1247,1843248,23628,2133124,2552300
2385,1209,1193,1842016,23667,2134317,2535200
2386,1149,1207,1840859,23617,2135524,2647500
2387,1190,1225,1839645,23606,2136749,2589100
2388,1286,1211,1838370,23670,2137960,2741700
2389,1232,1233,1837176,23631,2139193,2788800
2390,1319,1212,1835837,23758,2140405,2645500
2391,1246,1229,1834591,23775,2141634,2783700
2392,1216,1337,1833363,23666,2142971,2399500
2393,1191,1241,1832136,23652,2144212,2638900
2394,1231,1246,1830922,23620,2145458,2388600
2395,1190,1204,1829738,23600,2146662,2618100
2396,1233,1253,1828546,23539,2147915,2506000
2397,1194,1214,1827306,23565,2149129,2567500
2398,1319,1186,1826019,23666,2150315,2399100
2399,1295,1288,1824718,23679,2151603,2445600
2400,1260,1197,1823482,23718,2152800,2433300
2401,1231,1253,1822230,23717,2154053,2440100
2402,1218,1238,1821001,23708,2155291,2439300
2403,1259,1241,1819754,23714,2156532,2606700
2404,1194,1254,1818526,23688,2157786,4099800
2405,1175,1216,1817372,23626,2159002,13582400
2406,1208,1188,1816186,23624,2160190,4276300
2407,1231,1243,1814957,23610,2161433,2750600
2408,1246,1252,1813698,23617,2162685,2686000
2409,1132,1305,1812537,23473,2163990,2567000
2410,1123,1151,1811420,23439,2165141,2416500
2411,1179,1205,1810229,23425,2166346,2496400
2412,1189,1209,1809087,23358,2167555,2588600
2413,1194,1263,1807860,23322,2168818,3019100
2414,1209,1184,1806642,23356,2170002,2964200
2415,1213,1219,1805434,23345,2171221,2747200
2416,1178,1249,1804262,23268,2172470,2850200
2417,1189,1198,1803075,23257,2173668,2703800
2418,1142,1180,1801929,23223,2174848,2638100
2419,1165,1179,1800727,23246,2176027,2624600
2420,1125,1191,1799648,23134,2177218,2545800
2421,1197,1205,1798453,23124,2178423,2515000
2422,1139,1226,1797283,23068,2179649,2611900
2423,1160,1202,1796129,23020,2180851,2575600
2424,1187,1209,1794942,22998,2182060,2583700
2425,1148,1158,1793800,22982,2183218,2547800
2426,1219,1238,1792597,22947,2184456,2403400
2427,1191,1198,1791418,22928,2185654,2333400
2428,1252,1172,1790183,22991,2186826,2691100
2429,1176,1168,1788986,23020,2187994,2479800
2430,1176,1142,1787770,23094,2189136,2426400
2431,1161,1168,1786629,23067,2190304,2450200
2432,1197,1211,1785450,23035,2191515,2574300
2433,1140,1204,1784272,23009,2192719,2362800
2434,1247,1205,1783061,23015,2193924,2271300
2435,1126,1205,1781931,22940,2195129,2399600
2436,1210,1247,1780710,22914,2196376,2360500
2437,1234,1227,1779499,22898,2197603,2351300
2438,1160,1183,1778329,22885,2198786,2289600
2439,1269,1190,1777076,22948,2199976,2290900
2440,1104,1219,1775937,22868,2201195,2326200
2441,1246,1156,1774728,22921,2202351,7673400
2442,1184,1177,1773529,22943,2203528,3732600
2443,1217,1248,1772336,22888,2204776,2782000
2444,1165,1260,1771135,22829,2206036,2813500
2445,1230,1160,1769911,22893,2207196,3202600
2446,1291,1212,1768632,22960,2208408,2951000
2447,1157,1174,1767451,22967,2209582,2780800
2448,1151,1247,1766320,22851,2210829,3004900
2449,1139,1139,1765191,22841,2211968,2683000
2450,1137,1184,1764071,22777,2213152,2582000
2451,1160,1149,1762863,22836,2214301,2766800
2452,1172,1144,1761714,22841,2215445,2711300
2453,1187,1226,1760537,22792,2216671,2676000
2454,1119,1222,1759394,22713,2217893,2542200
2455,1216,1161,1758200,22746,2219054,2474200
2456,1131,1201,1757051,22694,2220255,2479100
2457,1175,1223,1755872,22650,2221478,2689400
2458,1141,1188,1754725,22609,2222666,2356200
2459,1172,1143,1753563,22628,2223809,2406000
2460,1171,1185,1752413,22593,2224994,2799500
2461,1204,1192,1751206,22608,2226186,2366800
2462,1174,1140,1750011,22663,2227326,2448600
2463,1178,1177,1748851,22646,2228503,3334200
2464,1169,1221,1747662,22614,2229724,18970900
2465,1159,1212,1746497,22567,2230936,4405200
2466,1220,1133,1745307,22624,2232069,3053000
2467,1179,1146,1744104,22681,2233215,3147300
2468,1175,1221,1742928,22636,2234436,3112900
2469,1107,1195,1741815,22554,2235631,3171200
2470,1169,1177,1740660,22532,2236808,3148700
2471,1150,1209,1739512,22471,2238017,3580900
2472,1126,1080,1738363,22540,2239097,3649500
2473,1112,1153,1737268,22482,2240250,2960000
2474,1155,1206,1736102,22442,2241456,2987000
2475,1114,1185,1734999,22360,2242641,2807100
2476,1136,1213,1733842,22304,2243854,2584900
2477,1164,1237,1732674,22235,2245091,2972800
2478,1143,1206,1731571,22132,2246297,3021700
2479,1125,1131,1730421,22151,2247428,2774200
2480,1146,1148,1729280,22144,2248576,2583300
2481,1204,1169,1728068,22187,2249745,2750800
2482,1186,1125,1726885,22245,2250870,2786200
2483,1137,1200,1725749,22181,2252070,2605700
2484,1074,1079,1724653,22198,2253149,2679900
2485,1159,1187,1723541,22123,2254336,2585400
2486,1172,1156,1722339,22169,2255492,2852800
2487,1161,1107,1721178,22223,2256599,3120900
2488,1195,1127,1720002,22272,2257726,4112900
2489,1133,1167,1718862,22245,2258893,3333000
2490,1161,1145,1717691,22271,2260038,2984100
2491,1126,1156,1716595,22211,2261194,4283000
2492,1185,1190,1715424,22192,2262384,4112200
2493,1101,1155,1714262,22199,2263539,2782900
2494,1159,1241,1713104,22116,2264780,2799000
2495,1099,1151,1712009,22060,2265931,2630500
2496,1145,1115,1710869,22085,2267046,7998100
2497,1226,1179,1709682,22093,2268225,4857100
2498,1222,1184,1708455,22136,2269409,3228600
2499,1181,1158,1707271,22162,2270567,3089200
2500,1193,1102,1706060,22271,2271669,3574500
2501,1143,1143,1704933,22255,2272812,3132900
2502,1136,1163,1703800,22225,2273975,2871300
2503,1241,1172,1702559,22294,2275147,2840300
2504,1202,1244,1701367,22242,2276391,2555700
2505,1215,1115,1700180,22314,2277506,2522600
2506,1147,1188,1698960,22346,2278694,2535900
2507,1095,1115,1697868,22323,2279809,2444700
2508,1065,1133,1696804,22254,2280942,2436100
2509,1158,1141,1695655,22262,2282083,2563600
2510,1149,1149,1694498,22270,2283232,2441800
2511,1140,1161,1693366,22241,2284393,2323100
2512,1127,1117,1692245,22245,2285510,2541700
2513,1205,1178,1691044,22268,2286688,2413500
2514,1185,1160,1689857,22295,2287848,2452300
2515,1160,1143,1688703,22306,2288991,2371900
2516,1171,1155,1687509,22345,2290146,2358100
2517,1145,1155,1686363,22336,2291301,2423900
2518,1188,1122,1685178,22399,2292423,2345000
2519,1184,1154,1684016,22407,2293577,2319300
2520,1165,1169,1682826,22428,2294746,2473000
2521,1099,1120,1681727,22407,2295866,2461700
2522,1188,1185,1680584,22365,2297051,2461200
2523,1109,1123,1679430,22396,2298174,2281800
2524,1089,1157,1678329,22340,2299331,2375500
2525,1142,1163,1677219,22287,2300494,2449900
2526,1151,1150,1676035,22321,2301644,2432000
2527,1076,1169,1674985,22202,2302813,2398700
2528,1074,1186,1673868,22133,2303999,2418000
2529,1110,1192,1672792,22017,2305191,2390000
2530,1099,1094,1671670,22045,2306285,2565700
2531,1152,1157,1670561,21997,2307442,2296600
2532,1146,1153,1669362,22043,2308595,2301500
2533,1062,1141,1668333,21931,2309736,2417700
2534,1132,1192,1667238,21834,2310928,2360000
2535,1092,1162,1666103,21807,2312090,2238500
2536,1123,1152,1664990,21768,2313242,2303900
2537,1100,1137,1663894,21727,2314379,2444300
2538,1123,1048,1662743,21830,2315427,2268400
2539,1124,1113,1661637,21823,2316540,2183400
2540,1144,1178,1660509,21773,2317718,2155400
2541,1176,1102,1659337,21843,2318820,2248600
2542,1134,1167,1658209,21804,2319987,2352800
2543,1130,1127,1657058,21828,2321114,2226700
2544,1172,1144,1655901,21841,2322258,2309700
2545,1110,1132,1654756,21854,2323390,2301500
2546,1161,1141,1653619,21850,2324531,2349700
2547,1128,1110,1652456,21903,2325641,2335900
2548,1032,1160,1651444,21755,2326801,2503600
2549,1063,1201,1650382,21616,2328002,2460200
2550,1100,1176,1649306,21516,2329178,2309400
2551,1139,1157,1648149,21516,2330335,2228500
2552,1053,1073,1647086,21506,2331408,2277500
2553,1095,1102,1646002,21488,2332510,2365900
2554,1107,1085,1644860,21545,2333595,2386900
2555,1098,1163,1643801,21441,2334758,2322300
2556,1055,1135,1642723,21384,2335893,2497600
2557,1069,1117,1641686,21304,2337010,2326000
2558,1065,1109,1640609,21272,2338119,2274500
2559,1070,1089,1639542,21250,2339208,2386600
2560,1103,1141,1638429,21222,2340349,2296800
2561,1040,1108,1637369,21174,2341457,2263700
2562,1148,1095,1636278,21170,2342552,2248200
2563,1102,1128,1635139,21181,2343680,2231700
2564,1091,1137,1634069,21114,2344817,2286900
2565,1071,1107,1632973,21103,2345924,2245900
2566,1145,1072,1631886,21118,2346996,2291600
2567,1061,1057,1630758,21189,2348053,2237800
2568,1154,1147,1629646,21154,2349200,2289700
2569,1064,1093,1628571,21136,2350293,2254500
2570,1093,1121,1627442,21144,2351414,2369000
2571,1073,1187,1626379,21020,2352601,2392800
2572,1038,1122,1625354,20923,2353723,2299000
2573,1053,1077,1624305,20895,2354800,2276600
2574,1087,1101,1623214,20885,2355901,2152700
2575,1161,1070,1622080,20949,2356971,2196900
2576,1046,1098,1620997,20934,2358069,2242300
2577,1137,1092,1619863,20976,2359161,2211300
2578,1213,1110,1618673,21056,2360271,2093700
2579,1180,1138,1617490,21101,2361409,2132400
2580,1153,1088,1616310,21193,2362497,2178800
2581,1156,1127,1615187,21189,2363624,2167800
2582,1063,1123,1614106,21147,2364747,2097000
2583,1128,1161,1612969,21123,2365908,2158600
2584,1129,1083,1611851,21158,2366991,2248400
2585,1116,1091,1610740,21178,2368082,2338800
2586,1126,1099,1609624,21195,2369181,2366300
2587,1089,1111,1608506,21202,2370292,2454200
2588,1129,1157,1607411,21140,2371449,2384900
2589,1167,1093,1606204,21254,2372542,2332800
2590,1045,1070,1605164,21224,2373612,2315600
2591,1078,1141,1604092,21155,2374753,2225700
2592,1125,1041,1602989,21217,2375794,2214500
2593,1162,1147,1601829,21230,2376941,2278800
2594,1104,1134,1600702,21223,2378075,2177900
2595,1148,1114,1599569,21242,2379189,2122100
2596,1127,1044,1598434,21333,2380233,2110200
2597,1070,1052,1597356,21359,2381285,2156400
2598,1133,1033,1596234,21448,2382318,2151300
2599,1086,1140,1595146,21396,2383458,2203900
2600,1079,1127,1594068,21347,2384585,2233400
2601,1147,1086,1592926,21403,2385671,2204400
2602,1110,1134,1591798,21397,2386805,2185300
2603,1189,1160,1590641,21394,2387965,2147400
2604,1007,1133,1589605,21297,2389098,2304000
2605,1078,1111,1588509,21282,2390209,2191100
2606,1058,1082,1587486,21223,2391291,2137800
2607,1091,1128,1586388,21193,2392419,2320800
2608,1026,1066,1585331,21184,2393485,2190800
2609,1091,1095,1584275,21145,2394580,2171900
2610,1097,1076,1583165,21179,2395656,2215100
2611,1050,1062,1582123,21159,2396718,2216300
2612,1126,1129,1580990,21163,2397847,2267300
2613,1094,1093,1579905,21155,2398940,2365000
2614,1083,1104,1578777,21179,2400044,2424200
2615,1130,1088,1577707,21161,2401132,2473400
2616,1139,1091,1576540,21237,2402223,2654000
2617,1043,1100,1575497,21180,2403323,2784000
2618,1029,1090,1574467,21120,2404413,2940400
2619,1023,1123,1573424,21040,2405536,2672700
2620,1038,1031,1572439,20994,2406567,2402400
2621,1070,1047,1571319,21067,2407614,2406200
2622,1069,1086,1570252,21048,2408700,2302800
2623,990,1094,1569246,20960,2409794,2253600
2624,992,1065,1568287,20854,2410859,2228800
2625,1061,1069,1567231,20841,2411928,2194400
2626,1029,1080,1566191,20801,2413008,2211300
2627,1106,1042,1565095,20855,2414050,2180200
2628,1060,1078,1564035,20837,2415128,2208600
2629,1084,1114,1562959,20799,2416242,2164900
2630,1046,1063,1561882,20813,2417305,2165800
2631,1037,1028,1560874,20793,2418333,2163400
2632,957,1070,1559877,20720,2419403,2152800
2633,1013,1145,1558887,20565,2420548,2139900
2634,1030,1058,1557852,20542,2421606,2260900
2635,1075,1089,1556783,20522,2422695,2161100
2636,1074,1078,1555716,20511,2423773,2114800
2637,1014,1062,1554657,20508,2424835,2192100
2638,996,1108,1553676,20381,2425943,2502700
2639,1055,1061,1552635,20361,2427004,2409700
2640,981,1056,1551640,20300,2428060,2701800
2641,984,1065,1550682,20193,2429125,2377600
2642,1015,1018,1549669,20188,2430143,2650800
2643,1011,1030,1548655,20172,2431173,2524700
2644,1000,1030,1547630,20167,2432203,2363800
2645,989,984,1546635,20178,2433187,2305700
2646,1067,1067,1545583,20163,2434254,2298600
2647,1100,1044,1544500,20202,2435298,2279200
2648,984,1101,1543487,20114,2436399,2283600
2649,1004,1017,1542508,20076,2437416,2247300
2650,1027,1058,1541496,20030,2438474,2312700
2651,988,1060,1540481,19985,2439534,2288600
2652,1001,989,1539479,19998,2440523,2204500
2653,1032,1028,1538458,19991,2441551,2166600
2654,1029,1040,1537400,20009,2442591,2219000
2655,1056,1018,1536354,20037,2443609,2281000
2656,999,1027,1535359,20005,2444636,2334500
2657,1049,1097,1534327,19940,2445733,2207400
2658,1065,1052,1533265,19950,2446785,2241100
2659,1027,1043,1532240,19932,2447828,2235600
2660,1103,1004,1531146,20022,2448832,2254800
2661,993,1067,1530120,19981,2449899,2301200
2662,1029,1030,1529088,19983,2450929,2334000
2663,1023,1062,1528093,19916,2451991,2431100
2664,976,1050,1527101,19858,2453041,2413900
2665,1033,1018,1526055,19886,2454059,2348900
2666,1008,1029,1525035,19877,2455088,2444300
2667,1018,1052,1524048,19812,2456140,2572900
2668,984,1027,1523033,19800,2457167,2905300
2669,952,1014,1522089,19730,2458181,2450300
2670,985,1004,1521130,19685,2459185,2545100
2671,980,1030,1520134,19651,2460215,2553800
2672,1030,1039,1519108,19638,2461254,2496500
2673,974,990,1518145,19611,2462244,2498600
2674,942,1031,1517188,19537,2463275,2437200
2675,982,1020,1516200,19505,2464295,2313700
2676,941,973,1515254,19478,2465268,2403100
2677,963,1037,1514302,19393,2466305,2293200
2678,966,1021,1513341,19333,2467326,2320500
2679,943,991,1512399,19284,2468317,2240200
2680,1004,984,1511375,19324,2469301,2237000
2681,964,972,1510417,19310,2470273,2351600
2682,1001,1002,1509427,19298,2471275,2257900
2683,958,1042,1508455,19228,2472317,2217400
2684,936,987,1507523,19173,2473304,2269700
2685,989,1006,1506538,19152,2474310,2237600
2686,970,1011,1505601,19078,2475321,2256200
2687,960,910,1504624,19145,2476231,2288500
2688,955,1005,1503653,19111,2477236,2241900
2689,943,1006,1502704,19054,2478242,2366800
2690,960,962,1501747,19049,2479204,2244700
2691,929,931,1500821,19044,2480135,2183400
2692,944,1025,1499884,18956,2481160,2324600
2693,914,957,1498931,18952,2482117,2617500
2694,928,993,1498015,18875,2483110,2447600
2695,914,1017,1497116,18757,2484127,2563200
2696,897,999,1496200,18674,2485126,2859000
2697,956,987,1495268,18619,2486113,3557400
2698,891,922,1494360,18605,2487035,2752700
2699,876,1004,1493460,18501,2488039,2792400
2700,903,953,1492599,18409,2488992,2853300
2701,922,1010,1491680,18318,2490002,2653000
2702,953,953,1490699,18346,2490955,2468000
2703,999,882,1489755,18408,2491837,2496100
2704,874,979,1488830,18354,2492816,2467500
2705,893,1013,1487935,18236,2493829,2461400
2706,937,985,1486993,18193,2494814,2385500
2707,912,931,1486104,18151,2495745,2590300
2708,924,933,1485203,18119,2496678,2429900
2709,890,906,1484284,18132,2497584,2439600
2710,950,934,1483358,18124,2498518,2267800
2711,952,985,1482387,18110,2499503,2281400
2712,921,1007,1481457,18033,2500510,2188700
2713,906,960,1480551,17979,2501470,2255100
2714,895,922,1479651,17957,2502392,2184800
2715,950,926,1478716,17966,2503318,2229200
2716,925,939,1477772,17971,2504257,2149400
2717,897,900,1476901,17942,2505157,2161200
2718,873,941,1476008,17894,2506098,2209000
2719,899,943,1475098,17861,2507041,2235700
2720,933,931,1474149,17879,2507972,2380200
2721,934,939,1473267,17822,2508911,2223000
2722,925,892,1472303,17894,2509803,2232100
2723,854,878,1471448,17871,2510681,2177400
2724,855,963,1470579,17777,2511644,2191200
2725,928,932,1469677,17747,2512576,2254400
2726,868,900,1468808,17716,2513476,2397700
2727,914,883,1467920,17721,2514359,2421600
2728,904,945,1466996,17700,2515304,2254800
2729,968,919,1466024,17753,2516223,2278300
2730,951,899,1465068,17810,2517122,2524300
2731,934,919,1464162,17797,2518041,2293900
2732,943,892,1463207,17860,2518933,2257700
2733,940,961,1462255,17851,2519894,2315700
2734,942,952,1461329,17825,2520846,2269700
2735,1004,939,1460322,17893,2521785,2213700
2736,976,878,1459381,17956,2522663,2168800
2737,957,912,1458396,18029,2523575,2125100
2738,920,898,1457445,18082,2524473,2178900
2739,934,1018,1456516,17993,2525491,2362700
2740,913,934,1455618,17957,2526425,2196100
2741,927,910,1454695,17970,2527335,2193000
2742,941,938,1453743,17984,2528273,2125700
2743,912,954,1452840,17933,2529227,2203600
2744,912,956,1451933,17884,2530183,2091500
2745,883,899,1451041,17877,2531082,2091900
2746,950,984,1450094,17840,2532066,2111700
2747,952,928,1449149,17857,2532994,2167500
2748,973,911,1448185,17910,2533905,2194700
2749,945,940,1447211,17944,2534845,2149500
2750,966,910,1446307,17938,2535755,2140100
2751,912,928,1445340,17977,2536683,2196600
2752,939,978,1444413,17926,2537661,2314000
2753,935,951,1443471,17917,2538612,2335000
2754,923,939,1442559,17890,2539551,2287800
2755,928,902,1441622,17925,2540453,2231800
2756,868,961,1440731,17855,2541414,2304200
2757,888,947,1439830,17809,2542361,2453800
2758,938,991,1438911,17737,2543352,2226500
2759,929,947,1437990,17711,2544299,2331200
2760,959,921,1437045,17735,2545220,2317300
2761,944,882,1436084,17814,2546102,2356400
2762,945,907,1435128,17863,2547009,2352200
2763,928,971,1434218,17802,2547980,2175700
2764,900,945,1433300,17775,2548925,2337400
2765,917,935,1432400,17740,2549860,2235300
2766,966,917,1431446,17777,2550777,2404300
2767,936,900,1430492,17831,2551677,2278400
2768,891,966,1429624,17733,2552643,2252600
2769,930,972,1428677,17708,2553615,2423000
2770,944,921,1427732,17732,2554536,2543700
2771,968,951,1426787,17726,2555487,2280100
2772,924,987,1425836,17690,2556474,2192900
2773,938,949,1424943,17634,2557423,2151600
2774,924,899,1423982,17696,2558322,2201800
2775,908,918,1423064,17696,2559240,2166400
2776,962,896,1422133,17731,2560136,2196000
2777,932,877,1421198,17789,2561013,2206000
2778,937,914,1420256,17817,2561927,2383700
2779,956,951,1419315,17807,2562878,2333000
2780,960,868,1418329,17925,2563746,2188000
2781,940,978,1417382,17894,2564724,2364200
2782,916,905,1416464,17907,2565629,2310000
2783,923,944,1415524,17903,2566573,2561900
2784,929,967,1414644,17816,2567540,2349200
2785,924,907,1413675,17878,2568447,2608300
2786,865,923,1412817,17813,2569370,2273300
2787,897,934,1411912,17784,2570304,2332700
2788,948,922,1410985,17789,2571226,2399100
2789,938,886,1410050,17838,2572112,2347400
2790,844,919,1409165,17804,2573031,2317200
2791,905,966,1408286,17717,2573997,2411800
2792,906,950,1407385,17668,2574947,2568500
2793,885,928,1406503,17622,2575875,2528900
2794,909,883,1405604,17638,2576758,2361800
2795,938,960,1404690,17592,2577718,2411300
2796,916,901,1403741,17640,2578619,2545200
2797,856,887,1402883,17611,2579506,2431900
2798,877,905,1402014,17575,2580411,2343100
2799,909,901,1401106,17582,2581312,2391900
2800,862,967,1400233,17488,2582279,2387900
2801,914,861,1399320,17540,2583140,2597900
2802,904,891,1398425,17544,2584031,2513400
2803,975,942,1397444,17583,2584973,2341200
2804,899,928,1396535,17564,2585901,2442300
2805,905,898,1395661,17540,2586799,2672000
2806,941,935,1394686,17580,2587734,2481700
2807,907,954,1393776,17536,2588688,2571200
2808,865,912,1392933,17467,2589600,2533600
2809,902,916,1392045,17439,2590516,2541700
2810,923,910,1391092,17482,2591426,2387400
2811,967,911,1390154,17509,2592337,2548900
2812,866,894,1389266,17503,2593231,2823200
2813,947,916,1388338,17515,2594147,2422900
2814,954,921,1387368,17564,2595068,2443400
2815,911,930,1386435,17567,2595998,2507000
2816,941,938,1385533,17531,2596936,2396400
2817,927,945,1384592,17527,2597881,2348500
2818,901,908,1383702,17509,2598789,2354000
2819,930,890,1382753,17568,2599679,2285100
2820,915,900,1381836,17585,2600579,2400400
2821,920,883,1380914,17624,2601462,2302000
2822,893,991,1380028,17519,2602453,2233800
2823,866,935,1379157,17455,2603388,2168000
2824,921,904,1378250,17458,2604292,2252300
2825,852,879,1377397,17432,2605171,2250800
2826,902,884,1376508,17437,2606055,2422300
2827,918,868,1375558,17519,2606923,2326500
2828,932,915,1374649,17513,2607838,2304700
2829,907,954,1373737,17471,2608792,2280100
2830,884,951,1372835,17422,2609743,2264600
2831,923,909,1371923,17425,2610652,2186100
2832,887,917,1371028,17403,2611569,2200500
2833,921,881,1370114,17436,2612450,2223200
2834,919,994,1369196,17360,2613444,2260600
2835,853,904,1368351,17301,2614348,2371800
2836,868,920,1367482,17250,2615268,2295800
2837,928,901,1366538,17293,2616169,2359400
2838,968,921,1365595,17315,2617090,2625400
2839,903,899,1364689,17322,2617989,2330700
2840,936,920,1363751,17340,2618909,2383700
2841,911,907,1362819,17365,2619816,2550100
2842,937,891,1361900,17393,2620707,2272800
2843,955,905,1360948,17440,2621612,2235700
2844,958,946,1359989,17453,2622558,2287400
2845,908,890,1359062,17490,2623448,2364100
2846,883,934,1358170,17448,2624382,2368600
2847,935,885,1357262,17471,2625267,2392700
2848,940,859,1356329,17545,2626126,2295400
2849,963,909,1355368,17597,2627035,2323100
2850,961,894,1354400,17671,2627929,2284200
2851,905,917,1353508,17646,2628846,2255900
2852,933,901,1352550,17703,2629747,2470700
2853,887,964,1351645,17644,2630711,2448200
2854,914,905,1350748,17636,2631616,2417800
2855,925,948,1349813,17623,2632564,2403300
2856,888,877,1348965,17594,2633441,2536900
2857,908,900,1348029,17630,2634341,2280600
2858,905,941,1347108,17610,2635282,2522700
2859,935,871,1346199,17648,2636153,2402300
2860,909,921,1345281,17645,2637074,2424500
2861,932,908,1344354,17664,2637982,2382100
2862,924,903,1343443,17672,2638885,2376600
2863,903,929,1342519,17667,2639814,2354800
2864,915,936,1341598,17652,2640750,2276900
2865,954,918,1340641,17691,2641668,2289000
2866,887,901,1339754,17677,2642569,2373200
2867,938,969,1338839,17623,2643538,2477200
2868,883,970,1337925,17567,2644508,2423600
2869,886,946,1337038,17508,2645454,2335400
2870,895,955,1336170,17421,2646409,2547200
2871,888,875,1335286,17430,2647284,2401800
2872,916,902,1334368,17446,2648186,2832700
2873,907,867,1333445,17502,2649053,2710200
2874,926,963,1332539,17445,2650016,2670900
2875,876,873,1331640,17471,2650889,2456200
2876,864,918,1330774,17419,2651807,2783200
2877,926,853,1329871,17469,2652660,2546900
2878,915,892,1328978,17470,2653552,2797600
2879,958,981,1328023,17444,2654533,3102600
2880,947,903,1327073,17491,2655436,3481800
2881,920,889,1326124,17551,2656325,3789400
2882,938,889,1325187,17599,2657214,3419500
2883,939,922,1324250,17614,2658136,3725700
2884,905,919,1323348,17597,2659055,3076000
2885,884,921,1322461,17563,2659976,3131000
2886,954,953,1321519,17552,2660929,3107100
2887,923,908,1320572,17591,2661837,3915400
2888,881,912,1319697,17554,2662749,23935300
2889,878,908,1318824,17519,2663657,4204300
2890,875,919,1317961,17463,2664576,3785900
2891,836,879,1317104,17441,2665455,2968200
2892,928,882,1316202,17461,2666337,3019000
2893,885,854,1315313,17496,2667191,3047200
2894,918,925,1314381,17503,2668116,3420600
2895,903,942,1313509,17433,2669058,3817800
2896,937,950,1312559,17433,2670008,3474000
2897,925,907,1311625,17460,2670915,2910400
2898,984,904,1310643,17538,2671819,2622000
2899,885,916,1309750,17515,2672735,2468500
2900,927,904,1308830,17531,2673639,2425600
2901,935,979,1307893,17489,2674618,2330200
2902,929,906,1306975,17501,2675524,2537500
2903,926,892,1306025,17559,2676416,2948300
2904,930,893,1305134,17557,2677309,2770800
2905,917,929,1304205,17557,2678238,2680400
2906,959,911,1303233,17618,2679149,2656900
2907,876,938,1302353,17560,2680087,2971800
2908,933,924,1301420,17569,2681011,2785100
2909,931,897,1300493,17599,2681908,2739600
2910,926,923,1299563,17606,2682831,3009900
2911,868,947,1298670,17552,2683778,3425000
2912,843,866,1297829,17527,2684644,3082100
2913,891,972,1296966,17418,2685616,2784800
2914,863,963,1296064,17357,2686579,2785300
2915,861,889,1295231,17301,2687468,2700600
2916,940,908,1294285,17339,2688376,2503900
2917,854,878,1293407,17339,2689254,3170000
2918,908,925,1292544,17277,2690179,2921400
2919,923,893,1291591,17337,2691072,3147800
2920,844,910,1290752,17266,2691982,2868000
2921,908,929,1289866,17223,2692911,3025800
2922,897,880,1288966,17243,2693791,2795500
2923,873,942,1288080,17187,2694733,2868900
2924,868,936,1287207,17124,2695669,2823000
2925,888,944,1286319,17068,2696613,2926800
2926,901,917,1285436,17034,2697530,2967600
2927,923,978,1284511,16981,2698508,3295600
2928,850,855,1283639,16998,2699363,2896800
2929,911,927,1282747,16963,2700290,3059200
2930,840,915,1281881,16914,2701205,3091400
2931,862,864,1281024,16907,2702069,3175700
2932,878,933,1280152,16846,2703002,2890100
2933,826,844,1279305,16849,2703846,13628100
2934,804,876,1278496,16782,2704722,3596900
2935,843,891,1277697,16690,2705613,3239000
2936,852,873,1276834,16680,2706486,3017500
2937,866,907,1275957,16650,2707393,3095900
2938,840,887,1275100,16620,2708280,2804800
2939,848,807,1274268,16645,2709087,2610500
2940,814,840,1273446,16627,2709927,2626000
2941,799,869,1272642,16562,2710796,2500400
2942,878,852,1271809,16543,2711648,2581900
2943,864,936,1270914,16502,2712584,2671900
2944,817,873,1270080,16463,2713457,2636700
2945,841,839,1269257,16447,2714296,2499900
2946,791,870,1268454,16380,2715166,2528400
2947,869,862,1267629,16343,2716028,2786800
2948,854,802,1266762,16408,2716830,2535900
2949,817,850,1265905,16415,2717680,2896700
2950,874,893,1265053,16374,2718573,2528200
2951,869,799,1264213,16415,2719372,2658500
2952,875,860,1263312,16456,2720232,2444900
2953,896,938,1262445,16385,2721170,2418800
2954,828,842,1261601,16387,2722012,2392600
2955,898,891,1260703,16394,2722903,2498700
2956,842,907,1259834,16356,2723810,2493200
2957,904,837,1258961,16392,2724647,2551800
2958,853,858,1258078,16417,2725505,2773600
2959,890,869,1257207,16419,2726374,2683800
2960,810,911,1256373,16342,2727285,2603000
2961,861,823,1255523,16369,2728108,2454500
2962,882,852,1254637,16403,2728960,2248500
2963,854,813,1253777,16450,2729773,2273200
2964,873,904,1252934,16389,2730677,2321800
2965,864,915,1252073,16335,2731592,2336700
2966,860,869,1251205,16334,2732461,2277600
2967,806,880,1250368,16291,2733341,2281700
2968,789,814,1249575,16270,2734155,2194100
2969,825,836,1248748,16261,2734991,2221100
2970,851,837,1247917,16255,2735828,2180400
2971,837,835,1247057,16280,2736663,2485500
2972,858,863,1246248,16226,2737526,2278100
2973,861,906,1245385,16183,2738432,2246900
2974,852,822,1244529,16217,2739254,2223600
2975,854,845,1243669,16232,2740099,2361500
2976,912,849,1242759,16293,2740948,2367300
2977,877,859,1241869,16324,2741807,2470100
2978,853,868,1240990,16335,2742675,2340700
2979,935,873,1240084,16368,2743548,2465000
2980,882,880,1239207,16365,2744428,2592500
2981,909,844,1238293,16435,2745272,2372700
2982,912,862,1237371,16495,2746134,2242400
2983,904,860,1236481,16525,2746994,2184800
2984,876,868,1235609,16529,2747862,2287300
2985,920,884,1234690,16564,2748746,2184200
2986,890,850,1233796,16608,2749596,2153000
2987,838,855,1232945,16604,2750451,2123100
2988,870,874,1232066,16609,2751325,2147600
2989,865,891,1231231,16553,2752216,2214200
2990,847,846,1230362,16576,2753062,2138100
2991,856,863,1229512,16563,2753925,2239300
2992,911,883,1228626,16566,2754808,2185600
2993,889,855,1227725,16612,2755663,2151500
2994,885,937,1226850,16550,2756600,2073000
2995,861,849,1225961,16590,2757449,2099700
2996,949,867,1225018,16666,2758316,2124900
2997,880,867,1224132,16685,2759183,2126600
2998,892,861,1223255,16701,2760044,2214900
2999,921,913,1222352,16691,2760957,2153400
3000,907,854,1221439,16750,2761811,2130200
3001,924,892,1220501,16796,2762703,2195500
3002,868,891,1219639,16767,2763594,2271300
3003,885,880,1218760,16766,2764474,2187300
3004,844,910,1217916,16700,2765384,2143400
3005,880,864,1217007,16745,2766248,2242600
3006,883,896,1216142,16714,2767144,2222600
3007,817,796,1215302,16758,2767940,2396400
3008,882,840,1214428,16792,2768780,2390800
3009,840,858,1213598,16764,2769638,2400700
3010,819,878,1212764,16720,2770516,2207600
3011,840,861,1211946,16677,2771377,2179900
3012,835,868,1211094,16661,2772245,2189500
3013,876,914,1210236,16605,2773159,2189700
3014,838,845,1209380,16616,2774004,2202600
3015,831,849,1208565,16582,2774853,2217300
3016,848,877,1207719,16551,2775730,2118500
3017,826,884,1206868,16518,2776614,2179800
3018,860,839,1206047,16500,2777453,2205200
3019,865,834,1205150,16563,2778287,2120500
3020,852,889,1204316,16508,2779176,2238500
3021,915,823,1203402,16599,2779999,2247400
3022,870,834,1202528,16639,2780833,2364300
3023,855,891,1201647,16629,2781724,2426700
3024,841,883,1200837,16556,2782607,2412100
3025,874,888,1199977,16528,2783495,2303300
3026,830,882,1199110,16513,2784377,2189000
3027,875,872,1198263,16488,2785249,2304300
3028,787,836,1197462,16453,2786085,2344700
3029,810,879,1196626,16410,2786964,2271700
3030,796,888,1195838,16310,2787852,2332500
3031,807,846,1195032,16270,2788698,2866100
3032,846,825,1194191,16286,2789523,2317600
3033,783,824,1193403,16250,2790347,2302800
3034,833,795,1192567,16291,2791142,2310800
3035,798,868,1191770,16220,2792010,2693300
3036,835,861,1190936,16193,2792871,2377000
3037,788,813,1190146,16170,2793684,2512600
3038,889,776,1189276,16264,2794460,2298500
3039,846,885,1188438,16217,2795345,2235100
3040,844,848,1187549,16258,2796193,2247800
3041,841,834,1186723,16250,2797027,2277800
3042,812,840,1185920,16213,2797867,2230800
3043,804,793,1185083,16257,2798660,2368800
3044,880,835,1184246,16259,2799495,2317200
3045,888,898,1183366,16241,2800393,2561500
3046,832,874,1182510,16223,2801267,2332600
3047,902,846,1181617,16270,2802113,2455800
3048,877,810,1180756,16321,2802923,2299900
3049,841,842,1179907,16328,2803765,2662600
3050,834,876,1179065,16294,2804641,2308400
3051,890,867,1178185,16307,2805508,2264800
3052,855,875,1177318,16299,2806383,2226000
3053,855,820,1176462,16335,2807203,2272700
3054,887,849,1175593,16355,2808052,2288300
3055,865,869,1174724,16355,2808921,2298400
3056,848,883,1173857,16339,2809804,2269400
3057,837,887,1173048,16261,2810691,2305100
3058,816,813,1172213,16283,2811504,2322400
3059,868,852,1171363,16281,2812356,2302800
3060,835,859,1170533,16252,2813215,2314800
3061,778,852,1169718,16215,2814067,2291900
3062,880,833,1168845,16255,2814900,2293100
3063,830,855,1168022,16223,2815755,2308100
3064,846,821,1167191,16233,2816576,2343700
3065,839,893,1166333,16198,2817469,2363800
3066,817,832,1165529,16170,2818301,2403900
3067,784,863,1164728,16108,2819164,2530100
3068,824,899,1163920,16017,2820063,2426200
3069,761,866,1163120,15951,2820929,2319500
3070,783,833,1162370,15868,2821762,2348200
3071,756,792,1161586,15860,2822554,2419900
3072,800,824,1160797,15825,2823378,2360900
3073,812,797,1159979,15846,2824175,2321700
3074,788,802,1159203,15820,2824977,2522000
3075,755,840,1158427,15756,2825817,2342900
3076,790,828,1157664,15691,2826645,2355300
3077,752,847,1156885,15623,2827492,2293700
3078,756,807,1156145,15556,2828299,2314500
3079,786,848,1155353,15500,2829147,2354200
3080,765,796,1154587,15470,2829943,2311500
3081,748,780,1153823,15454,2830723,2315100
3082,790,806,1153047,15424,2831529,2394600
3083,793,781,1152258,15432,2832310,2328200
3084,782,824,1151465,15401,2833134,2300700
3085,818,787,1150676,15403,2833921,2278000
3086,765,790,1149881,15408,2834711,2336700
3087,753,794,1149139,15356,2835505,2297800
3088,751,822,1148381,15292,2836327,2444000
3089,756,773,1147651,15249,2837100,2543200
3090,780,772,1146845,15283,2837872,2647000
3091,755,818,1146092,15218,2838690,2400500
3092,817,835,1145291,15184,2839525,2643900
3093,694,829,1144566,15080,2840354,2480300
3094,773,818,1143795,15033,2841172,2458000
3095,809,750,1143003,15075,2841922,2461800
3096,785,760,1142217,15101,2842682,2415500
3097,774,725,1141429,15164,2843407,2251100
3098,790,763,1140678,15152,2844170,2432400
3099,839,761,1139820,15249,2844931,2429900
3100,776,818,1139038,15213,2845749,2523400
3101,805,787,1138249,15215,2846536,2330700
3102,780,835,1137457,15172,2847371,2357700
3103,792,787,1136679,15163,2848158,2409300
3104,799,807,1135882,15153,2848965,2269600
3105,779,772,1135094,15169,2849737,2265400
3106,816,790,1134273,15200,2850527,2322400
3107,837,764,1133432,15277,2851291,2280900
3108,807,831,1132632,15246,2852122,2259100
3109,795,752,1131814,15312,2852874,2335500
3110,819,767,1130999,15360,2853641,2368400
3111,762,872,1130245,15242,2854513,2263100
3112,814,770,1129449,15268,2855283,2227500
3113,809,822,1128631,15264,2856105,2339100
3114,777,775,1127853,15267,2856880,2484400
3115,825,800,1127031,15289,2857680,2243600
3116,770,786,1126245,15289,2858466,2213700
3117,774,792,1125477,15265,2859258,2206600
3118,853,778,1124644,15320,2860036,2203600
3119,773,812,1123850,15302,2860848,2263700
3120,778,785,1123073,15294,2861633,2276300
3121,819,818,1122265,15284,2862451,2262400
3122,766,804,1121493,15252,2863255,2252200
3123,821,815,1120682,15248,2864070,2333800
3124,800,810,1119876,15244,2864880,2498800
3125,832,789,1119028,15303,2865669,2247900
3126,805,855,1118229,15247,2866524,2335900
3127,769,830,1117433,15213,2867354,2274500
3128,767,832,1116679,15135,2868186,2212100
3129,774,780,1115919,15115,2868966,2267200
3130,784,814,1115141,15079,2869780,2315800
3131,782,765,1114356,15099,2870545,2235100
3132,762,780,1113590,15085,2871325,2408500
3133,755,743,1112817,15115,2872068,2326900
3134,779,857,1112055,15020,2872925,2234300
3135,735,791,1111320,14964,2873716,2175600
3136,755,784,1110568,14932,2874500,2183300
3137,805,768,1109754,14978,2875268,2129800
3138,809,774,1108955,15003,2876042,2092700
3139,774,770,1108196,14992,2876812,2145900
3140,812,769,1107387,15032,2877581,2204600
3141,738,768,1106621,15030,2878349,2206000
3142,818,834,1105836,14981,2879183,2115100
3143,782,785,1105023,15009,2879968,2091800
3144,748,795,1104279,14958,2880763,2134300
3145,711,804,1103546,14887,2881567,2100700
3146,748,818,1102827,14788,2882385,2064800
3147,826,765,1102011,14839,2883150,2086000
3148,765,841,1101230,14779,2883991,2145700
3149,769,758,1100464,14787,2884749,2117500
3150,779,767,1099688,14796,2885516,2063100
3151,724,805,1098953,14726,2886321,2079300
3152,800,733,1098155,14791,2887054,2055000
3153,789,790,1097393,14763,2887844,2289200
3154,817,777,1096556,14823,2888621,2225600
3155,819,741,1095733,14905,2889362,2184500
3156,782,838,1094966,14834,2890200,2207500
3157,808,784,1094154,14862,2890984,2229200
3158,793,796,1093358,14862,2891780,2276900
3159,814,795,1092544,14881,2892575,2156400
3160,823,809,1091732,14884,2893384,2277900
3161,810,778,1090918,14920,2894162,2223300
3162,816,819,1090073,14946,2894981,2152800
3163,809,800,1089266,14953,2895781,2300400
3164,744,770,1088529,14920,2896551,2150900
3165,821,807,1087738,14904,2897358,2108100
3166,750,741,1086951,14950,2898099,2035800
3167,830,763,1086147,14991,2898862,2157900
3168,785,775,1085354,15009,2899637,2161600
3169,773,746,1084573,15044,2900383,2161900
3170,809,808,1083766,15043,2901191,2168200
3171,829,781,1082960,15068,2901972,2126400
3172,769,793,1082175,15060,2902765,2105500
3173,794,790,1081378,15067,2903555,2093300
3174,747,775,1080619,15051,2904330,2071100
3175,802,770,1079849,15051,2905100,2065000
3176,767,797,1079028,15075,2905897,2159100
3177,768,765,1078283,15055,2906662,2262100
3178,812,773,1077496,15069,2907435,2292300
3179,772,726,1076710,15129,2908161,2234600
3180,805,802,1075908,15129,2908963,2274700
3181,778,818,1075143,15076,2909781,2233700
3182,725,795,1074361,15063,2910576,2157700
3183,787,767,1073614,15043,2911343,2225100
3184,778,752,1072833,15072,2912095,2222800
3185,719,841,1072091,14973,2912936,2268700
3186,778,815,1071337,14912,2913751,2204200
3187,747,781,1070586,14882,2914532,2339500
3188,730,759,1069839,14870,2915291,2190800
3189,713,742,1069139,14828,2916033,2174000
3190,761,781,1068384,14802,2916814,2142000
3191,732,738,1067635,14813,2917552,2145600
3192,734,786,1066912,14750,2918338,2195400
3193,725,740,1066184,14738,2919078,2105100
3194,736,759,1065453,14710,2919837,2096700
3195,742,760,1064716,14687,2920597,2066800
3196,692,824,1064022,14557,2921421,2053600
3197,736,773,1063269,14537,2922194,2137200
3198,760,705,1062539,14562,2922899,2087500
3199,698,704,1061822,14575,2923603,2148300
3200,731,748,1061079,14570,2924351,2178700
3201,729,781,1060370,14498,2925132,2107000
3202,723,803,1059624,14441,2925935,2174100
3203,732,814,1058894,14357,2926749,2156000
3204,713,785,1058189,14277,2927534,2151800
3205,701,721,1057480,14265,2928255,2111500
3206,739,715,1056753,14277,2928970,2211700
3207,679,746,1056067,14217,2929716,2174700
3208,709,802,1055363,14119,2930518,2126000
3209,686,718,1054692,14072,2931236,2071900
3210,755,748,1053932,14084,2931984,2128700
3211,752,730,1053186,14100,2932714,2081300
3212,672,814,1052502,13970,2933528,2074200
3213,706,738,1051774,13960,2934266,2171800
3214,718,707,1051070,13957,2934973,2111500
3215,752,703,1050332,13992,2935676,2237000
3216,764,699,1049562,14063,2936375,2150800
3217,749,716,1048816,14093,2937091,2331700
3218,683,748,1048115,14046,2937839,2215400
3219,746,755,1047414,13992,2938594,2200600
3220,703,787,1046668,13951,2939381,2242700
3221,658,714,1046006,13899,2940095,2131800
3222,685,718,1045314,13873,2940813,2307400
3223,743,737,1044593,13857,2941550,2167100
3224,667,694,1043928,13828,2942244,2081200
3225,748,708,1043194,13854,2942952,2074500
3226,756,773,1042431,13844,2943725,2092100
3227,672,730,1041743,13802,2944455,2111800
3228,676,735,1041065,13745,2945190,2153000
3229,672,703,1040395,13712,2945893,2130600
3230,782,744,1039641,13722,2946637,2070200
3231,703,718,1038906,13739,2947355,2104600
3232,715,719,1038200,13726,2948074,2079900
3233,716,699,1037474,13753,2948773,2097200
3234,740,695,1036741,13791,2949468,2094200
3235,692,699,1036046,13787,2950167,2095400
3236,728,719,1035295,13819,2950886,2088000
3237,654,800,1034636,13678,2951686,2128800
3238,674,706,1033955,13653,2952392,2177000
3239,669,733,1033299,13576,2953125,2131700
3240,691,708,1032614,13553,2953833,2165900
3241,671,703,1031975,13489,2954536,2134900
3242,688,724,1031268,13472,2955260,2275000
3243,691,740,1030567,13433,2956000,2153900
3244,694,663,1029882,13455,2956663,2164700
3245,664,653,1029199,13485,2957316,2161500
3246,697,697,1028524,13463,2958013,2172800
3247,619,659,1027870,13458,2958672,2173600
3248,656,667,1027244,13417,2959339,2261400
3249,675,729,1026560,13372,2960068,2234900
3250,681,706,1025877,13349,2960774,2434900
3251,639,672,1025245,13309,2961446,2333400
3252,671,713,1024586,13255,2962159,2242200
3253,700,709,1023873,13259,2962868,2235400
3254,642,695,1023252,13185,2963563,2235800
3255,723,706,1022536,13195,2964269,2180300
3256,642,706,1021873,13152,2964975,2184300
3257,691,718,1021162,13145,2965693,2181800
3258,677,664,1020501,13142,2966357,2480300
3259,661,669,1019855,13119,2967026,2253700
3260,668,677,1019174,13123,2967703,2168200
3261,684,717,1018494,13086,2968420,2171100
3262,669,688,1017816,13076,2969108,2175100
3263,681,672,1017143,13077,2969780,2194200
3264,652,686,1016487,13047,2970466,2216000
3265,663,690,1015824,13020,2971156,2198200
3266,665,716,1015155,12973,2971872,2223800
3267,613,678,1014533,12917,2972550,2198000
3268,678,638,1013873,12939,2973188,2274500
3269,666,627,1013211,12974,2973815,2193400
3270,664,646,1012546,12993,2974461,2285300
3271,654,671,1011883,12985,2975132,2416300
3272,622,679,1011259,12930,2975811,2246800
3273,678,667,1010583,12939,2976478,2207600
3274,626,675,1009936,12911,2977153,2181400
3275,641,637,1009305,12905,2977790,2186700
3276,606,688,1008694,12828,2978478,2301100
3277,665,650,1008051,12821,2979128,2255100
3278,621,655,1007423,12794,2979783,2500300
3279,647,686,1006772,12759,2980469,2516400
3280,648,716,1006144,12671,2981185,2427400
3281,613,668,1005518,12629,2981853,2427600
3282,632,679,1004863,12605,2982532,2366700
3283,626,648,1004261,12559,2983180,2771000
3284,665,681,1003599,12540,2983861,2456300
3285,671,643,1002924,12572,2984504,2622200
3286,642,651,1002276,12569,2985155,2408700
3287,660,634,1001623,12588,2985789,2386800
3288,664,683,1000955,12573,2986472,2470200
3289,601,683,1000336,12509,2987155,2286000
3290,662,648,999682,12515,2987803,2606100
3291,643,647,999045,12505,2988450,2539700
3292,636,586,998391,12573,2989036,2450300
3293,646,662,997760,12542,2989698,2324000
3294,643,691,997112,12499,2990389,2419400
3295,630,661,996495,12455,2991050,2416500
3296,645,636,995832,12482,2991686,2324500
3297,672,666,995187,12461,2992352,2470200
3298,646,629,994525,12494,2992981,2384000
3299,666,660,993877,12482,2993641,2376100
3300,706,672,993176,12511,2994313,2994000
3301,639,724,992519,12444,2995037,2794900
3302,709,693,991837,12433,2995730,2566500
3303,635,622,991182,12466,2996352,2488400
3304,656,658,990529,12461,2997010,2833700
3305,687,627,989839,12524,2997637,2761600
3306,711,688,989118,12557,2998325,2559500
3307,738,636,988393,12646,2998961,2477400
3308,729,661,987677,12701,2999622,2339000
3309,676,639,986988,12751,3000261,2574800
3310,739,691,986263,12785,3000952,2454900
3311,700,647,985538,12863,3001599,2601500
3312,636,680,984911,12810,3002279,2527800
3313,681,720,984236,12765,3002999,2552700
3314,701,697,983527,12777,3003696,2394600
3315,662,701,982857,12746,3004397,2272500
3316,601,653,982233,12717,3005050,2334900
3317,635,646,981626,12678,3005696,2363600
3318,631,632,980968,12704,3006328,2212500
3319,668,593,980328,12751,3006921,2142600
3320,637,578,979662,12839,3007499,2273900
3321,652,742,979013,12746,3008241,2179200
3322,662,702,978380,12677,3008943,2233200
3323,660,681,977715,12661,3009624,2197000
3324,644,709,977052,12615,3010333,2530100
3325,636,648,976430,12589,3010981,2323400
3326,672,671,975766,12582,3011652,2368400
3327,620,646,975136,12566,3012298,2569400
3328,661,647,974481,12574,3012945,2499800
3329,611,679,973860,12516,3013624,2579800
3330,606,671,973261,12444,3014295,2700400
3331,671,668,972596,12441,3014963,2532000
3332,675,667,971917,12453,3015630,2707300
3333,595,674,971327,12369,3016304,2748400
3334,654,639,970646,12411,3016943,2506100
3335,656,660,970029,12368,3017603,2610900
3336,620,676,969383,12338,3018279,2391500
3337,680,615,968711,12395,3018894,2435700
3338,638,671,968056,12379,3019565,2443400
3339,635,651,967434,12350,3020216,2435100
3340,637,686,966805,12293,3020902,2341100
3341,608,650,966196,12252,3021552,2471600
3342,637,653,965555,12240,3022205,2464900
3343,621,605,964935,12255,3022810,2391400
3344,613,613,964329,12248,3023423,2330800
3345,640,653,963677,12247,3024076,2378400
3346,659,659,963025,12240,3024735,2328700
3347,614,674,962408,12183,3025409,2294000
3348,638,607,961771,12213,3026016,2681100
3349,623,626,961133,12225,3026642,2256300
3350,689,671,960467,12220,3027313,2368800
3351,642,662,959807,12218,3027975,2227800
3352,655,652,959156,12217,3028627,2250600
3353,647,622,958506,12245,3029249,2209900
3354,582,615,957907,12229,3029864,2177500
3355,643,618,957295,12223,3030482,2254100
3356,656,665,956617,12236,3031147,2289900
3357,660,633,955958,12262,3031780,2186400
3358,632,641,955336,12243,3032421,2278100
3359,673,592,954670,12317,3033013,2107400
3360,659,658,954006,12323,3033671,2156100
3361,613,615,953397,12317,3034286,2322000
3362,614,618,952761,12335,3034904,2295100
3363,652,642,952124,12330,3035546,2174300
3364,641,656,951494,12304,3036202,2128200
3365,646,617,950844,12337,3036819,2160500
3366,628,712,950228,12241,3037531,2126400
3367,584,627,949596,12246,3038158,2181800
3368,600,625,949028,12189,3038783,2244200
3369,581,627,948432,12158,3039410,2173500
3370,627,652,947791,12147,3040062,2298600
3371,601,617,947203,12118,3040679,2300900
3372,663,635,946541,12145,3041314,2217200
3373,636,654,945910,12122,3041968,2222100
3374,625,663,945278,12091,3042631,2245200
3375,620,623,944655,12091,3043254,2178600
3376,634,635,944034,12077,3043889,2264700
3377,664,631,943369,12111,3044520,2204200
3378,634,633,942751,12096,3045153,2156500
3379,640,587,942104,12156,3045740,2107100
3380,597,632,941512,12116,3046372,2119600
3381,676,661,940842,12125,3047033,2080000
3382,625,596,940198,12173,3047629,2100300
3383,583,655,939601,12115,3048284,2170700
3384,610,622,938988,12106,3048906,2166800
3385,621,640,938386,12068,3049546,2187800
3386,609,639,937790,12025,3050185,2121600
3387,642,650,937147,12018,3050835,2168700
3388,575,605,936552,12008,3051440,2231700
3389,623,579,935938,12043,3052019,2224300
3390,594,659,935345,11977,3052678,2317500
3391,645,596,934707,12019,3053274,2407300
3392,568,636,934130,11960,3053910,2218400
3393,626,661,933500,11929,3054571,2167600
3394,618,630,932875,11924,3055201,2224900
3395,658,663,932242,11894,3055864,2227300
3396,669,623,931592,11921,3056487,2105900
3397,622,655,930920,11938,3057142,2098900
3398,595,620,930326,11912,3057762,2092500
3399,662,605,929689,11944,3058367,2108200
3400,625,616,929056,11961,3058983,2156300
3401,638,650,928416,11951,3059633,2080200
3402,613,623,927793,11951,3060256,2051800
3403,663,614,927151,11979,3060870,2098300
3404,627,602,926522,12006,3061472,2153600
3405,603,603,925930,11995,3062075,2199500
3406,648,629,925260,12036,3062704,2112100
3407,652,591,924617,12088,3063295,2085300
3408,631,669,923989,12047,3063964,2109700
3409,669,664,923301,12071,3064628,2061300
3410,646,611,922663,12098,3065239,2077800
3411,606,632,922050,12079,3065871,2093100
3412,649,620,921425,12084,3066491,2146700
3413,703,660,920728,12121,3067151,2151200
3414,613,624,920106,12119,3067775,2165100
3415,639,669,919470,12086,3068444,2123700
3416,627,601,918839,12116,3069045,2157700
3417,612,640,918205,12110,3069685,2208100
3418,589,603,917618,12094,3070288,2137600
3419,660,636,916981,12095,3070924,2267100
3420,629,622,916346,12108,3071546,2338200
3421,639,630,915707,12117,3072176,2162600
3422,640,622,915068,12134,3072798,2187900
3423,672,629,914387,12186,3073427,2194600
3424,645,652,913740,12181,3074079,2243300
3425,617,608,913119,12194,3074687,2181800
3426,638,667,912497,12149,3075354,2290600
3427,611,662,911890,12094,3076016,2137700
3428,688,633,911197,12154,3076649,2145500
3429,655,588,910551,12212,3077237,2138100
3430,691,591,909859,12313,3077828,2076700
3431,649,618,909216,12338,3078446,2106700
3432,661,653,908537,12364,3079099,2110000
3433,657,656,907891,12354,3079755,2180000
3434,651,630,907243,12372,3080385,2244700
3435,650,629,906567,12419,3081014,2214100
3436,687,653,905917,12416,3081667,2200100
3437,642,619,905251,12463,3082286,2121300
3438,628,688,904633,12393,3082974,2168400
3439,611,628,904003,12395,3083602,2213700
3440,640,650,903362,12386,3084252,2298000
3441,674,661,902693,12394,3084913,2242700
3442,602,620,902069,12398,3085533,2153600
3443,692,611,901414,12442,3086144,2115700
3444,624,632,900771,12453,3086776,2122100
3445,618,656,900150,12418,3087432,2139400
3446,638,651,899547,12370,3088083,2098200
3447,608,644,898914,12359,3088727,2140900
3448,607,684,898306,12283,3089411,2308500
3449,608,645,897697,12247,3090056,2199800
3450,635,683,897055,12206,3090739,2171300
3451,602,710,896461,12090,3091449,2272500
3452,634,632,895795,12124,3092081,2204700
3453,649,650,895178,12091,3092731,2226700
3454,636,647,894531,12091,3093378,2333700
3455,642,653,893897,12072,3094031,2285300
3456,601,608,893302,12059,3094639,2191200
3457,624,597,892668,12096,3095236,2181700
3458,599,638,892062,12064,3095874,2183300
3459,581,601,891463,12062,3096475,2173700
3460,639,656,890851,12018,3097131,2187700
3461,607,622,890254,11993,3097753,2443300
3462,621,654,889615,11978,3098407,2531700
3463,571,600,889046,11947,3099007,2400100
3464,631,666,888418,11909,3099673,2279500
3465,607,661,887826,11840,3100334,2343500
3466,626,589,887205,11872,3100923,2330300
3467,646,602,886543,11932,3101525,2300500
3468,610,590,885942,11943,3102115,2331200
3469,633,588,885305,11992,3102703,2437100
3470,638,615,884659,12023,3103318,2437800
3471,661,618,884008,12056,3103936,2484600
3472,656,580,883359,12125,3104516,2479900
3473,594,693,882736,12055,3105209,2713300
3474,596,655,882152,11984,3105864,2424900
3475,628,646,881516,11974,3106510,2357200
3476,612,595,880909,11986,3107105,2422300
3477,588,582,880311,12002,3107687,2451600
3478,670,636,879654,12023,3108323,2587000
3479,657,647,879004,12026,3108970,2827500
3480,636,647,878366,12017,3109617,2525000
3481,680,604,877689,12090,3110221,2470500
3482,691,607,877011,12161,3110828,2466400
3483,615,646,876386,12140,3111474,2460900
3484,600,623,875769,12134,3112097,2753100
3485,646,636,875141,12126,3112733,2459400
3486,683,636,874451,12180,3113369,2526700
3487,604,611,873865,12155,3113980,2692400
3488,577,604,873259,12157,3114584,2390400
3489,622,649,872677,12090,3115233,2617700
3490,659,587,871984,12196,3115820,2583200
3491,599,629,871375,12176,3116449,2398000
3492,644,649,870745,12157,3117098,2339800
3493,633,616,870115,12171,3117714,2375200
3494,702,686,869433,12167,3118400,2324800
3495,621,665,868775,12160,3119065,2651100
3496,665,625,868134,12176,3119690,2648300
3497,643,654,867472,12184,3120344,2365200
3498,627,674,866848,12134,3121018,2434100
3499,589,648,866256,12078,3121666,2561900
3500,625,641,865657,12036,3122307,2312700
3501,616,649,865042,12002,3122956,2505100
3502,649,652,864393,11999,3123608,2527200
3503,594,709,863751,11932,3124317,2555300
3504,613,632,863156,11895,3124949,2404900
3505,610,584,862566,11901,3125533,2533700
3506,600,564,861958,11945,3126097,2545700
3507,582,623,861376,11904,3126720,2796500
3508,642,631,860731,11918,3127351,2728800
3509,615,601,860119,11929,3127952,2369200
3510,611,642,859513,11893,3128594,2395500
3511,596,652,858898,11856,3129246,2548000
3512,643,565,858266,11923,3129811,2517100
3513,652,597,857632,11960,3130408,2707600
3514,617,620,856969,12003,3131028,3748700
3515,614,616,856369,11987,3131644,2563100
3516,637,632,855749,11975,3132276,2487700
3517,583,628,855163,11933,3132904,2407800
3518,637,647,854533,11916,3133551,2647500
3519,629,616,853908,11925,3134167,2512600
3520,634,650,853264,11919,3134817,2442200
3521,604,566,852667,11950,3135383,2518700
3522,570,618,852091,11908,3136001,2497100
3523,665,628,851441,11930,3136629,2940400
3524,605,659,850818,11894,3137288,2565800
3525,620,556,850193,11963,3137844,2442100
3526,661,615,849543,11998,3138459,2691200
3527,614,601,848927,12013,3139060,2478000
3528,615,667,848329,11944,3139727,2690000
3529,644,624,847666,11983,3140351,2622600
3530,619,602,847050,11997,3140953,2640100
3531,583,656,846458,11933,3141609,2597100
3532,655,608,845825,11958,3142217,2611600
3533,617,656,845185,11942,3142873,2613400
3534,673,647,844530,11950,3143520,2530700
3535,600,645,843925,11910,3144165,2399600
3536,616,583,843325,11927,3144748,2470100
3537,662,652,842651,11949,3145400,2362300
3538,611,607,842028,11965,3146007,2606500
3539,612,610,841422,11961,3146617,2594600
3540,621,618,840793,11972,3147235,2474700
3541,649,645,840151,11969,3147880,2648800
3542,620,635,839536,11949,3148515,2440400
3543,633,597,838898,11990,3149112,2392800
3544,599,586,838301,12001,3149698,2402400
3545,580,631,837709,11962,3150329,2606300
3546,634,611,837066,11994,3150940,2592700
3547,625,629,836443,11988,3151569,2463300
3548,653,654,835813,11964,3152223,2342000
3549,663,607,835152,12018,3152830,2492500
3550,571,610,834563,11997,3153440,2290500
3551,604,598,833967,11995,3154038,2442700
3552,641,607,833343,12012,3154645,2553500
3553,622,634,832700,12021,3155279,2807800
3554,643,587,832052,12082,3155866,2706400
3555,660,629,831422,12083,3156495,2383500
3556,669,618,830744,12143,3157113,2390900
3557,668,645,830083,12159,3157758,2284700
3558,676,608,829402,12232,3158366,2330200
3559,628,621,828765,12248,3158987,2550000
3560,628,615,828156,12242,3159602,2610200
3561,643,654,827501,12243,3160256,2602200
3562,660,657,826839,12248,3160913,2509500
3563,610,600,826213,12274,3161513,2360100
3564,626,652,825611,12224,3162165,2347300
3565,636,653,824949,12233,3162818,2498800
3566,624,610,824346,12226,3163428,2635500
3567,646,663,823680,12229,3164091,2486600
3568,683,603,823005,12301,3164694,2707000
3569,636,658,822365,12283,3165352,2533500
3570,589,605,821781,12262,3165957,2395900
3571,564,632,821201,12210,3166589,2458500
3572,664,676,820549,12186,3167265,2477900
3573,635,636,819921,12178,3167901,2527400
3574,639,657,819287,12155,3168558,2294100
3575,610,674,818673,12095,3169232,2390700
3576,645,609,818019,12140,3169841,2414400
3577,617,595,817402,12162,3170436,2522400
3578,599,656,816778,12130,3171092,2247700
3579,603,634,816192,12082,3171726,2415300
3580,647,649,815555,12070,3172375,2272300
3581,657,635,814922,12068,3173010,2233500
3582,580,643,814299,12048,3173653,2158800
3583,576,642,813732,11973,3174295,2123200
3584,620,616,813135,11954,3174911,2116600
3585,626,664,812495,11930,3175575,2145700
3586,587,624,811902,11899,3176199,2219500
3587,610,613,811322,11866,3176812,2267600
3588,600,601,810706,11881,3177413,2528100
3589,550,603,810143,11841,3178016,2318300
3590,622,653,809523,11808,3178669,2369100
3591,621,622,808916,11793,3179291,2427200
3592,596,561,808308,11840,3179852,2657600
3593,578,556,807734,11858,3180408,2487800
3594,591,613,807134,11845,3181021,2308400
3595,598,619,806531,11829,3181640,2271800
3596,639,608,805923,11829,3182248,2431700
3597,593,634,805305,11813,3182882,2361900
3598,581,597,804738,11783,3183479,2230900
3599,609,640,804132,11749,3184119,2278300
3600,666,634,803468,11779,3184753,2323500
3601,568,617,802867,11763,3185370,2182400
3602,634,624,802253,11753,3185994,2173000
3603,608,612,801654,11740,3186606,2082200
3604,626,617,801022,11755,3187223,2132400
3605,623,595,800395,11787,3187818,2091500
3606,604,575,799779,11828,3188393,2093700
3607,626,668,799191,11748,3189061,2120400
3608,557,616,798586,11737,3189677,2142500
3609,572,635,798044,11644,3190312,2083900
3610,560,621,797461,11606,3190933,2107200
3611,560,584,796898,11585,3191517,2079900
3612,576,575,796341,11567,3192092,2139000
3613,638,621,795712,11575,3192713,2180800
3614,623,630,795059,11598,3193343,2330500
3615,638,563,794437,11657,3193906,2218500
3616,626,598,793828,11668,3194504,2339500
3617,602,609,793190,11697,3195113,2393400
3618,580,624,792641,11622,3195737,2353600
3619,582,582,792049,11632,3196319,2367300
3620,588,602,791458,11621,3196921,2334900
3621,632,602,790826,11651,3197523,2307500
3622,591,595,790243,11639,3198118,2285300
3623,563,585,789671,11626,3198703,2259800
3624,576,592,789089,11616,3199295,2371800
3625,608,600,788485,11620,3199895,2204700
3626,582,553,787907,11645,3200448,2176600
3627,582,599,787314,11639,3201047,2206500
3628,631,622,786701,11630,3201669,2158100
3629,614,597,786078,11656,3202266,2115700
3630,564,633,785489,11612,3202899,2142200
3631,577,639,784931,11531,3203538,2141000
3632,634,581,784310,11571,3204119,2087700
3633,609,605,783697,11579,3204724,2173500
3634,611,623,783100,11553,3205347,2162900
3635,603,572,782467,11614,3205919,2222200
3636,577,601,781904,11576,3206520,2186500
3637,575,623,781325,11532,3207143,2218300
3638,586,622,780752,11483,3207765,2245600
3639,559,603,780182,11450,3208368,2184500
3640,589,596,779585,11451,3208964,2150000
3641,546,587,779019,11430,3209551,2189000
3642,619,596,778441,11412,3210147,2187400
3643,588,615,777834,11404,3210762,2118200
3644,625,571,777239,11428,3211333,2169700
3645,573,596,776639,11432,3211929,2220500
3646,620,584,776026,11461,3212513,2237700
3647,581,600,775438,11449,3213113,2215100
3648,606,602,774852,11433,3213715,2268700
3649,593,612,774263,11410,3214327,2283300
3650,647,590,773637,11446,3214917,2442000
3651,645,619,772957,11507,3215536,2212400
3652,596,619,772361,11484,3216155,2242700
3653,675,628,771698,11519,3216783,2202400
3654,600,590,771076,11551,3217373,2144000
3655,624,580,770478,11569,3217953,2100700
3656,580,571,769885,11591,3218524,2219600
3657,613,625,769265,11586,3219149,2228400
3658,648,614,768626,11611,3219763,2166200
3659,570,624,768041,11572,3220387,2142300
3660,587,593,767479,11541,3220980,2123500
3661,542,607,766922,11491,3221587,2064900
3662,623,637,766309,11467,3222224,2128100
3663,601,635,765693,11448,3222859,2226300
3664,587,600,765089,11452,3223459,2222000
3665,585,567,764511,11463,3224026,2194500
3666,574,568,763938,11468,3224594,2232700
3667,600,624,763360,11422,3225218,2441400
3668,592,584,762750,11448,3225802,2344300
3669,559,602,762187,11409,3226404,2229000
3670,625,600,761583,11413,3227004,2428200
3671,600,605,760992,11399,3227609,2328500
3672,551,622,760407,11362,3228231,2186400
3673,629,621,759787,11361,3228852,2247700
3674,621,595,759181,11372,3229447,2119000
3675,610,621,758560,11372,3230068,2159200
3676,621,609,757944,11379,3230677,2192100
3677,601,526,757339,11458,3231203,2218500
3678,625,604,756715,11478,3231807,2177900
3679,562,584,756146,11463,3232391,2135600
3680,633,611,755527,11471,3233002,2232200
3681,673,597,754858,11543,3233599,2254100
3682,612,615,754211,11575,3234214,2199400
3683,555,597,753665,11524,3234811,2110600
3684,566,628,753109,11452,3235439,2106700
3685,599,607,752507,11447,3236046,2188000
3686,630,601,751890,11463,3236647,2115900
3687,620,633,751278,11442,3237280,2085000
3688,557,587,750698,11435,3237867,2066300
3689,625,570,750093,11470,3238437,2170700
3690,618,566,749475,11522,3239003,2082700
3691,584,614,748874,11509,3239617,2120400
3692,573,624,748310,11449,3240241,2156200
3693,609,574,747708,11477,3240815,2244800
3694,596,605,747099,11481,3241420,2180900
3695,605,638,746503,11439,3242058,2155300
3696,627,581,745883,11478,3242639,2128700
3697,587,591,745287,11483,3243230,2114200
3698,603,582,744680,11508,3243812,2140500
3699,544,551,744136,11501,3244363,2364100
3700,627,621,743530,11486,3244984,2323800
3701,601,633,742912,11471,3245617,2229400
3702,610,584,742291,11508,3246201,2242800
3703,633,591,741667,11541,3246792,2191600
3704,655,564,741019,11625,3247356,2153000
3705,601,655,740411,11578,3248011,2168500
3706,638,579,739765,11645,3248590,2221000
3707,592,571,739183,11656,3249161,2275000
3708,636,615,738523,11701,3249776,2217100
3709,594,646,737948,11630,3250422,2253800
3710,642,599,737317,11662,3251021,2199200
3711,628,598,736677,11704,3251619,2172700
3712,575,604,736093,11684,3252223,2333600
3713,564,582,735522,11673,3252805,2159600
3714,569,601,734973,11621,3253406,2283800
3715,612,621,734360,11613,3254027,2624700
3716,587,542,733781,11650,3254569,2526200
3717,571,547,733207,11677,3255116,2449600
3718,607,619,732579,11686,3255735,2411900
3719,557,606,732023,11636,3256341,2364000
3720,572,605,731464,11590,3256946,2420200
3721,574,590,730880,11584,3257536,2265700
3722,592,579,730296,11589,3258115,2155100
3723,587,599,729696,11590,3258714,2296100
3724,589,677,729131,11478,3259391,2339500
3725,642,583,728497,11529,3259974,2548900
3726,584,590,727886,11550,3260564,2542200
3727,575,651,727332,11453,3261215,2440600
3728,643,598,726669,11518,3261813,2342100
3729,594,600,726095,11492,3262413,2436300
3730,627,620,725466,11501,3263033,2405500
3731,595,603,724857,11507,3263636,2479300
3732,578,589,724284,11491,3264225,2299000
3733,577,584,723689,11502,3264809,2323700
3734,572,588,723134,11469,3265397,2356800
3735,566,621,722560,11422,3266018,2292100
3736,565,593,722002,11387,3266611,2456400
3737,624,576,721390,11423,3267187,2368300
3738,564,590,720826,11397,3267777,2348200
3739,600,612,720225,11386,3268389,2176700
3740,604,589,719617,11405,3268978,2371900
3741,599,610,719012,11400,3269588,2387500
3742,660,619,718354,11439,3270207,2253500
3743,633,604,717714,11475,3270811,2229500
3744,557,597,717162,11430,3271408,2228800
3745,588,596,716573,11423,3272004,2317600
3746,625,612,715958,11426,3272616,2239300
3747,617,621,715341,11422,3273237,2235000
3748,647,586,714697,11480,3273823,2191700
3749,592,611,714086,11480,3274434,2242700
3750,611,604,713498,11464,3275038,2213900
3751,596,584,712887,11491,3275622,2236200
3752,609,628,712277,11473,3276250,2369400
3753,664,589,711596,11565,3276839,2256700
3754,605,617,710993,11551,3277456,2185100
3755,580,634,710436,11474,3278090,2139400
3756,573,610,709843,11457,3278700,2101800
3757,607,609,709269,11422,3279309,2130400
3758,593,631,708645,11415,3279940,2153200
3759,650,572,708019,11469,3280512,2223600
3760,638,571,707365,11552,3281083,2180000
3761,631,633,706744,11540,3281716,2146200
3762,627,554,706104,11626,3282270,2150100
3763,622,629,705501,11600,3282899,2245300
3764,661,580,704853,11668,3283479,2394800
3765,594,593,704239,11689,3284072,2414700
3766,583,633,703646,11649,3284705,2532100
3767,641,640,703025,11630,3285345,2447000
3768,628,627,702385,11643,3285972,2395000
3769,633,591,701739,11698,3286563,2238800
3770,657,603,701119,11715,3287166,2184800
3771,548,566,700522,11746,3287732,2142700
3772,654,637,699898,11733,3288369,2192000
3773,646,645,699254,11732,3289014,2232400
3774,585,626,698653,11707,3289640,2273900
3775,651,632,698034,11694,3290272,2329600
3776,631,650,697388,11690,3290922,2365500
3777,636,594,696759,11725,3291516,2281500
3778,665,616,696082,11786,3292132,2177800
3779,597,627,695474,11767,3292759,2560300
3780,604,626,694872,11743,3293385,2305900
3781,658,614,694229,11772,3293999,2236100
3782,638,631,693601,11769,3294630,2199900
3783,641,623,692947,11800,3295253,2405500
3784,632,597,692308,11842,3295850,2228900
3785,671,614,691668,11868,3296464,2182300
3786,621,629,691027,11880,3297093,2238900
3787,575,613,690422,11872,3297706,2215800
3788,549,658,689886,11750,3298364,2296800
3789,565,631,689316,11689,3298995,2253600
3790,563,635,688758,11612,3299630,2398900
3791,580,578,688189,11603,3300208,2574300
3792,538,683,687623,11486,3300891,2401900
3793,531,582,687092,11435,3301473,2337000
3794,581,608,686541,11378,3302081,2469300
3795,571,570,685945,11404,3302651,2323900
3796,546,538,685427,11384,3303189,2504800
3797,559,583,684850,11378,3303772,2882000
3798,533,613,684303,11312,3304385,6991800
3799,541,602,683769,11244,3304987,12790800
3800,565,600,683197,11216,3305587,3248400
3801,484,610,682722,11081,3306197,2794500
3802,507,581,682202,11020,3306778,2536700
3803,512,573,681693,10956,3307351,2401300
3804,552,556,681133,10960,3307907,2495800
3805,557,544,680598,10951,3308451,2426800
3806,546,595,680041,10913,3309046,2562900
3807,520,588,679515,10851,3309634,2911200
3808,563,568,678952,10846,3310202,2728100
3809,522,552,678436,10810,3310754,2598700
3810,520,529,677916,10801,3311283,2878900
3811,535,562,677388,10767,3311845,2966900
3812,553,579,676835,10741,3312424,2721700
3813,529,578,676303,10695,3313002,2517200
3814,522,558,675767,10673,3313560,2469900
3815,524,542,675242,10656,3314102,2419400
3816,525,553,674725,10620,3314655,2414100
3817,503,566,674228,10551,3315221,2351200
3818,500,548,673722,10509,3315769,2407300
3819,532,575,673201,10455,3316344,2437100
3820,555,587,672649,10420,3316931,2384700
3821,537,588,672111,10370,3317519,2332700
3822,558,523,671550,10408,3318042,2443000
3823,554,562,670997,10399,3318604,2578500
3824,543,540,670462,10394,3319144,2331700
3825,552,567,669888,10401,3319711,2274700
3826,604,528,669302,10459,3320239,2338100
3827,571,552,668743,10466,3320791,2461500
3828,538,530,668187,10492,3321321,2467500
3829,598,552,667604,10523,3321873,2544100
3830,576,563,667028,10536,3322436,2531700
3831,627,585,666405,10574,3323021,2498100
3832,631,556,665767,10656,3323577,2354600
3833,554,575,665209,10639,3324152,2876300
3834,556,570,664654,10624,3324722,2874500
3835,535,582,664110,10586,3325304,2626200
3836,533,548,663577,10571,3325852,12358700
3837,537,547,663050,10551,3326399,3339000
3838,520,559,662517,10525,3326958,3071300
3839,515,590,661995,10457,3327548,2902300
3840,561,559,661446,10447,3328107,2771900
3841,541,514,660899,10480,3328621,2569000
3842,547,572,660352,10455,3329193,2712400
3843,523,532,659837,10438,3329725,3019500
3844,560,503,659286,10486,3330228,2744800
3845,564,550,658727,10495,3330778,2473600
3846,556,551,658148,10523,3331329,2512600
3847,573,586,657579,10506,3331915,2444000
3848,522,549,657066,10470,3332464,2324000
3849,556,524,656498,10514,3332988,2869200
3850,520,539,655980,10493,3333527,2687400
3851,519,531,655456,10486,3334058,2542900
3852,566,552,654913,10477,3334610,2547200
3853,550,532,654351,10507,3335142,2624500
3854,539,566,653804,10488,3335708,2509600
3855,535,562,653280,10450,3336270,2612900
3856,524,514,652740,10476,3336784,2494300
3857,542,548,652215,10453,3337332,2623500
3858,527,527,651676,10465,3337859,2641200
3859,516,535,651180,10426,3338394,2532100
3860,526,546,650642,10418,3338940,2661800
3861,513,575,650111,10374,3339515,2778400
3862,508,513,649609,10363,3340028,2578100
3863,532,529,649079,10364,3340557,2428700
3864,556,529,648539,10375,3341086,2604300
3865,544,571,648004,10339,3341657,2386700
3866,555,515,647447,10381,3342172,2658400
3867,553,519,646876,10433,3342691,2461100
3868,518,535,646352,10422,3343226,2517400
3869,504,529,645855,10390,3343755,2532500
3870,506,564,645349,10332,3344319,2328800
3871,539,558,644801,10322,3344877,2319900
3872,511,551,644298,10274,3345428,2333600
3873,499,492,643788,10292,3345920,2444400
3874,491,492,643300,10288,3346412,2346600
3875,510,517,642799,10272,3346929,2340900
3876,514,564,642284,10223,3347493,2451200
3877,536,541,641753,10213,3348034,2501100
3878,553,521,641191,10254,3348555,2330100
3879,569,513,640631,10301,3349068,2319700
3880,502,532,640121,10279,3349600,2345500
3881,503,551,639616,10233,3350151,2305500
3882,506,554,639099,10196,3350705,2350800
3883,549,564,638575,10156,3351269,2561400
3884,478,577,638075,10079,3351846,2564500
3885,493,534,637588,10032,3352380,2346300
3886,495,544,637095,9981,3352924,2489700
3887,540,523,636554,9999,3353447,2456700
3888,477,470,636076,10007,3353917,2657100
3889,501,527,635577,9979,3354444,2416500
3890,503,538,635083,9935,3354982,2457600
3891,509,545,634578,9895,3355527,2268700
3892,452,527,634109,9837,3356054,2297000
3893,480,500,633631,9815,3356554,2263700
3894,525,501,633117,9828,3357055,2375400
3895,508,490,632602,9853,3357545,2444900
3896,471,531,632131,9793,3358076,2417600
3897,525,525,631611,9788,3358601,2256100
3898,451,531,631139,9729,3359132,2491700
3899,486,534,630667,9667,3359666,2379100
3900,479,478,630184,9672,3360144,2439100
3901,495,483,629683,9690,3360627,2453000
3902,489,498,629212,9663,3361125,2287500
3903,508,498,628688,9689,3361623,2193600
3904,539,515,628171,9691,3362138,2222600
3905,542,525,627625,9712,3362663,2123800
3906,527,479,627071,9787,3363142,2307300
3907,515,464,626597,9797,3363606,2276900
3908,504,488,626065,9841,3364094,2204100
3909,558,523,625514,9869,3364617,2273300
3910,532,536,624976,9871,3365153,2252500
3911,491,534,624495,9818,3365687,2206100
3912,517,528,623973,9812,3366215,2151700
3913,490,517,623478,9790,3366732,2129900
3914,541,539,622925,9804,3367271,2170800
3915,500,481,622436,9812,3367752,2170800
3916,508,500,621930,9818,3368252,2104200
3917,498,512,621431,9805,3368764,2116700
3918,516,470,620923,9843,3369234,2109600
3919,525,495,620387,9884,3369729,2063300
3920,520,507,619869,9895,3370236,2131600
3921,503,529,619352,9883,3370765,2150300
3922,507,477,618851,9907,3371242,2163300
3923,526,539,618332,9887,3371781,2174500
3924,528,516,617793,9910,3372297,2382200
3925,495,498,617327,9878,3372795,2229000
3926,501,516,616811,9878,3373311,2153500
3927,507,537,616305,9847,3373848,2195700
3928,482,516,615812,9824,3374364,2200600
3929,442,525,615375,9736,3374889,2279000
3930,472,528,614892,9691,3375417,2393000
3931,504,502,614408,9673,3375919,2223500
3932,491,492,613911,9678,3376411,2278800
3933,495,476,613417,9696,3376887,2313500
3934,532,476,612885,9752,3377363,2275800
3935,479,506,612398,9733,3377869,2212500
3936,518,536,611892,9703,3378405,2212200
3937,455,526,611423,9646,3378931,2230500
3938,526,496,610910,9663,3379427,2199100
3939,521,541,610374,9658,3379968,2212700
3940,495,525,609872,9635,3380493,2136600
3941,463,515,609426,9566,3381008,2205600
3942,506,472,608916,9604,3381480,2187700
3943,534,505,608409,9606,3381985,2214500
3944,481,521,607901,9593,3382506,2133800
3945,473,506,607428,9560,3383012,2227100
3946,467,499,606968,9521,3383511,2186400
3947,464,518,606506,9465,3384029,2125100
3948,465,503,606024,9444,3384532,2260300
3949,481,533,605553,9382,3385065,2165300
3950,483,508,605074,9353,3385573,2151600
3951,477,468,604581,9378,3386041,2232400
3952,490,500,604110,9349,3386541,2109000
3953,489,470,603615,9374,3387011,2287300
3954,524,478,603103,9408,3387489,2349400
3955,495,506,602601,9404,3387995,2396100
3956,482,480,602111,9414,3388475,2410400
3957,460,494,601653,9378,3388969,2301900
3958,506,502,601165,9364,3389471,2262500
3959,486,518,600669,9342,3389989,2244800
3960,486,501,600166,9344,3390490,2364200
3961,483,520,599689,9301,3391010,2340300
3962,463,486,599223,9281,3391496,2343600
3963,462,489,598771,9244,3391985,2337300
3964,468,481,598305,9229,3392466,2457200
3965,476,467,597835,9232,3392933,2548400
3966,495,483,597321,9263,3393416,2420000
3967,486,463,596841,9280,3393879,2614600
3968,476,471,596374,9276,3394350,2464100
3969,458,472,595921,9257,3394822,2320600
3970,467,490,595438,9250,3395312,2437100
3971,475,496,594957,9235,3395808,2295200
3972,498,482,594476,9234,3396290,2336700
3973,489,487,593981,9242,3396777,2218200
3974,458,469,593515,9239,3397246,2300500
3975,444,506,593062,9186,3397752,2357800
3976,480,521,592612,9115,3398273,2458500
3977,451,488,592138,9101,3398761,2333400
3978,484,448,591646,9145,3399209,2320500
3979,475,459,591190,9142,3399668,2659100
3980,460,480,590721,9131,3400148,2667200
3981,490,487,590227,9138,3400635,3539000
3982,520,464,589727,9174,3401099,2397400
3983,476,500,589236,9165,3401599,2258400
3984,495,438,588743,9220,3402037,2563500
3985,513,453,588233,9277,3402490,2597600
3986,515,469,587738,9303,3402959,2395900
3987,467,503,587248,9290,3403462,2390200
3988,453,452,586784,9302,3403914,2480300
3989,462,461,586312,9313,3404375,2248700
3990,493,467,585856,9302,3404842,2376100
3991,493,444,585342,9372,3405286,2430900
3992,470,466,584879,9369,3405752,2750300
3993,491,455,584400,9393,3406207,2431900
3994,515,513,583896,9384,3406720,2330600
3995,438,467,583434,9379,3407187,2445600
3996,442,515,582984,9314,3407702,2249700
3997,504,542,582476,9280,3408244,2385500
3998,474,500,582002,9254,3408744,2734100
3999,416,464,581591,9201,3409208,2508000
4000,452,503,581133,9156,3409711,2272400
4001,414,512,580715,9062,3410223,2301600
4002,503,459,580216,9102,3410682,2347000
4003,462,481,579763,9074,3411163,2352700
4004,464,476,579307,9054,3411639,2322800
4005,464,515,578830,9016,3412154,2726100
4006,460,444,578370,9032,3412598,2859100
4007,453,477,577916,9009,3413075,2512800
4008,446,475,577475,8975,3413550,2374100
4009,438,516,577035,8899,3414066,2544100
4010,449,468,576585,8881,3414534,2415500
4011,468,467,576133,8866,3415001,2454900
4012,411,483,575694,8822,3415484,2524500
4013,416,440,575289,8787,3415924,2846100
4014,423,468,574871,8737,3416392,2583500
4015,446,445,574429,8734,3416837,2390200
4016,467,455,573967,8741,3417292,2415500
4017,436,445,573528,8735,3417737,2490100
4018,490,433,573032,8798,3418170,2317900
4019,433,439,572588,8803,3418609,2589200
4020,500,455,572104,8832,3419064,2761700
4021,461,454,571635,8847,3419518,2425400
4022,469,497,571157,8828,3420015,2548600
4023,460,443,570711,8831,3420458,2469200
4024,438,455,570262,8825,3420913,2203700
4025,438,470,569828,8789,3421383,2335800
4026,440,447,569380,8790,3421830,2366300
4027,450,450,568938,8782,3422280,2352400
4028,456,473,568490,8757,3422753,2241300
4029,464,431,568019,8797,3423184,2303000
4030,490,477,567537,8802,3423661,2602300
4031,441,452,567098,8789,3424113,2419400
4032,487,495,566596,8796,3424608,2302600
4033,476,488,566122,8782,3425096,2549500
4034,474,435,565657,8812,3425531,2441800
4035,527,473,565145,8851,3426004,2299200
4036,480,469,564642,8885,3426473,2301700
4037,431,507,564208,8812,3426980,2744200
4038,446,463,563757,8800,3427443,2619300
4039,492,479,563287,8791,3427922,2462900
4040,475,452,562797,8829,3428374,2315600
4041,485,465,562322,8839,3428839,2488900
4042,506,490,561817,8854,3429329,2357300
4043,522,476,561306,8889,3429805,2462900
4044,421,466,560869,8860,3430271,2358000
4045,438,440,560427,8862,3430711,2714100
4046,461,490,559983,8816,3431201,2603700
4047,455,476,559518,8805,3431677,2396000
4048,463,468,559051,8804,3432145,2309300
4049,470,484,558599,8772,3432629,2417800
4050,420,444,558149,8778,3433073,2204100
4051,459,483,557706,8738,3433556,2369900
4052,470,478,557244,8722,3434034,2325100
4053,451,443,556783,8740,3434477,2454800
4054,495,457,556300,8766,3434934,2728100
4055,472,464,555799,8803,3435398,2544400
4056,504,467,555309,8826,3435865,2528800
4057,444,487,554871,8777,3436352,2404300
4058,455,468,554402,8778,3436820,2915200
4059,458,431,553968,8781,3437251,2557700
4060,468,456,553496,8797,3437707,2746700
4061,461,440,553026,8827,3438147,2825100
4062,481,485,552551,8817,3438632,2525300
4063,446,491,552095,8782,3439123,2429600
4064,473,423,551601,8853,3439546,2574100
4065,471,460,551162,8832,3440006,2588500
4066,520,505,550656,8833,3440511,2417600
4067,428,502,550193,8794,3441013,2582900
4068,461,466,549748,8773,3441479,2716400
4069,419,459,549316,8746,3441938,2499100
4070,421,462,548900,8700,3442400,2716800
4071,445,474,548464,8662,3442874,2592600
4072,459,470,547999,8657,3443344,2422300
4073,458,461,547538,8657,3443805,2593700
4074,484,436,547051,8708,3444241,2788900
4075,457,488,546608,8663,3444729,2613800
4076,409,407,546193,8671,3445136,2804900
4077,457,487,545730,8647,3445623,2472700
4078,448,472,545299,8606,3446095,2577900
4079,475,481,544820,8604,3446576,2830300
4080,483,449,544337,8638,3447025,2598500
4081,461,440,543876,8659,3447465,2354000
4082,473,452,543410,8673,3447917,2430700
4083,472,459,542929,8695,3448376,2379200
4084,514,477,542428,8719,3448853,2654900
4085,449,452,541967,8728,3449305,2392500
4086,495,487,541479,8729,3449792,2664000
4087,411,474,541069,8665,3450266,2519500
4088,472,466,540588,8680,3450732,2616900
4089,431,423,540145,8700,3451155,2546000
4090,448,428,539693,8724,3451583,2380200
4091,443,452,539262,8703,3452035,2353200
4092,446,462,538834,8669,3452497,2418800
4093,495,420,538334,8749,3452917,2734400
4094,467,449,537862,8772,3453366,2619200
4095,484,468,537367,8799,3453834,2398900
4096,503,450,536873,8843,3454284,2487300
4097,466,496,536396,8824,3454780,2327100
4098,459,467,535945,8808,3455247,2273900
4099,460,464,535493,8796,3455711,2365400
4100,417,490,535071,8728,3456201,2740900
4101,445,494,534610,8695,3456695,2903100
4102,427,417,534181,8707,3457112,2568300
4103,486,465,533706,8717,3457577,2507600
4104,423,453,533284,8686,3458030,2343200
4105,442,477,532848,8645,3458507,2346100
4106,439,412,532390,8691,3458919,2408400
4107,426,458,531980,8643,3459377,2658300
4108,435,477,531525,8621,3459854,2797700
4109,458,437,531090,8619,3460291,2659500
4110,456,431,530628,8650,3460722,2576100
4111,458,443,530176,8659,3461165,2516900
4112,431,442,529734,8659,3461607,2813100
4113,464,428,529272,8693,3462035,2958800
4114,447,438,528826,8701,3462473,2831100
4115,425,441,528382,8704,3462914,2486100
4116,439,466,527969,8651,3463380,2574000
4117,462,462,527499,8659,3463842,2366900
4118,420,454,527058,8646,3464296,2434100
4119,434,460,526643,8601,3464756,2597400
4120,443,449,526191,8604,3465205,2529500
4121,448,439,525761,8595,3465644,2484500
4122,462,452,525288,8616,3466096,2416100
4123,442,446,524832,8626,3466542,2628600
4124,436,446,524410,8602,3466988,2577300
4125,485,431,523934,8647,3467419,2480800
4126,463,454,523468,8659,3467873,2520500
4127,480,444,523006,8677,3468317,2607000
4128,469,433,522508,8742,3468750,2432000
4129,469,415,522047,8788,3469165,2440800
4130,461,464,521587,8784,3469629,2329900
4131,484,439,521115,8817,3470068,2540800
4132,435,487,520667,8778,3470555,2424600
4133,443,431,520229,8785,3470986,2384200
4134,439,416,519784,8814,3471402,2474800
4135,475,490,519309,8799,3471892,2411300
4136,446,495,518868,8745,3472387,2348300
4137,448,458,518429,8726,3472845,2331600
4138,416,457,517991,8707,3473302,2418000
4139,459,428,517541,8729,3473730,2393100
4140,441,417,517096,8757,3474147,2346300
4141,432,447,516664,8742,3474594,2289100
4142,473,451,516205,8750,3475045,2274800
4143,465,468,515732,8755,3475513,2338500
4144,414,450,515293,8744,3475963,2412600
4145,415,475,514894,8668,3476438,2345000
4146,407,449,514490,8623,3476887,2440000
4147,403,422,514067,8624,3477309,2350200
4148,398,418,513684,8589,3477727,2311300
4149,427,479,513261,8533,3478206,2672100
4150,432,462,512803,8529,3478668,2577500
4151,394,440,512425,8467,3479108,2453700
4152,435,452,512015,8425,3479560,2464000
4153,421,431,511569,8440,3479991,2259500
4154,371,425,511193,8391,3480416,2322400
4155,430,449,510762,8373,3480865,2366300
4156,425,414,510351,8370,3481279,2712800
4157,410,449,509943,8329,3481728,2745900
4158,403,417,509538,8317,3482145,2379600
4159,410,417,509121,8317,3482562,2301600
4160,375,397,508733,8308,3482959,2543300
4161,374,439,508383,8219,3483398,2373000
4162,452,395,507934,8273,3483793,2509800
4163,396,460,507525,8222,3484253,2659500
4164,405,421,507123,8203,3484674,2601200
4165,405,461,506723,8142,3485135,2339900
4166,437,434,506276,8155,3485569,2287700
4167,424,426,505848,8157,3485995,2322500
4168,419,448,505421,8136,3486443,2323400
4169,409,426,505036,8095,3486869,2297600
4170,407,419,504619,8093,3487288,2567200
4171,384,445,504240,8027,3487733,2505500
4172,395,426,503836,8005,3488159,2529400
4173,379,409,503464,7968,3488568,2643800
4174,384,425,503076,7931,3488993,2537600
4175,397,415,502687,7905,3489408,2399100
4176,372,397,502303,7892,3489805,2495000
4177,370,440,501925,7830,3490245,2324000
4178,357,404,501570,7781,3490649,2355000
4179,423,385,501172,7794,3491034,2477500
4180,409,401,500744,7821,3491435,2490600
4181,373,416,500370,7779,3491851,2572800
4182,398,355,499969,7825,3492206,2711500
4183,388,403,499578,7813,3492609,2416600
4184,393,389,499200,7802,3492998,2399300
4185,388,404,498812,7786,3493402,2497100
4186,388,397,498417,7784,3493799,2307000
4187,381,433,498038,7730,3494232,2281100
4188,377,391,497661,7716,3494623,2626100
4189,365,410,497304,7663,3495033,2829800
4190,395,407,496899,7661,3495440,2547700
4191,400,443,496506,7611,3495883,2553300
4192,382,374,496133,7610,3496257,2318100
4193,399,367,495715,7661,3496624,2404700
4194,408,403,495322,7651,3497027,2745900
4195,379,396,494948,7629,3497423,2360900
4196,393,395,494542,7640,3497818,2339500
4197,397,422,494159,7601,3498240,2488800
4198,401,411,493752,7597,3498651,2351500
4199,369,394,493361,7594,3499045,2343200
4200,373,399,492991,7565,3499444,2478800
4201,367,398,492644,7514,3499842,2285000
4202,371,406,492263,7489,3500248,2305400
4203,399,386,491869,7497,3500634,2621000
4204,436,398,491449,7519,3501032,2382900
4205,405,403,491031,7534,3501435,2405400
4206,421,365,490613,7587,3501800,2295900
4207,406,410,490203,7587,3502210,2340400
4208,397,415,489806,7569,3502625,2326900
4209,400,391,489400,7584,3503016,2435800
4210,398,412,489000,7572,3503428,2252900
4211,418,405,488586,7581,3503833,2416000
4212,357,408,488211,7548,3504241,2560900
4213,422,378,487808,7573,3504619,2349700
4214,415,390,487389,7602,3505009,2386200
4215,380,419,487007,7565,3505428,2319000
4216,423,384,486599,7589,3505812,2350200
4217,411,349,486178,7661,3506161,2289900
4218,371,407,485807,7625,3506568,2399400
4219,396,398,485411,7623,3506966,2367800
4220,370,423,485033,7578,3507389,2498800
4221,390,387,484641,7583,3507776,2442500
4222,369,404,484290,7530,3508180,2362900
4223,414,406,483858,7556,3508586,2685000
4224,351,380,483511,7523,3508966,2298100
4225,375,352,483141,7541,3509318,2461400
4226,419,442,482722,7518,3509760,2524500
4227,404,413,482321,7506,3510173,2357200
4228,378,393,481939,7495,3510566,2311900
4229,388,400,481549,7485,3510966,2650400
4230,393,398,481153,7483,3511364,2419400
4231,353,366,480797,7473,3511730,2391000
4232,380,412,480430,7428,3512142,2302600
4233,365,394,480064,7400,3512536,2407800
4234,383,365,479680,7419,3512901,2324200
4235,416,396,479279,7424,3513297,2459600
4236,372,383,478876,7444,3513680,2284300
4237,386,376,478507,7437,3514056,2397900
4238,385,409,478115,7420,3514465,2555600
4239,376,383,477727,7425,3514848,2509400
4240,388,383,477343,7426,3515231,2292400
4241,384,402,476961,7406,3515633,2246800
4242,395,387,476566,7414,3516020,2307800
4243,384,369,476183,7428,3516389,2292800
4244,377,369,475795,7447,3516758,2258500
4245,381,382,475440,7420,3517140,2207000
4246,373,391,475040,7429,3517531,2274500
4247,385,372,474676,7421,3517903,2230800
4248,379,380,474300,7417,3518283,2252000
4249,303,374,473971,7372,3518657,2238300
4250,379,395,473613,7335,3519052,2367100
4251,373,343,473234,7371,3519395,2721200
4252,362,421,472869,7315,3519816,2472500
4253,335,383,472542,7259,3520199,2470700
4254,370,368,472165,7268,3520567,2465900
4255,368,393,471794,7246,3520960,2351100
4256,334,377,471459,7204,3521337,2447300
4257,355,388,471113,7162,3521725,2650300
4258,371,361,470734,7180,3522086,2514300
4259,316,389,470422,7103,3522475,2412000
4260,337,376,470078,7071,3522851,2332400
4261,360,363,469732,7054,3523214,2303000
4262,382,365,469345,7076,3523579,2268600
4263,350,375,468989,7057,3523954,2309700
4264,369,370,468636,7040,3524324,2251900
4265,341,396,468281,6999,3524720,2235800
4266,355,365,467924,6991,3525085,2532200
4267,357,341,467569,7005,3525426,2457700
4268,384,366,467210,6998,3525792,2224000
4269,341,359,466845,7004,3526151,2175800
4270,368,362,466495,6992,3526513,2157400
4271,364,382,466117,6988,3526895,2158400
4272,359,366,465754,6985,3527261,2168800
4273,359,368,465409,6962,3527629,2165800
4274,397,342,465015,7014,3527971,2163500
4275,362,393,464633,7003,3528364,2161800
4276,382,353,464257,7026,3528717,2199700
4277,404,359,463848,7076,3529076,2244000
4278,356,354,463484,7086,3529430,2632000
4279,400,333,463094,7143,3529763,2617800
4280,352,369,462748,7120,3530132,2602200
4281,346,365,462394,7109,3530497,2803300
4282,382,367,462039,7097,3530864,2343600
4283,400,339,461621,7176,3531203,2244200
4284,378,388,461244,7165,3531591,2591600
4285,381,378,460854,7177,3531969,2374400
4286,368,361,460495,7175,3532330,2481800
4287,379,378,460108,7184,3532708,2360600
4288,419,401,459692,7199,3533109,2405800
4289,383,381,459305,7205,3533490,2283000
4290,371,366,458931,7213,3533856,2262200
4291,344,355,458602,7187,3534211,2443800
4292,369,419,458223,7147,3534630,2931900
4293,360,382,457877,7111,3535012,2555000
4294,354,387,457513,7088,3535399,2484400
4295,337,347,457177,7077,3535746,2485800
4296,381,376,456783,7095,3536122,2411700
4297,382,378,456403,7097,3536500,2693700
4298,366,395,456056,7049,3536895,3011300
4299,398,382,455668,7055,3537277,2786700
4300,375,419,455273,7031,3537696,2637200
4301,332,417,454951,6936,3538113,2515400
4302,390,363,454550,6974,3538476,2435000
4303,369,385,454173,6966,3538861,2919500
4304,368,358,453814,6967,3539219,2784200
4305,366,390,453429,6962,3539609,2771200
4306,356,351,453089,6951,3539960,2380500
4307,406,382,452698,6960,3540342,2550200
4308,376,364,452315,6979,3540706,2472900
4309,393,361,451920,7013,3541067,2815100
4310,381,377,451534,7022,3541444,2572100
4311,340,366,451190,7000,3541810,2511300
4312,362,358,450825,7007,3542168,2651500
4313,370,354,450454,7024,3542522,2499500
4314,357,387,450102,6989,3542909,2458500
4315,332,359,449772,6960,3543268,2710400
4316,309,368,449440,6924,3543636,2574700
4317,413,365,449056,6943,3544001,2344500
4318,322,387,448729,6883,3544388,2434100
4319,340,336,448389,6887,3544724,2287700
4320,304,342,448079,6855,3545066,43833100
4321,310,327,447772,6835,3545393,3097400
4322,363,378,447409,6820,3545771,2712600
4323,352,348,447058,6823,3546119,2589300
4324,369,369,446693,6819,3546488,2497300
4325,327,338,446361,6813,3546826,2718800
4326,370,346,445996,6832,3547172,2751400
4327,362,372,445632,6824,3547544,2678900
4328,377,336,445273,6847,3547880,2411600
4329,402,365,444862,6893,3548245,2452000
4330,358,338,444503,6914,3548583,2250800
4331,422,388,444091,6938,3548971,2419700
4332,383,402,443699,6928,3549373,2726600
4333,362,346,443328,6953,3549719,2460600
4334,397,384,442941,6956,3550103,2391800
4335,356,395,442575,6927,3550498,2485300
4336,346,379,442233,6890,3550877,2434400
4337,386,343,441852,6928,3551220,3033000
4338,359,352,441497,6931,3551572,2551300
4339,381,386,441102,6940,3551958,2406300
4340,361,349,440751,6942,3552307,2629300
4341,347,425,440397,6871,3552732,2423500
4342,306,341,440085,6842,3553073,2685300
4343,369,358,439718,6851,3553431,2594400
4344,363,356,439345,6868,3553787,2400000
4345,316,390,439043,6780,3554177,2511200
4346,347,364,438689,6770,3554541,2343500
4347,378,361,438329,6769,3554902,2654700
4348,334,312,437991,6795,3555214,2510200
4349,374,357,437605,6824,3555571,2615100
4350,383,373,437220,6836,3555944,2703800
4351,392,340,436833,6883,3556284,2365300
4352,343,375,436479,6862,3556659,2600100
4353,392,332,436103,6906,3556991,2616000
4354,373,351,435721,6937,3557342,2320600
4355,388,358,435350,6950,3557700,2516200
4356,365,386,434970,6944,3558086,2239200
4357,368,375,434611,6928,3558461,2377900
4358,331,358,434267,6914,3558819,2605500
4359,350,382,433917,6882,3559201,2465600
4360,325,362,433594,6843,3559563,2304000
4361,333,387,433267,6783,3559950,2422400
4362,316,345,432935,6770,3560295,2357400
4363,356,355,432600,6750,3560650,2398000
4364,343,367,432252,6731,3561017,2512900
4365,327,371,431927,6685,3561388,2716000
4366,323,428,431578,6606,3561816,2546000
4367,338,333,431251,6600,3562149,2392500
4368,317,350,430927,6574,3562499,2606100
4369,355,339,430594,6568,3562838,2623200
4370,339,333,430227,6602,3563171,2684300
4371,316,342,429933,6554,3563513,2403900
4372,333,359,429603,6525,3563872,2363900
4373,280,340,429306,6482,3564212,2319300
4374,340,341,428973,6474,3564553,2248500
4375,323,314,428659,6474,3564867,2275300
4376,373,315,428287,6531,3565182,2349100
4377,327,361,427946,6511,3565543,2226600
4378,353,325,427598,6534,3565868,2375500
4379,369,333,427247,6552,3566201,2336200
4380,321,334,426905,6560,3566535,2237600
4381,346,325,426567,6573,3566860,2646300
4382,333,328,426214,6598,3567188,2389000
4383,311,332,425916,6564,3567520,2369500
4384,375,355,425557,6568,3567875,2351900
4385,354,336,425192,6597,3568211,2182400
4386,347,330,424848,6611,3568541,2173300
4387,318,373,424525,6561,3568914,2121800
4388,313,354,424205,6527,3569268,2119200
4389,351,300,423853,6579,3569568,2197200
4390,345,372,423519,6541,3569940,2108100
4391,340,324,423165,6571,3570264,2131800
4392,331,348,422847,6541,3570612,2123400
4393,320,317,422538,6533,3570929,2234000
4394,375,350,422144,6577,3571279,2217000
4395,310,355,421842,6524,3571634,2282400
4396,327,336,421515,6515,3571970,2390700
4397,303,309,421204,6517,3572279,2201800
4398,338,327,420863,6531,3572606,2136400
4399,322,352,420542,6500,3572958,2081100
4400,344,334,420219,6489,3573292,2227400
4401,318,328,419877,6503,3573620,2104100
4402,337,351,419554,6475,3573971,2098900
4403,332,338,419224,6467,3574309,2166800
4404,328,350,418891,6450,3574659,2189400
4405,342,346,418553,6442,3575005,2151800
4406,347,357,418194,6444,3575362,2160100
4407,336,346,417856,6436,3575708,2193200
4408,354,346,417520,6426,3576054,2152800
4409,312,316,417204,6426,3576370,2372200
4410,330,355,416869,6406,3576725,2322800
4411,322,327,416550,6398,3577052,2183900
4412,338,305,416209,6434,3577357,2226700
4413,327,343,415868,6432,3577700,2100900
4414,329,350,415550,6400,3578050,2074800
4415,328,341,415235,6374,3578391,2108500
4416,337,355,414897,6357,3578746,2085500
4417,308,346,414599,6309,3579092,2118800
4418,321,312,414260,6336,3579404,2189200
4419,326,321,413938,6337,3579725,2090400
4420,319,320,413611,6344,3580045,2101800
4421,327,331,413292,6332,3580376,2119500
4422,340,338,412949,6337,3580714,2071000
4423,364,350,412604,6332,3581064,2754500
4424,341,340,412244,6352,3581404,2677700
4425,309,310,411937,6349,3581714,2733300
4426,319,340,411609,6337,3582054,2486200
4427,348,341,411268,6337,3582395,2620200
4428,290,314,410962,6329,3582709,2490100
4429,348,306,410637,6348,3583015,2505500
4430,320,285,410308,6392,3583300,2881600
4431,321,340,409983,6377,3583640,2613600
4432,325,348,409662,6350,3583988,2372700
4433,365,347,409314,6351,3584335,2499000
4434,326,350,408981,6334,3584685,2345000
4435,350,325,408621,6369,3585010,2327700
4436,365,303,408265,6422,3585313,2510600
4437,378,329,407880,6478,3585642,2585700
4438,318,369,407583,6406,3586011,2669400
4439,334,364,407232,6393,3586375,2452700
4440,326,342,406896,6387,3586717,2428300
4441,318,332,406572,6379,3587049,2290500
4442,321,319,406261,6371,3587368,2465400
4443,341,325,405933,6374,3587693,2612800
4444,321,336,405596,6375,3588029,2586200
4445,338,339,405265,6367,3588368,2349000
4446,315,358,404947,6327,3588726,2307800
4447,342,324,404607,6343,3589050,2478800
4448,359,328,404266,6356,3589378,2283900
4449,340,314,403910,6398,3589692,2501600
4450,334,369,403575,6364,3590061,2686700
4451,345,324,403235,6380,3590385,2506600
4452,336,316,402894,6405,3590701,2412500
4453,317,321,402565,6413,3591022,2603300
4454,340,302,402231,6445,3591324,2306900
4455,351,338,401875,6463,3591662,2442800
4456,357,349,401539,6450,3592011,2737900
4457,346,317,401196,6476,3592328,2544300
4458,347,344,400835,6493,3592672,2547500
4459,346,323,400495,6510,3592995,2432700
4460,370,329,400125,6551,3593324,2341700
4461,367,344,399760,6572,3593668,2575500
4462,344,360,399416,6556,3594028,2631300
4463,352,333,399064,6575,3594361,2489400
4464,338,331,398724,6584,3594692,2365900
4465,304,316,398416,6576,3595008,2436000
4466,353,330,398063,6599,3595338,2465200
4467,328,354,397734,6574,3595692,2769100
4468,327,335,397391,6582,3596027,2444100
4469,365,327,397045,6601,3596354,2353700
4470,358,344,396692,6610,3596698,2488600
4471,365,357,396326,6619,3597055,2320600
4472,346,376,395987,6582,3597431,2538000
4473,301,330,395665,6574,3597761,2903000
4474,342,311,395326,6602,3598072,2461000
4475,339,336,394985,6607,3598408,2457000
4476,360,309,394637,6646,3598717,2500800
4477,317,324,394308,6651,3599041,2748800
4478,331,343,393982,6634,3599384,2549200
4479,370,388,393621,6607,3599772,2441500
4480,331,334,393272,6622,3600106,2516400
4481,291,347,392978,6569,3600453,2359900
4482,304,330,392678,6539,3600783,2442900
4483,334,365,392349,6503,3601148,2531600
4484,333,367,392019,6466,3601515,2423800
4485,308,342,391704,6439,3601857,2410800
4486,301,344,391399,6400,3602201,2416800
4487,324,338,391092,6369,3602539,2286900
4488,285,340,390784,6337,3602879,2601300
4489,320,336,390455,6330,3603215,2605400
4490,303,357,390159,6269,3603572,2482400
4491,308,355,389866,6207,3603927,2537000
4492,303,318,389559,6196,3604245,2772000
4493,315,307,389257,6191,3604552,2798900
4494,340,316,388908,6224,3604868,2623500
4495,335,345,388577,6210,3605213,2430100
4496,313,330,388265,6192,3605543,2430800
4497,316,361,387959,6137,3605904,2368500
4498,336,340,387604,6152,3606244,2744900
4499,352,311,387269,6176,3606555,2825600
4500,324,330,386941,6174,3606885,2635900
4501,333,327,386604,6184,3607212,2638700
4502,342,323,386250,6215,3607535,2498200
4503,315,318,385949,6198,3607853,2768700
4504,313,311,385629,6207,3608164,2672900
4505,307,298,385308,6230,3608462,2496900
4506,287,328,385024,6186,3608790,2565000
4507,326,323,384700,6187,3609113,2679700
4508,291,299,384417,6171,3609412,2892500
4509,365,325,384063,6200,3609737,2621800
4510,325,326,383728,6209,3610063,2303500
4511,349,358,383392,6187,3610421,2563900
4512,315,304,383066,6209,3610725,2726800
4513,315,331,382740,6204,3611056,2851200
4514,314,290,382438,6216,3611346,2651800
4515,328,300,382103,6251,3611646,2588500
4516,324,321,381789,6244,3611967,2569900
4517,334,341,381452,6240,3612308,2910500
4518,297,344,381142,6206,3612652,2853800
4519,335,306,380816,6226,3612958,3007200
4520,313,328,380493,6221,3613286,2785900
4521,262,322,380223,6169,3613608,2815700
4522,309,316,379943,6133,3613924,3154000
4523,316,341,379607,6128,3614265,2645000
4524,305,321,379314,6100,3614586,2467100
4525,347,305,378971,6138,3614891,2582100
4526,328,302,378640,6167,3615193,2585500
4527,323,311,378315,6181,3615504,2683000
4528,311,323,378009,6164,3615827,2586000
4529,325,318,377679,6176,3616145,2643300
4530,325,315,377353,6187,3616460,2676700
4531,338,315,377006,6219,3616775,2585400
4532,315,333,376700,6192,3617108,2432000
4533,316,339,376386,6167,3617447,2638200
4534,299,342,376085,6126,3617789,2752900
4535,334,320,375741,6150,3618109,2469000
4536,352,321,375400,6170,3618430,2389300
4537,289,315,375102,6153,3618745,2450200
4538,315,319,374799,6137,3619064,2337100
4539,345,297,374455,6184,3619361,2459900
4540,312,328,374135,6176,3619689,2238100
4541,342,308,373810,6193,3619997,2292000
4542,317,332,373484,6187,3620329,2201600
4543,337,331,373138,6202,3620660,2211000
4544,339,348,372805,6187,3621008,2257600
4545,320,340,372478,6174,3621348,2664900
4546,342,336,372146,6170,3621684,2729100
4547,335,334,371817,6165,3622018,2317700
4548,312,324,371495,6163,3622342,2348800
4549,302,330,371182,6146,3622672,2284200
4550,317,315,370878,6135,3622987,2493600
4551,309,318,370572,6123,3623305,2869400
4552,263,320,370286,6089,3623625,2967800
4553,289,321,370001,6053,3623946,2555700
4554,293,335,369723,5996,3624281,2654100
4555,284,317,369428,5974,3624598,2461700
4556,317,330,369121,5951,3624928,2358700
4557,294,318,368825,5929,3625246,2823600
4558,327,295,368509,5950,3625541,2698700
4559,292,312,368191,5956,3625853,2528900
4560,305,315,367888,5944,3626168,2557300
4561,285,306,367606,5920,3626474,2434900
4562,300,316,367315,5895,3626790,2933000
4563,275,293,367047,5870,3627083,2686400
4564,264,311,366778,5828,3627394,2626000
4565,319,304,366457,5845,3627698,2459100
4566,292,284,366168,5850,3627982,3059000
4567,257,304,365902,5812,3628286,2917800
4568,293,310,365613,5791,3628596,2621600
4569,251,297,365352,5755,3628893,2810300
4570,278,281,365080,5746,3629174,2636800
4571,275,281,364807,5738,3629455,2845100
4572,249,304,364554,5687,3629759,2572200
4573,279,277,364274,5690,3630036,2768900
4574,286,293,363993,5678,3630329,3118400
4575,302,282,363692,5697,3630611,2971000
4576,303,264,363399,5726,3630875,2701900
4577,286,316,363104,5705,3631191,2789600
4578,282,304,362824,5681,3631495,2627400
4579,255,304,362548,5653,3631799,2549700
4580,305,259,362256,5686,3632058,2963900
4581,283,283,361972,5687,3632341,2824800
4582,304,277,361674,5708,3632618,2671500
4583,314,303,361360,5719,3632921,2691900
4584,304,306,361055,5718,3633227,2591600
4585,301,294,360750,5729,3633521,2657700
4586,268,273,360496,5710,3633794,2495500
4587,293,299,360191,5716,3634093,2601600
4588,287,290,359910,5707,3634383,2429300
4589,280,276,359632,5709,3634659,2285800
4590,303,323,359320,5698,3634982,2249900
4591,283,296,359039,5683,3635278,2222100
4592,325,301,358723,5698,3635579,2521000
4593,301,274,358410,5737,3635853,2596600
4594,281,292,358126,5729,3636145,2322300
4595,292,298,357850,5707,3636443,2771700
4596,289,316,357554,5687,3636759,2684200
4597,339,308,357207,5726,3637067,2576500
4598,290,281,356934,5718,3637348,2406300
4599,281,278,356642,5732,3637626,2406100
4600,279,314,356360,5700,3637940,2519100
4601,301,277,356061,5722,3638217,2644700
4602,276,305,355775,5703,3638522,2493800
4603,366,271,355434,5773,3638793,2422400
4604,303,296,355128,5783,3639089,2599300
4605,301,274,354825,5812,3639363,2532900
4606,315,327,354486,5824,3639690,2885300
4607,316,328,354198,5784,3640018,2593200
4608,346,277,353853,5852,3640295,2736800
4609,312,292,353516,5897,3640587,2410500
4610,324,310,353199,5904,3640897,2418100
4611,321,329,352877,5897,3641226,2617500
4612,308,247,352579,5948,3641473,2742000
4613,327,306,352242,5979,3641779,2553200
4614,329,299,351923,5999,3642078,2304500
4615,347,332,351568,6022,3642410,2250100
4616,288,330,351287,5973,3642740,2396100
4617,291,326,350992,5942,3643066,2468600
4618,319,299,350678,5957,3643365,2787000
4619,340,317,350331,5987,3643682,2644200
4620,331,315,350013,5990,3643997,2456900
4621,315,320,349685,5998,3644317,2376000
4622,324,310,349364,6009,3644627,2347100
4623,301,296,349067,6010,3644923,2803300
4624,344,282,348719,6076,3645205,2668500
4625,318,305,348409,6081,3645510,2419500
4626,314,328,348081,6081,3645838,2340000
4627,293,309,347800,6053,3646147,2388500
4628,309,314,347486,6053,3646461,2402300
4629,317,298,347167,6074,3646759,2574200
4630,286,322,346882,6037,3647081,2614200
4631,320,309,346557,6053,3647390,2391400
4632,298,315,346266,6029,3647705,2325400
4633,302,317,345950,6028,3648022,2397000
4634,314,295,345656,6027,3648317,2287200
4635,313,329,345340,6014,3648646,2830500
4636,324,314,345019,6021,3648960,2501000
4637,304,335,344700,6005,3649295,2432900
4638,331,331,344379,5995,3649626,2584900
4639,299,311,344067,5996,3649937,2331600
4640,291,319,343791,5953,3650256,2618700
4641,296,296,343494,5954,3650552,2650500
4642,357,324,343138,5986,3650876,2441300
4643,314,312,342810,6002,3651188,2461100
4644,294,328,342510,5974,3651516,2279100
4645,315,312,342214,5958,3651828,2324900
4646,338,326,341893,5953,3652154,2742500
4647,294,307,341562,5977,3652461,2572100
4648,307,275,341277,5987,3652736,2507900
4649,283,347,340980,5937,3653083,2645300
4650,308,297,340693,5927,3653380,2387000
4651,311,278,340373,5969,3653658,2379400
4652,278,314,340073,5955,3653972,2358200
4653,290,314,339797,5917,3654286,2277300
4654,299,297,339505,5912,3654583,2231800
4655,267,321,339220,5876,3654904,2391900
4656,264,289,338963,5844,3655193,2577600
4657,262,323,338695,5789,3655516,2381300
4658,300,303,338396,5785,3655819,2328400
4659,277,280,338124,5777,3656099,2263100
4660,278,268,337857,5776,3656367,2206700
4661,262,294,337582,5757,3656661,2336600
4662,289,299,337297,5743,3656960,2255900
4663,262,306,337036,5698,3657266,2214900
4664,274,280,336759,5695,3657546,2579600
4665,296,287,336470,5697,3657833,2498900
4666,258,285,336196,5686,3658118,2315700
4667,227,278,335968,5636,3658396,2232000
4668,247,306,335727,5571,3658702,2308900
4669,274,279,335462,5557,3658981,2216400
4670,279,262,335180,5577,3659243,2181400
4671,262,262,334912,5583,3659505,2112300
4672,251,285,334667,5543,3659790,2126500
4673,269,287,334396,5527,3660077,2209000
4674,296,275,334105,5543,3660352,2222200
4675,267,279,333824,5545,3660631,2277900
4676,271,279,333563,5527,3660910,2228500
4677,270,249,333294,5547,3661159,2193100
4678,269,300,333031,5510,3661459,2186500
4679,263,282,332755,5504,3661741,2194600
4680,288,290,332479,5490,3662031,2365800
4681,291,284,332188,5497,3662315,2362300
4682,256,265,331921,5499,3662580,2432400
4683,243,282,331681,5457,3662862,2615400
4684,255,282,331421,5435,3663144,2890100
4685,252,250,331166,5440,3663394,2418600
4686,295,272,330884,5450,3663666,2345600
4687,232,293,330649,5392,3663959,2467300
4688,297,290,330359,5392,3664249,2293200
4689,272,293,330073,5385,3664542,2243800
4690,268,284,329818,5356,3664826,2241700
4691,272,286,329546,5342,3665112,2338100
4692,279,275,329257,5356,3665387,2254300
4693,257,299,329005,5309,3665686,2171900
4694,245,260,328753,5301,3665946,2128000
4695,308,288,328452,5314,3666234,2279500
4696,282,264,328165,5337,3666498,2246900
4697,254,277,327911,5314,3666775,2187000
4698,283,276,327644,5305,3667051,2144900
4699,286,280,327353,5316,3667331,2162000
4700,277,252,327073,5344,3667583,2362500
4701,304,276,326768,5373,3667859,2309200
4702,267,273,326491,5377,3668132,2431300
4703,313,291,326201,5376,3668423,2348800
4704,274,270,325911,5396,3668693,2741400
4705,264,271,325648,5388,3668964,2581100
4706,243,297,325403,5336,3669261,2764500
4707,273,256,325127,5356,3669517,2542100
4708,258,270,324858,5355,3669787,2352900
4709,278,299,324596,5318,3670086,2281800
4710,272,280,324319,5315,3670366,2336200
4711,270,289,324056,5289,3670655,2522700
4712,247,301,323794,5250,3670956,2423400
4713,269,264,323532,5248,3671220,2279400
4714,263,290,323274,5216,3671510,2401700
4715,275,275,322985,5230,3671785,2461400
4716,281,292,322719,5204,3672077,2407900
4717,278,242,322435,5246,3672319,2431200
4718,273,268,322159,5254,3672587,2368000
4719,261,268,321897,5248,3672855,2271500
4720,247,277,321650,5218,3673132,2215900
4721,264,274,321396,5198,3673406,2337500
4722,238,277,321158,5159,3673683,2263800
4723,283,274,320867,5176,3673957,2342400
4724,238,271,320635,5137,3674228,2346100
4725,292,266,320346,5160,3674494,2309300
4726,248,274,320079,5153,3674768,2309300
4727,285,261,319812,5159,3675029,2321200
4728,292,245,319523,5203,3675274,2318200
4729,267,270,319250,5206,3675544,2219300
4730,266,266,318976,5214,3675810,2319300
4731,281,273,318697,5220,3676083,2211600
4732,278,275,318430,5212,3676358,2462900
4733,270,276,318167,5199,3676634,2266600
4734,273,268,317876,5222,3676902,2354600
4735,248,267,317633,5198,3677169,2268000
4736,282,290,317352,5189,3677459,2317700
4737,237,254,317116,5171,3677713,2263000
4738,261,277,316849,5161,3677990,2214500
4739,284,258,316570,5182,3678248,2333200
4740,271,290,316292,5170,3678538,2246100
4741,274,264,316028,5170,3678802,2182100
4742,255,252,315772,5174,3679054,2231600
4743,267,292,315501,5153,3679346,2191400
4744,276,294,315239,5121,3679640,2336200
4745,267,279,314960,5121,3679919,2345800
4746,293,256,314664,5161,3680175,2253200
4747,256,260,314402,5163,3680435,2321400
4748,267,284,314154,5127,3680719,2324600
4749,253,260,313902,5119,3680979,2366000
4750,261,278,313620,5123,3681257,2378500
4751,288,280,313353,5110,3681537,2268400
4752,275,280,313066,5117,3681817,2248300
4753,256,249,312818,5116,3682066,2336300
4754,286,259,312537,5138,3682325,2293600
4755,260,305,312268,5102,3682630,2267800
4756,267,293,312005,5072,3682923,2152300
4757,218,233,311770,5074,3683156,2114700
4758,237,277,311541,5026,3683433,2167100
4759,276,285,311281,5001,3683718,2151000
4760,241,243,311014,5025,3683961,2195500
4761,256,281,310777,4981,3684242,2181900
4762,245,252,310514,4992,3684494,2136000
4763,221,269,310291,4946,3684763,2091700
4764,246,290,310061,4886,3685053,2093500
4765,248,234,309802,4911,3685287,2075000
4766,273,258,309531,4924,3685545,2137700
4767,252,243,309279,4933,3685788,2236700
4768,251,242,309027,4943,3686030,2189300
4769,273,252,308756,4962,3686282,2298600
4770,255,258,308507,4953,3686540,2226100
4771,246,279,308251,4930,3686819,2433700
4772,226,249,308033,4899,3687068,2517900
4773,260,260,307765,4907,3687328,2348600
4774,269,267,307503,4902,3687595,2292500
4775,278,265,307230,4910,3687860,2285700
4776,269,267,306966,4907,3688127,2412500
4777,275,262,306674,4937,3688389,2395800
4778,258,246,306423,4942,3688635,2571200
4779,280,261,306144,4960,3688896,2520800
4780,270,260,305868,4976,3689156,2417800
4781,297,242,305588,5014,3689398,2517300
4782,300,261,305290,5051,3689659,2255000
4783,306,237,304977,5127,3689896,2256600
4784,270,255,304708,5141,3690151,2296900
4785,275,317,304424,5108,3690468,2264800
4786,303,256,304119,5157,3690724,2297000
4787,253,242,303874,5160,3690966,2377900
4788,266,268,303610,5156,3691234,2453800
4789,280,252,303331,5183,3691486,2248400
4790,279,264,303053,5197,3691750,2244400
4791,286,257,302771,5222,3692007,2191500
4792,334,280,302444,5269,3692287,2123500
4793,285,267,302146,5300,3692554,2120600
4794,289,299,301859,5288,3692853,2214900
4795,299,284,301556,5307,3693137,2181500
4796,287,291,301280,5292,3693428,2106100
4797,270,304,300998,5270,3693732,2145000
4798,297,292,300717,5259,3694024,2154600
4799,275,275,300419,5282,3694299,2264600
4800,292,249,300141,5311,3694548,2228000
4801,287,274,299852,5326,3694822,2151700
4802,309,275,299541,5362,3695097,2228700
4803,268,262,299269,5372,3695359,2310700
4804,280,276,298994,5371,3695635,2185800
4805,269,262,298714,5389,3695897,2296900
4806,270,284,298449,5370,3696181,2313300
4807,257,277,298188,5354,3696458,2168600
4808,243,265,297957,5320,3696723,2332200
4809,293,287,297654,5336,3697010,2266800
4810,236,295,297410,5285,3697305,2260200
4811,323,257,297111,5327,3697562,2219400
4812,324,277,296774,5387,3697839,2197100
4813,257,245,296516,5400,3698084,2422900
4814,268,280,296243,5393,3698364,2238600
4815,284,269,295966,5401,3698633,2244800
4816,249,284,295708,5375,3698917,2136800
4817,237,276,295471,5336,3699193,2124200
4818,297,290,295184,5333,3699483,2255500
4819,258,314,294933,5270,3699797,2155500
4820,253,297,294660,5246,3700094,2113000
4821,239,267,294423,5216,3700361,2097800
4822,277,279,294147,5213,3700640,2081400
4823,268,290,293889,5181,3700930,2150800
4824,282,284,293610,5176,3701214,2195000
4825,258,262,293339,5185,3701476,2154400
4826,248,273,293089,5162,3701749,2137900
4827,283,289,292805,5157,3702038,2078900
4828,255,264,292549,5149,3702302,2071100
4829,276,266,292289,5143,3702568,2173700
4830,224,264,292061,5107,3702832,2300500
4831,264,299,291793,5076,3703131,2193300
4832,238,259,291547,5063,3703390,2148000
4833,271,243,291283,5084,3703633,2188500
4834,250,257,291034,5076,3703890,2403300
4835,238,284,290790,5036,3704174,2348400
4836,260,265,290536,5025,3704439,2292900
4837,239,272,290295,4994,3704711,2390500
4838,223,222,290067,5000,3704933,2335500
4839,241,246,289828,4993,3705179,2250200
4840,230,265,289600,4956,3705444,2246700
4841,256,264,289356,4936,3705708,2223500
4842,251,259,289097,4936,3705967,2279400
4843,235,279,288854,4900,3706246,2251400
4844,290,274,288572,4908,3706520,2301800
4845,242,259,288328,4893,3706779,2213400
4846,235,219,288092,4910,3706998,2298700
4847,284,270,287821,4911,3707268,2293100
4848,279,236,287544,4952,3707504,2211600
4849,254,224,287271,5001,3707728,2258100
4850,263,267,287026,4979,3707995,2292700
4851,275,274,286740,4991,3708269,2366400
4852,268,267,286466,4998,3708536,2257300
4853,247,245,286220,4999,3708781,2243800
4854,275,267,285949,5003,3709048,2211100
4855,270,263,285671,5018,3709311,2262400
4856,265,259,285413,5017,3709570,2333100
4857,263,266,285152,5012,3709836,2459400
4858,259,248,284906,5010,3710084,2381800
4859,266,253,284620,5043,3710337,2321800
4860,284,286,284341,5036,3710623,2240300
4861,266,251,284068,5058,3710874,2187500
4862,263,253,283809,5064,3711127,2208900
4863,269,284,283543,5046,3711411,2326800
4864,270,271,283280,5038,3711682,2370600
4865,268,237,283003,5078,3711919,2236000
4866,221,264,282767,5050,3712183,2339100
4867,261,252,282520,5045,3712435,2488200
4868,270,294,282251,5020,3712729,2308300
4869,228,247,282029,4995,3712976,2493500
4870,251,273,281771,4980,3713249,2426600
4871,240,250,281529,4972,3713499,2301500
4872,243,262,281295,4944,3713761,2251100
4873,216,231,281062,4946,3713992,2257600
4874,251,269,280834,4905,3714261,2214300
4875,226,258,280599,4882,3714519,2206100
4876,232,282,280361,4838,3714801,2257400
4877,239,257,280126,4816,3715058,2342900
4878,199,271,279919,4752,3715329,2279500
4879,225,255,279698,4718,3715584,2366900
4880,225,225,279477,4714,3715809,2323500
4881,251,254,279228,4709,3716063,2291300
4882,227,223,278997,4717,3716286,2270200
4883,214,250,278779,4685,3716536,2177200
4884,256,224,278532,4708,3716760,2254300
4885,270,242,278268,4730,3717002,2242600
4886,252,223,278010,4765,3717225,2315500
4887,194,252,277796,4727,3717477,2385200
4888,216,251,277594,4678,3717728,2271000
4889,273,232,277309,4731,3717960,2416700
4890,274,239,277059,4742,3718199,2291600
4891,227,246,276825,4730,3718445,2378500
4892,233,264,276597,4694,3718709,2405000
4893,249,229,276332,4730,3718938,2389200
4894,252,245,276091,4726,3719183,2344400
4895,227,251,275849,4717,3719434,2230100
4896,239,240,275623,4703,3719674,2494400
4897,236,268,275395,4663,3719942,2337000
4898,242,277,275145,4636,3720219,2319000
4899,243,244,274896,4641,3720463,2377400
4900,259,275,274638,4624,3720738,2264700
4901,260,222,274400,4640,3720960,2309700
4902,214,220,274170,4650,3721180,2400200
4903,258,263,273912,4645,3721443,2332800
4904,249,229,273655,4673,3721672,2232500
4905,231,249,273441,4638,3721921,2426200
4906,206,236,273212,4631,3722157,2412200
4907,280,234,272943,4666,3722391,2265100
4908,236,237,272700,4672,3722628,2294400
4909,202,230,272502,4640,3722858,2203800
4910,246,235,272253,4654,3723093,2281400
4911,257,267,271993,4647,3723360,2464600
4912,237,232,271754,4654,3723592,2469100
4913,245,241,271513,4654,3723833,2329000
4914,234,236,271290,4641,3724069,2243100
4915,222,250,271061,4620,3724319,2352600
4916,237,254,270820,4607,3724573,2362800
4917,211,209,270611,4607,3724782,2332200
4918,267,266,270345,4607,3725048,2431800
4919,230,262,270112,4578,3725310,2452100
4920,226,239,269894,4557,3725549,2340200
4921,226,230,269659,4562,3725779,3130900
4922,224,249,269434,4538,3726028,2623800
4923,238,246,269210,4516,3726274,2578500
4924,272,223,268935,4568,3726497,2338700
4925,228,218,268695,4590,3726715,2249400
4926,231,251,268484,4550,3726966,2213100
4927,184,244,268283,4507,3727210,2305100
4928,223,223,268068,4499,3727433,2242800
4929,222,216,267847,4504,3727649,2272400
4930,211,230,267631,4490,3727879,2309000
4931,208,217,267411,4493,3728096,2280900
4932,215,202,267210,4492,3728298,2353400
4933,191,234,267004,4464,3728532,2437200
4934,213,245,266796,4427,3728777,2302400
4935,214,225,266579,4419,3729002,2418300
4936,216,226,266365,4407,3729228,2561500
4937,225,223,266155,4394,3729451,2509800
4938,192,232,265949,4368,3729683,2351800
4939,234,210,265729,4378,3729893,2447100
4940,197,220,265514,4373,3730113,2529400
4941,231,248,265292,4347,3730361,2571900
4942,223,226,265070,4343,3730587,2510100
4943,214,246,264853,4314,3730833,2527800
4944,214,223,264640,4304,3731056,2321400
4945,235,228,264406,4310,3731284,2361100
4946,243,212,264170,4334,3731496,2306600
4947,230,233,263940,4331,3731729,2269800
4948,236,210,263696,4365,3731939,2441800
4949,224,229,263475,4357,3732168,2445300
4950,216,219,263264,4349,3732387,2372800
4951,255,187,262999,4427,3732574,2299400
4952,230,233,262777,4416,3732807,2436600
4953,266,255,262518,4420,3733062,2376100
4954,250,225,262266,4447,3733287,2277300
4955,240,233,262015,4465,3733520,2240500
4956,231,260,261775,4445,3733780,2352800
4957,224,218,261573,4429,3733998,2361000
4958,217,234,261351,4417,3734232,2377400
4959,228,213,261114,4441,3734445,2286600
4960,217,227,260900,4428,3734672,2257400
4961,234,230,260664,4434,3734902,2326100
4962,226,210,260432,4456,3735112,2434800
4963,210,233,260227,4428,3735345,2493700
4964,218,228,260004,4423,3735573,2244600
4965,232,252,259779,4396,3735825,2293100
4966,217,227,259565,4383,3736052,2191600
4967,205,220,259353,4375,3736272,2476900
4968,210,248,259141,4339,3736520,2304400
4969,227,239,258916,4325,3736759,2290300
4970,208,223,258699,4319,3736982,2247500
4971,206,215,258509,4294,3737197,2386500
4972,219,202,258283,4318,3737399,2392300
4973,238,200,258048,4353,3737599,2463100
4974,216,263,257833,4305,3737862,2323100
4975,206,212,257619,4307,3738074,2223300
4976,233,216,257401,4309,3738290,2363600
4977,251,219,257140,4351,3738509,2544400
4978,201,249,256938,4304,3738758,2331100
4979,201,198,256740,4304,3738956,2330800
4980,213,190,256523,4331,3739146,2306700
4981,221,223,256313,4318,3739369,2217600
4982,229,239,256077,4315,3739608,2446600
4983,239,205,255847,4340,3739813,2415200
4984,206,233,255639,4315,3740046,2427000
4985,225,224,255411,4319,3740270,2410600
4986,234,241,255186,4303,3740511,2275100
4987,225,218,254954,4317,3740729,2260600
4988,217,231,254733,4307,3740960,2293200
4989,219,232,254512,4296,3741192,2175800
4990,204,229,254307,4272,3741421,2225800
4991,195,235,254108,4236,3741656,2251100
4992,211,211,253896,4237,3741867,2199700
4993,205,192,253697,4244,3742059,2242000
4994,223,222,253484,4235,3742281,2348600
4995,192,217,253277,4225,3742498,2305500
4996,200,192,253081,4229,3742690,2585900
4997,203,211,252887,4212,3742901,2426600
4998,186,226,252688,4185,3743127,2477300
4999,207,209,252479,4185,3743336,2536600
5000,183,221,252300,4143,3743557,2322800
5001,206,233,252095,4115,3743790,2277100
5002,188,232,251911,4067,3744022,2374400
5003,174,188,251732,4058,3744210,2602300
5004,200,212,251540,4038,3744422,2521100
5005,182,202,251340,4036,3744624,2351400
5006,191,212,251154,4010,3744836,2417300
5007,195,195,250963,4006,3745031,2388400
5008,197,219,250767,3983,3745250,2410500
5009,186,208,250579,3963,3745458,2451600
5010,177,229,250395,3918,3745687,2306800
5011,217,194,250191,3928,3745881,2275700
5012,178,182,250021,3916,3746063,2224300
5013,194,219,249815,3903,3746282,2199800
5014,212,219,249608,3891,3746501,2159300
5015,191,197,249414,3888,3746698,2223100
5016,180,201,249227,3874,3746899,2192000
5017,190,195,249051,3855,3747094,2262100
5018,173,163,248863,3880,3747257,2335200
5019,224,197,248660,3886,3747454,2207100
5020,189,207,248455,3884,3747661,2250500
5021,200,203,248255,3881,3747864,2384700
5022,228,206,248036,3894,3748070,2276600
5023,211,190,247814,3926,3748260,2294000
5024,212,221,247605,3914,3748481,2239200
5025,212,208,247404,3907,3748689,2268800
5026,219,224,247188,3899,3748913,2219800
5027,191,197,246981,3909,3749110,2499900
5028,179,217,246798,3875,3749327,2449700
5029,184,206,246619,3848,3749533,2496200
5030,198,197,246426,3844,3749730,2297700
5031,181,183,246237,3850,3749913,2483600
5032,190,206,246054,3827,3750119,2412600
5033,208,196,245849,3836,3750315,2428000
5034,194,206,245647,3832,3750521,2307600
5035,172,212,245469,3798,3750733,2223200
5036,187,210,245288,3769,3750943,2224000
5037,182,200,245096,3761,3751143,2295000
5038,221,209,244880,3768,3751352,2190000
5039,192,211,244699,3738,3751563,2201400
5040,195,203,244495,3739,3751766,2109400
5041,188,179,244306,3749,3751945,2093200
5042,210,190,244110,3755,3752135,2097600
5043,179,219,243924,3722,3752354,2119400
5044,170,193,243746,3707,3752547,2218300
5045,172,215,243577,3661,3752762,2174300
5046,188,172,243389,3677,3752934,2245400
5047,171,181,243218,3667,3753115,2250900
5048,177,179,243054,3652,3753294,2203100
5049,178,207,242861,3638,3753501,2305600
5050,206,178,242659,3662,3753679,2238000
5051,172,196,242496,3629,3753875,2267700
5052,184,219,242309,3597,3754094,2252200
5053,207,163,242099,3644,3754257,2193300
5054,179,178,241913,3652,3754435,2263900
5055,232,189,241687,3689,3754624,2236100
5056,184,192,241498,3686,3754816,2339500
5057,183,192,241321,3671,3755008,2102200
5058,199,199,241129,3664,3755207,2325100
5059,171,192,240952,3649,3755399,2184400
5060,180,197,240782,3622,3755596,2181400
5061,176,177,240595,3632,3755773,2163100
5062,225,171,240381,3675,3755944,2146200
5063,222,195,240152,3709,3756139,2266700
5064,231,216,239918,3727,3756355,2202200
5065,218,205,239706,3734,3756560,2246600
5066,206,196,239501,3743,3756756,2182300
5067,219,169,239285,3790,3756925,2116700
5068,184,202,239100,3773,3757127,2116500
5069,199,209,238880,3784,3757336,2226100
5070,237,213,238658,3793,3757549,2167500
5071,223,196,238428,3827,3757745,2169100
5072,185,200,238249,3806,3757945,2300600
5073,189,203,238054,3798,3758148,2154500
5074,229,187,237830,3835,3758335,2143400
5075,181,172,237645,3848,3758507,2109600
5076,225,184,237422,3887,3758691,2095200
5077,237,213,237191,3905,3758904,2145100
5078,200,211,236988,3897,3759115,2105200
5079,229,213,236761,3911,3759328,2170300
5080,186,210,236566,3896,3759538,2141600
5081,185,210,236374,3878,3759748,2101400
5082,208,229,236172,3851,3759977,2108000
5083,194,200,235998,3825,3760177,2118900
5084,190,190,235784,3849,3760367,2134900
5085,172,210,235616,3807,3760577,2161400
5086,189,204,235428,3791,3760781,2245200
5087,213,202,235224,3793,3760983,2269200
5088,199,210,235020,3787,3761193,2341100
5089,220,187,234809,3811,3761380,2244400
5090,184,191,234615,3814,3761571,2340600
5091,209,191,234407,3831,3761762,2392300
5092,195,194,234218,3826,3761956,2278200
5093,225,220,233991,3833,3762176,2422400
5094,182,201,233816,3807,3762377,2411900
5095,181,227,233619,3777,3762604,2350100
5096,205,195,233427,3774,3762799,2242100
5097,181,209,233243,3749,3763008,2235500
5098,202,220,233041,3731,3763228,2199100
5099,179,205,232852,3715,3763433,2344100
5100,191,207,232663,3697,3763640,2240300
5101,203,215,232457,3688,3763855,2324400
5102,189,211,232279,3655,3764066,2423000
5103,230,190,232048,3696,3764256,2254200
5104,186,191,231856,3697,3764447,2312000
5105,182,204,231679,3670,3764651,2205600
5106,214,199,231469,3681,3764850,2219200
5107,192,203,231269,3678,3765053,2335200
5108,205,175,231060,3712,3765228,2363900
5109,227,195,230834,3743,3765423,2250300
5110,212,194,230628,3755,3765617,2260800
5111,201,193,230431,3759,3765810,2368900
5112,202,194,230217,3779,3766004,2304800
5113,193,189,230035,3772,3766193,2800600
5114,187,205,229837,3765,3766398,2592300
5115,203,214,229642,3746,3766612,2915700
5116,172,207,229461,3720,3766819,2489500
5117,174,203,229291,3687,3767022,2384400
5118,195,185,229094,3699,3767207,2548600
5119,171,186,228929,3678,3767393,2450200
5120,193,198,228725,3684,3767591,2559400
5121,195,214,228533,3662,3767805,2751500
5122,208,186,228336,3673,3767991,2500100
5123,197,201,228136,3672,3768192,2350800
5124,204,204,227935,3669,3768396,2366300
5125,188,200,227743,3661,3768596,2427400
5126,220,181,227527,3696,3768777,2373300
5127,211,193,227322,3708,3768970,2416400
5128,156,171,227147,3712,3769141,2348800
5129,178,199,226971,3689,3769340,2395100
5130,163,199,226805,3656,3769539,2326700
5131,204,211,226616,3634,3769750,2246800
5132,155,169,226451,3630,3769919,2351800
5133,178,194,226274,3613,3770113,2321600
5134,185,202,226097,3588,3770315,2328300
5135,186,199,225906,3580,3770514,2389200
5136,171,168,225733,3585,3770682,2565400
5137,185,185,225549,3584,3770867,2580700
5138,166,201,225377,3555,3771068,2409100
5139,169,202,225215,3515,3771270,2474400
5140,163,210,225041,3479,3771480,2326000
5141,173,168,224875,3477,3771648,2363800
5142,199,172,224680,3500,3771820,2376500
5143,195,187,224476,3517,3772007,2356800
5144,180,168,224301,3524,3772175,2657000
5145,179,201,224130,3494,3772376,2749400
5146,200,173,223930,3521,3772549,2734800
5147,181,195,223749,3507,3772744,2484400
5148,167,178,223564,3514,3772922,2393100
5149,192,180,223384,3514,3773102,2361800
5150,205,187,223169,3542,3773289,2346200
5151,213,192,222972,3547,3773481,2285600
5152,191,175,222780,3564,3773656,2450000
5153,187,182,222578,3584,3773838,2319400
5154,189,189,222406,3567,3774027,2571200
5155,193,176,222204,3593,3774203,2455900
5156,191,199,222013,3585,3774402,2389400
5157,162,205,221858,3535,3774607,2525000
5158,182,179,221673,3541,3774786,2401300
5159,183,178,221485,3551,3774964,2320400
5160,197,187,221292,3557,3775151,2283400
5161,178,192,221114,3543,3775343,2369100
5162,162,167,220952,3538,3775510,2293300
5163,187,174,220768,3548,3775684,2432000
5164,198,184,220567,3565,3775868,2263800
5165,169,206,220399,3527,3776074,2449900
5166,194,195,220220,3511,3776269,2311000
5167,200,201,220013,3517,3776470,2205300
5168,182,180,219824,3526,3776650,2226500
5169,181,191,219655,3504,3776841,2201500
5170,162,181,219475,3503,3777022,2252100
5171,167,206,219311,3461,3777228,2274900
5172,189,188,219118,3466,3777416,2397000
5173,169,176,218956,3452,3777592,2373300
5174,170,173,218781,3454,3777765,2230900
5175,154,158,218626,3451,3777923,2269600
5176,173,181,218451,3445,3778104,2285200
5177,200,202,218257,3437,3778306,2337000
5178,169,165,218091,3438,3778471,2402800
5179,164,165,217915,3449,3778636,2584400
5180,174,168,217744,3452,3778804,2451200
5181,163,179,217577,3440,3778983,2293300
5182,183,177,217395,3445,3779160,2240000
5183,186,154,217214,3472,3779314,2285500
5184,167,177,217053,3456,3779491,2276200
5185,193,172,216854,3483,3779663,2262100
5186,166,189,216686,3462,3779852,2268800
5187,171,194,216523,3431,3780046,2222800
5188,167,179,216357,3418,3780225,2275200
5189,181,194,216170,3411,3780419,2166500
5190,185,184,215983,3414,3780603,2203000
5191,154,183,215831,3383,3780786,2145400
5192,150,160,215677,3377,3780946,2252400
5193,222,167,215468,3419,3781113,2224300
5194,180,170,215279,3438,3781283,2155300
5195,186,174,215104,3439,3781457,2180100
5196,207,184,214898,3461,3781641,2179500
5197,163,181,214721,3457,3781822,2243800
5198,190,181,214539,3458,3782003,2378700
5199,165,182,214365,3450,3782185,2207900
5200,184,169,214192,3454,3782354,2238700
5201,165,167,214026,3453,3782521,2156900
5202,177,182,213833,3464,3782703,2097800
5203,169,178,213675,3444,3782881,2155600
5204,169,167,213504,3448,3783048,2283800
5205,171,188,213340,3424,3783236,2242000
5206,189,193,213157,3414,3783429,2249100
5207,185,171,212966,3434,3783600,2451000
5208,160,181,212802,3417,3783781,2291800
5209,184,181,212616,3422,3783962,2243900
5210,175,165,212443,3430,3784127,2241400
5211,183,162,212275,3436,3784289,2222600
5212,175,185,212075,3451,3784474,2451000
5213,188,187,211889,3450,3784661,2624800
5214,150,178,211739,3422,3784839,2579100
5215,165,167,211576,3418,3785006,2567200
5216,178,150,211400,3444,3785156,2381800
5217,141,176,211252,3416,3785332,2497300
5218,168,180,211090,3398,3785512,2480400
5219,172,165,210929,3394,3785677,2228900
5220,159,194,210766,3363,3785871,2262200
5221,178,189,210593,3347,3786060,2448300
5222,196,180,210386,3374,3786240,2484200
5223,204,191,210182,3387,3786431,2203800
5224,183,180,209998,3391,3786611,2219500
5225,188,193,209822,3374,3786804,2320900
5226,170,177,209643,3376,3786981,2350500
5227,188,157,209454,3408,3787138,2243400
5228,184,195,209279,3388,3787333,2159400
5229,156,143,209112,3412,3787476,2373400
5230,166,180,208939,3405,3787656,2254500
5231,147,152,208805,3387,3787808,2306400
5232,192,204,208615,3373,3788012,2295000
5233,150,157,208450,3381,3788169,2296800
5234,177,171,208290,3370,3788340,2236800
5235,190,165,208095,3400,3788505,2189300
5236,192,172,207902,3421,3788677,2238400
5237,216,176,207693,3454,3788853,2195100
5238,179,201,207504,3442,3789054,2177200
5239,182,168,207333,3445,3789222,2139600
5240,162,178,207162,3438,3789400,2192000
5241,170,192,206988,3420,3789592,2213700
5242,176,186,206815,3407,3789778,2209400
5243,216,192,206610,3420,3789970,2196200
5244,198,185,206405,3440,3790155,2225200
5245,189,187,206221,3437,3790342,2141500
5246,217,170,206007,3481,3790512,2098500
5247,199,187,205800,3501,3790699,2154400
5248,173,176,205628,3497,3790875,2143800
5249,194,197,205423,3505,3791072,2139600
5250,192,171,205259,3498,3791243,2156200
5251,201,192,205040,3525,3791435,2167600
5252,207,170,204842,3553,3791605,2173900
5253,172,197,204657,3541,3791802,2188800
5254,207,173,204447,3578,3791975,2197000
5255,211,176,204246,3603,3792151,2160400
5256,203,190,204041,3618,3792341,2120300
5257,176,182,203864,3613,3792523,2152600
5258,187,189,203671,3617,3792712,2128600
5259,198,214,203487,3587,3792926,2331100
5260,172,178,203308,3588,3793104,2261000
5261,210,177,203094,3625,3793281,2173100
5262,161,189,202934,3596,3793470,2375900
5263,157,201,202780,3549,3793671,2379000
5264,194,192,202582,3555,3793863,2200400
5265,184,190,202398,3549,3794053,2373000
5266,177,173,202227,3547,3794226,2205500
5267,172,202,202048,3524,3794428,2150800
5268,168,166,201893,3513,3794594,2177200
5269,151,184,201721,3501,3794778,2123200
5270,171,171,201556,3495,3794949,2093800
5271,133,213,201421,3417,3795162,2100500
5272,159,174,201261,3403,3795336,2160200
5273,172,193,201095,3376,3795529,2082500
5274,183,186,200916,3369,3795715,2122400
5275,181,184,200732,3369,3795899,2123400
5276,185,187,200544,3370,3796086,2378700
5277,162,185,200375,3354,3796271,2287600
5278,163,155,200232,3342,3796426,2160000
5279,182,160,200048,3366,3796586,2186400
5280,190,189,199852,3373,3796775,2163600
5281,172,177,199678,3370,3796952,2162700
5282,151,182,199521,3345,3797134,2124900
5283,182,198,199358,3310,3797332,2282800
5284,149,186,199191,3291,3797518,2188600
5285,211,185,198990,3307,3797703,2301600
5286,176,201,198813,3283,3797904,2264100
5287,170,173,198628,3295,3798077,2293100
5288,158,157,198477,3289,3798234,2307000
5289,202,167,198281,3318,3798401,2261000
5290,182,181,198099,3319,3798582,2567500
5291,194,175,197905,3338,3798757,2621200
5292,174,164,197722,3357,3798921,2338500
5293,156,161,197582,3336,3799082,2323400
5294,176,171,197399,3348,3799253,2387100
5295,187,176,197213,3358,3799429,2249200
5296,167,201,197049,3321,3799630,2262400
5297,197,193,196862,3315,3799823,2623400
5298,192,159,196658,3360,3799982,2296100
5299,194,183,196460,3375,3800165,2201100
5300,180,187,196275,3373,3800352,2150900
5301,170,195,196113,3340,3800547,2161800
5302,178,177,195939,3337,3800724,2193900
5303,193,178,195748,3350,3800902,2297400
5304,170,172,195564,3362,3801074,2312000
5305,145,169,195421,3336,3801243,2191800
5306,178,179,195247,3331,3801422,2218200
5307,204,192,195045,3341,3801614,2242300
5308,186,162,194853,3371,3801776,2229300
5309,163,186,194691,3347,3801962,2198100
5310,155,181,194527,3330,3802143,2294500
5311,166,189,194375,3293,3802332,2361100
5312,157,160,194206,3302,3802492,2367000
5313,173,205,194038,3265,3802697,2293300
5314,145,166,193890,3247,3802863,2272500
5315,175,155,193723,3259,3803018,2416600
5316,193,188,193527,3267,3803206,2261800
5317,183,153,193354,3287,3803359,2259900
5318,173,163,193171,3307,3803522,2167800
5319,175,175,192992,3311,3803697,2287300
5320,148,151,192852,3300,3803848,2157700
5321,164,175,192691,3286,3804023,2148500
5322,174,166,192521,3290,3804189,2162000
5323,190,158,192323,3330,3804347,2178800
5324,188,182,192136,3335,3804529,2344400
5325,171,182,191957,3332,3804711,2255800
5326,192,198,191768,3323,3804909,2201200
5327,172,158,191595,3338,3805067,2105900
5328,154,175,191439,3319,3805242,2114800
5329,162,170,191287,3301,3805412,2345900
5330,161,152,191117,3319,3805564,2158500
5331,171,179,190954,3303,3805743,2296500
5332,158,196,190780,3281,3805939,2165600
5333,159,181,190632,3248,3806120,2230600
5334,163,167,190469,3244,3806287,2302900
5335,210,186,190265,3262,3806473,2085600
5336,164,169,190092,3266,3806642,2086800
5337,162,185,189932,3241,3806827,2090700
5338,156,159,189771,3243,3806986,2255300
5339,174,176,189593,3245,3807162,2174100
5340,180,172,189431,3235,3807334,2138900
5341,182,178,189239,3249,3807512,2087400
5342,166,145,189080,3263,3807657,2097000
5343,178,146,188902,3295,3807803,2120500
5344,158,164,188735,3298,3807967,2069200
5345,181,166,188563,3304,3808133,2183400
5346,184,171,188373,3323,3808304,2392400
5347,169,171,188207,3318,3808475,2443700
5348,185,169,188025,3331,3808644,2248200
5349,160,176,187856,3324,3808820,2244400
5350,148,182,187713,3285,3809002,2207800
5351,159,180,187545,3273,3809182,2226100
5352,171,199,187379,3240,3809381,2330900
5353,148,151,187223,3245,3809532,2244500
5354,153,172,187071,3225,3809704,2175300
5355,155,167,186921,3208,3809871,2258200
5356,164,154,186757,3218,3810025,2343200
5357,129,175,186626,3174,3810200,2482100
5358,148,153,186479,3168,3810353,2274800
5359,165,184,186326,3137,3810537,2370200
5360,147,148,186169,3146,3810685,2229400
5361,135,165,186031,3119,3810850,2150700
5362,144,162,185885,3103,3811012,2293900
5363,138,170,185751,3067,3811182,2338200
5364,142,170,185605,3043,3811352,2367000
5365,158,177,185443,3028,3811529,2405100
5366,146,153,185309,3009,3811682,2383100
5367,149,152,185160,3006,3811834,2264800
5368,166,159,185000,3007,3811993,2265800
5369,151,158,184843,3006,3812151,2409700
5370,161,177,184679,2993,3812328,2542600
5371,150,157,184521,2994,3812485,2618900
5372,161,157,184373,2985,3812642,2406700
5373,191,163,184189,3006,3812805,2508700
5374,172,155,184015,3025,3812960,2607400
5375,174,162,183845,3033,3813122,2451100
5376,184,159,183653,3066,3813281,2463000
5377,162,184,183489,3046,3813465,2383200
5378,184,140,183316,3079,3813605,2349100
5379,166,165,183138,3092,3813770,2202700
5380,160,162,182976,3092,3813932,2401400
5381,180,149,182797,3122,3814081,2436000
5382,138,156,182651,3112,3814237,2304000
5383,147,184,182513,3066,3814421,2367200
5384,141,148,182363,3068,3814569,2219000
5385,147,141,182228,3062,3814710,2390800
5386,184,169,182044,3077,3814879,2389500
5387,161,189,181880,3052,3815068,2213000
5388,152,163,181738,3031,3815231,2231400
5389,151,182,181574,3013,3815413,2137300
5390,150,154,181429,3004,3815567,2263600
5391,148,155,181275,3003,3815722,2144100
5392,178,156,181106,3016,3815878,2200500
5393,156,144,180952,3026,3816022,2174300
5394,162,170,180792,3016,3816192,2217400
5395,150,163,180625,3020,3816355,2308200
5396,161,145,180472,3028,3816500,2353400
5397,154,145,180317,3038,3816645,2192400
5398,177,176,180136,3043,3816821,2175600
5399,163,145,179971,3063,3816966,2173200
5400,143,160,179831,3043,3817126,2160600
5401,172,158,179660,3056,3817284,2242700
5402,160,149,179511,3056,3817433,2239700
5403,147,160,179362,3045,3817593,2197000
5404,192,146,179172,3089,3817739,2230100
5405,161,146,179005,3110,3817885,2147300
5406,155,169,178852,3094,3818054,2210500
5407,152,160,178690,3096,3818214,2203600
5408,167,158,178528,3100,3818372,2288000
5409,175,159,178356,3113,3818531,2158400
5410,162,164,178194,3111,3818695,2139500
5411,181,154,178016,3135,3818849,2347400
5412,152,185,177852,3114,3819034,2228900
5413,176,162,177693,3111,3819196,2235400
5414,169,151,177518,3135,3819347,2183000
5415,149,151,177363,3139,3819498,2128100
5416,135,163,177227,3112,3819661,2144100
5417,160,167,177060,3112,3819828,2222900
5418,173,181,176898,3093,3820009,2200300
5419,149,179,176742,3070,3820188,2189700
5420,160,153,176588,3071,3820341,2229400
5421,123,149,176456,3054,3820490,2242300
5422,162,186,176303,3021,3820676,2219100
5423,173,155,176124,3045,3820831,2159900
5424,148,137,175990,3042,3820968,2146300
5425,146,132,175828,3072,3821100,2215700
5426,144,165,175681,3054,3821265,2242200
5427,169,162,175522,3051,3821427,2265900
5428,192,180,175336,3057,3821607,2254400
5429,167,163,175161,3069,3821770,2251700
5430,155,155,175007,3068,3821925,2553000
5431,169,164,174843,3068,3822089,2462400
5432,132,146,174704,3061,3822235,2371900
5433,151,147,174550,3068,3822382,2500300
5434,177,152,174381,3085,3822534,2730900
5435,154,173,174221,3072,3822707,2482300
5436,165,162,174059,3072,3822869,2643400
5437,163,158,173896,3077,3823027,2655700
5438,168,160,173732,3081,3823187,2511600
5439,177,174,173561,3078,3823361,2407800
5440,182,125,173370,3144,3823486,2383300
5441,165,163,173207,3144,3823649,2395600
5442,149,148,173056,3147,3823797,2544300
5443,171,143,172888,3172,3823940,2312700
5444,178,141,172710,3209,3824081,2395700
5445,181,178,172534,3207,3824259,2511100
5446,165,160,172370,3211,3824419,2375800
5447,148,169,172210,3202,3824588,2555000
5448,174,161,172042,3209,3824749,2319500
5449,146,179,171892,3180,3824928,2304300
5450,161,161,171734,3177,3825089,2395300
5451,147,179,171579,3153,3825268,2412500
5452,150,160,171435,3137,3825428,2254400
5453,172,161,171261,3150,3825589,2323200
5454,162,153,171108,3150,3825742,2302200
5455,136,159,170965,3134,3825901,2408900
5456,156,154,170818,3127,3826055,2410900
5457,140,159,170664,3122,3826214,2266200
5458,147,168,170519,3099,3826382,2453200
5459,155,169,170365,3084,3826551,2528000
5460,162,160,170198,3091,3826711,2732200
5461,153,166,170046,3077,3826877,2418800
5462,179,175,169882,3066,3827052,2640400
5463,136,146,169738,3064,3827198,2679900
5464,169,166,169562,3074,3827364,2419400
5465,149,147,169416,3073,3827511,2517200
5466,152,153,169274,3062,3827664,2378800
5467,172,122,169095,3119,3827786,2786800
5468,155,161,168951,3102,3827947,2402600
5469,153,170,168788,3095,3828117,2287000
5470,168,147,168622,3114,3828264,2245900
5471,139,169,168481,3086,3828433,2299700
5472,143,155,168336,3076,3828588,2204200
5473,138,165,168197,3050,3828753,2215000
5474,164,141,168038,3068,3828894,2232300
5475,178,152,167859,3095,3829046,2203300
5476,159,154,167704,3096,3829200,2222600
5477,151,167,167537,3096,3829367,2202700
5478,144,164,167406,3063,3829531,2200200
5479,166,167,167236,3066,3829698,2369000
5480,147,146,167087,3069,3829844,2585000
5481,184,161,166915,3080,3830005,2345400
5482,148,156,166767,3072,3830161,2284800
5483,143,158,166611,3070,3830319,2270700
5484,160,158,166458,3065,3830477,2309300
5485,178,162,166280,3081,3830639,2310300
5486,163,130,166122,3109,3830769,2263300
5487,159,186,165958,3087,3830955,2178300
5488,163,169,165799,3077,3831124,2355200
5489,165,173,165625,3078,3831297,2153600
5490,165,135,165468,3100,3831432,2159600
5491,171,174,165297,3097,3831606,2219900
5492,153,182,165138,3074,3831788,2161300
5493,136,146,164998,3068,3831934,2326400
5494,145,166,164854,3046,3832100,2560900
5495,137,165,164713,3022,3832265,2280200
5496,152,157,164568,3010,3832422,2233800
5497,125,169,164438,2971,3832591,2296800
5498,167,137,164281,2991,3832728,2326300
5499,157,130,164122,3020,3832858,2197900
5500,143,150,163977,3015,3833008,2144100
5501,164,158,163812,3022,3833166,2221800
5502,150,176,163654,3004,3833342,2344800
5503,132,141,163529,2988,3833483,2466200
5504,133,151,163389,2977,3833634,2229200
5505,165,162,163241,2963,3833796,2238600
5506,160,170,163066,2968,3833966,2227500
5507,132,166,162935,2933,3834132,2371900
5508,155,141,162781,2946,3834273,2129500
5509,134,151,162640,2936,3834424,2235300
5510,131,140,162517,2919,3834564,2266600
5511,141,152,162384,2900,3834716,2385200
5512,144,140,162233,2911,3834856,2286200
5513,144,179,162090,2875,3835035,2241700
5514,170,153,161917,2895,3835188,2400500
5515,131,147,161781,2884,3835335,2286600
5516,142,154,161645,2866,3835489,2176500
5517,154,146,161507,2858,3835635,2088100
5518,136,138,161365,2862,3835773,2088700
5519,153,156,161211,2860,3835929,2170600
5520,148,156,161060,2855,3836085,2146500
5521,170,137,160890,2888,3836222,2347800
5522,132,142,160751,2885,3836364,2206800
5523,131,146,160622,2868,3836510,2267200
5524,156,171,160470,2849,3836681,2340500
5525,162,169,160303,2847,3836850,2250600
5526,140,134,160166,2850,3836984,2503000
5527,146,138,160014,2864,3837122,2400700
5528,143,151,159871,2856,3837273,2262300
5529,151,116,159740,2871,3837389,2467500
5530,145,158,159579,2874,3837547,2488200
5531,161,140,159418,2895,3837687,2306200
5532,156,125,159271,2917,3837812,2326500
5533,134,163,159123,2902,3837975,2192300
5534,155,131,158970,2924,3838106,2299600
5535,143,141,158835,2918,3838247,2423400
5536,136,121,158692,2940,3838368,2363100
5537,136,177,158561,2894,3838545,2287500
5538,156,144,158402,2909,3838689,2209700
5539,149,155,158261,2895,3838844,2186800
5540,137,133,158118,2905,3838977,2135600
5541,183,156,157940,2927,3839133,2299200
5542,146,150,157791,2926,3839283,2444000
5543,161,157,157637,2923,3839440,2242900
5544,133,159,157491,2910,3839599,2281100
5545,132,141,157358,2902,3839740,2414000
5546,128,137,157227,2896,3839877,2313000
5547,160,134,157084,2905,3840011,2283400
5548,127,141,156948,2900,3840152,2926800
5549,132,129,156811,2908,3840281,3260900
5550,156,147,156657,2915,3840428,5461000
5551,141,160,156514,2898,3840588,2851800
5552,161,153,156356,2903,3840741,3766100
5553,143,169,156220,2870,3840910,6119600
5554,139,153,156072,2865,3841063,2827700
5555,147,148,155936,2853,3841211,2565800
5556,146,151,155784,2854,3841362,2474100
5557,160,155,155630,2853,3841517,2492800
5558,133,128,155487,2868,3841645,2325700
5559,152,136,155340,2879,3841781,2316000
5560,166,149,155173,2897,3841930,2182000
5561,156,158,155013,2899,3842088,2295300
5562,150,150,154861,2901,3842238,2155100
5563,150,144,154713,2905,3842382,2212400
5564,167,145,154554,2919,3842527,9505400
5565,150,169,154400,2904,3842696,4316400
5566,138,163,154256,2885,3842859,3181400
5567,149,153,154112,2876,3843012,2850000
5568,136,153,153977,2858,3843165,2826200
5569,128,153,153838,2844,3843318,2762500
5570,151,129,153692,2861,3843447,2582700
5571,121,148,153571,2834,3843595,2777000
5572,137,130,153436,2839,3843725,2786400
5573,130,137,153308,2830,3843862,2490400
5574,155,155,153154,2829,3844017,2487000
5575,133,150,153017,2816,3844167,2499900
5576,121,148,152891,2794,3844315,2403100
5577,151,124,152746,2815,3844439,2577000
5578,139,158,152607,2796,3844597,2576300
5579,138,142,152466,2795,3844739,2472500
5580,156,129,152317,2815,3844868,2409700
5581,152,152,152158,2822,3845020,2609400
5582,130,136,152031,2813,3845156,2462300
5583,133,158,151889,2797,3845314,2331000
5584,142,142,151757,2787,3845456,2382400
5585,133,153,151622,2769,3845609,2267300
5586,119,124,151503,2764,3845733,2236900
5587,141,153,151362,2752,3845886,2212100
5588,121,146,151238,2730,3846032,2217300
5589,146,126,151093,2749,3846158,2262600
5590,136,149,150964,2729,3846307,2301800
5591,116,137,150847,2709,3846444,2458700
5592,157,134,150687,2735,3846578,2268100
5593,144,135,150547,2740,3846713,2320600
5594,152,149,150398,2740,3846862,2343900
5595,159,140,150244,2754,3847002,2240800
5596,171,152,150065,2781,3847154,2491400
5597,153,165,149914,2767,3847319,2283900
5598,150,156,149767,2758,3847475,2309900
5599,152,139,149608,2778,3847614,2427400
5600,153,137,149452,2797,3847751,2342000
5601,150,129,149296,2824,3847880,2253100
5602,153,152,149155,2813,3848032,2229900
5603,136,152,149011,2805,3848184,2221200
5604,163,149,148858,2809,3848333,2210600
5605,157,143,148689,2835,3848476,2178400
5606,140,171,148559,2794,3848647,2160300
5607,148,132,148407,2814,3848779,2138400
5608,141,135,148266,2820,3848914,2174900
5609,158,134,148112,2840,3849048,2117900
5610,134,142,147964,2846,3849190,2164300
5611,114,140,147855,2815,3849330,2311900
5612,123,151,147729,2790,3849481,2210600
5613,139,149,147602,2768,3849630,2190700
5614,134,143,147465,2762,3849773,2227300
5615,146,125,147314,2788,3849898,2232700
5616,117,149,147194,2759,3850047,2200900
5617,137,161,147064,2728,3850208,2138600
5618,123,126,146933,2733,3850334,2309900
5619,119,144,146820,2702,3850478,2282900
5620,132,151,146688,2683,3850629,2218700
5621,134,154,146556,2661,3850783,2269200
5622,131,141,146425,2651,3850924,2175000
5623,128,142,146288,2646,3851066,2105700
5624,124,126,146175,2633,3851192,2085700
5625,111,135,146048,2625,3851327,2128400
5626,114,144,145951,2578,3851471,2299700
5627,126,111,145825,2593,3851582,2261100
5628,104,142,145719,2557,3851724,2357200
5629,114,123,145603,2550,3851847,2224000
5630,101,130,145503,2520,3851977,2233800
5631,113,159,145390,2474,3852136,2222300
5632,110,130,145273,2461,3852266,2294300
5633,110,104,145164,2466,3852370,2372800
5634,121,138,145037,2455,3852508,2263200
5635,135,140,144909,2443,3852648,2258400
5636,128,108,144786,2458,3852756,2257000
5637,125,121,144657,2466,3852877,2244600
5638,137,135,144522,2466,3853012,2327600
5639,135,126,144387,2475,3853138,2350800
5640,125,109,144258,2495,3853247,2257900
5641,119,140,144142,2471,3853387,2335600
5642,128,134,144015,2464,3853521,2361100
5643,117,137,143897,2445,3853658,2516100
5644,134,117,143770,2455,3853775,2480600
5645,102,142,143654,2429,3853917,2299600
5646,141,134,143527,2422,3854051,2268100
5647,127,144,143392,2413,3854195,2184300
5648,128,135,143260,2410,3854330,2119300
5649,132,137,143133,2400,3854467,2103800
5650,118,117,143021,2395,3854584,2108100
5651,127,123,142888,2405,3854707,2137200
5652,111,127,142781,2385,3854834,2114100
5653,116,114,142659,2393,3854948,2403900
5654,121,136,142532,2384,3855084,2424900
5655,118,142,142425,2349,3855226,2312100
5656,118,137,142308,2329,3855363,2401500
5657,105,111,142191,2335,3855474,2205900
5658,118,119,142078,2329,3855593,2319600
5659,121,97,141971,2339,3855690,2247900
5660,121,122,141838,2350,3855812,2243000
5661,127,122,141716,2350,3855934,2126000
5662,128,135,141588,2343,3856069,2214100
5663,119,131,141464,2336,3856200,2308700
5664,133,127,141328,2345,3856327,2337400
5665,99,117,141230,2326,3856444,2323100
5666,128,125,141104,2327,3856569,2306800
5667,88,131,141013,2287,3856700,2292300
5668,110,138,140901,2261,3856838,2159800
5669,133,115,140776,2271,3856953,2213500
5670,123,124,140649,2274,3857077,2210700
5671,140,114,140515,2294,3857191,2146200
5672,129,115,140387,2307,3857306,2127600
5673,148,119,140231,2344,3857425,2090000
5674,130,126,140109,2340,3857551,2217200
5675,121,135,139988,2326,3857686,2132000
5676,147,133,139834,2347,3857819,2114400
5677,129,126,139701,2354,3857945,2042500
5678,115,150,139592,2313,3858095,2110300
5679,98,121,139492,2292,3858216,2172800
5680,113,127,139374,2283,3858343,2139400
5681,109,121,139276,2260,3858464,2189600
5682,131,111,139135,2290,3858575,2154100
5683,121,128,139018,2279,3858703,2155200
5684,140,117,138874,2306,3858820,2113200
5685,107,136,138768,2276,3858956,2122600
5686,129,136,138650,2258,3859092,2118400
5687,116,101,138534,2273,3859193,2167400
5688,113,126,138409,2272,3859319,2220500
5689,99,101,138314,2266,3859420,2238700
5690,116,123,138191,2266,3859543,2185500
5691,133,135,138075,2247,3859678,2062100
5692,98,143,137970,2209,3859821,2169700
5693,122,112,137851,2216,3859933,2181900
5694,120,106,137724,2237,3860039,2205700
5695,128,114,137602,2245,3860153,2263100
5696,128,120,137471,2256,3860273,2271000
5697,126,113,137345,2269,3860386,2385200
5698,104,114,137237,2263,3860500,2160700
5699,120,117,137121,2262,3860617,2184600
5700,166,119,136964,2300,3860736,2161300
5701,121,127,136838,2299,3860863,2137000
5702,121,112,136713,2312,3860975,2103100
5703,112,123,136597,2305,3861098,2165000
5704,141,115,136460,2327,3861213,2181200
5705,128,139,136333,2315,3861352,2365500
5706,125,120,136204,2324,3861472,2104200
5707,114,139,136088,2301,3861611,2091300
5708,125,119,135966,2304,3861730,2162800
5709,140,117,135829,2324,3861847,2130400
5710,112,131,135711,2311,3861978,2149500
5711,102,102,135606,2314,3862080,2188800
5712,115,128,135492,2300,3862208,2199700
5713,115,117,135380,2295,3862325,2285200
5714,95,102,135287,2286,3862427,2164300
5715,97,113,135185,2275,3862540,2215400
5716,124,119,135061,2280,3862659,2184000
5717,151,116,134919,2306,3862775,2270300
5718,105,120,134814,2291,3862895,2228500
5719,122,133,134689,2283,3863028,2229800
5720,92,136,134592,2244,3863164,2201200
5721,96,109,134498,2229,3863273,2207300
5722,118,115,134391,2221,3863388,2321600
5723,103,114,134279,2219,3863502,2327200
5724,119,139,134160,2199,3863641,2310900
5725,109,114,134052,2193,3863755,2218100
5726,101,104,133947,2194,3863859,2141800
5727,98,120,133845,2176,3863979,2182700
5728,100,104,133747,2170,3864083,2212700
5729,96,103,133653,2161,3864186,2127300
5730,115,119,133547,2148,3864305,2181200
5731,111,104,133428,2163,3864409,2411500
5732,122,100,133307,2184,3864509,2201500
5733,110,102,133196,2193,3864611,2196100
5734,110,106,133085,2198,3864717,2161100
5735,138,124,132948,2211,3864841,2152600
5736,112,108,132842,2209,3864949,2122000
5737,116,106,132714,2231,3865055,2284400
5738,108,134,132618,2193,3865189,2218800
5739,133,98,132484,2229,3865287,2163400
5740,108,116,132377,2220,3865403,2120600
5741,103,87,132265,2245,3865490,2167800
5742,114,120,132165,2225,3865610,2157900
5743,116,112,132046,2232,3865722,2106300
5744,116,134,131922,2222,3865856,2189400
5745,133,118,131791,2235,3865974,2296700
5746,140,116,131658,2252,3866090,2343900
5747,117,119,131541,2250,3866209,2188700
5748,114,101,131431,2259,3866310,2226800
5749,129,123,131304,2263,3866433,2510700
5750,128,122,131161,2284,3866555,2257100
5751,127,109,131044,2292,3866664,2275500
5752,121,114,130917,2305,3866778,2261800
5753,104,117,130812,2293,3866895,2260400
5754,126,139,130681,2285,3867034,2188000
5755,99,116,130589,2261,3867150,2199900
5756,117,119,130475,2256,3867269,2194400
5757,105,111,130367,2253,3867380,2134300
5758,97,119,130270,2231,3867499,2226300
5759,130,141,130138,2222,3867640,2175100
5760,125,119,130020,2221,3867759,2167200
5761,135,113,129878,2250,3867872,2114300
5762,136,128,129739,2261,3868000,2063900
5763,107,121,129635,2244,3868121,2051600
5764,124,110,129509,2260,3868231,2131200
5765,125,99,129383,2287,3868330,2237900
5766,154,121,129236,2313,3868451,2139100
5767,142,135,129096,2318,3868586,2051800
5768,123,101,128971,2342,3868687,2080700
5769,116,118,128856,2339,3868805,2168900
5770,126,134,128732,2329,3868939,2097800
5771,107,117,128615,2329,3869056,2170400
5772,127,119,128492,2333,3869175,2192200
5773,133,114,128365,2346,3869289,2157100
5774,116,129,128242,2340,3869418,2102700
5775,133,139,128108,2335,3869557,2052100
5776,102,123,128003,2317,3869680,2177900
5777,121,108,127884,2328,3869788,2206000
5778,111,119,127769,2324,3869907,2205200
5779,125,121,127651,2321,3870028,2259000
5780,127,125,127520,2327,3870153,2534500
5781,127,133,127398,2316,3870286,2354100
5782,130,135,127270,2309,3870421,2304000
5783,119,130,127151,2298,3870551,2189900
5784,97,124,127050,2275,3870675,2260400
5785,110,123,126941,2261,3870798,2211700
5786,118,134,126825,2243,3870932,2202000
5787,113,111,126705,2252,3871043,2260100
5788,128,111,126580,2266,3871154,2166600
5789,123,111,126457,2278,3871265,2180300
5790,113,119,126347,2269,3871384,2230500
5791,112,128,126236,2252,3871512,2290400
5792,106,108,126120,2260,3871620,2197900
5793,137,106,125986,2288,3871726,2290600
5794,116,113,125879,2282,3871839,2256900
5795,109,121,125762,2278,3871960,2132700
5796,110,114,125652,2274,3872074,2154400
5797,135,105,125523,2298,3872179,2258500
5798,113,115,125415,2291,3872294,2224500
5799,134,121,125273,2312,3872415,2123300
5800,120,109,125157,2319,3872524,2218900
5801,113,112,125030,2334,3872636,2257400
5802,109,112,124926,2326,3872748,2310400
5803,135,129,124799,2324,3872877,2424100
5804,110,125,124683,2315,3873002,2403400
5805,115,118,124566,2314,3873120,2469400
5806,123,118,124452,2310,3873238,2381600
5807,131,108,124316,2338,3873346,2326600
5808,125,128,124197,2329,3873474,2416200
5809,120,142,124075,2309,3873616,2647800
5810,133,137,123941,2306,3873753,2405700
5811,110,108,123823,2316,3873861,2404600
5812,102,127,123725,2287,3873988,2346600
5813,109,106,123614,2292,3874094,2318900
5814,117,102,123499,2305,3874196,2359500
5815,100,104,123396,2304,3874300,2442900
5816,87,106,123306,2288,3874406,2560100
5817,123,120,123191,2283,3874526,2447000
5818,131,130,123062,2282,3874656,2324100
5819,119,128,122946,2270,3874784,2233900
5820,121,130,122818,2268,3874914,2433200
5821,137,110,122688,2288,3875024,2523100
5822,119,124,122566,2286,3875148,2212000
5823,122,108,122441,2303,3875256,2147300
5824,108,121,122339,2284,3875377,2135700
5825,129,140,122204,2279,3875517,2119700
5826,93,113,122110,2260,3875630,2114100
5827,89,127,122019,2224,3875757,2141000
5828,95,117,121924,2202,3875874,2075500
5829,103,133,121820,2173,3876007,2074300
5830,109,119,121717,2157,3876126,2150300
5831,96,99,121620,2155,3876225,2066600
5832,87,116,121528,2131,3876341,2093500
5833,111,92,121418,2149,3876433,2239200
5834,107,109,121306,2152,3876542,2230200
5835,98,105,121210,2143,3876647,2304700
5836,90,104,121122,2127,3876751,2206600
5837,112,113,121012,2124,3876864,2139000
5838,100,93,120910,2133,3876957,2093000
5839,101,97,120813,2133,3877054,2133700
5840,129,115,120693,2138,3877169,2091700
5841,116,126,120574,2131,3877295,2095200
5842,98,93,120475,2137,3877388,2147100
5843,97,104,120372,2136,3877492,2138000
5844,126,110,120248,2150,3877602,2100600
5845,124,127,120128,2143,3877729,2062700
5846,90,94,120032,2145,3877823,2088400
5847,97,113,119937,2127,3877936,2057700
5848,120,110,119816,2138,3878046,2051900
5849,130,123,119692,2139,3878169,2121500
5850,99,105,119588,2138,3878274,2079400
5851,95,107,119489,2130,3878381,2068100
5852,104,123,119388,2108,3878504,2082100
5853,129,113,119262,2121,3878617,2069200
5854,120,111,119142,2130,3878728,2157800
5855,110,95,119031,2146,3878823,2137100
5856,107,107,118923,2147,3878930,2066100
5857,131,109,118800,2161,3879039,2105500
5858,106,113,118686,2162,3879152,2092200
5859,109,113,118571,2164,3879265,2086200
5860,109,107,118465,2163,3879372,2056300
5861,98,123,118372,2133,3879495,2065000
5862,104,114,118270,2121,3879609,2162700
5863,119,110,118151,2130,3879719,2159900
5864,103,123,118045,2113,3879842,2200400
5865,97,96,117947,2115,3879938,2323900
5866,102,123,117848,2091,3880061,2243000
5867,97,106,117742,2091,3880167,2291300
5868,94,107,117649,2077,3880274,2380900
5869,112,104,117533,2089,3880378,2313000
5870,125,116,117422,2084,3880494,2355500
5871,114,112,117297,2097,3880606,2295100
5872,95,117,117205,2072,3880723,2285300
5873,106,102,117095,2080,3880825,2160500
5874,102,114,116995,2066,3880939,2108400
5875,104,90,116895,2076,3881029,2165400
5876,132,107,116761,2103,3881136,2172600
5877,138,113,116623,2128,3881249,2098300
5878,129,100,116502,2149,3881349,2382700
5879,104,101,116396,2154,3881450,2336500
5880,115,102,116273,2175,3881552,2178500
5881,103,119,116171,2158,3881671,2228700
5882,104,124,116070,2135,3881795,2103200
5883,108,105,115951,2149,3881900,2080000
5884,98,105,115861,2134,3882005,2122500
5885,113,112,115747,2136,3882117,2100100
5886,108,126,115649,2108,3882243,2163600
5887,89,116,115551,2090,3882359,2253800
5888,106,122,115440,2079,3882481,2252700
5889,119,102,115335,2082,3882583,2276100
5890,96,83,115223,2111,3882666,2366200
5891,112,112,115115,2107,3882778,2763900
5892,107,108,115015,2099,3882886,2399200
5893,117,108,114889,2117,3882994,2505500
5894,119,102,114787,2117,3883096,2435100
5895,115,132,114669,2103,3883228,2481500
5896,111,92,114550,2130,3883320,2451100
5897,105,119,114440,2121,3883439,2402500
5898,107,103,114341,2117,3883542,2566900
5899,110,104,114226,2128,3883646,2359100
5900,86,121,114138,2095,3883767,2371300
5901,104,121,114036,2076,3883888,2471500
5902,111,95,113931,2086,3883983,2476200
5903,110,107,113814,2096,3884090,2448800
5904,118,107,113701,2102,3884197,2379900
5905,111,99,113590,2114,3884296,2505200
5906,104,100,113477,2127,3884396,2445500
5907,104,121,113379,2104,3884517,2429300
5908,101,117,113281,2085,3884634,2370100
5909,101,122,113171,2073,3884756,2467200
5910,109,115,113067,2062,3884871,2417700
5911,109,104,112955,2070,3884975,2464900
5912,130,93,112836,2096,3885068,2461500
5913,119,109,112713,2110,3885177,2384000
5914,109,101,112609,2113,3885278,2475200
5915,108,123,112491,2108,3885401,2314500
5916,121,95,112372,2132,3885496,2411600
5917,115,103,112257,2144,3885599,2346400
5918,84,104,112166,2131,3885703,2416600
5919,106,107,112075,2115,3885810,2385500
5920,128,111,111938,2141,3885921,2363300
5921,97,124,111834,2121,3886045,2467500
5922,109,124,111731,2100,3886169,2460400
5923,127,120,111613,2098,3886289,2437300
5924,96,117,111510,2084,3886406,2508300
5925,96,95,111407,2092,3886501,2522000
5926,104,95,111305,2099,3886596,2397700
5927,102,120,111222,2062,3886716,2371000
5928,96,111,111116,2057,3886827,2456200
5929,109,110,111005,2058,3886937,2388500
5930,104,103,110897,2063,3887040,2484900
5931,106,101,110792,2067,3887141,2496400
5932,116,122,110679,2058,3887263,2331500
5933,88,115,110589,2033,3887378,2445700
5934,105,105,110484,2033,3887483,2376600
5935,108,114,110377,2026,3887597,2383900
5936,102,117,110274,2012,3887714,2291700
5937,122,114,110155,2017,3887828,2537900
5938,99,109,110058,2005,3887937,2411300
5939,102,113,109952,1998,3888050,2592200
5940,118,112,109834,2004,3888162,2385900
5941,97,113,109736,1989,3888275,2457400
5942,104,102,109633,1990,3888377,2372900
5943,103,88,109525,2010,3888465,2467400
5944,105,120,109420,1995,3888585,2456600
5945,88,91,109331,1993,3888676,2512400
5946,112,90,109228,2006,3888766,2456900
5947,107,99,109119,2016,3888865,2402900
5948,95,112,109020,2003,3888977,2440600
5949,119,91,108901,2031,3889068,2461500
5950,107,129,108803,2000,3889197,2549900
5951,95,103,108698,2002,3889300,2607600
5952,118,111,108581,2008,3889411,2600800
5953,106,104,108477,2008,3889515,2563400
5954,100,107,108384,1994,3889622,2644500
5955,91,101,108288,1989,3889723,2458200
5956,120,86,108156,2035,3889809,2765200
5957,76,110,108086,1995,3889919,2513800
5958,96,101,107982,1998,3890020,2500600
5959,89,105,107900,1975,3890125,2539400
5960,95,106,107807,1962,3890231,2464400
5961,98,104,107703,1962,3890335,2544000
5962,111,96,107607,1962,3890431,2702400
5963,91,101,107509,1959,3890532,2610100
5964,87,102,107421,1945,3890634,2559200
5965,103,86,107316,1964,3890720,2607200
5966,93,113,107224,1943,3890833,2539300
5967,120,99,107104,1964,3890932,2503900
5968,89,105,107012,1951,3891037,2587400
5969,90,104,106925,1934,3891141,2784300
5970,91,99,106829,1931,3891240,2635900
5971,98,102,106740,1918,3891342,2604300
5972,101,105,106633,1920,3891447,2613300
5973,83,117,106562,1874,3891564,2634500
5974,85,99,106466,1871,3891663,2752900
5975,98,96,106370,1871,3891759,2711000
5976,105,92,106261,1888,3891851,2857100
5977,114,110,106154,1885,3891961,2549900
5978,95,106,106051,1882,3892067,2485300
5979,107,105,105948,1880,3892172,2490800
5980,85,92,105859,1877,3892264,2528600
5981,76,95,105780,1861,3892359,2444900
5982,103,83,105688,1870,3892442,2400000
5983,131,95,105557,1906,3892537,2344700
5984,89,112,105470,1881,3892649,2344300
5985,116,101,105351,1899,3892750,2276100
5986,109,96,105240,1914,3892846,2572200
5987,80,119,105162,1873,3892965,2268300
5988,77,107,105083,1845,3893072,2183500
5989,84,109,105000,1819,3893181,2177200
5990,74,109,104927,1783,3893290,2150000
5991,81,100,104837,1773,3893390,2146800
5992,87,87,104756,1767,3893477,2137500
5993,79,90,104676,1757,3893567,2188200
5994,85,96,104590,1747,3893663,2225700
5995,92,96,104512,1729,3893759,2161900
5996,71,105,104431,1705,3893864,2113500
5997,56,78,104366,1692,3893942,2126400
5998,79,82,104295,1681,3894024,2069400
5999,84,95,104211,1670,3894119,2075500
6000,70,95,104140,1646,3894214,2156200
6001,87,81,104051,1654,3894295,2149900
6002,72,102,103978,1625,3894397,2094500
6003,94,104,103888,1611,3894501,2102200
6004,84,91,103802,1606,3894592,2158400
6005,93,102,103708,1598,3894694,2074300
6006,77,78,103635,1593,3894772,2177400
6007,84,75,103546,1607,3894847,2103500
6008,67,84,103474,1595,3894931,2235500
6009,79,72,103403,1594,3895003,2378300
6010,78,83,103320,1594,3895086,2189800
6011,74,81,103249,1584,3895167,2200900
6012,89,87,103164,1582,3895254,2212000
6013,66,77,103092,1577,3895331,2252100
6014,93,83,103001,1585,3895414,2267500
6015,83,86,102923,1577,3895500,2422000
6016,93,74,102833,1593,3895574,2321200
6017,69,83,102754,1589,3895657,2450100
6018,80,106,102678,1559,3895763,2504600
6019,82,83,102592,1562,3895846,2245500
6020,53,87,102541,1526,3895933,2460400
6021,79,69,102459,1539,3896002,2437800
6022,65,75,102398,1525,3896077,2393000
6023,99,79,102302,1542,3896156,2284600
6024,90,78,102213,1553,3896234,2345400
6025,87,96,102119,1551,3896330,2428500
6026,68,91,102055,1524,3896421,2308400
6027,89,73,101964,1542,3896494,2258900
6028,77,90,101891,1525,3896584,2330600
6029,90,86,101799,1531,3896670,2245200
6030,76,74,101727,1529,3896744,2236900
6031,111,88,101606,1562,3896832,2434400
6032,103,89,101510,1569,3896921,2364400
6033,96,76,101419,1584,3896997,2223800
6034,82,82,101332,1589,3897079,2112600
6035,82,76,101251,1594,3897155,2352500
6036,78,91,101180,1574,3897246,2264000
6037,87,84,101084,1586,3897330,2335000
6038,98,78,100987,1605,3897408,2454700
6039,101,99,100887,1606,3897507,2480300
6040,77,75,100805,1613,3897582,2366100
6041,88,79,100714,1625,3897661,2485200
6042,100,87,100624,1628,3897748,2449700
6043,86,79,100532,1641,3897827,2340600
6044,107,90,100432,1651,3897917,2278900
6045,97,72,100335,1676,3897989,2467500
6046,87,69,100250,1692,3898058,2423700
6047,85,95,100155,1692,3898153,2308400
6048,84,96,100079,1672,3898249,2274300
6049,81,95,99993,1663,3898344,2429200
6050,87,83,99902,1671,3898427,2428500
6051,76,93,99830,1650,3898520,2450100
6052,104,84,99726,1670,3898604,2441000
6053,85,95,99644,1657,3898699,2340900
6054,63,90,99576,1635,3898789,2431200
6055,83,83,99495,1633,3898872,2556100
6056,81,77,99408,1643,3898949,2333500
6057,64,78,99349,1624,3899027,2374600
6058,95,79,99258,1636,3899106,2405200
6059,86,77,99181,1636,3899183,2355300
6060,78,75,99098,1644,3899258,2347400
6061,89,81,98999,1662,3899339,2557500
6062,92,82,98914,1665,3899421,2573300
6063,110,72,98812,1695,3899493,2515900
6064,103,96,98696,1715,3899589,2519300
6065,73,102,98623,1686,3899691,2549700
6066,98,90,98532,1687,3899781,2459900
6067,84,87,98449,1683,3899868,2544000
6068,68,83,98376,1673,3899951,2497000
6069,82,93,98292,1664,3900044,2383700
6070,79,78,98213,1665,3900122,2461300
6071,65,99,98143,1636,3900221,2473400
6072,70,90,98083,1606,3900311,2502300
6073,80,88,98001,1600,3900399,2511100
6074,80,84,97923,1594,3900483,2427500
6075,83,90,97831,1596,3900573,2427100
6076,71,74,97763,1590,3900647,2545500
6077,91,85,97679,1589,3900732,2459500
6078,106,80,97570,1618,3900812,2322200
6079,96,80,97472,1636,3900892,2506000
6080,98,98,97376,1634,3900990,2448400
6081,95,79,97280,1651,3901069,2552700
6082,79,93,97197,1641,3901162,2418700
6083,94,88,97117,1633,3901250,3810300
6084,101,88,97016,1646,3901338,2425300
6085,95,80,96910,1672,3901418,2420800
6086,95,82,96819,1681,3901500,2365600
6087,102,84,96713,1703,3901584,2450300
6088,96,88,96621,1707,3901672,2521000
6089,97,94,96522,1712,3901766,2455000
6090,76,95,96440,1699,3901861,2449900
6091,109,86,96337,1716,3901947,2389800
6092,69,92,96260,1701,3902039,2512900
6093,78,81,96187,1693,3902120,2504200
6094,95,84,96089,1707,3902204,2472400
6095,69,107,96021,1668,3902311,2370400
6096,88,84,95937,1668,3902395,2705800
6097,64,87,95869,1649,3902482,2388000
6098,81,101,95788,1629,3902583,2502900
6099,84,89,95706,1622,3902672,2564400
6100,84,85,95625,1618,3902757,2420200
6101,77,86,95546,1611,3902843,2436200
6102,99,70,95446,1641,3902913,2452000
6103,96,81,95356,1650,3902994,2491400
6104,104,77,95248,1681,3903071,2441000
6105,85,83,95163,1683,3903154,2558900
6106,72,74,95087,1685,3903228,2410900
6107,84,100,95001,1671,3903328,2371700
6108,77,107,94928,1637,3903435,2455000
6109,85,83,94839,1643,3903518,2333800
6110,90,92,94750,1640,3903610,2477600
6111,90,93,94668,1629,3903703,2561700
6112,85,89,94581,1627,3903792,2573700
6113,64,96,94515,1597,3903888,2362600
6114,65,85,94445,1582,3903973,2432400
6115,76,73,94371,1583,3904046,2478500
6116,88,80,94281,1593,3904126,2380800
6117,72,87,94211,1576,3904213,2508100
6118,102,87,94120,1580,3904300,2437000
6119,93,86,94022,1592,3904386,2556800
6120,83,69,93937,1608,3904455,6841800
6121,76,87,93850,1608,3904542,3361600
6122,85,86,93772,1600,3904628,2834700
6123,77,94,93698,1580,3904722,2781600
6124,75,84,93625,1569,3904806,3033900
6125,68,87,93551,1556,3904893,2887800
6126,87,98,93464,1545,3904991,2701800
6127,74,88,93398,1523,3905079,2632800
6128,77,85,93317,1519,3905164,2590800
6129,82,69,93230,1537,3905233,2487700
6130,82,89,93148,1530,3905322,2443500
6131,68,81,93077,1520,3905403,2571700
6132,89,97,92998,1502,3905500,2705800
6133,86,70,92914,1516,3905570,2586900
6134,79,81,92829,1520,3905651,2687700
6135,72,71,92757,1521,3905722,2562500
6136,86,75,92669,1534,3905797,2607300
6137,75,70,92595,1538,3905867,2416800
6138,72,85,92520,1528,3905952,2474000
6139,62,67,92459,1522,3906019,2375400
6140,73,96,92385,1500,3906115,2325700
6141,85,78,92300,1507,3906193,2303100
6142,55,75,92252,1480,3906268,2349800
6143,92,78,92158,1496,3906346,2412300
6144,85,72,92071,1511,3906418,2535600
6145,89,71,91985,1526,3906489,2604400
6146,78,93,91907,1511,3906582,2518800
6147,85,84,91816,1518,3906666,2310200
6148,99,68,91730,1536,3906734,2515800
6149,87,83,91635,1548,3906817,2513600
6150,67,71,91562,1550,3906888,2342900
6151,74,105,91492,1515,3906993,2401600
6152,81,65,91415,1527,3907058,2615100
6153,82,91,91333,1518,3907149,2622800
6154,85,85,91240,1526,3907234,2600000
6155,78,78,91164,1524,3907312,2650600
6156,70,71,91093,1524,3907383,2842600
6157,68,77,91029,1511,3907460,2577500
6158,83,86,90948,1506,3907546,2904300
6159,95,63,90852,1539,3907609,2641500
6160,80,85,90773,1533,3907694,2556000
6161,98,66,90673,1567,3907760,2368800
6162,92,82,90585,1573,3907842,2274000
6163,86,79,90494,1585,3907921,2321300
6164,102,92,90399,1588,3908013,2376800
6165,88,74,90307,1606,3908087,2340000
6166,82,81,90222,1610,3908168,2308200
6167,105,94,90117,1621,3908262,2290100
6168,80,92,90038,1608,3908354,2353300
6169,75,91,89965,1590,3908445,2385100
6170,54,101,89903,1551,3908546,2379200
6171,80,83,89826,1545,3908629,2853800
6172,87,101,89742,1528,3908730,2745300
6173,81,92,89664,1514,3908822,3049300
6174,81,77,89588,1513,3908899,2830200
6175,49,76,89527,1498,3908975,2616300
6176,75,69,89462,1494,3909044,2797800
6177,70,84,89382,1490,3909128,2541500
6178,82,83,89299,1490,3909211,2564200
6179,88,79,89213,1497,3909290,2904400
6180,61,74,89151,1485,3909364,2868100
6181,76,62,89079,1495,3909426,2533300
6182,94,78,88990,1506,3909504,2945800
6183,95,83,88891,1522,3909587,2681000
6184,75,74,88815,1524,3909661,2532200
6185,65,56,88756,1527,3909717,2685000
6186,88,79,88663,1541,3909796,3059900
6187,89,76,88580,1548,3909872,2682600
6188,64,86,88506,1536,3909958,3242400
6189,74,82,88429,1531,3910040,3035300
6190,87,76,88348,1536,3910116,2726500
6191,75,91,88270,1523,3910207,2591900
6192,74,79,88191,1523,3910286,2537200
6193,65,78,88128,1508,3910364,2614800
6194,56,68,88072,1496,3910432,2821800
6195,64,86,88012,1470,3910518,2531600
6196,78,73,87934,1475,3910591,2737200
6197,61,77,87876,1456,3910668,2573100
6198,64,84,87809,1439,3910752,2638800
6199,68,75,87741,1432,3910827,2633400
6200,60,73,87674,1426,3910900,2415600
6201,69,86,87610,1404,3910986,2370800
6202,59,69,87550,1395,3911055,2331900
6203,57,67,87491,1387,3911122,2521700
6204,61,64,87439,1375,3911186,3013500
6205,60,81,87373,1360,3911267,2635200
6206,59,63,87317,1353,3911330,3434900
6207,62,64,87257,1349,3911394,3294700
6208,73,78,87187,1341,3911472,2538500
6209,62,81,87118,1329,3911553,2746600
6210,74,68,87047,1332,3911621,2629600
6211,85,84,86962,1333,3911705,2853100
6212,83,70,86876,1349,3911775,3426100
6213,53,68,86822,1335,3911843,3174800
6214,67,76,86757,1324,3911919,2946900
6215,70,77,86691,1313,3911996,3101000
6216,67,72,86617,1315,3912068,2758000
6217,70,67,86558,1307,3912135,2717300
6218,62,75,86481,1309,3912210,2542500
6219,71,64,86417,1309,3912274,2776900
6220,71,60,86344,1322,3912334,2758200
6221,55,60,86292,1314,3912394,2909300
6222,78,87,86215,1304,3912481,2857300
6223,74,56,86143,1320,3912537,2730200
6224,69,74,86071,1318,3912611,2484400
6225,61,77,86007,1305,3912688,2627800
6226,73,75,85942,1295,3912763,2515500
6227,83,73,85856,1308,3912836,2509800
6228,81,72,85776,1316,3912908,2435100
6229,95,67,85682,1343,3912975,2509700
6230,72,74,85614,1337,3913049,2644800
6231,82,73,85529,1349,3913122,2566100
6232,61,69,85468,1341,3913191,2473800
6233,47,76,85416,1317,3913267,2358100
6234,72,71,85347,1315,3913338,2762400
6235,79,79,85263,1320,3913417,2787800
6236,54,74,85211,1298,3913491,2543000
6237,64,77,85152,1280,3913568,2413200
6238,67,81,85078,1273,3913649,2439800
6239,71,66,85006,1279,3913715,2368500
6240,75,72,84935,1278,3913787,2319200
6241,75,83,84857,1273,3913870,2392900
6242,71,57,84789,1284,3913927,2431100
6243,74,63,84717,1293,3913990,2267500
6244,73,72,84640,1298,3914062,2231800
6245,66,70,84583,1285,3914132,2206700
6246,74,78,84498,1292,3914210,2104600
6247,69,61,84432,1297,3914271,2189000
6248,80,75,84355,1299,3914346,2204600
6249,65,61,84287,1306,3914407,2179100
6250,73,63,84219,1311,3914470,2142000
6251,77,67,84145,1318,3914537,2224200
6252,93,81,84056,1326,3914618,2182000
6253,74,70,83972,1340,3914688,2157700
6254,63,67,83904,1341,3914755,2144500
6255,72,76,83828,1341,3914831,2163700
6256,71,81,83765,1323,3914912,2275800
6257,63,53,83705,1330,3914965,2192900
6258,78,62,83625,1348,3915027,2176700
6259,65,67,83554,1352,3915094,2142100
6260,80,73,83475,1358,3915167,2198500
6261,62,78,83413,1342,3915245,2128000
6262,58,76,83360,1319,3915321,2177500
6263,74,61,83287,1331,3915382,2194900
6264,76,72,83211,1335,3915454,2288300
6265,62,74,83141,1331,3915528,2223600
6266,62,78,83079,1315,3915606,2151800
6267,83,68,83012,1314,3915674,2152600
6268,59,72,82939,1315,3915746,2194800
6269,78,73,82867,1314,3915819,2265200
6270,62,75,82805,1301,3915894,2363800
6271,45,64,82751,1291,3915958,2287100
6272,65,62,82693,1287,3916020,2322700
6273,70,77,82621,1282,3916097,2286200
6274,74,74,82549,1280,3916171,2247500
6275,57,65,82490,1274,3916236,2264800
6276,93,66,82403,1295,3916302,2259000
6277,54,77,82339,1282,3916379,2336300
6278,56,73,82283,1265,3916452,2397400
6279,59,56,82227,1265,3916508,2228600
6280,39,56,82187,1249,3916564,2291200
6281,75,56,82120,1260,3916620,2389700
6282,58,55,82054,1271,3916675,2316600
6283,58,68,81999,1258,3916743,2362500
6284,63,69,81935,1253,3916812,2201600
6285,71,58,81866,1264,3916870,2187500
6286,48,67,81812,1251,3916937,2177200
6287,58,77,81754,1232,3917014,2241000
6288,56,63,81701,1222,3917077,2178500
6289,79,62,81626,1235,3917139,2160700
6290,51,48,81569,1244,3917187,2228200
6291,61,47,81508,1258,3917234,2223000
6292,63,76,81448,1242,3917310,2177000
6293,59,75,81387,1228,3917385,2167100
6294,62,59,81324,1232,3917444,2170600
6295,44,71,81281,1204,3917515,2205500
6296,62,75,81223,1187,3917590,2253400
6297,60,67,81162,1181,3917657,2248000
6298,74,82,81091,1170,3917739,2151600
6299,61,69,81026,1166,3917808,2259600
6300,58,50,80966,1176,3917858,2333600
6301,53,56,80913,1173,3917914,2231500
6302,52,68,80865,1153,3917982,2327200
6303,69,63,80795,1160,3918045,2319600
6304,65,53,80732,1170,3918098,2278100
6305,69,45,80662,1195,3918143,2713600
6306,67,63,80596,1198,3918206,2488700
6307,65,59,80526,1209,3918265,2361300
6308,74,76,80463,1196,3918341,2417500
6309,73,41,80377,1241,3918382,2440500
6310,69,66,80311,1241,3918448,2451100
6311,81,79,80233,1240,3918527,2480200
6312,54,63,80177,1233,3918590,2277900
6313,70,81,80108,1221,3918671,2203700
6314,71,56,80040,1233,3918727,2148100
6315,69,65,79966,1242,3918792,2110300
6316,69,75,79901,1232,3918867,2208600
6317,61,57,79837,1239,3918924,2202100
6318,65,57,79768,1251,3918981,2282100
6319,53,67,79717,1235,3919048,2237100
6320,68,52,79652,1248,3919100,2199200
6321,71,76,79584,1240,3919176,2591000
6322,48,60,79529,1235,3919236,2499900
6323,51,67,79478,1219,3919303,2366500
6324,62,59,79420,1218,3919362,2344500
6325,60,46,79356,1236,3919408,2174700
6326,75,72,79289,1231,3919480,2196800
6327,82,84,79203,1233,3919564,2150700
6328,65,66,79135,1235,3919630,2267100
6329,66,68,79068,1234,3919698,2209900
6330,49,49,79018,1235,3919747,2300700
6331,56,53,78965,1235,3919800,2367900
6332,48,58,78913,1229,3919858,2214300
6333,56,71,78862,1209,3919929,2202100
6334,62,63,78796,1212,3919992,2173900
6335,83,75,78717,1216,3920067,2174300
6336,69,59,78648,1226,3920126,2131900
6337,65,65,78582,1227,3920191,2106800
6338,67,64,78515,1230,3920255,2193800
6339,74,74,78439,1232,3920329,2187000
6340,53,63,78389,1219,3920392,2167000
6341,58,57,78331,1220,3920449,2111300
6342,48,46,78277,1228,3920495,2130800
6343,44,58,78233,1214,3920553,2099000
6344,64,60,78169,1218,3920613,2166000
6345,76,57,78102,1228,3920670,2218100
6346,70,65,78028,1237,3920735,2213300
6347,61,55,77966,1244,3920790,2186400
6348,67,56,77905,1249,3920846,2226100
6349,57,63,77843,1248,3920909,2290500
6350,51,66,77791,1234,3920975,2385800
6351,45,59,77747,1219,3921034,2298800
6352,62,66,77691,1209,3921100,2321100
6353,63,76,77625,1199,3921176,2392800
6354,65,65,77557,1202,3921241,2342000
6355,41,58,77509,1192,3921299,2322000
6356,54,62,77460,1179,3921361,2227300
6357,59,55,77406,1178,3921416,2665200
6358,47,67,77353,1164,3921483,2675700
6359,54,71,77304,1142,3921554,2390100
6360,56,68,77247,1131,3921622,2519000
6361,51,67,77188,1123,3921689,3066500
6362,62,62,77132,1117,3921751,2400400
6363,51,52,77082,1115,3921803,2293200
6364,62,55,77023,1119,3921858,2227000
6365,51,63,76970,1109,3921921,5038000
6366,48,67,76922,1090,3921988,4135500
6367,41,57,76876,1079,3922045,3463600
6368,51,49,76829,1077,3922094,3396300
6369,47,49,76780,1077,3922143,3056700
6370,46,61,76730,1066,3922204,3036700
6371,50,60,76690,1046,3922264,3089000
6372,46,54,76639,1043,3922318,3150300
6373,53,53,76585,1044,3922371,3209500
6374,34,49,76550,1030,3922420,8167100
6375,39,57,76509,1014,3922477,4969300
6376,53,65,76460,998,3922542,3981600
6377,58,62,76402,994,3922604,4772500
6378,44,57,76357,982,3922661,8351200
6379,63,46,76299,994,3922707,4398700
6380,51,61,76239,993,3922768,7463800
6381,57,48,76186,998,3922816,4604200
6382,53,57,76132,995,3922873,4630800
6383,56,47,76077,1003,3922920,3001700
6384,56,44,76022,1014,3922964,2742700
6385,49,63,75971,1002,3923027,2626700
6386,49,53,75924,996,3923080,2627200
6387,56,55,75868,997,3923135,2630400
6388,47,57,75819,989,3923192,2580800
6389,56,59,75771,978,3923251,2582100
6390,52,55,75719,975,3923306,2566800
6391,50,60,75661,973,3923366,2557700
6392,62,50,75606,978,3923416,2563000
6393,59,45,75547,992,3923461,2608200
6394,57,52,75487,1000,3923513,2531300
6395,42,52,75440,995,3923565,2511500
6396,54,47,75387,1001,3923612,2557000
6397,62,54,75325,1009,3923666,2741600
6398,52,67,75275,992,3923733,2537300
6399,54,44,75222,1001,3923777,2742900
6400,56,66,75165,992,3923843,2631600
6401,43,46,75118,993,3923889,2489700
6402,35,46,75083,982,3923935,2416100
6403,46,59,75036,970,3923994,2428800
6404,54,43,74983,980,3924037,2401200
6405,43,52,74938,973,3924089,2501200
6406,45,39,74895,977,3924128,2510400
6407,59,75,74836,961,3924203,2442700
6408,42,49,74795,953,3924252,2415000
6409,64,53,74733,962,3924305,2445500
6410,53,40,74680,975,3924345,2416000
6411,60,43,74622,990,3924388,2434600
6412,58,56,74561,995,3924444,2484000
6413,38,51,74522,983,3924495,2513100
6414,52,53,74466,986,3924548,2553900
6415,51,53,74420,979,3924601,2580200
6416,46,45,74375,979,3924646,2452200
6417,53,51,74322,981,3924697,2567300
6418,58,54,74267,982,3924751,2490900
6419,47,54,74222,973,3924805,2414100
6420,44,52,74174,969,3924857,2413500
6421,43,47,74132,964,3924904,2502400
6422,54,58,74075,963,3924962,2415900
6423,56,41,74019,978,3925003,2478700
6424,53,48,73967,982,3925051,2684900
6425,42,54,73922,973,3925105,2566800
6426,55,36,73875,984,3925141,2643600
6427,53,58,73819,982,3925199,2464500
6428,56,55,73758,988,3925254,2437000
6429,48,51,73714,981,3925305,2478000
6430,49,47,73664,984,3925352,2369200
6431,38,56,73624,968,3925408,2418100
6432,38,50,73585,957,3925458,2367200
6433,42,45,73546,951,3925503,2400500
6434,40,50,73501,946,3925553,2351400
6435,56,39,73446,962,3925592,2373400
6436,50,58,73397,953,3925650,2327900
6437,38,52,73360,938,3925702,2432000
6438,63,41,73299,958,3925743,2394800
6439,62,47,73241,969,3925790,2403000
6440,62,56,73180,974,3925846,2412000
6441,47,40,73129,985,3925886,2430400
6442,50,53,73075,986,3925939,2375500
6443,56,42,73026,993,3925981,2373500
6444,49,53,72972,994,3926034,2395500
6445,54,45,72920,1001,3926079,2427300
6446,61,50,72859,1012,3926129,2427200
6447,78,41,72785,1045,3926170,2393900
6448,56,48,72725,1057,3926218,2409500
6449,52,54,72671,1057,3926272,2392400
6450,68,45,72604,1079,3926317,2400300
6451,61,55,72547,1081,3926372,2378600
6452,49,58,72500,1070,3926430,2505700
6453,56,65,72438,1067,3926495,2484200
6454,54,51,72381,1073,3926546,2264300
6455,60,47,72326,1081,3926593,2361100
6456,50,56,72275,1076,3926649,2453900
6457,53,63,72219,1069,3926712,3742500
6458,34,66,72181,1041,3926778,2211500
6459,45,53,72140,1029,3926831,2168000
6460,23,54,72114,1001,3926885,2081200
6461,38,52,72079,984,3926937,2043600
6462,37,40,72038,985,3926977,2040600
6463,37,71,72005,947,3927048,2198900
6464,49,36,71957,959,3927084,2188300
6465,59,61,71901,954,3927145,2177300
6466,37,36,71862,957,3927181,2184300
6467,48,54,71811,954,3927235,2402400
6468,47,54,71764,947,3927289,2171400
6469,41,56,71725,930,3927345,2183900
6470,33,42,71688,925,3927387,2247300
6471,37,46,71651,916,3927433,2289800
6472,50,39,71604,924,3927472,2264400
6473,47,40,71556,932,3927512,2305400
6474,42,38,71516,934,3927550,2226500
6475,47,54,71468,928,3927604,2240500
6476,42,51,71428,917,3927655,2347700
6477,52,39,71374,932,3927694,2424700
6478,60,46,71316,944,3927740,2444400
6479,48,51,71265,944,3927791,2527800
6480,46,45,71217,947,3927836,2691600
6481,63,56,71157,951,3927892,2732300
6482,48,52,71108,948,3927944,2494200
6483,49,42,71065,949,3927986,2279600
6484,66,55,70994,965,3928041,2582500
6485,43,44,70953,962,3928085,2506700
6486,45,56,70906,953,3928141,5468400
6487,41,45,70862,952,3928186,2636300
6488,52,61,70815,938,3928247,2726500
6489,42,41,70770,942,3928288,2553200
6490,56,43,70714,955,3928331,2575100
6491,44,56,70672,941,3928387,2567400
6492,38,59,70630,924,3928446,2283200
6493,39,52,70594,908,3928498,2325500
6494,31,48,70564,890,3928546,2301900
6495,34,37,70525,892,3928583,2237300
6496,45,55,70485,877,3928638,2280500
6497,41,43,70443,876,3928681,2166100
6498,37,59,70404,856,3928740,2183200
6499,26,33,70375,852,3928773,2158500
6500,36,47,70340,840,3928820,2134300
6501,45,41,70303,836,3928861,2188900
6502,33,57,70261,821,3928918,2420600
6503,30,42,70232,808,3928960,3396300
6504,34,43,70200,797,3929003,2947700
6505,31,50,70168,779,3929053,3365700
6506,37,35,70131,781,3929088,14968500
6507,33,38,70097,777,3929126,2935200
6508,26,48,70070,756,3929174,2606800
6509,41,37,70034,755,3929211,2633800
6510,34,36,69997,756,3929247,2539500
6511,35,37,69967,749,3929284,2390300
6512,32,39,69934,743,3929323,2375600
6513,42,35,69892,750,3929358,2411200
6514,42,40,69850,752,3929398,2442100
6515,28,44,69819,739,3929442,2391200
6516,40,42,69777,739,3929484,2452700
6517,30,39,69750,727,3929523,5208400
6518,26,42,69722,713,3929565,4095700
6519,24,35,69698,702,3929600,11003300
6520,25,57,69674,669,3929657,4354400
6521,32,34,69642,667,3929691,2770100
6522,34,32,69611,666,3929723,2677900
6523,36,41,69571,665,3929764,2586100
6524,35,27,69539,670,3929791,2792800
6525,31,33,69511,665,3929824,2884300
6526,31,32,69479,665,3929856,2764900
6527,36,36,69442,666,3929892,2679000
6528,35,36,69405,667,3929928,2456200
6529,38,32,69365,675,3929960,2493600
6530,39,26,69327,687,3929986,2558500
6531,33,38,69294,682,3930024,2527200
6532,39,32,69257,687,3930056,2693100
6533,33,45,69225,674,3930101,2833500
6534,27,32,69194,673,3930133,2819300
6535,46,36,69153,678,3930169,2609000
6536,39,31,69112,688,3930200,2592000
6537,39,29,69071,700,3930229,2501200
6538,31,42,69041,688,3930271,2518000
6539,47,42,69001,686,3930313,2499200
6540,33,28,68961,698,3930341,2340000
6541,30,26,68930,703,3930367,2262600
6542,40,46,68890,697,3930413,2383900
6543,23,38,68872,677,3930451,2513200
6544,41,40,68829,680,3930491,2681400
6545,29,37,68796,676,3930528,2466600
6546,25,32,68772,668,3930560,2443500
6547,27,38,68744,658,3930598,2326900
6548,27,39,68719,644,3930637,2414700
6549,36,27,68682,654,3930664,2423400
6550,34,38,68650,648,3930702,2390900
6551,34,35,68619,644,3930737,2412000
6552,37,30,68582,651,3930767,2323800
6553,31,36,68548,649,3930803,2419300
6554,22,33,68526,638,3930836,2344600
6555,38,43,68487,634,3930879,2400400
6556,24,35,68460,626,3930914,2432400
6557,30,31,68433,622,3930945,2533600
6558,35,27,68404,624,3930972,2528300
6559,29,42,68368,618,3931014,2711200
6560,33,30,68333,623,3931044,10494400
6561,46,30,68292,634,3931074,3517400
6562,32,38,68257,631,3931112,2950600
6563,36,29,68231,628,3931141,2682900
6564,43,35,68181,643,3931176,2512500
6565,31,34,68147,643,3931210,2413200
6566,39,44,68109,637,3931254,2695400
6567,38,32,68074,640,3931286,2506600
6568,30,40,68041,633,3931326,2416000
6569,36,27,68006,641,3931353,2332900
6570,33,37,67973,637,3931390,2339900
6571,33,32,67942,636,3931422,2235800
6572,46,44,67893,641,3931466,2225100
6573,27,33,67864,637,3931499,2308800
6574,35,28,67828,645,3931527,2373700
6575,36,37,67798,638,3931564,2394600
6576,36,38,67761,637,3931602,2403600
6577,39,31,67719,648,3931633,2457800
6578,47,37,67678,652,3931670,2379600
6579,35,41,67638,651,3931711,2687300
6580,42,32,67598,659,3931743,2466600
6581,24,30,67571,656,3931773,2368200
6582,35,35,67536,656,3931808,2342100
6583,34,28,67503,661,3931836,2329900
6584,47,30,67455,679,3931866,2406000
6585,49,42,67414,678,3931908,2390500
6586,46,20,67361,711,3931928,2274000
6587,53,27,67318,727,3931955,2313100
6588,38,36,67270,739,3931991,2280800
6589,43,44,67228,737,3932035,2205600
6590,30,32,67194,739,3932067,2199700
6591,36,34,67168,731,3932101,2243400
6592,32,39,67129,731,3932140,2334300
6593,37,36,67098,726,3932176,2427200
6594,48,51,67043,730,3932227,2662300
6595,37,39,67011,723,3932266,2431300
6596,37,39,66971,724,3932305,2536800
6597,48,52,66923,720,3932357,2620600
6598,34,42,66887,714,3932399,2332300
6599,34,44,66854,703,3932443,2569200
6600,32,25,66824,708,3932468,2379400
6601,27,41,66796,695,3932509,2235300
6602,39,40,66760,691,3932549,2241000
6603,35,36,66726,689,3932585,2316100
6604,44,29,66678,708,3932614,2167400
6605,31,33,66645,708,3932647,2087400
6606,43,49,66610,694,3932696,2131500
6607,41,36,66565,703,3932732,2232800
6608,39,44,66525,699,3932776,2149400
6609,31,41,66494,689,3932817,2173400
6610,38,37,66456,690,3932854,2227600
6611,39,34,66417,695,3932888,2289800
6612,43,44,66373,695,3932932,2205100
6613,36,41,66339,688,3932973,2302300
6614,32,34,66301,692,3933007,2368200
6615,33,30,66272,691,3933037,2176200
6616,39,37,66235,691,3933074,2189000
6617,47,29,66190,707,3933103,2329600
6618,38,42,66148,707,3933145,2323300
6619,43,35,66108,712,3933180,2159300
6620,36,42,66066,712,3933222,2169600
6621,34,40,66034,704,3933262,2313000
6622,39,36,65999,703,3933298,2279600
6623,29,37,65964,701,3933335,2299000
6624,49,50,65923,692,3933385,2573300
6625,33,30,65886,699,3933415,2341900
6626,30,46,65852,687,3933461,2496700
6627,36,34,65815,690,3933495,2306600
6628,33,37,65783,685,3933532,2208400
6629,30,37,65753,678,3933569,2367000
6630,26,39,65727,665,3933608,2538100
6631,29,25,65699,668,3933633,2283300
6632,26,40,65672,655,3933673,2258400
6633,26,35,65648,644,3933708,2435400
6634,36,34,65613,645,3933742,2409400
6635,30,20,65584,654,3933762,2336200
6636,29,35,65548,655,3933797,2231400
6637,24,31,65527,645,3933828,2232600
6638,30,41,65501,630,3933869,2168900
6639,23,29,65475,627,3933898,2215000
6640,25,30,65447,625,3933928,2119600
6641,20,26,65427,619,3933954,2118600
6642,31,28,65401,617,3933982,2194500
6643,36,43,65365,610,3934025,2101700
6644,30,27,65340,608,3934052,2078100
6645,25,31,65306,611,3934083,2238400
6646,17,28,65289,600,3934111,2218600
6647,23,27,65266,596,3934138,2226400
6648,22,28,65244,590,3934166,2377800
6649,28,25,65220,589,3934191,2546400
6650,35,31,65184,594,3934222,2380900
6651,26,34,65154,590,3934256,2342400
6652,22,28,65132,584,3934284,2524000
6653,18,16,65113,587,3934300,2463000
6654,23,34,65095,571,3934334,2312400
6655,25,27,65072,567,3934361,2504500
6656,19,28,65047,564,3934389,2359300
6657,24,24,65026,561,3934413,2344100
6658,31,33,64996,558,3934446,2217200
6659,30,30,64962,562,3934476,2190900
6660,26,28,64938,558,3934504,2289800
6661,32,25,64910,561,3934529,2389300
6662,32,26,64874,571,3934555,2301500
6663,38,25,64839,581,3934580,2326700
6664,29,21,64808,591,3934601,2453600
6665,44,31,64768,600,3934632,2411700
6666,38,32,64729,607,3934664,2534900
6667,38,30,64690,616,3934694,2688200
6668,29,32,64662,612,3934726,2533300
6669,33,33,64626,615,3934759,2414000
6670,28,41,64596,604,3934800,2389700
6671,27,33,64573,594,3934833,2241700
6672,19,27,64554,586,3934860,2374200
6673,24,25,64526,589,3934885,2437000
6674,29,24,64503,588,3934909,2363100
6675,28,24,64472,595,3934933,2627000
6676,22,42,64445,580,3934975,2387200
6677,37,25,64412,588,3935000,2519300
6678,32,37,64383,580,3935037,2385800
6679,27,27,64353,583,3935064,2515400
6680,25,26,64330,580,3935090,2464800
6681,27,28,64300,582,3935118,2712200
6682,34,33,64269,580,3935151,2594000
6683,18,28,64246,575,3935179,2497800
6684,27,36,64223,562,3935215,2454800
6685,27,36,64196,553,3935251,2643300
6686,31,30,64167,552,3935281,2571100
6687,27,40,64136,543,3935321,2529900
6688,22,35,64118,526,3935356,2554200
6689,27,21,64085,538,3935377,2292600
6690,25,24,64063,536,3935401,2283700
6691,29,34,64036,529,3935435,2392100
6692,25,39,64007,519,3935474,2299800
6693,28,21,63980,525,3935495,2378000
6694,16,29,63965,511,3935524,2410500
6695,13,23,63950,503,3935547,2668400
6696,27,21,63924,508,3935568,2266800
6697,21,21,63908,503,3935589,2259900
6698,20,25,63885,501,3935614,2238800
6699,14,17,63870,499,3935631,2241400
6700,25,24,63848,497,3935655,2157900
6701,19,18,63824,503,3935673,2172500
6702,23,22,63803,502,3935695,2149500
6703,23,25,63778,502,3935720,2222800
6704,13,24,63764,492,3935744,2265300
6705,15,28,63750,478,3935772,2302200
6706,24,28,63729,471,3935800,2339500
6707,17,30,63708,462,3935830,2341700
6708,21,21,63689,460,3935851,2417400
6709,27,24,63663,462,3935875,2351200
6710,14,25,63647,453,3935900,2392800
6711,21,20,63627,453,3935920,2455800
6712,16,26,63611,443,3935946,2505800
6713,17,31,63593,430,3935977,2337100
6714,19,20,63575,428,3935997,2497200
6715,28,24,63546,433,3936021,2353500
6716,20,21,63529,429,3936042,2368100
6717,15,23,63511,424,3936065,2275300
6718,16,25,63497,413,3936090,2453900
6719,25,20,63472,418,3936110,2327900
6720,18,25,63455,410,3936135,2389400
6721,23,27,63433,405,3936162,2433600
6722,28,27,63402,409,3936189,2385800
6723,8,25,63391,395,3936214,2353600
6724,13,30,63381,375,3936244,2313900
6725,26,13,63358,385,3936257,2388300
6726,22,20,63334,389,3936277,2339100
6727,18,16,63316,391,3936293,2675100
6728,17,22,63299,386,3936315,2331100
6729,12,22,63284,379,3936337,2484500
6730,26,14,63260,389,3936351,2390200
6731,16,18,63244,387,3936369,2812000
6732,22,21,63224,386,3936390,2576900
6733,19,23,63203,384,3936413,2566400
6734,13,13,63189,385,3936426,2470900
6735,15,21,63173,380,3936447,2417800
6736,23,21,63152,380,3936468,2358600
6737,36,19,63117,396,3936487,2345800
6738,26,23,63090,400,3936510,2385000
6739,21,17,63067,406,3936527,2762400
6740,19,26,63050,397,3936553,2397300
6741,15,16,63034,397,3936569,2357800
6742,19,31,63016,384,3936600,2456900
6743,17,17,62999,384,3936617,2347800
6744,24,21,62978,384,3936638,2410100
6745,27,23,62946,393,3936661,2465700
6746,29,24,62920,395,3936685,2594800
6747,17,17,62903,395,3936702,2451100
6748,31,16,62870,412,3936718,2532100
6749,27,26,62846,410,3936744,2531500
6750,19,14,62828,414,3936758,2513200
6751,13,21,62811,410,3936779,2563600
6752,13,13,62796,412,3936792,2750500
6753,16,18,62781,409,3936810,2415900
6754,14,15,62769,406,3936825,2483000
6755,21,22,62747,406,3936847,2486300
6756,18,19,62728,406,3936866,2520300
6757,17,29,62713,392,3936895,2403000
6758,23,27,62694,384,3936922,2760400
6759,26,20,62665,393,3936942,2526600
6760,20,16,62643,399,3936958,2382500
6761,22,21,62622,399,3936979,2339000
6762,16,24,62606,391,3937003,2455000
6763,23,19,62581,397,3937022,2376800
6764,26,25,62557,396,3937047,2427500
6765,26,20,62529,404,3937067,2579300
6766,17,18,62512,403,3937085,2404300
6767,15,23,62498,394,3937108,2450800
6768,14,12,62483,397,3937120,2491600
6769,22,20,62460,400,3937140,2468600
6770,18,22,62446,392,3937162,2425900
6771,25,16,62421,401,3937178,2405900
6772,8,22,62410,390,3937200,2475000
6773,22,17,62390,393,3937217,2381200
6774,20,15,62375,393,3937232,2361600
6775,29,19,62343,406,3937251,2375000
6776,24,20,62319,410,3937271,2436900
6777,13,25,62306,398,3937296,2704300
6778,20,20,62284,400,3937316,2654500
6779,18,19,62267,398,3937335,2320700
6780,21,20,62247,398,3937355,2354100
6781,24,16,62221,408,3937371,2496200
6782,12,19,62210,400,3937390,2290200
6783,20,20,62186,404,3937410,2285700
6784,24,16,62166,408,3937426,2216600
6785,17,16,62148,410,3937442,2292800
6786,13,21,62135,402,3937463,2265400
6787,23,22,62115,400,3937485,2290100
6788,18,24,62092,399,3937509,2461700
6789,13,16,62080,395,3937525,2344200
6790,19,23,62062,390,3937548,2332000
6791,9,18,62051,383,3937566,2306900
6792,14,22,62039,373,3937588,2376900
6793,18,23,62021,368,3937611,2328600
6794,12,19,62009,361,3937630,2269400
6795,8,14,61999,357,3937644,2385900
6796,23,21,61978,357,3937665,2331200
6797,16,11,61961,363,3937676,2300400
6798,17,22,61944,358,3937698,2368800
6799,10,17,61935,350,3937715,2306100
6800,9,14,61925,346,3937729,2273300
6801,13,18,61911,342,3937747,2244900
6802,20,17,61890,346,3937764,2294500
6803,13,25,61879,332,3937789,2486700
6804,16,21,61866,324,3937810,2223600
6805,19,18,61846,326,3937828,2167300
6806,15,19,61830,323,3937847,2349100
6807,12,14,61818,321,3937861,2234300
6808,11,16,61806,317,3937877,2178600
6809,24,11,61782,330,3937888,2271600
6810,23,20,61760,332,3937908,2335600
6811,19,24,61741,327,3937932,2251000
6812,16,11,61723,334,3937943,2172600
6813,11,20,61714,323,3937963,2251600
6814,15,14,61698,325,3937977,2248500
6815,9,22,61688,313,3937999,2152900
6816,13,17,61676,308,3938016,2300200
6817,16,10,61661,313,3938026,2391000
6818,21,18,61639,317,3938044,2300300
6819,30,22,61611,323,3938066,2237700
6820,20,20,61589,325,3938086,2219500
6821,14,19,61574,321,3938105,2321000
6822,27,18,61552,325,3938123,2462800
6823,16,20,61531,326,3938143,2301900
6824,16,10,61517,330,3938153,2214100
6825,12,19,61504,324,3938172,2287100
6826,14,13,61489,326,3938185,2413300
6827,16,12,61475,328,3938197,2348800
6828,17,19,61456,328,3938216,2241400
6829,22,13,61437,334,3938229,2352100
6830,15,15,61420,336,3938244,2406800
6831,12,17,61409,330,3938261,2226100
6832,20,16,61388,335,3938277,2361800
6833,17,18,61371,334,3938295,2267300
6834,11,19,61360,326,3938314,2409300
6835,12,19,61349,318,3938333,2646100
6836,7,15,61341,311,3938348,2519100
6837,11,16,61328,308,3938364,2405200
6838,17,14,61312,310,3938378,2476400
6839,17,13,61296,313,3938391,2404700
6840,26,20,61271,318,3938411,2283800
6841,12,18,61259,312,3938429,2289800
6842,20,17,61240,314,3938446,2357100
6843,16,13,61222,319,3938459,2438500
6844,16,9,61205,327,3938468,2326500
6845,17,25,61188,319,3938493,2350300
6846,23,17,61171,319,3938510,2290000
6847,16,18,61151,321,3938528,2275700
6848,16,18,61133,321,3938546,2264600
6849,14,17,61122,315,3938563,2282900
6850,17,17,61106,314,3938580,2297800
6851,11,13,61091,316,3938593,2337200
6852,17,19,61075,313,3938612,2316000
6853,13,17,61063,308,3938629,2475400
6854,15,15,61047,309,3938644,2420700
6855,11,15,61037,304,3938659,2333900
6856,16,7,61023,311,3938666,2365400
6857,13,13,61008,313,3938679,2380800
6858,10,21,60997,303,3938700,2301000
6859,24,11,60974,315,3938711,2308200
6860,9,13,60963,313,3938724,2529100
6861,10,8,60953,315,3938732,2339300
6862,21,12,60938,318,3938744,2329200
6863,16,16,60916,324,3938760,2345000
6864,15,22,60904,314,3938782,2410800
6865,12,13,60890,315,3938795,2289100
6866,18,17,60872,316,3938812,2323400
6867,17,17,60855,316,3938829,2476200
6868,12,19,60846,306,3938848,2442800
6869,19,17,60823,312,3938865,2281400
6870,20,11,60803,321,3938876,2257400
6871,19,8,60786,330,3938884,2323000
6872,15,18,60773,325,3938902,2388800
6873,13,21,60759,318,3938923,2375800
6874,17,22,60740,315,3938945,2662800
6875,12,17,60727,311,3938962,2465100
6876,13,17,60716,305,3938979,2506600
6877,16,20,60699,302,3938999,2527800
6878,12,15,60688,298,3939014,2386000
6879,11,19,60676,291,3939033,2404300
6880,6,12,60670,285,3939045,2291800
6881,5,15,60664,276,3939060,2271400
6882,7,10,60657,273,3939070,2223600
6883,10,12,60647,271,3939082,2329000
6884,8,19,60638,261,3939101,2226300
6885,7,8,60632,259,3939109,2280200
6886,13,13,60618,260,3939122,2403900
6887,11,11,60609,258,3939133,2260400
6888,9,15,60602,250,3939148,2167100
6889,12,11,60591,250,3939159,2309500
6890,15,11,60572,258,3939170,2319800
6891,11,18,60562,250,3939188,2197400
6892,2,16,60558,238,3939204,2143600
6893,12,10,60548,238,3939214,2277300
6894,8,10,60538,238,3939224,2172000
6895,12,12,60526,238,3939236,2110700
6896,12,10,60516,238,3939246,2084100
6897,12,12,60506,236,3939258,2114000
6898,9,13,60497,232,3939271,2070200
6899,9,11,60485,233,3939282,2251400
6900,8,7,60477,234,3939289,2283200
6901,7,15,60470,226,3939304,2220300
6902,10,10,60460,226,3939314,2221600
6903,9,9,60454,223,3939323,2322600
6904,8,12,60445,220,3939335,2223400
6905,10,9,60435,221,3939344,2164500
6906,10,8,60424,224,3939352,2281200
6907,5,7,60417,224,3939359,2194900
6908,10,11,60409,221,3939370,2601800
6909,9,8,60400,222,3939378,2334500
6910,8,21,60391,210,3939399,2220400
6911,12,9,60380,212,3939408,2209300
6912,7,16,60374,202,3939424,2295900
6913,2,5,60370,201,3939429,2237900
6914,3,9,60367,195,3939438,2195900
6915,4,10,60362,190,3939448,2325700
6916,3,8,60359,185,3939456,2385500
6917,4,12,60357,175,3939468,2445600
6918,5,8,60351,173,3939476,2602100
6919,4,5,60347,172,3939481,2771500
6920,2,9,60345,165,3939490,2501200
6921,3,8,60342,160,3939498,2421100
6922,3,9,60338,155,3939507,2359700
6923,2,7,60336,150,3939514,2361800
6924,5,4,60331,151,3939518,2463800
6925,9,10,60325,147,3939528,2292400
6926,2,4,60321,147,3939532,2483800
6927,5,12,60316,140,3939544,2561000
6928,3,9,60312,135,3939553,2564700
6929,4,6,60308,133,3939559,2322500
6930,1,8,60307,126,3939567,2585600
6931,4,9,60304,120,3939576,2463500
6932,1,7,60302,115,3939583,2440400
6933,5,5,60298,114,3939588,2319100
6934,4,6,60295,111,3939594,2220900
6935,1,6,60292,108,3939600,2315000
6936,1,2,60291,107,3939602,2239100
6937,3,6,60288,104,3939608,2806800
6938,2,5,60286,101,3939613,2392100
6939,5,6,60282,99,3939619,2477600
6940,1,7,60280,94,3939626,2434000
6941,2,4,60279,91,3939630,2849800
6942,2,8,60276,86,3939638,2455800
6943,3,4,60273,85,3939642,2561500
6944,1,5,60273,80,3939647,2342300
6945,0,8,60272,73,3939655,2343400
6946,1,4,60271,70,3939659,2424800
6947,3,2,60268,71,3939661,2331200
6948,2,3,60266,70,3939664,2597000
6949,1,2,60265,69,3939666,2528700
6950,1,2,60264,68,3939668,2356200
6951,0,4,60264,64,3939672,2202900
6952,1,5,60264,59,3939677,2171900
6953,2,8,60262,53,3939685,2280500
6954,1,1,60260,54,3939686,2268800
6955,0,6,60260,48,3939692,2162200
6956,0,3,60260,45,3939695,2128900
6957,1,3,60259,43,3939698,2127400
6958,0,3,60259,40,3939701,2101600
6959,2,0,60257,42,3939701,2130400
6960,0,4,60257,38,3939705,2213500
6961,0,3,60257,35,3939708,2720700
6962,0,3,60257,32,3939711,2473700
6963,0,3,60257,29,3939714,2344000
6964,0,1,60257,28,3939715,2331600
6965,0,1,60257,27,3939716,2307900
6966,0,2,60257,25,3939718,2351700
6967,0,0,60257,25,3939718,2312600
6968,0,1,60257,24,3939719,2260000
6969,0,0,60257,24,3939719,2313900
6970,0,1,60257,23,3939720,2799600
6971,0,0,60257,23,3939720,2736300
6972,0,2,60257,21,3939722,2517400
6973,0,1,60257,20,3939723,2509500
6974,0,0,60257,20,3939723,2824800
6975,0,1,60257,19,3939724,2528400
6976,0,1,60257,18,3939725,2464000
6977,0,0,60257,18,3939725,2903700
6978,0,1,60257,17,3939726,2825800
6979,0,1,60257,16,3939727,2947400
6980,0,0,60257,16,3939727,2566500
6981,0,0,60257,16,3939727,2737000
6982,0,0,60257,16,3939727,3719300
6983,0,1,60257,15,3939728,3540800
6984,0,0,60257,15,3939728,3798700
6985,0,0,60257,15,3939728,3168100
6986,0,0,60257,15,3939728,2866900
6987,0,1,60257,14,3939729,3648900
6988,0,0,60257,14,3939729,3278900
6989,0,0,60257,14,3939729,2756200
6990,0,5,60257,9,3939734,3023500
6991,0,0,60257,9,3939734,3001800
6992,0,0,60257,9,3939734,3483800
6993,0,0,60257,9,3939734,3147600
6994,0,4,60257,5,3939738,2767400
6995,0,0,60257,5,3939738,3868400
6996,0,0,60257,5,3939738,3314000
6997,0,0,60257,5,3939738,3024700
6998,0,0,60257,5,3939738,3687600
6999,0,0,60257,5,3939738,2790000
7000,0,0,60257,5,3939738,2581400
7001,0,0,60257,5,3939738,2794800
7002,0,1,60257,4,3939739,2388800
7003,0,0,60257,4,3939739,2419100
7004,0,0,60257,4,3939739,2522500
7005,0,0,60257,4,3939739,2663500
7006,0,0,60257,4,3939739,2730700
7007,0,0,60257,4,3939739,2861000
7008,0,0,60257,4,3939739,2691500
7009,0,1,60257,3,3939740,2542300
7010,0,0,60257,3,3939740,2555800
7011,0,1,60257,2,3939741,2593100
7012,0,0,60257,2,3939741,2896900
7013,0,0,60257,2,3939741,2810800
7014,0,0,60257,2,3939741,2529300
7015,0,0,60257,2,3939741,2657500
7016,0,0,60257,2,3939741,2382900
7017,0,0,60257,2,3939741,2336200
7018,0,0,60257,2,3939741,2256500
7019,0,0,60257,2,3939741,2396900
7020,0,0,60257,2,3939741,2337000
7021,0,1,60257,1,3939742,2398700
7022,0,0,60257,1,3939742,2375400
7023,0,0,60257,1,3939742,2414100
7024,0,0,60257,1,3939742,2491500
7025,0,1,60257,0,3939743,2536500
