Tick,NewlyInfected,NewlyRecovered,TotalSusceptible,TotalInfected,TotalRecovered,StepTimeNanos
0,1,1,3999995,4,1,3462900
1,1,0,3999993,6,1,2412500
2,2,0,3999992,7,1,2349900
3,1,1,3999990,8,2,2407700
4,2,0,3999988,10,2,2517600
5,3,0,3999987,11,2,2393000
6,0,0,3999985,13,2,2435200
7,5,3,3999981,14,5,2582700
8,2,0,3999979,16,5,2372600
9,2,1,3999977,17,6,2260600
10,1,3,3999975,16,9,2210000
11,3,1,3999973,17,10,2364900
12,1,1,3999971,18,11,2287000
13,2,0,3999970,19,11,2223200
14,5,2,3999964,23,13,2342400
15,8,1,3999959,27,14,2454700
16,3,1,3999953,32,15,2455700
17,2,1,3999951,33,16,2410900
18,3,1,3999949,34,17,2372100
19,3,0,3999947,36,17,2241600
20,5,4,3999941,38,21,2169000
21,5,0,3999938,41,21,2196200
22,4,2,3999933,44,23,2274200
23,9,4,3999924,49,27,2234800
24,10,2,3999913,58,29,2324700
25,7,2,3999907,62,31,2315500
26,7,6,3999898,65,37,2299400
27,7,3,3999893,67,40,2311000
28,11,5,3999884,71,45,2333000
29,4,5,3999876,74,50,2326100
30,10,0,3999869,81,50,2350900
31,11,4,3999856,90,54,2246800
32,14,3,3999845,98,57,2331000
33,9,6,3999833,104,63,2355300
34,23,2,3999815,120,65,2293700
35,16,9,3999796,130,74,2371600
36,18,10,3999777,139,84,2311500
37,16,7,3999765,144,91,2323700
38,17,6,3999745,158,97,2275200
39,17,6,3999726,171,103,2270300
40,25,14,3999704,179,117,2259300
41,14,6,3999690,187,123,2213300
42,25,5,3999665,207,128,2276300
43,32,16,3999633,223,144,2282400
44,30,14,3999607,235,158,2284300
45,19,11,3999586,245,169,2283200
46,19,11,3999563,257,180,2315400
47,28,16,3999541,263,196,2432100
48,21,9,3999518,277,205,2417900
49,25,13,3999490,292,218,2440400
50,15,10,3999476,296,228,2506100
51,25,21,3999459,292,249,2437000
52,20,12,3999432,307,261,2280100
53,19,21,3999411,307,282,2305200
54,33,18,3999382,318,300,2317000
55,21,13,3999360,327,313,2634900
56,33,24,3999330,333,337,2400800
57,39,17,3999293,353,354,2522700
58,42,18,3999249,379,372,2412500
59,27,14,3999219,395,386,2402900
60,31,20,3999191,403,406,2528300
61,37,21,3999153,420,427,2453600
62,27,21,3999127,425,448,2498300
63,41,24,3999087,441,472,2476200
64,35,31,3999050,447,503,2457800
65,40,18,3999012,467,521,2491600
66,35,30,3998973,476,551,2329500
67,39,25,3998938,486,576,2376500
68,38,22,3998902,500,598,2338900
69,24,19,3998870,513,617,2425100
70,48,33,3998838,512,650,2330900
71,42,34,3998785,531,684,2386300
72,50,33,3998742,541,717,2360800
73,24,27,3998709,547,744,2491700
74,43,23,3998668,565,767,2513200
75,30,26,3998638,569,793,2549000
76,52,45,3998585,577,838,2466900
77,41,36,3998550,576,874,2496000
78,40,25,3998506,595,899,2476600
79,52,37,3998451,613,936,2386700
80,56,33,3998398,633,969,2424500
81,36,35,3998357,639,1004,2549500
82,49,33,3998316,647,1037,2453100
83,47,32,3998267,664,1069,2416000
84,52,27,3998216,688,1096,2418900
85,67,36,3998149,719,1132,2399300
86,53,31,3998094,743,1163,2323400
87,52,34,3998041,762,1197,2441000
88,56,40,3997988,775,1237,2468100
89,62,45,3997928,790,1282,2373500
90,58,41,3997871,806,1323,2414000
91,59,43,3997810,824,1366,2549800
92,62,29,3997744,861,1395,2567900
93,68,40,3997679,886,1435,2390000
94,59,43,3997625,897,1478,2389000
95,63,48,3997559,915,1526,2325400
96,72,55,3997483,936,1581,2311900
97,69,47,3997420,952,1628,2368000
98,68,50,3997350,972,1678,2515700
99,63,47,3997293,982,1725,2321700
100,66,42,3997219,1014,1767,2289500
101,58,36,3997162,1035,1803,2339000
102,71,45,3997096,1056,1848,2255800
103,72,66,3997022,1064,1914,2277300
104,72,61,3996952,1073,1975,2287500
105,78,49,3996878,1098,2024,2223600
106,84,74,3996788,1114,2098,2550000
107,63,52,3996720,1130,2150,2424000
108,74,49,3996656,1145,2199,2412500
109,77,71,3996577,1153,2270,2370400
110,64,66,3996509,1155,2336,2356000
111,76,71,3996436,1157,2407,2247000
112,63,64,3996369,1160,2471,2235700
113,67,55,3996305,1169,2526,2256800
114,96,78,3996216,1180,2604,2250700
115,65,63,3996145,1188,2667,2288200
116,89,76,3996060,1197,2743,2262300
117,80,69,3995981,1207,2812,2177000
118,83,61,3995899,1228,2873,2207000
119,88,73,3995814,1240,2946,2169300
120,103,69,3995705,1280,3015,2159900
121,101,67,3995601,1317,3082,2165000
122,101,68,3995511,1339,3150,2142500
123,112,81,3995396,1373,3231,2184200
124,113,53,3995288,1428,3284,2224800
125,116,70,3995166,1480,3354,2227000
126,113,77,3995057,1512,3431,2238700
127,99,71,3994953,1545,3502,2309700
128,91,83,3994871,1544,3585,2293600
129,104,72,3994758,1585,3657,2284900
130,108,90,3994646,1607,3747,2367500
131,87,82,3994568,1603,3829,2360500
132,90,90,3994475,1606,3919,2246500
133,98,98,3994378,1605,4017,2202200
134,88,90,3994288,1605,4107,2261600
135,112,91,3994173,1629,4198,2397100
136,95,81,3994087,1634,4279,2229300
137,106,103,3993967,1651,4382,2423500
138,93,84,3993876,1658,4466,2549800
139,95,85,3993796,1653,4551,2366900
140,100,73,3993685,1691,4624,2284100
141,108,73,3993581,1722,4697,2277100
142,100,83,3993474,1746,4780,2329200
143,100,89,3993378,1753,4869,2251100
144,95,92,3993286,1753,4961,2268200
145,106,95,3993175,1769,5056,2322200
146,98,98,3993083,1763,5154,2344300
147,104,101,3992991,1754,5255,2458800
148,119,83,3992860,1802,5338,2279500
149,115,105,3992745,1812,5443,2260700
150,121,91,3992626,1840,5534,2236800
151,108,82,3992518,1866,5616,2340000
152,110,109,3992396,1879,5725,2228800
153,108,87,3992291,1897,5812,2245300
154,129,95,3992168,1925,5907,2213600
155,124,97,3992041,1955,6004,2308000
156,118,110,3991923,1963,6114,2237600
157,124,94,3991804,1988,6208,2243200
158,114,118,3991691,1983,6326,2224300
159,134,113,3991554,2007,6439,2263300
160,137,106,3991421,2034,6545,2309500
161,125,100,3991294,2061,6645,2239600
162,126,110,3991171,2074,6755,2213100
163,142,98,3991031,2116,6853,2272400
164,145,105,3990886,2156,6958,2279100
165,134,130,3990745,2167,7088,2372700
166,134,101,3990619,2192,7189,2616300
167,143,98,3990469,2244,7287,2308800
168,156,108,3990322,2283,7395,2367700
169,146,124,3990174,2307,7519,2433600
170,137,115,3990044,2322,7634,2346500
171,180,105,3989869,2392,7739,2307000
172,149,133,3989712,2416,7872,2254800
173,130,139,3989576,2413,8011,2289000
174,142,113,3989433,2443,8124,2300100
175,163,127,3989276,2473,8251,2273400
176,124,118,3989143,2488,8369,2376700
177,163,139,3988996,2496,8508,2272100
178,160,135,3988822,2535,8643,2316800
179,138,123,3988684,2550,8766,2347900
180,136,117,3988545,2572,8883,2372500
181,156,135,3988394,2588,9018,2450100
182,142,132,3988248,2602,9150,2387500
183,149,135,3988106,2609,9285,2400700
184,168,162,3987942,2611,9447,2392600
185,180,154,3987771,2628,9601,2318000
186,158,138,3987600,2661,9739,2320100
187,162,125,3987449,2687,9864,2273900
188,128,135,3987314,2687,9999,2356400
189,162,138,3987142,2721,10137,2332600
190,145,144,3987010,2709,10281,2393700
191,168,140,3986838,2741,10421,2277400
192,141,124,3986691,2764,10545,2361600
193,159,131,3986535,2789,10676,2349000
194,166,160,3986381,2783,10836,2311100
195,164,132,3986198,2834,10968,2457200
196,153,143,3986050,2839,11111,2313200
197,165,136,3985892,2861,11247,2288800
198,163,164,3985725,2864,11411,2412000
199,184,153,3985543,2893,11564,2385400
200,168,139,3985383,2914,11703,2364700
201,136,138,3985234,2925,11841,2367300
202,159,172,3985082,2905,12013,2296600
203,151,141,3984928,2918,12154,2253500
204,196,149,3984735,2962,12303,2353800
205,172,138,3984565,2994,12441,2277000
206,155,161,3984405,2993,12602,2209900
207,172,158,3984242,2998,12760,2232600
208,191,154,3984046,3040,12914,2195900
209,178,152,3983866,3068,13066,2204700
210,175,133,3983702,3099,13199,2185100
211,156,154,3983531,3116,13353,2193700
212,168,178,3983382,3087,13531,2111000
213,174,156,3983196,3117,13687,2197900
214,168,143,3983031,3139,13830,2199100
215,160,169,3982860,3141,13999,2201600
216,197,181,3982679,3141,14180,2164100
217,179,159,3982502,3159,14339,2151000
218,213,163,3982289,3209,14502,2219200
219,216,168,3982079,3251,14670,2208300
220,190,161,3981873,3296,14831,2290800
221,182,164,3981692,3313,14995,2283300
222,196,165,3981499,3341,15160,2178300
223,198,161,3981303,3376,15321,2201800
224,215,169,3981097,3413,15490,2189200
225,210,184,3980879,3447,15674,2237900
226,207,168,3980669,3489,15842,2199600
227,215,199,3980452,3507,16041,2227500
228,203,161,3980246,3552,16202,2150000
229,219,204,3980041,3553,16406,2237800
230,183,196,3979845,3553,16602,2234600
231,220,187,3979630,3581,16789,2158300
232,207,198,3979417,3596,16987,2161200
233,186,195,3979233,3585,17182,2160300
234,218,202,3979028,3588,17384,2247100
235,185,185,3978823,3608,17569,2203700
236,200,205,3978625,3601,17774,2204800
237,204,187,3978434,3605,17961,2224100
238,229,187,3978212,3640,18148,2247200
239,183,190,3978013,3649,18338,2286700
240,202,203,3977822,3637,18541,2302100
241,239,189,3977581,3689,18730,2269500
242,244,161,3977347,3762,18891,2228000
243,219,188,3977105,3816,19079,2238600
244,212,200,3976908,3813,19279,2261800
245,237,227,3976663,3831,19506,2508700
246,214,205,3976447,3842,19711,2611800
247,225,203,3976231,3855,19914,2596300
248,225,206,3976005,3875,20120,2373000
249,239,221,3975769,3890,20341,2298300
250,228,207,3975538,3914,20548,2234000
251,234,217,3975314,3921,20765,2410100
252,205,218,3975101,3916,20983,2290900
253,214,208,3974883,3926,21191,2228200
254,214,189,3974672,3948,21380,2237000
255,236,203,3974434,3983,21583,2310000
256,249,216,3974185,4016,21799,2313000
257,218,226,3973979,3996,22025,2447600
258,243,221,3973736,4018,22246,2348000
259,204,244,3973524,3986,22490,2224200
260,216,212,3973301,3997,22702,2180200
261,227,214,3973069,4015,22916,2179400
262,204,203,3972873,4008,23119,2185600
263,188,206,3972692,3983,23325,2362400
264,205,207,3972473,3995,23532,2393900
265,257,206,3972220,4042,23738,2345600
266,221,216,3972006,4040,23954,2291900
267,212,226,3971804,4016,24180,2218800
268,221,220,3971570,4030,24400,2183000
269,230,214,3971344,4042,24614,2223100
270,239,204,3971109,4073,24818,2285600
271,237,219,3970865,4098,25037,2235300
272,229,212,3970632,4119,25249,2208100
273,227,229,3970416,4106,25478,2194800
274,243,216,3970169,4137,25694,2288600
275,248,232,3969919,4155,25926,2281600
276,275,215,3969657,4202,26141,2241500
277,251,217,3969406,4236,26358,2256100
278,235,235,3969160,4247,26593,2137300
279,247,230,3968918,4259,26823,2146400
280,232,233,3968687,4257,27056,2194200
281,262,207,3968429,4308,27263,2236600
282,268,235,3968159,4343,27498,2175200
283,243,225,3967909,4368,27723,2125600
284,266,208,3967645,4424,27931,2202900
285,278,246,3967375,4448,28177,2281200
286,237,239,3967128,4456,28416,2170300
287,269,228,3966862,4494,28644,2322200
288,235,241,3966627,4488,28885,2368200
289,246,230,3966377,4508,29115,2319700
290,234,236,3966145,4504,29351,2230700
291,255,242,3965887,4520,29593,2256800
292,245,231,3965651,4525,29824,2213400
293,250,198,3965393,4585,30022,2256000
294,252,256,3965152,4570,30278,2305600
295,255,250,3964893,4579,30528,2333200
296,252,243,3964634,4595,30771,2297400
297,282,262,3964352,4615,31033,2235700
298,275,235,3964075,4657,31268,2286600
299,266,252,3963815,4665,31520,2470800
300,282,239,3963537,4704,31759,2365300
301,268,252,3963269,4720,32011,2680100
302,251,241,3963009,4739,32252,2534800
303,235,245,3962781,4722,32497,2734900
304,268,239,3962510,4754,32736,4170900
305,270,270,3962231,4763,33006,2580400
306,280,261,3961951,4782,33267,2464500
307,264,232,3961698,4803,33499,2505000
308,297,273,3961422,4806,33772,2388400
309,281,227,3961133,4868,33999,2387400
310,288,236,3960822,4943,34235,2290800
311,259,265,3960573,4927,34500,2255000
312,291,267,3960284,4949,34767,2295700
313,278,274,3960002,4957,35041,2283700
314,267,254,3959739,4966,35295,2361000
315,257,268,3959475,4962,35563,2633500
316,302,255,3959187,4995,35818,9963400
317,254,257,3958926,4999,36075,5423600
318,315,271,3958609,5045,36346,2968000
319,267,271,3958337,5046,36617,2544600
320,275,272,3958077,5034,36889,2412500
321,272,256,3957810,5045,37145,2476500
322,249,252,3957543,5060,37397,2462400
323,249,290,3957304,5009,37687,2230500
324,253,260,3957031,5022,37947,2227900
325,301,261,3956755,5037,38208,2206300
326,251,229,3956485,5078,38437,2285700
327,283,267,3956206,5090,38704,2253000
328,273,287,3955936,5073,38991,2198200
329,255,283,3955686,5040,39274,2158800
330,300,283,3955382,5061,39557,2154800
331,269,250,3955111,5082,39807,2231200
332,293,293,3954832,5068,40100,2596100
333,272,251,3954542,5107,40351,2610400
334,293,266,3954260,5123,40617,2714300
335,283,267,3953977,5139,40884,2667600
336,274,240,3953693,5183,41124,2497600
337,240,256,3953446,5174,41380,2491000
338,278,261,3953176,5183,41641,2624700
339,300,279,3952892,5188,41920,2373900
340,294,271,3952589,5220,42191,2456700
341,264,281,3952321,5207,42472,2365700
342,290,267,3952032,5229,42739,2462700
343,301,266,3951747,5248,43005,2419500
344,292,265,3951449,5281,43270,2368300
345,296,294,3951156,5280,43564,2279500
346,296,275,3950853,5308,43839,2297400
347,309,260,3950539,5362,44099,2262600
348,286,277,3950260,5364,44376,2211600
349,305,290,3949946,5388,44666,2219400
350,286,272,3949666,5396,44938,2256200
351,297,255,3949377,5430,45193,2318300
352,306,287,3949065,5455,45480,2288900
353,324,276,3948729,5515,45756,2263400
354,285,301,3948449,5494,46057,2248900
355,309,318,3948158,5467,46375,2250800
356,296,260,3947846,5519,46635,2356900
357,268,260,3947590,5515,46895,2248300
358,256,286,3947330,5489,47181,2322200
359,286,293,3947043,5483,47474,2180200
360,271,321,3946772,5433,47795,2186400
361,315,277,3946453,5475,48072,2174600
362,291,286,3946168,5474,48358,2121700
363,300,299,3945870,5473,48657,2103400
364,294,302,3945564,5477,48959,2151800
365,282,323,3945281,5437,49282,2097200
366,334,290,3944962,5466,49572,2098900
367,297,263,3944671,5494,49835,2051400
368,298,271,3944360,5534,50106,2334600
369,264,303,3944090,5501,50409,2197400
370,281,280,3943809,5502,50689,2118300
371,325,286,3943491,5534,50975,2112700
372,271,267,3943219,5539,51242,2176300
373,289,278,3942925,5555,51520,2085800
374,281,300,3942642,5538,51820,2077000
375,304,285,3942349,5546,52105,2121800
376,323,291,3942024,5580,52396,2150200
377,313,287,3941720,5597,52683,2084300
378,323,321,3941389,5607,53004,2096800
379,329,281,3941068,5647,53285,2081400
380,328,269,3940738,5708,53554,2138200
381,304,293,3940416,5737,53847,2159600
382,295,341,3940121,5691,54188,2184200
383,301,288,3939837,5687,54476,2150400
384,336,293,3939508,5723,54769,2280100
385,293,284,3939199,5748,55053,3210600
386,322,326,3938889,5732,55379,2266800
387,282,296,3938600,5725,55675,2340600
388,324,274,3938277,5774,55949,2400300
389,326,313,3937956,5782,56262,2475800
390,304,291,3937642,5805,56553,2421400
391,310,310,3937327,5810,56863,2378600
392,319,300,3937018,5819,57163,2362600
393,342,310,3936672,5855,57473,2343500
394,319,308,3936354,5865,57781,2298600
395,327,340,3936043,5836,58121,2221900
396,310,322,3935710,5847,58443,2230600
397,313,289,3935409,5859,58732,2295600
398,315,287,3935106,5875,59019,2232800
399,302,309,3934802,5870,59328,2163600
400,306,307,3934491,5874,59635,2124600
401,308,313,3934176,5876,59948,2104800
402,333,323,3933861,5868,60271,2091700
403,299,301,3933536,5892,60572,2167600
404,299,295,3933235,5898,60867,2134400
405,299,296,3932926,5911,61163,2096300
406,313,287,3932632,5918,61450,2308700
407,377,315,3932272,5963,61765,2242100
408,381,324,3931876,6035,62089,2185800
409,348,309,3931522,6080,62398,2226500
410,348,289,3931184,6129,62687,2211200
411,340,297,3930839,6177,62984,2169200
412,395,310,3930454,6252,63294,2080900
413,405,330,3930055,6321,63624,2078600
414,351,301,3929681,6394,63925,2069000
415,331,364,3929374,6337,64289,2096800
416,351,346,3929014,6351,64635,2125900
417,339,320,3928670,6375,64955,2153800
418,369,326,3928294,6425,65281,2106300
419,387,316,3927914,6489,65597,2125400
420,378,328,3927541,6534,65925,2063100
421,389,318,3927157,6600,66243,2074700
422,352,333,3926795,6629,66576,2157200
423,353,335,3926448,6641,66911,2185800
424,354,372,3926086,6631,67283,2143300
425,348,347,3925746,6624,67630,2112700
426,374,328,3925361,6681,67958,2096800
427,341,358,3925020,6664,68316,2038500
428,338,350,3924689,6645,68666,2103700
429,329,354,3924356,6624,69020,2146900
430,371,341,3923994,6645,69361,2089100
431,369,333,3923620,6686,69694,2082100
432,352,343,3923269,6694,70037,2108300
433,323,339,3922946,6678,70376,2117800
434,364,398,3922581,6645,70774,2144000
435,387,343,3922189,6694,71117,2181900
436,342,325,3921852,6706,71442,2231300
437,361,342,3921502,6714,71784,2204700
438,378,351,3921109,6756,72135,2134600
439,396,361,3920736,6768,72496,2159900
440,389,362,3920329,6813,72858,2096600
441,387,371,3919958,6813,73229,2100900
442,379,359,3919565,6847,73588,2073900
443,375,360,3919191,6861,73948,2124500
444,381,368,3918812,6872,74316,2118300
445,377,350,3918426,6908,74666,2053200
446,399,356,3918028,6950,75022,2069800
447,366,365,3917677,6936,75387,2086300
448,379,372,3917292,6949,75759,2154600
449,380,372,3916915,6954,76131,2144300
450,384,360,3916531,6978,76491,2091300
451,429,380,3916100,7029,76871,2090600
452,383,361,3915712,7056,77232,2076700
453,362,370,3915345,7053,77602,2077700
454,396,357,3914963,7078,77959,2110900
455,373,368,3914579,7094,78327,2169300
456,413,364,3914181,7128,78691,2133900
457,401,350,3913774,7185,79041,2069800
458,389,366,3913398,7195,79407,2087200
459,413,365,3912972,7256,79772,2068900
460,365,370,3912602,7256,80142,2057800
461,433,354,3912167,7337,80496,2193200
462,462,384,3911710,7410,80880,2184200
463,439,357,3911268,7495,81237,2141500
464,414,406,3910855,7502,81643,2184800
465,377,397,3910486,7474,82040,2194600
466,389,379,3910084,7497,82419,2121800
467,420,391,3909660,7530,82810,2151200
468,420,387,3909255,7548,83197,2122400
469,417,369,3908832,7602,83566,2088400
470,443,380,3908390,7664,83946,2102800
471,443,362,3907958,7734,84308,2101500
472,417,422,3907546,7724,84730,2059400
473,397,418,3907121,7731,85148,2097200
474,397,366,3906740,7746,85514,2198300
475,413,402,3906337,7747,85916,2185100
476,392,406,3905925,7753,86322,2164700
477,429,407,3905512,7759,86729,2177500
478,400,415,3905112,7744,87144,2142300
479,404,441,3904695,7720,87585,2089200
480,412,391,3904278,7746,87976,2141100
481,410,424,3903878,7722,88400,2133600
482,412,425,3903465,7710,88825,2119700
483,362,390,3903091,7694,89215,2048600
484,382,419,3902715,7651,89634,2094200
485,415,415,3902302,7649,90049,2125300
486,409,387,3901901,7663,90436,2075400
487,405,378,3901495,7691,90814,2188700
488,399,367,3901104,7715,91181,2128400
489,383,410,3900705,7704,91591,2183500
490,411,390,3900310,7709,91981,2069600
491,422,413,3899873,7733,92394,2137200
492,399,370,3899475,7761,92764,2241800
493,450,370,3899039,7827,93134,2260900
494,410,460,3898621,7785,93594,2217300
495,456,385,3898178,7843,93979,2160400
496,418,424,3897740,7857,94403,2093700
497,421,412,3897325,7860,94815,2081500
498,463,377,3896881,7927,95192,2124300
499,441,421,3896431,7956,95613,2156900
500,383,373,3896047,7967,95986,2113700
501,435,389,3895600,8025,96375,2073200
502,458,390,3895161,8074,96765,2114700
503,406,427,3894748,8060,97192,2083200
504,419,439,3894331,8038,97631,2141800
505,410,412,3893902,8055,98043,2219200
506,397,409,3893520,8028,98452,2180100
507,416,450,3893091,8007,98902,2146000
508,394,432,3892695,7971,99334,2160900
509,376,367,3892316,7983,99701,2149100
510,372,403,3891937,7959,100104,2177000
511,398,382,3891570,7944,100486,2161600
512,436,398,3891131,7985,100884,2447100
513,421,432,3890709,7975,101316,2486600
514,434,426,3890278,7980,101742,2558600
515,434,391,3889830,8037,102133,2377000
516,409,376,3889425,8066,102509,2345500
517,417,393,3889001,8097,102902,2336900
518,456,411,3888556,8131,103313,2315600
519,444,412,3888121,8154,103725,2318800
520,414,410,3887713,8152,104135,2306400
521,456,436,3887263,8166,104571,2301500
522,443,447,3886808,8174,105018,2318000
523,417,414,3886394,8174,105432,2294300
524,477,434,3885931,8203,105866,2284700
525,443,415,3885466,8253,106281,2399100
526,418,397,3885051,8271,106678,2264500
527,438,431,3884608,8283,107109,2209900
528,432,398,3884167,8326,107507,2172600
529,459,445,3883713,8335,107952,2216800
530,419,410,3883288,8350,108362,2195500
531,380,411,3882901,8326,108773,2208500
532,441,456,3882485,8286,109229,2224800
533,410,424,3882073,8274,109653,2186500
534,390,423,3881668,8256,110076,2219800
535,416,432,3881261,8231,110508,2284900
536,442,429,3880820,8243,110937,2196900
537,440,395,3880370,8298,111332,2204100
538,428,435,3879964,8269,111767,2194300
539,422,407,3879528,8298,112174,2167600
540,450,461,3879060,8305,112635,2153100
541,420,431,3878661,8273,113066,2312200
542,441,426,3878225,8283,113492,2225400
543,492,418,3877720,8370,113910,2246100
544,421,453,3877305,8332,114363,2228400
545,432,397,3876886,8354,114760,2212000
546,430,428,3876434,8378,115188,2138100
547,419,420,3876016,8376,115608,2229000
548,435,417,3875582,8393,116025,2265900
549,439,456,3875139,8380,116481,2264900
550,426,436,3874716,8367,116917,2299900
551,441,412,3874293,8378,117329,2425500
552,408,404,3873875,8392,117733,2556200
553,428,423,3873448,8396,118156,2572200
554,437,458,3872999,8387,118614,2322900
555,469,457,3872556,8373,119071,2327200
556,487,456,3872062,8411,119527,2243100
557,472,456,3871581,8436,119983,2236300
558,425,430,3871145,8442,120413,2245100
559,484,449,3870688,8450,120862,2169900
560,473,469,3870201,8468,121331,2238600
561,496,402,3869729,8538,121733,2155100
562,488,482,3869227,8558,122215,2159400
563,500,465,3868727,8593,122680,2243500
564,443,453,3868284,8583,123133,2179500
565,433,424,3867841,8602,123557,2166100
566,438,436,3867403,8604,123993,2176400
567,470,437,3866947,8623,124430,2150600
568,481,456,3866472,8642,124886,2267200
569,486,396,3865977,8741,125282,2170800
570,485,459,3865499,8760,125741,2236500
571,467,463,3865029,8767,126204,2198800
572,451,450,3864571,8775,126654,2274400
573,481,456,3864077,8813,127110,2221700
574,443,467,3863638,8785,127577,2240500
575,433,439,3863191,8793,128016,2325000
576,441,464,3862774,8746,128480,2390200
577,463,441,3862298,8781,128921,2147900
578,446,456,3861866,8757,129377,2124800
579,434,454,3861433,8736,129831,2142200
580,478,434,3860941,8794,130265,2230100
581,481,495,3860471,8769,130760,2163700
582,476,415,3859987,8838,131175,2158400
583,483,500,3859517,8808,131675,2527700
584,470,477,3859047,8801,132152,2300600
585,429,467,3858602,8779,132619,2400200
586,480,450,3858140,8791,133069,2350800
587,488,486,3857642,8803,133555,2269700
588,463,441,3857189,8815,133996,2597600
589,497,457,3856685,8862,134453,2523700
590,488,460,3856201,8886,134913,2643000
591,479,447,3855723,8917,135360,2714600
592,509,470,3855218,8952,135830,2528000
593,493,474,3854713,8983,136304,2489400
594,459,443,3854255,8998,136747,2500200
595,480,452,3853783,9018,137199,2510700
596,535,466,3853268,9067,137665,2451000
597,516,448,3852734,9153,138113,2307900
598,504,460,3852238,9189,138573,2345500
599,535,456,3851708,9263,139029,2402500
600,501,482,3851194,9295,139511,2328200
601,496,511,3850700,9278,140022,2401300
602,515,473,3850199,9306,140495,2437900
603,541,516,3849637,9352,141011,2292700
604,469,496,3849150,9343,141507,2298800
605,494,465,3848667,9361,141972,2389200
606,530,493,3848156,9379,142465,2241300
607,511,488,3847658,9389,142953,2220600
608,484,534,3847146,9367,143487,2271600
609,490,481,3846653,9379,143968,2266300
610,478,523,3846176,9333,144491,2233800
611,531,517,3845649,9343,145008,2230700
612,503,460,3845148,9384,145468,2213400
613,522,510,3844644,9378,145978,2285600
614,508,473,3844119,9430,146451,2315600
615,514,489,3843609,9451,146940,2235000
616,501,486,3843087,9487,147426,2188000
617,508,500,3842595,9479,147926,2237000
618,536,507,3842063,9504,148433,2151300
619,535,480,3841519,9568,148913,2206500
620,538,452,3841013,9622,149365,2304800
621,533,529,3840444,9662,149894,2398600
622,547,519,3839905,9682,150413,2336300
623,507,502,3839424,9661,150915,2250900
624,573,488,3838840,9757,151403,2272700
625,520,476,3838326,9795,151879,2253100
626,516,486,3837808,9827,152365,2210600
627,527,550,3837261,9824,152915,2189200
628,543,554,3836751,9780,153469,2210100
629,522,499,3836210,9822,153968,2224900
630,518,487,3835674,9871,154455,2253500
631,516,546,3835176,9823,155001,2126900
632,519,519,3834662,9818,155520,2169000
633,506,519,3834136,9825,156039,2220200
634,569,502,3833585,9874,156541,2291000
635,552,517,3833035,9907,157058,2307900
636,504,515,3832515,9912,157573,2237400
637,545,501,3831976,9950,158074,2223900
638,531,531,3831439,9956,158605,2405000
639,546,547,3830902,9946,159152,2303300
640,529,528,3830372,9948,159680,2172600
641,561,526,3829822,9972,160206,2173000
642,572,513,3829248,10033,160719,2350100
643,536,506,3828715,10060,161225,2353800
644,547,511,3828149,10115,161736,2319300
645,537,490,3827613,10161,162226,2227300
646,559,528,3827058,10188,162754,2390900
647,522,482,3826524,10240,163236,2308500
648,593,568,3825964,10232,163804,2311800
649,567,521,3825377,10298,164325,2257100
650,582,577,3824792,10306,164902,2188100
651,541,514,3824277,10307,165416,2277300
652,575,572,3823676,10336,165988,2247700
653,589,559,3823105,10348,166547,2187300
654,534,506,3822556,10391,167053,2150800
655,547,561,3821994,10392,167614,2117200
656,588,535,3821431,10420,168149,2203700
657,586,565,3820849,10437,168714,2220400
658,562,538,3820293,10455,169252,2164500
659,576,573,3819721,10454,169825,2175900
660,568,567,3819142,10466,170392,2135900
661,546,542,3818604,10462,170934,2233400
662,603,551,3817997,10518,171485,2205800
663,546,555,3817456,10504,172040,2228400
664,536,537,3816923,10500,172577,2171900
665,549,534,3816359,10530,173111,2145500
666,609,524,3815739,10626,173635,2192100
667,569,545,3815198,10622,174180,2150600
668,598,554,3814597,10669,174734,2108600
669,575,597,3814010,10659,175331,2316500
670,585,586,3813427,10656,175917,2340000
671,561,577,3812852,10654,176494,2246900
672,553,564,3812312,10630,177058,2214200
673,558,551,3811748,10643,177609,2281300
674,563,546,3811182,10663,178155,2282300
675,564,612,3810620,10613,178767,2449000
676,548,579,3810057,10597,179346,2283000
677,573,575,3809505,10574,179921,2227300
678,546,529,3808964,10586,180450,2189900
679,533,577,3808419,10554,181027,2370600
680,527,543,3807881,10549,181570,2179100
681,523,583,3807388,10459,182153,2158900
682,494,552,3806855,10440,182705,2179100
683,547,557,3806323,10415,183262,2141200
684,555,513,3805757,10468,183775,2182300
685,532,545,3805246,10434,184320,2165200
686,514,542,3804717,10421,184862,2205600
687,510,561,3804215,10362,185423,2181200
688,593,557,3803622,10398,185980,2140800
689,585,590,3803038,10392,186570,2136000
690,536,494,3802490,10446,187064,2148400
691,558,555,3801954,10427,187619,2159900
692,552,513,3801380,10488,188132,2140800
693,534,522,3800849,10497,188654,2147500
694,545,532,3800294,10520,189186,2163500
695,571,566,3799738,10510,189752,2166900
696,545,572,3799184,10492,190324,2267700
697,585,577,3798609,10490,190901,2206500
698,576,570,3798049,10480,191471,2209600
699,597,532,3797446,10551,192003,2274300
700,561,588,3796892,10517,192591,2327400
701,575,633,3796303,10473,193224,2302100
702,616,543,3795696,10537,193767,2462300
703,591,543,3795114,10576,194310,2268100
704,580,576,3794515,10599,194886,2349300
705,596,588,3793940,10586,195474,2284200
706,587,551,3793338,10637,196025,2401000
707,595,523,3792748,10704,196548,2346000
708,646,573,3792125,10754,197121,2384800
709,612,567,3791483,10829,197688,2352200
710,604,588,3790879,10845,198276,2338300
711,574,537,3790311,10876,198813,2388800
712,579,569,3789714,10904,199382,2399100
713,581,563,3789142,10913,199945,2424900
714,621,591,3788523,10941,200536,2430100
715,623,527,3787902,11035,201063,2401600
716,661,577,3787260,11100,201640,2341100
717,618,567,3786627,11166,202207,2413600
718,613,584,3786049,11160,202791,2362900
719,626,591,3785400,11218,203382,2442900
720,643,594,3784745,11279,203976,2362900
721,593,632,3784173,11219,204608,2370500
722,623,578,3783541,11273,205186,2397300
723,690,600,3782850,11364,205786,2286000
724,608,601,3782220,11393,206387,2378200
725,599,607,3781653,11353,206994,2485300
726,653,611,3781011,11384,207605,2486800
727,625,610,3780367,11418,208215,2444100
728,572,576,3779790,11419,208791,2801200
729,589,627,3779203,11379,209418,2466300
730,608,596,3778594,11392,210014,2406800
731,601,538,3777989,11459,210552,2498500
732,652,590,3777340,11518,211142,2543900
733,610,580,3776737,11541,211722,2309200
734,637,565,3776081,11632,212287,2280600
735,596,582,3775513,11618,212869,2268700
736,615,591,3774890,11650,213460,2405300
737,649,594,3774241,11705,214054,2556100
738,651,581,3773585,11780,214635,2341200
739,649,668,3772947,11750,215303,2479600
740,707,641,3772264,11792,215944,2349800
741,618,666,3771596,11794,216610,2297100
742,593,635,3771030,11725,217245,2358800
743,611,588,3770406,11761,217833,2359800
744,612,564,3769809,11794,218397,2237600
745,674,609,3769122,11872,219006,2271400
746,625,633,3768487,11874,219639,2243900
747,608,668,3767880,11813,220307,2305700
748,637,638,3767253,11802,220945,2398000
749,626,631,3766624,11800,221576,2642600
750,608,596,3766005,11823,222172,2458600
751,618,610,3765399,11819,222782,2772300
752,644,641,3764757,11820,223423,2621700
753,631,618,3764117,11842,224041,2520500
754,643,592,3763503,11864,224633,2576200
755,689,631,3762805,11931,225264,2677100
756,670,604,3762124,12008,225868,2555900
757,668,601,3761475,12056,226469,2400400
758,669,606,3760789,12136,227075,2591500
759,670,670,3760100,12155,227745,2505000
760,644,624,3759470,12161,228369,2761700
761,701,644,3758785,12202,229013,2495700
762,681,675,3758094,12218,229688,2523200
763,641,595,3757447,12270,230283,2403300
764,655,633,3756789,12295,230916,2348700
765,622,626,3756179,12279,231542,2611200
766,661,643,3755514,12301,232185,2487600
767,662,661,3754865,12289,232846,2504500
768,630,634,3754218,12302,233480,2352400
769,656,650,3753558,12312,234130,2620700
770,621,588,3752927,12355,234718,2700500
771,617,617,3752322,12343,235335,2489200
772,667,641,3751650,12374,235976,2405400
773,703,610,3750953,12461,236586,2594600
774,674,653,3750306,12455,237239,2581000
775,671,621,3749618,12522,237860,2542600
776,624,622,3748973,12545,238482,2496300
777,614,673,3748375,12470,239155,2494400
778,620,635,3747732,12478,239790,2521000
779,624,668,3747124,12418,240458,2474800
780,696,637,3746443,12462,241095,2487500
781,627,688,3745807,12410,241783,2418700
782,630,689,3745169,12359,242472,2455000
783,673,639,3744505,12384,243111,2671700
784,660,704,3743856,12329,243815,2335600
785,662,636,3743177,12372,244451,2515300
786,589,628,3742584,12337,245079,2381600
787,671,650,3741918,12353,245729,3032600
788,670,609,3741240,12422,246338,2497800
789,659,679,3740608,12375,247017,2562800
790,655,663,3739950,12370,247680,2500300
791,634,651,3739316,12353,248331,2455100
792,683,656,3738618,12395,248987,2607500
793,676,713,3737967,12333,249700,2516100
794,727,626,3737232,12442,250326,2527800
795,665,617,3736560,12497,250943,2380500
796,652,695,3735917,12445,251638,2426400
797,697,639,3735212,12511,252277,2773300
798,661,624,3734555,12544,252901,2446900
799,662,682,3733883,12534,253583,2533400
800,689,642,3733182,12593,254225,2480400
801,662,687,3732517,12571,254912,2374600
802,666,637,3731856,12595,255549,2583600
803,673,624,3731196,12631,256173,2493100
804,679,654,3730524,12649,256827,2449400
805,692,665,3729826,12682,257492,2405600
806,661,617,3729160,12731,258109,2438200
807,712,652,3728457,12782,258761,2661600
808,653,680,3727790,12769,259441,2869400
809,713,676,3727096,12787,260117,2431100
810,580,666,3726480,12737,260783,2503100
811,680,639,3725832,12746,261422,2341800
812,677,627,3725159,12792,262049,2483500
813,661,691,3724470,12790,262740,2670500
814,686,651,3723797,12812,263391,2363800
815,650,695,3723160,12754,264086,2497600
816,739,704,3722418,12792,264790,2497500
817,664,660,3721759,12791,265450,2531100
818,660,659,3721089,12802,266109,2444000
819,694,642,3720417,12832,266751,2377900
820,657,688,3719733,12828,267439,2539600
821,684,639,3719060,12862,268078,2459400
822,626,697,3718429,12796,268775,2423900
823,697,671,3717738,12816,269446,2723800
824,641,683,3717078,12793,270129,2515900
825,634,672,3716464,12735,270801,2509600
826,654,674,3715805,12720,271475,2656800
827,711,704,3715104,12717,272179,2537500
828,692,671,3714410,12740,272850,2720500
829,664,701,3713735,12714,273551,2491400
830,694,676,3713066,12707,274227,2558800
831,709,718,3712347,12708,274945,2437300
832,716,690,3711629,12736,275635,2486800
833,657,663,3710969,12733,276298,2732700
834,627,692,3710321,12689,276990,2438700
835,670,645,3709654,12711,277635,2355900
836,698,653,3708985,12727,278288,2443600
837,684,630,3708296,12786,278918,2346800
838,666,696,3707598,12788,279614,2491100
839,707,662,3706923,12801,280276,2623400
840,693,637,3706218,12869,280913,2468300
841,710,688,3705513,12886,281601,2556200
842,751,671,3704778,12950,282272,2473500
843,688,701,3704076,12951,282973,2563300
844,735,638,3703339,13050,283611,2858600
845,693,683,3702625,13081,284294,2499500
846,720,689,3701930,13087,284983,2589400
847,761,680,3701180,13157,285663,2517000
848,731,714,3700441,13182,286377,2679900
849,725,653,3699720,13250,287030,3109900
850,716,692,3698999,13279,287722,2452900
851,740,685,3698254,13339,288407,2656500
852,711,706,3697528,13359,289113,2463300
853,712,662,3696831,13394,289775,2678800
854,694,670,3696143,13412,290445,2463700
855,722,675,3695430,13450,291120,2403400
856,697,709,3694722,13449,291829,2313900
857,733,736,3693981,13454,292565,2265700
858,730,750,3693266,13419,293315,2616200
859,719,632,3692558,13495,293947,2435500
860,725,723,3691785,13545,294670,2431900
861,699,704,3691104,13522,295374,2244900
862,786,721,3690357,13548,296095,2473800
863,729,717,3689596,13592,296812,2623600
864,764,746,3688837,13605,297558,2396700
865,786,712,3688053,13677,298270,2439100
866,799,729,3687284,13717,298999,2385600
867,729,762,3686515,13724,299761,2336100
868,773,758,3685766,13715,300519,2588400
869,781,723,3684961,13797,301242,2395300
870,720,721,3684241,13796,301963,2378900
871,736,722,3683532,13783,302685,2543100
872,801,753,3682725,13837,303438,2489200
873,740,755,3681974,13833,304193,2774900
874,729,786,3681243,13778,304979,2360400
875,718,725,3680537,13759,305704,2354100
876,742,679,3679799,13818,306383,2421700
877,703,784,3679061,13772,307167,2751600
878,688,705,3678377,13751,307872,2513400
879,765,693,3677638,13797,308565,2362300
880,710,745,3676912,13778,309310,2370500
881,684,696,3676225,13769,310006,2474100
882,766,662,3675486,13846,310668,2630800
883,732,714,3674745,13873,311382,2321100
884,718,763,3674027,13828,312145,2379000
885,706,696,3673307,13852,312841,2507900
886,741,790,3672575,13794,313631,2669900
887,712,739,3671865,13765,314370,2502300
888,715,709,3671138,13783,315079,2470000
889,787,735,3670359,13827,315814,2487600
890,709,749,3669650,13787,316563,2413400
891,770,720,3668895,13822,317283,2997900
892,697,737,3668185,13795,318020,2469000
893,738,773,3667439,13768,318793,2445500
894,731,677,3666705,13825,319470,2271800
895,761,756,3665972,13802,320226,2821400
896,733,723,3665218,13833,320949,2706900
897,759,682,3664468,13901,321631,2408500
898,731,695,3663742,13932,322326,2731800
899,746,734,3662989,13951,323060,2455500
900,757,728,3662239,13973,323788,2580600
901,787,748,3661447,14017,324536,2511100
902,776,760,3660659,14045,325296,2490700
903,702,715,3659967,14022,326011,2448100
904,799,719,3659168,14102,326730,2434000
905,775,741,3658391,14138,327471,2442900
906,777,728,3657622,14179,328199,2837800
907,793,731,3656817,14253,328930,2520900
908,700,744,3656111,14215,329674,2393500
909,785,706,3655334,14286,330380,2536000
910,794,673,3654556,14391,331053,2418600
911,787,727,3653752,14468,331780,2491700
912,771,745,3652978,14497,332525,2775500
913,781,729,3652233,14513,333254,2456400
914,822,762,3651412,14572,334016,2321400
915,770,775,3650613,14596,334791,2583300
916,762,741,3649872,14596,335532,2344300
917,787,766,3649062,14640,336298,2700000
918,785,789,3648288,14625,337087,2439700
919,803,770,3647486,14657,337857,2427900
920,757,774,3646714,14655,338631,2531700
921,779,829,3645953,14587,339460,2363100
922,797,730,3645140,14670,340190,2701600
923,801,758,3644335,14717,340948,2440700
924,770,797,3643583,14672,341745,2362300
925,830,783,3642748,14724,342528,2389700
926,799,791,3641941,14740,343319,2351600
927,811,744,3641171,14766,344063,2566800
928,802,794,3640344,14799,344857,2917500
929,836,771,3639489,14883,345628,2610100
930,838,751,3638662,14959,346379,2372200
931,789,788,3637862,14971,347167,2347500
932,860,766,3637037,15030,347933,2895000
933,808,780,3636192,15095,348713,2469300
934,778,783,3635425,15079,349496,2432900
935,875,783,3634553,15168,350279,2382100
936,774,802,3633788,15131,351081,2466300
937,779,810,3632987,15122,351891,2670400
938,799,789,3632207,15113,352680,2354800
939,837,744,3631381,15195,353424,2411500
940,854,805,3630516,15255,354229,2479400
941,807,763,3629722,15286,354992,2483400
942,854,751,3628873,15384,355743,2678500
943,754,803,3628084,15370,356546,2458600
944,774,778,3627322,15354,357324,2488200
945,808,769,3626499,15408,358093,2564200
946,814,781,3625711,15415,358874,2448500
947,799,808,3624905,15413,359682,2614700
948,812,748,3624087,15483,360430,2821600
949,824,834,3623280,15456,361264,2372400
950,789,808,3622458,15470,362072,2519100
951,819,793,3621673,15462,362865,2429100
952,790,799,3620860,15476,363664,2471800
953,839,761,3620030,15545,364425,2650900
954,819,768,3619214,15593,365193,2360300
955,811,802,3618390,15615,365995,2375600
956,837,773,3617561,15671,366768,2539700
957,777,839,3616780,15613,367607,2365100
958,787,855,3616023,15515,368462,2562000
959,796,772,3615181,15585,369234,2574300
960,829,867,3614371,15528,370101,2370600
961,774,774,3613585,15540,370875,2443600
962,796,796,3612804,15525,371671,2387900
963,786,813,3612025,15491,372484,2502500
964,819,774,3611197,15545,373258,2463100
965,824,741,3610397,15604,373999,2452800
966,847,790,3609541,15670,374789,2289300
967,834,784,3608705,15722,375573,2554400
968,833,857,3607852,15718,376430,2444500
969,796,824,3607056,15690,377254,2659800
970,834,795,3606241,15710,378049,2838500
971,797,821,3605408,15722,378870,2396000
972,840,821,3604626,15683,379691,2618000
973,851,824,3603755,15730,380515,2873100
974,784,808,3602933,15744,381323,2454700
975,797,828,3602151,15698,382151,2293900
976,819,866,3601341,15642,383017,2453500
977,832,784,3600519,15680,383801,2317400
978,796,812,3599722,15665,384613,2223300
979,818,834,3598895,15658,385447,2215300
980,757,837,3598131,15585,386284,2232500
981,818,814,3597327,15575,387098,2240400
982,799,790,3596523,15589,387888,2212000
983,838,818,3595708,15586,388706,2226100
984,814,805,3594875,15614,389511,2150200
985,794,807,3594077,15605,390318,2284600
986,813,776,3593261,15645,391094,2332400
987,845,795,3592412,15699,391889,2307700
988,866,796,3591578,15737,392685,2241600
989,844,770,3590687,15858,393455,2264300
990,849,827,3589859,15859,394282,2177700
991,846,827,3589006,15885,395109,2152800
992,884,855,3588143,15893,395964,2121800
993,847,851,3587303,15882,396815,2153100
994,934,811,3586367,16007,397626,2265400
995,867,842,3585505,16027,398468,2197600
996,791,826,3584693,16013,399294,2314900
997,870,891,3583844,15971,400185,2316400
998,859,832,3582961,16022,401017,2298800
999,895,851,3582082,16050,401868,2169100
1000,873,886,3581205,16041,402754,2184700
1001,847,853,3580361,16032,403607,2221300
1002,903,822,3579439,16132,404429,2254300
1003,827,858,3578596,16117,405287,2237200
1004,807,842,3577788,16083,406129,2280400
1005,874,845,3576950,16076,406974,2252800
1006,857,851,3576081,16094,407825,2313500
1007,827,887,3575256,16032,408712,2360900
1008,860,857,3574413,16018,409569,2276300
1009,835,824,3573550,16057,410393,2293800
1010,835,810,3572748,16049,411203,2498500
1011,874,880,3571852,16065,412083,2471900
1012,865,864,3570988,16065,412947,2464600
1013,870,770,3570106,16177,413717,2371000
1014,782,826,3569327,16130,414543,2543600
1015,849,858,3568506,16093,415401,2409500
1016,821,779,3567656,16164,416180,2408100
1017,846,825,3566816,16179,417005,2281300
1018,859,834,3565936,16225,417839,2321500
1019,882,837,3565082,16242,418676,2240800
1020,868,856,3564208,16260,419532,2196000
1021,838,903,3563368,16197,420435,2200000
1022,872,830,3562520,16215,421265,2324500
1023,880,854,3561623,16258,422119,2283200
1024,849,845,3560773,16263,422964,2206800
1025,875,834,3559900,16302,423798,2281200
1026,904,906,3559022,16274,424704,2297200
1027,908,833,3558080,16383,425537,2219700
1028,884,852,3557218,16393,426389,2165600
1029,865,837,3556335,16439,427226,2119800
1030,925,838,3555435,16501,428064,2104900
1031,912,821,3554517,16598,428885,2171500
1032,878,867,3553653,16595,429752,2164700
1033,956,886,3552714,16648,430638,2182500
1034,881,893,3551771,16698,431531,2374700
1035,944,917,3550866,16686,432448,2291300
1036,890,873,3549969,16710,433321,2317500
1037,914,853,3549059,16767,434174,2375100
1038,841,908,3548207,16711,435082,2375800
1039,918,867,3547302,16749,435949,2345500
1040,860,906,3546424,16721,436855,2393200
1041,886,857,3545539,16749,437712,2374300
1042,861,855,3544676,16757,438567,2299500
1043,892,849,3543791,16793,439416,2244600
1044,853,813,3542924,16847,440229,2114500
1045,899,923,3542042,16806,441152,2100800
1046,889,895,3541137,16816,442047,2104700
1047,922,866,3540234,16853,442913,2077200
1048,886,835,3539331,16921,443748,2243000
1049,855,878,3538485,16889,444626,2190900
1050,845,907,3537643,16824,445533,2114800
1051,883,946,3536742,16779,446479,2257000
1052,856,874,3535898,16749,447353,2435800
1053,877,905,3535036,16706,448258,2237100
1054,909,847,3534140,16755,449105,2318100
1055,938,910,3533223,16762,450015,2261100
1056,930,896,3532260,16829,450911,2275900
1057,856,882,3531389,16818,451793,2240900
1058,889,855,3530507,16845,452648,2251500
1059,890,901,3529606,16845,453549,2228600
1060,869,835,3528757,16859,454384,2217800
1061,847,921,3527880,16815,455305,2205900
1062,901,866,3527035,16794,456171,2198700
1063,905,891,3526098,16840,457062,2099400
1064,900,868,3525190,16880,457930,2128200
1065,876,871,3524329,16870,458801,2227100
1066,908,876,3523410,16913,459677,2155100
1067,914,825,3522505,16993,460502,2149000
1068,907,897,3521590,17011,461399,2198000
1069,863,921,3520721,16959,462320,2172400
1070,896,864,3519842,16974,463184,2154600
1071,925,911,3518915,16990,464095,2119400
1072,933,892,3517978,17035,464987,2147900
1073,846,911,3517123,16979,465898,2135600
1074,861,870,3516250,16982,466768,2108000
1075,909,917,3515359,16956,467685,2128600
1076,907,917,3514452,16946,468602,2136100
1077,918,910,3513516,16972,469512,2150900
1078,857,873,3512671,16944,470385,2171700
1079,965,885,3511714,17016,471270,2164500
1080,881,925,3510815,16990,472195,2320700
1081,955,887,3509878,17040,473082,2202200
1082,907,900,3508959,17059,473982,2360800
1083,914,858,3508067,17093,474840,2454800
1084,908,924,3507158,17078,475764,2319500
1085,930,878,3506212,17146,476642,2289100
1086,866,952,3505326,17080,477594,2211700
1087,856,866,3504488,17052,478460,2243500
1088,825,864,3503652,17024,479324,2216300
1089,904,916,3502746,17014,480240,2205500
1090,879,920,3501852,16988,481160,2159700
1091,954,922,3500921,16997,482082,2173500
1092,871,908,3500065,16945,482990,2144400
1093,864,847,3499194,16969,483837,2127100
1094,897,843,3498291,17029,484680,2121800
1095,833,841,3497433,17046,485521,2191200
1096,964,879,3496519,17081,486400,2129400
1097,918,902,3495584,17114,487302,2106600
1098,922,825,3494645,17228,488127,2090400
1099,923,899,3493739,17235,489026,2104000
1100,930,902,3492793,17279,489928,2105500
1101,915,906,3491907,17259,490834,2147400
1102,848,882,3491061,17223,491716,2224500
1103,941,912,3490103,17269,492628,2108100
1104,956,890,3489163,17319,493518,2202000
1105,960,912,3488203,17367,494430,2198700
1106,956,886,3487222,17462,495316,2193800
1107,942,913,3486330,17441,496229,2156800
1108,960,915,3485315,17541,497144,2192900
1109,1017,901,3484337,17618,498045,2359600
1110,1028,903,3483319,17733,498948,2248900
1111,957,904,3482346,17802,499852,2398400
1112,917,910,3481424,17814,500762,2401200
1113,950,935,3480453,17850,501697,2528100
1114,1030,935,3479463,17905,502632,2291600
1115,956,944,3478482,17942,503576,2303200
1116,1028,947,3477455,18022,504523,2333900
1117,978,943,3476518,18016,505466,2347900
1118,970,1011,3475531,17992,506477,2293900
1119,1001,995,3474520,18008,507472,2259200
1120,967,946,3473528,18054,508418,2253800
1121,985,959,3472566,18057,509377,2191200
1122,954,961,3471609,18053,510338,2190200
1123,1011,940,3470602,18120,511278,2295300
1124,979,997,3469613,18112,512275,2259200
1125,981,913,3468626,18186,513188,2252800
1126,949,972,3467672,18168,514160,2267900
1127,934,956,3466755,18129,515116,2187700
1128,927,919,3465819,18146,516035,2136900
1129,997,995,3464817,18153,517030,2271000
1130,944,943,3463876,18151,517973,2089700
1131,994,963,3462898,18166,518936,2052500
1132,933,957,3461953,18154,519893,2062800
1133,965,974,3460967,18166,520867,2052100
1134,1018,948,3459976,18209,521815,2065900
1135,940,924,3459031,18230,522739,2086600
1136,951,975,3458074,18212,523714,2104500
1137,994,983,3457075,18228,524697,2115600
1138,943,914,3456179,18210,525611,2158500
1139,902,964,3455226,18199,526575,2153300
1140,965,958,3454281,18186,527533,2149600
1141,940,963,3453330,18174,528496,2163600
1142,959,911,3452378,18215,529407,2147800
1143,926,937,3451444,18212,530344,2173000
1144,923,942,3450534,18180,531286,2092000
1145,949,932,3449562,18220,532218,2069400
1146,958,940,3448637,18205,533158,2083900
1147,944,916,3447682,18244,534074,2145900
1148,982,945,3446694,18287,535019,2079800
1149,1023,972,3445680,18329,535991,2071700
1150,988,920,3444706,18383,536911,2158400
1151,996,954,3443712,18423,537865,2152900
1152,939,973,3442757,18405,538838,2202000
1153,909,952,3441856,18354,539790,2289000
1154,1012,969,3440865,18376,540759,2156800
1155,929,926,3439906,18409,541685,2134300
1156,950,982,3438942,18391,542667,2146100
1157,985,955,3437960,18418,543622,2221400
1158,1009,952,3436970,18456,544574,2192400
1159,997,929,3435983,18514,545503,2372000
1160,1009,927,3434951,18619,546430,2485100
1161,978,995,3433975,18600,547425,2260500
1162,944,965,3433020,18590,548390,2239200
1163,961,982,3432058,18570,549372,2315500
1164,991,916,3431084,18628,550288,2218000
1165,1015,983,3430068,18661,551271,2231800
1166,983,999,3429096,18634,552270,2306500
1167,987,1030,3428086,18614,553300,2382500
1168,1016,917,3427093,18690,554217,2308900
1169,1013,913,3426049,18821,555130,2453000
1170,979,957,3425092,18821,556087,2480900
1171,1043,919,3424074,18920,557006,2406300
1172,1058,973,3423002,19019,557979,2473700
1173,990,961,3422000,19060,558940,2378100
1174,1018,1010,3420993,19057,559950,2303500
1175,1031,999,3419962,19089,560949,2367400
1176,1008,968,3418954,19129,561917,2324100
1177,1004,1005,3417943,19135,562922,2354100
1178,1025,1024,3416926,19128,563946,2359400
1179,1034,1032,3415900,19122,564978,2282200
1180,966,957,3414923,19142,565935,2396600
1181,1046,947,3413877,19241,566882,2417600
1182,1081,1043,3412786,19289,567925,2643700
1183,1048,1034,3411748,19293,568959,2449200
1184,1066,987,3410699,19355,569946,2521000
1185,983,995,3409677,19382,570941,2483600
1186,1051,998,3408663,19398,571939,2513400
1187,1042,980,3407610,19471,572919,2301200
1188,1007,1034,3406596,19451,573953,2246800
1189,1025,1011,3405563,19473,574964,2295700
1190,1051,968,3404556,19512,575932,2227000
1191,1086,1035,3403450,19583,576967,2229100
1192,1089,1098,3402370,19565,578065,2265900
1193,1009,986,3401352,19597,579051,2372000
1194,1029,1019,3400319,19611,580070,2948300
1195,1033,1060,3399290,19580,581130,2481100
1196,1045,960,3398251,19659,582090,2569500
1197,1000,1064,3397241,19605,583154,2310900
1198,1099,1011,3396147,19688,584165,2353000
1199,1025,1062,3395115,19658,585227,2412500
1200,1046,1064,3394079,19630,586291,2340200
1201,1011,1000,3393047,19662,587291,2419200
1202,1068,1029,3392007,19673,588320,2486900
1203,1003,1015,3390975,19690,589335,2447700
1204,1105,1021,3389902,19742,590356,2392500
1205,1017,1019,3388832,19793,591375,2578700
1206,1054,977,3387826,19822,592352,2591500
1207,1042,1072,3386780,19796,593424,2569500
1208,1108,1009,3385706,19861,594433,2363500
1209,959,1036,3384710,19821,595469,2774900
1210,1055,1086,3383646,19799,596555,2686300
1211,1048,1058,3382605,19782,597613,2236000
1212,1015,1048,3381579,19760,598661,2287800
1213,1116,999,3380460,19880,599660,2396900
1214,990,983,3379486,19871,600643,2428600
1215,1048,1060,3378446,19851,601703,2265500
1216,1099,1045,3377330,19922,602748,2271000
1217,1037,950,3376280,20022,603698,2269300
1218,1037,1006,3375242,20054,604704,2300200
1219,1018,1058,3374226,20012,605762,2384000
1220,1077,1107,3373166,19965,606869,2367500
1221,1078,1040,3372089,20002,607909,2453600
1222,1033,1046,3371041,20004,608955,2533900
1223,1021,1036,3370018,19991,609991,2377300
1224,1026,1030,3368975,20004,611021,2300400
1225,1040,1014,3367963,20002,612035,2380900
1226,1072,1034,3366898,20033,613069,2458900
1227,1045,1017,3365844,20070,614086,2331500
1228,1119,1089,3364748,20077,615175,2354700
1229,1022,1083,3363690,20052,616258,2307000
1230,1071,1031,3362639,20072,617289,2262200
1231,1088,1059,3361529,20123,618348,2297900
1232,1150,1033,3360405,20214,619381,2364900
1233,1082,1076,3359316,20227,620457,2328600
1234,1065,1071,3358247,20225,621528,2527000
1235,1093,1046,3357153,20273,622574,2362100
1236,1101,1037,3356053,20336,623611,2451700
1237,1034,1023,3355014,20352,624634,2571300
1238,1110,1061,3353947,20358,625695,2381600
1239,1073,1038,3352852,20415,626733,2345200
1240,1016,1086,3351831,20350,627819,2505600
1241,1056,1074,3350767,20340,628893,2567100
1242,1035,1040,3349734,20333,629933,2442400
1243,1143,1019,3348600,20448,630952,2224500
1244,1154,1137,3347455,20456,632089,2303800
1245,1063,1075,3346375,20461,633164,2416800
1246,1097,1065,3345286,20485,634229,2263600
1247,1111,1110,3344190,20471,635339,2409400
1248,1093,1109,3343086,20466,636448,2304600
1249,1058,1014,3342025,20513,637462,2594100
1250,1073,1057,3340915,20566,638519,2727300
1251,1125,1088,3339816,20577,639607,2922800
1252,1096,1098,3338749,20546,640705,2731000
1253,1112,1060,3337618,20617,641765,2443900
1254,1136,1154,3336473,20608,642919,2351000
1255,1111,1045,3335376,20660,643964,2287700
1256,1100,1089,3334292,20655,645053,2373700
1257,1078,1092,3333163,20692,646145,2475600
1258,1123,1113,3332057,20685,647258,2522400
1259,1107,1078,3330959,20705,648336,2394100
1260,1085,1025,3329855,20784,649361,2287500
1261,1053,1096,3328814,20729,650457,2356300
1262,1088,1083,3327733,20727,651540,2267300
1263,1122,1036,3326602,20822,652576,2256800
1264,1049,1078,3325553,20793,653654,2310700
1265,1124,1098,3324396,20852,654752,2393500
1266,1120,1087,3323321,20840,655839,2347300
1267,1093,1108,3322205,20848,656947,2284100
1268,1087,1077,3321136,20840,658024,2335700
1269,1108,1048,3320010,20918,659072,2249600
1270,1042,1083,3318992,20853,660155,2278200
1271,1042,1068,3317943,20834,661223,2321800
1272,1089,1139,3316857,20781,662362,2244600
1273,1098,1070,3315743,20825,663432,2206700
1274,1135,1066,3314623,20879,664498,2286700
1275,1069,1098,3313550,20854,665596,2261400
1276,1069,1059,3312468,20877,666655,2258900
1277,1147,1056,3311350,20939,667711,2367000
1278,1110,1076,3310247,20966,668787,2415200
1279,1094,1098,3309138,20977,669885,2321500
1280,1105,1086,3308017,21012,670971,2257700
1281,1073,1095,3306933,21001,672066,2337000
1282,1088,1087,3305858,20989,673153,2308000
1283,1073,1071,3304788,20988,674224,2240100
1284,1012,1116,3303743,20917,675340,2215600
1285,1141,1050,3302639,20971,676390,2215100
1286,1108,1100,3301543,20967,677490,2181600
1287,1092,1131,3300437,20942,678621,2213200
1288,1115,1114,3299348,20917,679735,2232400
1289,1083,1060,3298239,20966,680795,2224800
1290,1159,1057,3297120,21028,681852,2203400
1291,1120,1035,3296007,21106,682887,2306000
1292,1175,1091,3294825,21197,683978,2344900
1293,1067,1097,3293705,21220,685075,2218500
1294,1120,1114,3292615,21196,686189,2203900
1295,1179,1091,3291468,21252,687280,2352100
1296,1111,1083,3290324,21313,688363,2224100
1297,1103,1098,3289212,21327,689461,2208200
1298,1146,1108,3288054,21377,690569,2220400
1299,1130,1133,3286939,21359,691702,2445000
1300,1131,1049,3285800,21449,692751,2196300
1301,1104,1146,3284680,21423,693897,2179100
1302,1133,1097,3283584,21422,694994,2172800
1303,1139,1167,3282412,21427,696161,2313600
1304,1177,1161,3281249,21429,697322,2349100
1305,1208,1098,3280047,21533,698420,2372900
1306,1152,1149,3278907,21524,699569,2401400
1307,1124,1118,3277784,21529,700687,2487300
1308,1148,1087,3276634,21592,701774,2265300
1309,1144,1083,3275494,21649,702857,2185900
1310,1144,1178,3274324,21641,704035,2180100
1311,1153,1138,3273210,21617,705173,2215300
1312,1154,1133,3272030,21664,706306,2205900
1313,1157,1154,3270865,21675,707460,2203400
1314,1221,1163,3269647,21730,708623,2214100
1315,1196,1097,3268505,21775,709720,2159400
1316,1173,1121,3267299,21860,710841,2131500
1317,1163,1122,3266154,21883,711963,2217900
1318,1161,1113,3264983,21941,713076,2260100
1319,1162,1159,3263818,21947,714235,2178700
1320,1218,1135,3262629,22001,715370,2183000
1321,1182,1111,3261409,22110,716481,2188500
1322,1117,1132,3260301,22086,717613,2184300
1323,1124,1192,3259155,22040,718805,2172600
1324,1196,1122,3257962,22111,719927,2169200
1325,1124,1082,3256846,22145,721009,2279100
1326,1155,1150,3255690,22151,722159,2352800
1327,1144,1166,3254545,22130,723325,2267400
1328,1180,1138,3253403,22134,724463,2288800
1329,1156,1171,3252210,22156,725634,2229400
1330,1163,1228,3251036,22102,726862,2282700
1331,1163,1092,3249892,22154,727954,2287400
1332,1169,1156,3248717,22173,729110,2222100
1333,1157,1159,3247565,22166,730269,2307500
1334,1166,1116,3246361,22254,731385,2394000
1335,1111,1164,3245278,22173,732549,2282500
1336,1148,1119,3244132,22200,733668,2299900
1337,1126,1124,3242989,22219,734792,2327500
1338,1121,1121,3241877,22210,735913,2321100
1339,1146,1176,3240747,22164,737089,2214000
1340,1153,1161,3239587,22163,738250,2333000
1341,1140,1120,3238448,22182,739370,2211900
1342,1149,1158,3237286,22186,740528,2163000
1343,1179,1140,3236150,22182,741668,2136000
1344,1085,1155,3235011,22166,742823,2145600
1345,1199,1141,3233834,22202,743964,2148300
1346,1201,1120,3232646,22270,745084,2157700
1347,1115,1170,3231509,22237,746254,2119700
1348,1112,1189,3230397,22160,747443,2184200
1349,1070,1171,3229319,22067,748614,2158100
1350,1070,1166,3228235,21985,749780,2154400
1351,1143,1229,3227127,21864,751009,2169100
1352,1161,1166,3225950,21875,752175,2290500
1353,1086,1113,3224868,21844,753288,2181700
1354,1130,1143,3223742,21827,754431,2200300
1355,1147,1208,3222628,21733,755639,2168600
1356,1127,1108,3221460,21793,756747,2133900
1357,1167,1104,3220320,21829,757851,2153400
1358,1190,1149,3219111,21889,759000,2158400
1359,1163,1198,3217945,21857,760198,2200500
1360,1148,1192,3216808,21802,761390,2196000
1361,1122,1106,3215658,21846,762496,2203300
1362,1144,1135,3214546,21823,763631,2281000
1363,1144,1154,3213385,21830,764785,2301700
1364,1170,1136,3212231,21848,765921,2464400
1365,1148,1070,3211062,21947,766991,2381800
1366,1172,1129,3209909,21971,768120,2475200
1367,1110,1194,3208775,21911,769314,2476200
1368,1082,1160,3207697,21829,770474,2561200
1369,1202,1169,3206537,21820,771643,2640200
1370,1169,1173,3205335,21849,772816,2449400
1371,1105,1100,3204222,21862,773916,2254700
1372,1079,1121,3203135,21828,775037,2296600
1373,1168,1171,3202010,21782,776208,2289200
1374,1148,1114,3200840,21838,777322,2449300
1375,1106,1138,3199745,21795,778460,2305900
1376,1187,1084,3198559,21897,779544,2381800
1377,1123,1209,3197415,21832,780753,2319400
1378,1128,1112,3196314,21821,781865,2348200
1379,1168,1166,3195118,21851,783031,2214400
1380,1134,1153,3193966,21850,784184,2273500
1381,1144,1161,3192845,21810,785345,2257100
1382,1081,1155,3191749,21751,786500,2200700
1383,1096,1125,3190687,21688,787625,2155000
1384,1121,1148,3189530,21697,788773,2192300
1385,1099,1138,3188451,21638,789911,2184300
1386,1167,1092,3187297,21700,791003,2187000
1387,1143,1142,3186148,21707,792145,2154400
1388,1054,1086,3185056,21713,793231,2201800
1389,1142,1137,3183931,21701,794368,2322300
1390,1138,1156,3182814,21662,795524,2448400
1391,1079,1140,3181688,21648,796664,2687100
1392,1170,1091,3180580,21665,797755,2699800
1393,1099,1198,3179456,21591,798953,2485900
1394,1135,1135,3178358,21554,800088,2344400
1395,1153,1079,3177172,21661,801167,2241800
1396,1214,1117,3175974,21742,802284,2373300
1397,1133,1159,3174829,21728,803443,2668700
1398,1096,1168,3173744,21645,804611,2624600
1399,1215,1118,3172521,21750,805729,2622900
1400,1156,1083,3171355,21833,806812,2320500
1401,1138,1160,3170241,21787,807972,2457900
1402,1199,1074,3169011,21943,809046,2497300
1403,1183,1101,3167851,22002,810147,2447200
1404,1165,1186,3166680,21987,811333,2552300
1405,1184,1173,3165507,21987,812506,2493000
1406,1160,1075,3164375,22044,813581,2577300
1407,1160,1205,3163183,22031,814786,2368600
1408,1125,1147,3162037,22030,815933,2319900
1409,1142,1142,3160873,22052,817075,2491500
1410,1173,1117,3159760,22048,818192,2446600
1411,1099,1183,3158633,21992,819375,2359600
1412,1073,1144,3157553,21928,820519,2379300
1413,1214,1161,3156363,21957,821680,2288800
1414,1137,1176,3155201,21943,822856,2470200
1415,1145,1182,3154043,21919,824038,2510900
1416,1089,1175,3152967,21820,825213,2352200
1417,1216,1188,3151743,21856,826401,2404500
1418,1162,1127,3150617,21855,827528,2251500
1419,1179,1138,3149443,21891,828666,2273900
1420,1207,1172,3148212,21950,829838,2279500
1421,1086,1128,3147103,21931,830966,2254900
1422,1080,1164,3146007,21863,832130,2361600
1423,1188,1145,3144875,21850,833275,2591000
1424,1155,1169,3143730,21826,834444,2279400
1425,1211,1134,3142495,21927,835578,2242300
1426,1172,1159,3141310,21953,836737,2190200
1427,1210,1095,3140126,22042,837832,2231800
1428,1246,1190,3138905,22073,839022,2244500
1429,1191,1178,3137665,22135,840200,2227400
1430,1144,1144,3136559,22097,841344,2272600
1431,1192,1096,3135346,22214,842440,2262500
1432,1198,1173,3134160,22227,843613,2208200
1433,1174,1206,3132953,22228,844819,2274600
1434,1139,1175,3131834,22172,845994,2231600
1435,1176,1134,3130664,22208,847128,2187400
1436,1205,1142,3129460,22270,848270,2188600
1437,1210,1153,3128241,22336,849423,2374300
1438,1224,1142,3127018,22417,850565,2252100
1439,1214,1178,3125795,22462,851743,2257200
1440,1174,1124,3124604,22529,852867,2274600
1441,1190,1187,3123438,22508,854054,2358800
1442,1202,1188,3122256,22502,855242,2300600
1443,1220,1159,3121005,22594,856401,2186500
1444,1123,1179,3119876,22544,857580,2163600
1445,1234,1127,3118664,22629,858707,2238200
1446,1176,1156,3117485,22652,859863,2149400
1447,1215,1190,3116274,22673,861053,2154000
1448,1237,1224,3115045,22678,862277,2301500
1449,1219,1194,3113820,22709,863471,2256400
1450,1233,1172,3112607,22750,864643,2462900
1451,1227,1232,3111369,22756,865875,2411000
1452,1304,1152,3110083,22890,867027,2248300
1453,1290,1136,3108792,23045,868163,2210000
1454,1226,1207,3107541,23089,869370,2241500
1455,1208,1165,3106341,23124,870535,2357400
1456,1275,1197,3105067,23201,871732,2191200
1457,1236,1176,3103817,23275,872908,2139100
1458,1290,1244,3102553,23295,874152,2180200
1459,1261,1159,3101302,23387,875311,2132000
1460,1319,1208,3099946,23535,876519,2099300
1461,1275,1208,3098658,23615,877727,2049600
1462,1274,1241,3097390,23642,878968,2111500
1463,1251,1204,3096156,23672,880172,2112000
1464,1262,1229,3094898,23701,881401,2094600
1465,1205,1244,3093661,23694,882645,2133200
1466,1215,1291,3092460,23604,883936,2104700
1467,1123,1201,3091320,23543,885137,2088000
1468,1212,1205,3090130,23528,886342,2119500
1469,1283,1171,3088872,23615,887513,2122600
1470,1202,1244,3087613,23630,888757,2068000
1471,1246,1238,3086415,23590,889995,2134700
1472,1192,1132,3085229,23644,891127,2195300
1473,1217,1208,3083986,23679,892335,2119400
1474,1247,1210,3082750,23705,893545,2150600
1475,1239,1259,3081513,23683,894804,2284100
1476,1225,1254,3080295,23647,896058,2142800
1477,1264,1255,3079037,23650,897313,2211100
1478,1124,1241,3077859,23587,898554,2128100
1479,1161,1181,3076715,23550,899735,2200000
1480,1197,1300,3075543,23422,901035,2216700
1481,1222,1184,3074335,23446,902219,2206500
1482,1243,1258,3073096,23427,903477,2246300
1483,1325,1203,3071776,23544,904680,2176600
1484,1259,1214,3070478,23628,905894,2142800
1485,1215,1164,3069300,23642,907058,2102700
1486,1291,1258,3068002,23682,908316,2191100
1487,1312,1215,3066696,23773,909531,2123200
1488,1261,1306,3065416,23747,910837,2157400
1489,1231,1290,3064202,23671,912127,2125400
1490,1263,1206,3062944,23723,913333,2081000
1491,1249,1247,3061655,23765,914580,2095900
1492,1299,1252,3060387,23781,915832,2058600
1493,1272,1201,3059106,23861,917033,2072700
1494,1290,1255,3057802,23910,918288,2080400
1495,1290,1230,3056530,23952,919518,2096500
1496,1233,1274,3055311,23897,920792,2120000
1497,1262,1240,3054034,23934,922032,2088800
1498,1284,1251,3052756,23961,923283,2064200
1499,1298,1224,3051472,24021,924507,2108200
1500,1265,1304,3050169,24020,925811,2161200
1501,1232,1267,3048959,23963,927078,2154000
1502,1286,1187,3047675,24060,928265,2158200
1503,1301,1254,3046373,24108,929519,2121200
1504,1266,1267,3045086,24128,930786,2170000
1505,1257,1156,3043857,24201,931942,2173800
1506,1309,1226,3042576,24256,933168,2141300
1507,1324,1279,3041205,24348,934447,2191400
1508,1244,1244,3039965,24344,935691,2281600
1509,1171,1308,3038787,24214,936999,2290100
1510,1228,1289,3037554,24158,938288,2311400
1511,1237,1326,3036328,24058,939614,2238500
1512,1277,1220,3035063,24103,940834,2248800
1513,1162,1255,3033877,24034,942089,2283000
1514,1283,1215,3032622,24074,943304,2248600
1515,1229,1309,3031407,23980,944613,2191400
1516,1293,1232,3030087,24068,945845,2406300
1517,1188,1206,3028883,24066,947051,2201800
1518,1238,1274,3027640,24035,948325,2233400
1519,1231,1202,3026447,24026,949527,2161600
1520,1208,1252,3025224,23997,950779,2209300
1521,1213,1313,3023996,23912,952092,2183700
1522,1200,1230,3022802,23876,953322,2342400
1523,1180,1285,3021639,23754,954607,2438800
1524,1167,1276,3020441,23676,955883,2273200
1525,1232,1194,3019225,23698,957077,2248700
1526,1219,1178,3017994,23751,958255,2164900
1527,1252,1286,3016761,23698,959541,2218400
1528,1207,1228,3015556,23675,960769,2189200
1529,1163,1226,3014359,23646,961995,2270500
1530,1232,1193,3013160,23652,963188,2460900
1531,1256,1228,3011889,23695,964416,2330800
1532,1222,1222,3010657,23705,965638,2349900
1533,1220,1188,3009446,23728,966826,2247900
1534,1230,1217,3008215,23742,968043,2406300
1535,1189,1226,3007047,23684,969269,2621600
1536,1221,1253,3005820,23658,970522,2468100
1537,1179,1218,3004609,23651,971740,2948700
1538,1123,1254,3003499,23507,972994,2426500
1539,1142,1208,3002353,23445,974202,2447900
1540,1226,1254,3001110,23434,975456,2578700
1541,1218,1198,2999949,23397,976654,2517000
1542,1248,1249,2998668,23429,977903,2368100
1543,1225,1188,2997449,23460,979091,2500200
1544,1149,1228,2996301,23380,980319,2542700
1545,1231,1216,2995096,23369,981535,2525500
1546,1228,1201,2993889,23375,982736,2372300
1547,1231,1243,2992622,23399,983979,2390900
1548,1207,1242,2991427,23352,985221,2683700
1549,1214,1204,2990195,23380,986425,2401900
1550,1219,1176,2988970,23429,987601,2278500
1551,1220,1228,2987774,23397,988829,2437400
1552,1188,1261,2986551,23359,990090,2243100
1553,1244,1221,2985336,23353,991311,2235300
1554,1266,1192,2984070,23427,992503,2217100
1555,1233,1216,2982812,23469,993719,2190200
1556,1185,1244,2981605,23432,994963,2203500
1557,1213,1243,2980417,23377,996206,2164600
1558,1165,1218,2979247,23329,997424,2173300
1559,1185,1179,2978044,23353,998603,2138200
1560,1258,1202,2976844,23351,999805,2147300
1561,1185,1156,2975622,23417,1000961,2221600
1562,1312,1248,2974367,23424,1002209,2162900
1563,1162,1179,2973161,23451,1003388,2221500
1564,1273,1260,2971881,23471,1004648,2207000
1565,1268,1162,2970597,23593,1005810,2290100
1566,1231,1248,2969378,23564,1007058,2321000
1567,1306,1261,2968083,23598,1008319,2257300
1568,1207,1193,2966876,23612,1009512,2327500
1569,1209,1242,2965669,23577,1010754,2362700
1570,1201,1196,2964453,23597,1011950,2319800
1571,1247,1206,2963204,23640,1013156,2258100
1572,1359,1238,2961894,23712,1014394,2193100
1573,1292,1203,2960595,23808,1015597,2340800
1574,1230,1207,2959343,23853,1016804,2260500
1575,1239,1282,2958120,23794,1018086,2137000
1576,1213,1239,2956884,23791,1019325,2133000
1577,1211,1257,2955664,23754,1020582,2226600
1578,1199,1242,2954466,23710,1021824,2201900
1579,1190,1205,2953259,23712,1023029,2375600
1580,1260,1254,2952019,23698,1024283,2262700
1581,1223,1219,2950791,23707,1025502,2149400
1582,1249,1213,2949572,23713,1026715,2126600
1583,1206,1236,2948353,23696,1027951,2265900
1584,1249,1182,2947115,23752,1029133,2162700
1585,1269,1218,2945866,23783,1030351,2179600
1586,1189,1252,2944639,23758,1031603,2209100
1587,1232,1274,2943397,23726,1032877,2226700
1588,1240,1167,2942180,23776,1034044,2229600
1589,1264,1228,2940919,23809,1035272,2165200
1590,1258,1260,2939663,23805,1036532,2189800
1591,1232,1209,2938413,23846,1037741,2331900
1592,1205,1269,2937209,23781,1039010,2274800
1593,1224,1249,2935995,23746,1040259,2216800
1594,1353,1231,2934635,23875,1041490,2230600
1595,1254,1244,2933380,23886,1042734,2242200
1596,1204,1251,2932154,23861,1043985,2352500
1597,1343,1251,2930845,23919,1045236,2333600
1598,1243,1242,2929577,23945,1046478,2367000
1599,1283,1272,2928318,23932,1047750,2353600
1600,1205,1275,2927101,23874,1049025,2412000
1601,1270,1244,2925828,23903,1050269,2280400
1602,1294,1256,2924552,23923,1051525,2240800
1603,1258,1217,2923271,23987,1052742,2456300
1604,1244,1202,2922036,24020,1053944,2278900
1605,1283,1185,2920756,24115,1055129,2183500
1606,1282,1229,2919462,24180,1056358,2208200
1607,1310,1307,2918155,24180,1057665,2187400
1608,1268,1251,2916906,24178,1058916,2183800
1609,1300,1230,2915598,24256,1060146,2236700
1610,1238,1294,2914356,24204,1061440,2282000
1611,1357,1317,2913021,24222,1062757,2380200
1612,1262,1330,2911761,24152,1064087,2201000
1613,1317,1280,2910438,24195,1065367,2247400
1614,1349,1252,2909077,24304,1066619,2230200
1615,1354,1274,2907743,24364,1067893,2236300
1616,1332,1333,2906401,24373,1069226,2193100
1617,1344,1255,2905054,24465,1070481,2160400
1618,1289,1245,2903770,24504,1071726,2321800
1619,1317,1290,2902444,24540,1073016,2249100
1620,1271,1248,2901175,24561,1074264,2271700
1621,1286,1307,2899883,24546,1075571,2330400
1622,1291,1230,2898581,24618,1076801,2497600
1623,1241,1260,2897334,24605,1078061,2433300
1624,1301,1291,2896062,24586,1079352,2388500
1625,1269,1264,2894807,24577,1080616,2488100
1626,1380,1307,2893442,24635,1081923,2573000
1627,1314,1250,2892098,24729,1083173,2436100
1628,1262,1254,2890872,24701,1084427,2468600
1629,1320,1323,2889535,24715,1085750,2297100
1630,1314,1328,2888210,24712,1087078,2291700
1631,1275,1246,2886916,24760,1088324,2265700
1632,1333,1215,2885595,24866,1089539,2299800
1633,1302,1308,2884294,24859,1090847,2237100
1634,1386,1252,2882919,24982,1092099,2225900
1635,1285,1349,2881636,24916,1093448,2308100
1636,1300,1268,2880320,24964,1094716,2424400
1637,1318,1344,2879003,24937,1096060,2375000
1638,1228,1300,2877761,24879,1097360,2380100
1639,1246,1306,2876488,24846,1098666,2343300
1640,1327,1248,2875212,24874,1099914,2222200
1641,1257,1369,2873920,24797,1101283,2237000
1642,1328,1287,2872625,24805,1102570,2165700
1643,1330,1279,2871282,24869,1103849,2207000
1644,1336,1362,2869975,24814,1105211,2272700
1645,1274,1326,2868683,24780,1106537,2463100
1646,1349,1309,2867330,24824,1107846,2234300
1647,1276,1300,2866033,24821,1109146,2201200
1648,1418,1225,2864645,24984,1110371,2232200
1649,1373,1279,2863245,25105,1111650,2191800
1650,1338,1357,2861933,25060,1113007,2196600
1651,1299,1308,2860628,25057,1114315,2241900
1652,1327,1332,2859289,25064,1115647,2542500
1653,1307,1276,2857985,25092,1116923,2249000
1654,1305,1374,2856682,25021,1118297,2307300
1655,1275,1298,2855395,25010,1119595,2341400
1656,1262,1276,2854134,24995,1120871,2294500
1657,1337,1291,2852842,24996,1122162,2215300
1658,1306,1361,2851496,24981,1123523,2307000
1659,1314,1310,2850182,24985,1124833,2415100
1660,1311,1273,2848874,25020,1126106,2586500
1661,1198,1224,2847675,24995,1127330,2316700
1662,1273,1285,2846424,24961,1128615,2242800
1663,1310,1311,2845094,24980,1129926,2239100
1664,1301,1316,2843783,24975,1131242,2173300
1665,1324,1323,2842469,24966,1132565,2231700
1666,1287,1319,2841196,24920,1133884,2217500
1667,1254,1349,2839937,24830,1135233,2181600
1668,1293,1277,2838632,24858,1136510,2176000
1669,1322,1336,2837316,24838,1137846,2234700
1670,1261,1334,2836057,24763,1139180,2179100
1671,1300,1266,2834745,24809,1140446,2165900
1672,1259,1282,2833500,24772,1141728,2238400
1673,1257,1260,2832237,24775,1142988,2199100
1674,1303,1295,2830952,24765,1144283,2199100
1675,1245,1247,2829690,24780,1145530,2237800
1676,1270,1310,2828409,24751,1146840,2286300
1677,1289,1268,2827174,24718,1148108,2186000
1678,1278,1263,2825847,24782,1149371,2209400
1679,1290,1278,2824562,24789,1150649,2283700
1680,1301,1245,2823285,24821,1151894,2268100
1681,1298,1300,2821956,24850,1153194,2185600
1682,1277,1272,2820688,24846,1154466,2200400
1683,1320,1329,2819379,24826,1155795,2198900
1684,1287,1291,2818111,24803,1157086,2146000
1685,1312,1345,2816783,24786,1158431,2271200
1686,1264,1289,2815547,24733,1159720,2292800
1687,1303,1263,2814198,24819,1160983,2271800
1688,1293,1321,2812910,24786,1162304,2346900
1689,1298,1287,2811594,24815,1163591,2295200
1690,1345,1306,2810272,24831,1164897,2317700
1691,1270,1231,2808997,24875,1166128,2240400
1692,1295,1320,2807694,24858,1167448,2205800
1693,1296,1254,2806430,24868,1168702,2222700
1694,1350,1300,2805077,24921,1170002,2183200
1695,1281,1309,2803767,24922,1171311,2212400
1696,1330,1271,2802453,24965,1172582,2187200
1697,1336,1277,2801107,25034,1173859,2259800
1698,1280,1290,2799839,25012,1175149,2155100
1699,1224,1375,2798605,24871,1176524,2118500
1700,1376,1238,2797238,25000,1177762,2192500
1701,1358,1255,2795885,25098,1179017,2173500
1702,1358,1283,2794500,25200,1180300,2213500
1703,1388,1366,2793166,25168,1181666,2246500
1704,1365,1293,2791777,25264,1182959,2170200
1705,1347,1362,2790454,25225,1184321,2208500
1706,1313,1340,2789139,25200,1185661,2207600
1707,1375,1380,2787779,25180,1187041,2359400
1708,1368,1314,2786384,25261,1188355,2204700
1709,1321,1281,2785055,25309,1189636,2281600
1710,1358,1364,2783706,25294,1191000,2219000
1711,1309,1348,2782352,25300,1192348,2319300
1712,1358,1316,2781044,25292,1193664,2376000
1713,1437,1227,2779601,25508,1194891,2240000
1714,1319,1312,2778265,25532,1196203,2443400
1715,1338,1372,2776934,25491,1197575,2263500
1716,1311,1403,2775632,25390,1198978,2214900
1717,1339,1366,2774258,25398,1200344,2249900
1718,1296,1323,2772954,25379,1201667,2167400
1719,1367,1284,2771577,25472,1202951,2238400
1720,1352,1276,2770259,25514,1204227,2157200
1721,1323,1329,2768939,25505,1205556,2233000
1722,1322,1360,2767576,25508,1206916,2248400
1723,1330,1330,2766313,25441,1208246,2229200
1724,1375,1303,2764936,25515,1209549,2148300
1725,1340,1356,2763580,25515,1210905,2194300
1726,1332,1322,2762212,25561,1212227,2141600
1727,1311,1293,2760917,25563,1213520,2235300
1728,1287,1287,2759617,25576,1214807,2184000
1729,1277,1293,2758375,25525,1216100,2225000
1730,1346,1351,2757031,25518,1217451,2282300
1731,1345,1376,2755676,25497,1218827,2277800
1732,1297,1294,2754400,25479,1220121,2337200
1733,1406,1294,2753010,25575,1221415,2436300
1734,1335,1326,2751637,25622,1222741,2272800
1735,1397,1296,2750257,25706,1224037,2341200
1736,1305,1334,2748897,25732,1225371,2649200
1737,1334,1380,2747631,25618,1226751,2540000
1738,1315,1355,2746249,25645,1228106,2401400
1739,1313,1350,2744971,25573,1229456,2343100
1740,1272,1320,2743660,25564,1230776,2326700
1741,1314,1354,2742382,25488,1232130,2379000
1742,1296,1343,2741091,25436,1233473,2380800
1743,1328,1299,2739773,25455,1234772,2342900
1744,1343,1320,2738425,25483,1236092,2331100
1745,1390,1325,2737037,25546,1237417,2269900
1746,1349,1369,2735660,25554,1238786,2217300
1747,1316,1342,2734373,25499,1240128,2240200
1748,1328,1299,2732997,25576,1241427,2229100
1749,1381,1323,2731665,25585,1242750,2264300
1750,1346,1396,2730337,25517,1244146,2203000
1751,1303,1347,2728989,25518,1245493,2148200
1752,1306,1323,2727673,25511,1246816,2205300
1753,1383,1364,2726307,25513,1248180,2248700
1754,1343,1392,2724981,25447,1249572,2294200
1755,1409,1313,2723566,25549,1250885,2315500
1756,1405,1318,2722173,25624,1252203,2186100
1757,1406,1328,2720781,25688,1253531,2165400
1758,1378,1317,2719380,25772,1254848,2204200
1759,1326,1394,2718048,25710,1256242,2297600
1760,1425,1301,2716617,25840,1257543,2102600
1761,1296,1388,2715333,25736,1258931,2198100
1762,1354,1331,2713991,25747,1260262,2279000
1763,1381,1305,2712567,25866,1261567,2174100
1764,1323,1300,2711279,25854,1262867,2290300
1765,1322,1321,2709940,25872,1264188,2245200
1766,1406,1340,2708559,25913,1265528,2304400
1767,1322,1314,2707207,25951,1266842,2292100
1768,1361,1349,2705900,25909,1268191,2335400
1769,1356,1419,2704513,25877,1269610,2167800
1770,1313,1332,2703187,25871,1270942,2191800
1771,1332,1372,2701857,25829,1272314,2226800
1772,1379,1315,2700492,25879,1273629,2438300
1773,1365,1370,2699105,25896,1274999,2236000
1774,1316,1315,2697804,25882,1276314,2196100
1775,1339,1317,2696451,25918,1277631,2232600
1776,1306,1379,2695138,25852,1279010,2151300
1777,1391,1271,2693781,25938,1280281,2169900
1778,1338,1389,2692439,25891,1281670,2302100
1779,1385,1376,2691028,25926,1283046,2223900
1780,1375,1379,2689666,25909,1284425,2251400
1781,1350,1347,2688334,25894,1285772,2270700
1782,1429,1392,2686894,25942,1287164,2150700
1783,1398,1305,2685510,26021,1288469,2147700
1784,1438,1361,2684046,26124,1289830,2185000
1785,1391,1323,2682647,26200,1291153,2095700
1786,1407,1351,2681244,26252,1292504,2081000
1787,1429,1404,2679829,26263,1293908,2093700
1788,1304,1364,2678528,26200,1295272,2152600
1789,1426,1377,2677096,26255,1296649,2360600
1790,1352,1335,2675736,26280,1297984,2430700
1791,1317,1380,2674414,26222,1299364,2361600
1792,1370,1356,2673068,26212,1300720,2537500
1793,1338,1387,2671704,26189,1302107,2324200
1794,1410,1353,2670278,26262,1303460,2408700
1795,1374,1361,2668907,26272,1304821,2313600
1796,1360,1318,2667589,26272,1306139,2452900
1797,1366,1398,2666197,26266,1307537,2304000
1798,1294,1305,2664887,26271,1308842,2261900
1799,1380,1415,2663530,26213,1310257,2341000
1800,1319,1323,2662219,26201,1311580,2369100
1801,1365,1382,2660849,26189,1312962,2295900
1802,1339,1326,2659496,26216,1314288,2330900
1803,1385,1368,2658143,26201,1315656,2359500
1804,1390,1346,2656739,26259,1317002,2240900
1805,1326,1364,2655422,26212,1318366,2305700
1806,1386,1399,2654048,26187,1319765,2272000
1807,1347,1364,2652649,26222,1321129,2256400
1808,1361,1421,2651332,26118,1322550,2120500
1809,1399,1401,2649944,26105,1323951,2397500
1810,1321,1339,2648593,26117,1325290,2175900
1811,1354,1337,2647232,26141,1326627,2162200
1812,1385,1361,2645883,26129,1327988,2180300
1813,1413,1374,2644492,26146,1329362,2222000
1814,1357,1417,2643086,26135,1330779,2284900
1815,1386,1357,2641720,26144,1332136,2300300
1816,1307,1404,2640383,26077,1333540,2195300
1817,1398,1418,2639027,26015,1334958,2184800
1818,1482,1386,2637514,26142,1336344,2313600
1819,1439,1424,2636067,26165,1337768,2392000
1820,1401,1303,2634712,26217,1339071,2403200
1821,1383,1364,2633286,26279,1340435,2215400
1822,1338,1428,2631956,26181,1341863,2208400
1823,1378,1339,2630576,26222,1343202,2267200
1824,1462,1376,2629162,26260,1344578,2350000
1825,1401,1374,2627765,26283,1345952,2259200
1826,1418,1399,2626320,26329,1347351,2218200
1827,1361,1324,2624954,26371,1348675,2190000
1828,1403,1444,2623538,26343,1350119,2337000
1829,1343,1318,2622172,26391,1351437,2377000
1830,1444,1441,2620744,26378,1352878,2532800
1831,1386,1392,2619375,26355,1354270,2314600
1832,1411,1416,2617940,26374,1355686,2284500
1833,1388,1436,2616575,26303,1357122,2248500
1834,1431,1402,2615147,26329,1358524,2199800
1835,1330,1365,2613806,26305,1359889,2143300
1836,1396,1392,2612421,26298,1361281,2293300
1837,1338,1419,2611070,26230,1362700,2247200
1838,1416,1330,2609663,26307,1364030,2274100
1839,1371,1308,2608282,26380,1365338,2213300
1840,1397,1430,2606904,26328,1366768,2183300
1841,1416,1350,2605448,26434,1368118,2228900
1842,1503,1381,2603952,26549,1369499,2156400
1843,1437,1359,2602544,26598,1370858,2321900
1844,1473,1395,2601093,26654,1372253,2466000
1845,1437,1339,2599648,26760,1373592,2772400
1846,1437,1451,2598221,26736,1375043,2523700
1847,1433,1381,2596772,26804,1376424,2543700
1848,1428,1382,2595322,26872,1377806,2451600
1849,1444,1439,2593906,26849,1379245,2330600
1850,1392,1368,2592484,26903,1380613,2442200
1851,1468,1375,2591019,26993,1381988,2370900
1852,1508,1412,2589555,27045,1383400,2337900
1853,1408,1374,2588119,27107,1384774,2363300
1854,1446,1385,2586651,27190,1386159,2365100
1855,1396,1404,2585273,27164,1387563,2351000
1856,1433,1474,2583843,27120,1389037,2351800
1857,1473,1434,2582392,27137,1390471,2446800
1858,1398,1394,2580942,27193,1391865,2484300
1859,1471,1473,2579506,27156,1393338,2270600
1860,1427,1408,2578082,27172,1394746,2296500
1861,1419,1449,2576667,27138,1396195,2332300
1862,1511,1390,2575192,27223,1397585,2322700
1863,1479,1362,2573665,27388,1398947,2254700
1864,1417,1398,2572248,27407,1400345,2199800
1865,1415,1441,2570808,27406,1401786,2331800
1866,1415,1460,2569388,27366,1403246,2239100
1867,1468,1393,2567947,27414,1404639,2214900
1868,1458,1419,2566487,27455,1406058,2278600
1869,1462,1439,2565048,27455,1407497,2148700
1870,1446,1483,2563597,27423,1408980,2158100
1871,1472,1455,2562129,27436,1410435,2251300
1872,1502,1384,2560637,27544,1411819,2220300
1873,1449,1429,2559179,27573,1413248,2193700
1874,1444,1470,2557718,27564,1414718,2154800
1875,1426,1431,2556286,27565,1416149,2150800
1876,1413,1445,2554874,27532,1417594,2249200
1877,1372,1407,2553490,27509,1419001,2255800
1878,1420,1463,2552113,27423,1420464,2187100
1879,1500,1495,2550601,27440,1421959,2286700
1880,1415,1394,2549181,27466,1423353,2446700
1881,1500,1466,2547635,27546,1424819,2458600
1882,1491,1384,2546214,27583,1426203,2407000
1883,1433,1351,2544746,27700,1427554,2233000
1884,1476,1439,2543300,27707,1428993,2420400
1885,1428,1495,2541813,27699,1430488,2347800
1886,1355,1396,2540497,27619,1431884,2339600
1887,1413,1479,2539046,27591,1433363,2296400
1888,1350,1502,2537711,27424,1434865,2342600
1889,1455,1387,2536278,27470,1436252,2290100
1890,1460,1474,2534817,27457,1437726,2162800
1891,1446,1362,2533343,27569,1439088,2172400
1892,1470,1440,2531930,27542,1440528,2215900
1893,1503,1439,2530410,27623,1441967,2162000
1894,1422,1415,2528983,27635,1443382,2199900
1895,1488,1516,2527503,27599,1444898,2170400
1896,1427,1469,2526055,27578,1446367,2178900
1897,1434,1423,2524610,27600,1447790,2124800
1898,1479,1464,2523130,27616,1449254,2214100
1899,1514,1442,2521641,27663,1450696,2277500
1900,1444,1504,2520171,27629,1452200,2187500
1901,1472,1445,2518737,27618,1453645,2150600
1902,1466,1384,2517285,27686,1455029,2260100
1903,1451,1465,2515786,27720,1456494,2211400
1904,1416,1454,2514398,27654,1457948,2207500
1905,1448,1416,2512913,27723,1459364,2231800
1906,1510,1478,2511416,27742,1460842,2178600
1907,1538,1448,2509925,27785,1462290,2171900
1908,1446,1401,2508434,27875,1463691,2173600
1909,1477,1491,2506966,27852,1465182,2208000
1910,1449,1458,2505490,27870,1466640,2208600
1911,1416,1518,2504087,27755,1468158,2216000
1912,1477,1411,2502660,27771,1469569,2302800
1913,1530,1402,2501129,27900,1470971,2235700
1914,1484,1479,2499625,27925,1472450,2208700
1915,1488,1481,2498113,27956,1473931,2283500
1916,1408,1524,2496703,27842,1475455,2306600
1917,1448,1508,2495253,27784,1476963,2240700
1918,1368,1426,2493888,27723,1478389,2217500
1919,1453,1421,2492438,27752,1479810,2221300
1920,1446,1428,2490992,27770,1481238,2242200
1921,1476,1471,2489545,27746,1482709,2379500
1922,1451,1476,2488072,27743,1484185,2184100
1923,1423,1421,2486672,27722,1485606,2264700
1924,1384,1413,2485274,27707,1487019,2246400
1925,1417,1441,2483859,27681,1488460,2329300
1926,1479,1392,2482367,27781,1489852,2389100
1927,1441,1449,2480927,27772,1491301,2143500
1928,1456,1445,2479504,27750,1492746,2229400
1929,1473,1460,2478002,27792,1494206,2203300
1930,1376,1430,2476612,27752,1495636,2220100
1931,1462,1409,2475149,27806,1497045,2230700
1932,1422,1416,2473712,27827,1498461,2121700
1933,1399,1451,2472342,27746,1499912,2209200
1934,1430,1389,2470895,27804,1501301,2148400
1935,1490,1461,2469443,27795,1502762,2133700
1936,1367,1416,2468042,27780,1504178,2194100
1937,1400,1421,2466628,27773,1505599,2143900
1938,1438,1496,2465209,27696,1507095,2265300
1939,1392,1476,2463826,27603,1508571,2170400
1940,1402,1481,2462416,27532,1510052,2190200
1941,1439,1405,2460988,27555,1511457,2203400
1942,1400,1494,2459546,27503,1512951,2237300
1943,1463,1417,2458129,27503,1514368,2220200
1944,1400,1450,2456730,27452,1515818,2293500
1945,1403,1410,2455292,27480,1517228,2244800
1946,1376,1464,2453924,27384,1518692,2349600
1947,1385,1489,2452528,27291,1520181,2326900
1948,1452,1415,2451098,27306,1521596,2265400
1949,1513,1464,2449591,27349,1523060,2339400
1950,1397,1420,2448197,27323,1524480,2280900
1951,1389,1381,2446812,27327,1525861,2229000
1952,1405,1450,2445384,27305,1527311,2364600
1953,1358,1406,2444043,27240,1528717,2251000
1954,1418,1421,2442610,27252,1530138,2272600
1955,1429,1421,2441166,27275,1531559,2293200
1956,1396,1384,2439791,27266,1532943,2379000
1957,1392,1397,2438387,27273,1534340,2212600
1958,1429,1429,2436985,27246,1535769,2193700
1959,1398,1422,2435541,27268,1537191,2206700
1960,1395,1407,2434189,27213,1538598,2300400
1961,1457,1475,2432753,27174,1540073,2190200
1962,1382,1389,2431341,27197,1541462,2145100
1963,1400,1447,2429920,27171,1542909,2265700
1964,1415,1379,2428531,27181,1544288,2336800
1965,1395,1454,2427114,27144,1545742,2272300
1966,1383,1433,2425737,27088,1547175,2188200
1967,1425,1413,2424315,27097,1548588,2308300
1968,1458,1445,2422881,27086,1550033,2176600
1969,1418,1402,2421437,27128,1551435,2200800
1970,1391,1472,2420053,27040,1552907,2331400
1971,1474,1447,2418593,27053,1554354,2213400
1972,1378,1367,2417207,27072,1555721,2282000
1973,1470,1358,2415747,27174,1557079,2255100
1974,1511,1434,2414248,27239,1558513,2295600
1975,1402,1430,2412773,27284,1559943,2300200
1976,1335,1437,2411485,27135,1561380,2265300
1977,1393,1386,2410082,27152,1562766,2285000
1978,1470,1374,2408648,27212,1564140,2154200
1979,1432,1366,2407184,27310,1565506,2128300
1980,1446,1441,2405754,27299,1566947,2129200
1981,1365,1416,2404353,27284,1568363,2289600
1982,1439,1438,2402960,27239,1569801,2235500
1983,1390,1374,2401535,27290,1571175,2207800
1984,1420,1456,2400140,27229,1572631,2184100
1985,1523,1458,2398639,27272,1574089,2179100
1986,1425,1353,2397172,27386,1575442,2273400
1987,1456,1436,2395711,27411,1576878,2142200
1988,1396,1423,2394352,27347,1578301,2260200
1989,1465,1421,2392869,27409,1579722,2168000
1990,1358,1449,2391472,27357,1581171,2164700
1991,1411,1400,2390113,27316,1582571,2311700
1992,1421,1439,2388657,27333,1584010,2200300
1993,1411,1424,2387214,27352,1585434,2273300
1994,1550,1416,2385746,27404,1586850,2432700
1995,1402,1473,2384291,27386,1588323,2342000
1996,1419,1466,2382896,27315,1589789,2478900
1997,1424,1444,2381451,27316,1591233,2528700
1998,1402,1430,2380047,27290,1592663,2671400
1999,1385,1401,2378654,27282,1594064,2395400
2000,1417,1424,2377268,27244,1595488,2430800
2001,1396,1392,2375873,27247,1596880,2560300
2002,1405,1358,2374451,27311,1598238,2412800
2003,1368,1433,2373084,27245,1599671,2276900
2004,1428,1434,2371647,27248,1601105,2416900
2005,1375,1400,2370272,27223,1602505,2214600
2006,1380,1418,2368897,27180,1603923,2239600
2007,1407,1463,2367485,27129,1605386,2172100
2008,1428,1411,2366089,27114,1606797,2162600
2009,1386,1396,2364691,27116,1608193,2156200
2010,1445,1377,2363238,27192,1609570,2276000
2011,1387,1392,2361852,27186,1610962,2206800
2012,1413,1460,2360460,27118,1612422,2139600
2013,1425,1515,2359040,27023,1613937,2248400
2014,1464,1394,2357601,27068,1615331,2143400
2015,1409,1405,2356128,27136,1616736,2143500
2016,1425,1429,2354763,27072,1618165,2084400
2017,1462,1447,2353267,27121,1619612,2078900
2018,1393,1409,2351880,27099,1621021,2081200
2019,1403,1404,2350457,27118,1622425,2119400
2020,1373,1443,2349084,27048,1623868,2164100
2021,1377,1392,2347702,27038,1625260,2194200
2022,1342,1332,2346334,27074,1626592,2207800
2023,1344,1457,2344994,26957,1628049,2197800
2024,1404,1373,2343600,26978,1629422,2126000
2025,1361,1480,2342272,26826,1630902,2122000
2026,1415,1395,2340838,26865,1632297,2192500
2027,1265,1350,2339519,26834,1633647,2168800
2028,1316,1320,2338239,26794,1634967,2337200
2029,1307,1393,2336939,26701,1636360,2320500
2030,1320,1385,2335643,26612,1637745,2316700
2031,1328,1396,2334298,26561,1639141,2385500
2032,1395,1313,2332920,26626,1640454,2245800
2033,1360,1294,2331530,26722,1641748,2375800
2034,1369,1375,2330154,26723,1643123,2198100
2035,1401,1475,2328786,26616,1644598,2278500
2036,1381,1409,2327369,26624,1646007,2307300
2037,1388,1340,2326009,26644,1647347,2354100
2038,1410,1407,2324599,26647,1648754,2181600
2039,1393,1367,2323230,26649,1650121,2191800
2040,1357,1361,2321858,26660,1651482,2182400
2041,1347,1348,2320504,26666,1652830,2136900
2042,1306,1413,2319181,26576,1654243,2244800
2043,1412,1351,2317785,26621,1655594,2144800
2044,1325,1321,2316429,26656,1656915,2065000
2045,1344,1311,2315100,26674,1658226,2183300
2046,1394,1389,2313723,26662,1659615,2176400
2047,1311,1397,2312382,26606,1661012,2281600
2048,1307,1412,2311112,26464,1662424,2147800
2049,1297,1355,2309770,26451,1663779,2256000
2050,1314,1399,2308512,26310,1665178,2268000
2051,1400,1416,2307099,26307,1666594,2207600
2052,1314,1403,2305790,26213,1667997,2200800
2053,1384,1402,2304424,26177,1669399,2142100
2054,1304,1310,2303071,26220,1670709,2198300
2055,1387,1352,2301703,26236,1672061,2104000
2056,1300,1382,2300399,26158,1673443,2214500
2057,1305,1356,2299068,26133,1674799,2160200
2058,1364,1387,2297740,26074,1676186,2205400
2059,1302,1379,2296400,26035,1677565,2155400
2060,1412,1389,2295038,26008,1678954,2353700
2061,1386,1326,2293611,26109,1680280,2224700
2062,1352,1389,2292263,26068,1681669,2249900
2063,1343,1371,2290934,26026,1683040,2300900
2064,1315,1364,2289606,25990,1684404,2481900
2065,1309,1396,2288307,25893,1685800,2262600
2066,1430,1319,2286928,25953,1687119,2293100
2067,1333,1366,2285538,25977,1688485,2291600
2068,1377,1310,2284172,26033,1689795,2436800
2069,1345,1360,2282811,26034,1691155,2512200
2070,1369,1258,2281462,26125,1692413,2395300
2071,1301,1345,2280135,26107,1693758,2268200
2072,1319,1414,2278821,26007,1695172,2253900
2073,1337,1335,2277495,25998,1696507,2276800
2074,1364,1347,2276138,26008,1697854,2324200
2075,1360,1321,2274794,26031,1699175,2344500
2076,1382,1401,2273412,26012,1700576,2354100
2077,1276,1358,2272091,25975,1701934,2458700
2078,1350,1311,2270759,25996,1703245,2607700
2079,1251,1369,2269495,25891,1704614,2381500
2080,1310,1367,2268173,25846,1705981,2265100
2081,1329,1331,2266871,25817,1707312,2289900
2082,1258,1321,2265580,25787,1708633,2165300
2083,1338,1372,2264258,25737,1710005,2135500
2084,1349,1335,2262920,25740,1711340,2219100
2085,1415,1417,2261530,25713,1712757,2130000
2086,1339,1347,2260174,25722,1714104,2260600
2087,1319,1340,2258836,25720,1715444,2276400
2088,1311,1374,2257556,25626,1716818,2138900
2089,1324,1365,2256223,25594,1718183,2237600
2090,1332,1363,2254865,25589,1719546,2308400
2091,1305,1342,2253568,25544,1720888,2382300
2092,1381,1394,2252204,25514,1722282,2395300
2093,1275,1299,2250874,25545,1723581,2277900
2094,1404,1372,2249560,25487,1724953,2262900
2095,1319,1298,2248178,25571,1726251,2368600
2096,1308,1270,2246873,25606,1727521,2323800
2097,1360,1382,2245535,25562,1728903,2161400
2098,1352,1372,2244169,25556,1730275,2169400
2099,1310,1332,2242850,25543,1731607,2286900
2100,1275,1321,2241568,25504,1732928,2250900
2101,1285,1325,2240302,25445,1734253,2157900
2102,1332,1327,2238994,25426,1735580,2135500
2103,1423,1305,2237572,25543,1736885,2089700
2104,1326,1327,2236230,25558,1738212,2130500
2105,1328,1379,2234892,25517,1739591,2219000
2106,1436,1329,2233496,25584,1740920,2267300
2107,1372,1372,2232088,25620,1742292,2105500
2108,1358,1285,2230735,25688,1743577,2233800
2109,1369,1355,2229364,25704,1744932,2222700
2110,1329,1314,2228037,25717,1746246,2221300
2111,1406,1349,2226657,25748,1747595,2152400
2112,1442,1357,2225185,25863,1748952,2196100
2113,1389,1409,2223837,25802,1750361,2236500
2114,1308,1365,2222478,25796,1751726,2193900
2115,1378,1388,2221125,25761,1753114,2152900
2116,1410,1351,2219726,25809,1754465,2311700
2117,1374,1348,2218330,25857,1755813,2355500
2118,1364,1329,2217004,25854,1757142,2204100
2119,1358,1382,2215594,25882,1758524,2284900
2120,1353,1372,2214253,25851,1759896,2345600
2121,1388,1421,2212876,25807,1761317,2321700
2122,1326,1347,2211543,25793,1762664,2278300
2123,1390,1300,2210166,25870,1763964,2351700
2124,1406,1322,2208757,25957,1765286,2387900
2125,1392,1359,2207372,25983,1766645,2307400
2126,1424,1368,2205950,26037,1768013,2370200
2127,1351,1292,2204627,26068,1769305,2197500
2128,1401,1407,2203178,26110,1770712,2277900
2129,1376,1316,2201782,26190,1772028,2322200
2130,1451,1391,2200360,26221,1773419,2291400
2131,1406,1345,2198960,26276,1774764,2282200
2132,1456,1321,2197507,26408,1776085,2359800
2133,1461,1359,2196069,26487,1777444,2270300
2134,1440,1355,2194610,26591,1778799,2156000
2135,1440,1382,2193167,26652,1780181,2185100
2136,1329,1404,2191812,26603,1781585,2157300
2137,1479,1421,2190348,26646,1783006,2163200
2138,1361,1401,2188998,26595,1784407,2112000
2139,1433,1405,2187538,26650,1785812,2242600
2140,1389,1434,2186152,26602,1787246,2198200
2141,1430,1401,2184752,26601,1788647,2177500
2142,1419,1352,2183324,26677,1789999,2190700
2143,1343,1409,2181994,26598,1791408,2215400
2144,1402,1372,2180563,26657,1792780,2201800
2145,1398,1401,2179179,26640,1794181,2289600
2146,1429,1412,2177790,26617,1795593,2370400
2147,1337,1343,2176378,26686,1796936,2218400
2148,1304,1443,2175076,26545,1798379,2489400
2149,1344,1300,2173737,26584,1799679,2270200
2150,1361,1314,2172378,26629,1800993,2163700
2151,1291,1386,2171098,26523,1802379,2220600
2152,1422,1435,2169707,26479,1803814,2142000
2153,1301,1447,2168382,26357,1805261,2302600
2154,1390,1391,2166966,26382,1806652,2272800
2155,1303,1345,2165675,26328,1807997,2205700
2156,1306,1440,2164376,26187,1809437,2366000
2157,1361,1400,2163033,26130,1810837,2263500
2158,1310,1338,2161720,26105,1812175,2295200
2159,1360,1305,2160336,26184,1813480,2188300
2160,1295,1293,2159059,26168,1814773,2425500
2161,1321,1366,2157737,26124,1816139,2241000
2162,1344,1358,2156426,26077,1817497,2195500
2163,1314,1306,2155077,26120,1818803,2155300
2164,1425,1341,2153666,26190,1820144,2183500
2165,1357,1316,2152305,26235,1821460,2093300
2166,1378,1422,2150883,26235,1822882,2254600
2167,1390,1297,2149540,26281,1824179,2263400
2168,1381,1335,2148127,26359,1825514,2205400
2169,1418,1377,2146718,26391,1826891,2153000
2170,1389,1455,2145362,26292,1828346,2327400
2171,1357,1381,2143974,26299,1829727,2295100
2172,1384,1324,2142602,26347,1831051,2332400
2173,1308,1402,2141275,26272,1832453,2297300
2174,1356,1387,2139911,26249,1833840,2311600
2175,1414,1412,2138544,26204,1835252,2388900
2176,1339,1320,2137192,26236,1836572,2328500
2177,1391,1386,2135829,26213,1837958,2430900
2178,1408,1301,2134418,26323,1839259,2392200
2179,1284,1339,2133086,26316,1840598,2336300
2180,1394,1393,2131693,26316,1841991,2256600
2181,1380,1422,2130338,26249,1843413,2576600
2182,1395,1375,2128968,26244,1844788,2258800
2183,1382,1379,2127574,26259,1846167,2325600
2184,1401,1419,2126136,26278,1847586,2174200
2185,1396,1342,2124765,26307,1848928,2219400
2186,1358,1414,2123401,26257,1850342,2241300
2187,1318,1392,2122088,26178,1851734,2341900
2188,1375,1375,2120704,26187,1853109,2179400
2189,1357,1374,2119339,26178,1854483,2183400
2190,1359,1424,2117986,26107,1855907,2187600
2191,1404,1383,2116570,26140,1857290,2142000
2192,1390,1369,2115201,26140,1858659,2947800
2193,1420,1345,2113799,26197,1860004,2358800
2194,1415,1384,2112346,26266,1861388,2253800
2195,1328,1308,2111033,26271,1862696,2240800
2196,1387,1324,2109675,26305,1864020,2240700
2197,1426,1374,2108231,26375,1865394,2142700
2198,1464,1406,2106782,26418,1866800,2150500
2199,1429,1401,2105360,26439,1868201,2218100
2200,1432,1363,2103906,26530,1869564,2245000
2201,1393,1397,2102493,26546,1870961,2252200
2202,1392,1350,2101088,26601,1872311,2201200
2203,1444,1426,2099666,26597,1873737,2186000
2204,1373,1462,2098285,26516,1875199,2322700
2205,1384,1381,2096930,26490,1876580,2237600
2206,1422,1330,2095511,26579,1877910,2254700
2207,1371,1363,2094116,26611,1879273,2258700
2208,1374,1427,2092740,26560,1880700,2411600
2209,1408,1381,2091331,26588,1882081,2329000
2210,1290,1435,2090038,26446,1883516,2311900
2211,1392,1416,2088621,26447,1884932,2379300
2212,1391,1347,2087267,26454,1886279,2333900
2213,1308,1406,2085953,26362,1887685,2295900
2214,1381,1409,2084604,26302,1889094,2336200
2215,1342,1353,2083230,26323,1890447,2588900
2216,1400,1325,2081822,26406,1891772,2357300
2217,1347,1352,2080481,26395,1893124,2366000
2218,1344,1389,2079092,26395,1894513,2348300
2219,1351,1460,2077794,26233,1895973,2281400
2220,1297,1253,2076457,26317,1897226,2200900
2221,1334,1371,2075156,26247,1898597,2368500
2222,1388,1376,2073782,26245,1899973,2324600
2223,1358,1355,2072439,26233,1901328,2219800
2224,1252,1356,2071129,26187,1902684,2187700
2225,1319,1368,2069823,26125,1904052,2162700
2226,1348,1387,2068469,26092,1905439,2170300
2227,1286,1344,2067200,26017,1906783,2250800
2228,1327,1415,2065834,25968,1908198,2186100
2229,1264,1345,2064613,25844,1909543,2281600
2230,1263,1347,2063329,25781,1910890,2200200
2231,1272,1277,2062081,25752,1912167,2251800
2232,1231,1326,2060820,25687,1913493,2244300
2233,1292,1330,2059512,25665,1914823,2297100
2234,1283,1298,2058280,25599,1916121,2331000
2235,1256,1391,2057021,25467,1917512,2378300
2236,1276,1371,2055721,25396,1918883,2342500
2237,1365,1285,2054384,25448,1920168,2213300
2238,1296,1368,2053050,25414,1921536,2261500
2239,1328,1308,2051739,25417,1922844,2217700
2240,1327,1334,2050393,25429,1924178,2183500
2241,1290,1324,2049125,25373,1925502,2212800
2242,1254,1343,2047872,25283,1926845,2321500
2243,1337,1350,2046552,25253,1928195,2386400
2244,1207,1205,2045342,25258,1929400,2337500
2245,1316,1314,2044004,25282,1930714,2350500
2246,1314,1280,2042704,25302,1931994,2289900
2247,1285,1330,2041386,25290,1933324,2239700
2248,1340,1421,2040048,25207,1934745,2266600
2249,1219,1332,2038845,25078,1936077,2171800
2250,1275,1285,2037570,25068,1937362,2235900
2251,1304,1246,2036280,25112,1938608,2173300
2252,1255,1290,2034987,25115,1939898,2300500
2253,1313,1239,2033705,25158,1941137,2350900
2254,1342,1357,2032347,25159,1942494,2248000
2255,1284,1282,2031060,25164,1943776,2269400
2256,1271,1310,2029793,25121,1945086,2508100
2257,1343,1327,2028458,25129,1946413,2341400
2258,1216,1348,2027200,25039,1947761,2297600
2259,1233,1320,2025967,24952,1949081,2260500
2260,1302,1301,2024693,24925,1950382,2227500
2261,1347,1302,2023365,24951,1951684,2235100
2262,1256,1293,2022101,24922,1952977,2247500
2263,1238,1287,2020851,24885,1954264,2456100
2264,1278,1343,2019614,24779,1955607,2405300
2265,1288,1301,2018301,24791,1956908,2394200
2266,1241,1213,2017068,24811,1958121,2514500
2267,1268,1359,2015791,24729,1959480,2342400
2268,1219,1272,2014568,24680,1960752,2311300
2269,1220,1368,2013333,24547,1962120,2298500
2270,1213,1221,2012113,24546,1963341,2368100
2271,1237,1264,2010883,24512,1964605,2321900
2272,1271,1324,2009619,24452,1965929,2296500
2273,1186,1217,2008421,24433,1967146,2244500
2274,1216,1293,2007208,24353,1968439,2320200
2275,1257,1319,2005965,24277,1969758,2372900
2276,1227,1257,2004733,24252,1971015,2321600
2277,1213,1250,2003506,24229,1972265,2306000
2278,1294,1291,2002222,24222,1973556,2312100
2279,1226,1259,2001021,24164,1974815,2217300
2280,1211,1217,1999784,24184,1976032,2258000
2281,1190,1286,1998581,24101,1977318,2283200
2282,1218,1244,1997348,24090,1978562,2227300
2283,1256,1211,1996105,24122,1979773,2304100
2284,1238,1216,1994881,24130,1980989,2367900
2285,1271,1273,1993611,24127,1982262,2402600
2286,1258,1309,1992330,24099,1983571,2369600
2287,1286,1312,1991057,24060,1984883,2328600
2288,1322,1240,1989756,24121,1986123,2635200
2289,1239,1255,1988520,24102,1987378,2869400
2290,1365,1245,1987152,24225,1988623,2534000
2291,1256,1252,1985900,24225,1989875,2506600
2292,1251,1283,1984654,24188,1991158,2430900
2293,1245,1215,1983379,24248,1992373,2447000
2294,1324,1173,1982074,24380,1993546,2320400
2295,1288,1308,1980778,24368,1994854,2467800
2296,1288,1203,1979518,24425,1996057,2314200
2297,1278,1242,1978235,24466,1997299,2336600
2298,1347,1236,1976888,24577,1998535,2402400
2299,1286,1264,1975578,24623,1999799,2390700
2300,1305,1255,1974290,24656,2001054,2379400
2301,1350,1217,1972950,24779,2002271,2405500
2302,1276,1333,1971651,24745,2003604,2312600
2303,1341,1315,1970324,24757,2004919,2293800
2304,1276,1337,1969048,24696,2006256,2271400
2305,1291,1309,1967736,24699,2007565,2282600
2306,1247,1296,1966522,24617,2008861,2323200
2307,1255,1338,1965259,24542,2010199,2275800
2308,1270,1262,1963988,24551,2011461,2338900
2309,1304,1291,1962696,24552,2012752,2270100
2310,1249,1371,1961382,24495,2014123,2376900
2311,1289,1352,1960127,24398,2015475,2312600
2312,1275,1255,1958859,24411,2016730,2298800
2313,1222,1259,1957619,24392,2017989,2304900
2314,1269,1257,1956385,24369,2019246,2218000
2315,1231,1311,1955128,24315,2020557,2200900
2316,1277,1266,1953874,24303,2021823,2277400
2317,1258,1242,1952590,24345,2023065,2372300
2318,1214,1272,1951363,24300,2024337,2272500
2319,1347,1263,1950060,24340,2025600,2259100
2320,1287,1252,1948739,24409,2026852,2300800
2321,1229,1276,1947521,24351,2028128,2301000
2322,1308,1253,1946260,24359,2029381,2258600
2323,1301,1300,1944899,24420,2030681,2398900
2324,1304,1220,1943621,24478,2031901,2195300
2325,1339,1340,1942281,24478,2033241,2271000
2326,1263,1313,1940995,24451,2034554,2272300
2327,1241,1283,1939738,24425,2035837,2243500
2328,1292,1303,1938480,24380,2037140,2217800
2329,1244,1252,1937214,24394,2038392,2201000
2330,1342,1310,1935895,24403,2039702,2356800
2331,1245,1257,1934648,24393,2040959,2412200
2332,1246,1272,1933407,24362,2042231,2347000
2333,1324,1351,1932096,24322,2043582,2340500
2334,1250,1226,1930812,24380,2044808,2299400
2335,1242,1330,1929563,24299,2046138,2272000
2336,1300,1293,1928279,24290,2047431,2291900
2337,1232,1262,1927052,24255,2048693,2519900
2338,1307,1334,1925751,24222,2050027,2358000
2339,1299,1312,1924415,24246,2051339,2291100
2340,1312,1286,1923115,24260,2052625,2331700
2341,1272,1276,1921849,24250,2053901,2229900
2342,1285,1261,1920581,24257,2055162,2212500
2343,1268,1251,1919307,24280,2056413,2288200
2344,1220,1265,1918081,24241,2057678,2253700
2345,1187,1232,1916879,24211,2058910,2279100
2346,1333,1298,1915576,24216,2060208,2225900
2347,1207,1269,1914341,24182,2061477,2326800
2348,1259,1243,1913087,24193,2062720,2264700
2349,1229,1282,1911859,24139,2064002,2426600
2350,1251,1293,1910610,24095,2065295,2429400
2351,1291,1273,1909331,24101,2066568,2376000
2352,1250,1284,1908040,24108,2067852,2417300
2353,1249,1240,1906819,24089,2069092,2747900
2354,1170,1250,1905649,24009,2070342,2609900
2355,1287,1288,1904369,24001,2071630,2638500
2356,1255,1211,1903145,24014,2072841,2555800
2357,1297,1266,1901830,24063,2074107,2380300
2358,1206,1227,1900590,24076,2075334,2299500
2359,1257,1272,1899365,24029,2076606,2297300
2360,1300,1232,1898092,24070,2077838,2163200
2361,1287,1246,1896748,24168,2079084,2218800
2362,1240,1340,1895546,24030,2080424,2345400
2363,1269,1225,1894245,24106,2081649,2462400
2364,1245,1273,1893019,24059,2082922,2377300
2365,1217,1284,1891767,24027,2084206,2328600
2366,1251,1260,1890561,23973,2085466,2359500
2367,1288,1287,1889285,23962,2086753,2439700
2368,1202,1282,1888042,23923,2088035,2325700
2369,1206,1242,1886851,23872,2089277,2286400
2370,1191,1241,1885651,23831,2090518,2473900
2371,1246,1212,1884426,23844,2091730,2360000
2372,1216,1245,1883194,23831,2092975,2227300
2373,1235,1280,1881960,23785,2094255,2250400
2374,1214,1252,1880742,23751,2095507,2199100
2375,1312,1272,1879446,23775,2096779,2198900
2376,1226,1217,1878195,23809,2097996,2327100
2377,1218,1233,1876992,23779,2099229,2238400
2378,1288,1276,1875709,23786,2100505,2390700
2379,1288,1232,1874444,23819,2101737,2290700
2380,1252,1232,1873183,23848,2102969,2364200
2381,1230,1197,1871953,23881,2104166,2398500
2382,1217,1214,1870710,23910,2105380,2279000
2383,1212,1237,1869509,23874,2106617,2353200
2384,1282,1259,1868233,23891,2107876,2403900
2385,1239,1191,1866998,23935,2109067,2342200
2386,1189,1233,1865788,23912,2110300,2245800
2387,1262,1237,1864536,23927,2111537,2305300
2388,1260,1228,1863277,23958,2112765,2306800
2389,1243,1289,1862028,23918,2114054,2377000
2390,1207,1267,1860820,23859,2115321,2357400
2391,1179,1279,1859628,23772,2116600,2343900
2392,1206,1319,1858440,23641,2117919,2267500
2393,1249,1218,1857194,23669,2119137,2414700
2394,1192,1290,1855970,23603,2120427,2389300
2395,1256,1173,1854774,23626,2121600,2515600
2396,1196,1225,1853541,23634,2122825,2358500
2397,1265,1254,1852290,23631,2124079,2347300
2398,1227,1183,1851043,23695,2125262,2396700
2399,1271,1308,1849768,23662,2126570,2316900
2400,1310,1157,1848494,23779,2127727,2537700
2401,1236,1202,1847235,23836,2128929,2326300
2402,1276,1233,1845985,23853,2130162,2334600
2403,1311,1218,1844646,23974,2131380,2324000
2404,1306,1230,1843364,24026,2132610,2348500
2405,1240,1229,1842086,24075,2133839,2490800
2406,1220,1283,1840908,23970,2135122,2451800
2407,1256,1290,1839626,23962,2136412,2675700
2408,1244,1250,1838412,23926,2137662,2756400
2409,1291,1284,1837083,23971,2138946,2607200
2410,1213,1186,1835894,23974,2140132,2526000
2411,1223,1227,1834655,23986,2141359,2499100
2412,1245,1229,1833384,24028,2142588,2655900
2413,1238,1270,1832177,23965,2143858,2500000
2414,1220,1281,1830964,23897,2145139,2551200
2415,1258,1274,1829701,23886,2146413,2520600
2416,1235,1196,1828416,23975,2147609,2405700
2417,1157,1245,1827292,23854,2148854,2316100
2418,1189,1196,1826112,23838,2150050,2270600
2419,1187,1222,1824933,23795,2151272,2196200
2420,1224,1230,1823704,23794,2152502,2210300
2421,1215,1244,1822475,23779,2153746,2463000
2422,1220,1257,1821260,23737,2155003,2280800
2423,1262,1255,1820014,23728,2156258,2229600
2424,1186,1294,1818792,23656,2157552,2177600
2425,1164,1207,1817637,23604,2158759,2148600
2426,1239,1262,1816395,23584,2160021,2289300
2427,1183,1216,1815208,23555,2161237,2330500
2428,1196,1247,1814048,23468,2162484,2232600
2429,1216,1182,1812833,23501,2163666,2263800
2430,1240,1158,1811575,23601,2164824,2270100
2431,1213,1225,1810348,23603,2166049,2267700
2432,1243,1238,1809104,23609,2167287,2293700
2433,1186,1181,1807919,23613,2168468,2294400
2434,1158,1208,1806778,23546,2169676,2396100
2435,1144,1199,1805604,23521,2170875,2524200
2436,1211,1261,1804418,23446,2172136,2333100
2437,1267,1205,1803175,23484,2173341,2244800
2438,1267,1178,1801894,23587,2174519,2223800
2439,1217,1237,1800693,23551,2175756,2279100
2440,1199,1206,1799459,23579,2176962,2281400
2441,1214,1236,1798261,23541,2178198,2244400
2442,1176,1163,1797102,23537,2179361,2271400
2443,1294,1226,1795798,23615,2180587,2642600
2444,1179,1317,1794612,23484,2181904,2486800
2445,1198,1220,1793399,23477,2183124,2366600
2446,1252,1222,1792172,23482,2184346,2424500
2447,1177,1184,1790987,23483,2185530,2433100
2448,1131,1290,1789803,23377,2186820,2321900
2449,1159,1189,1788669,23322,2188009,2230500
2450,1231,1190,1787445,23356,2189199,2288400
2451,1195,1189,1786259,23353,2190388,2201700
2452,1207,1202,1785035,23375,2191590,2213500
2453,1232,1272,1783828,23310,2192862,2188000
2454,1217,1209,1782591,23338,2194071,2228300
2455,1227,1203,1781408,23318,2195274,2273400
2456,1246,1156,1780151,23419,2196430,2221700
2457,1229,1222,1778877,23471,2197652,2275200
2458,1206,1235,1777711,23402,2198887,2335700
2459,1175,1196,1776516,23401,2200083,2196900
2460,1212,1184,1775320,23413,2201267,2176800
2461,1242,1228,1774084,23421,2202495,2258300
2462,1189,1192,1772891,23422,2203687,2402700
2463,1144,1231,1771737,23345,2204918,2328500
2464,1166,1216,1770554,23312,2206134,2451500
2465,1182,1252,1769409,23205,2207386,2395900
2466,1226,1231,1768186,23197,2208617,2401800
2467,1210,1200,1766962,23221,2209817,2271100
2468,1223,1175,1765728,23280,2210992,2287500
2469,1260,1191,1764488,23329,2212183,2276300
2470,1228,1184,1763226,23407,2213367,2213500
2471,1255,1264,1761964,23405,2214631,2208300
2472,1146,1182,1760812,23375,2215813,2157200
2473,1126,1245,1759690,23252,2217058,2264400
2474,1194,1205,1758514,23223,2218263,2240600
2475,1195,1172,1757325,23240,2219435,2228400
2476,1240,1259,1756078,23228,2220694,2257100
2477,1182,1209,1754887,23210,2221903,2322600
2478,1219,1232,1753660,23205,2223135,2214900
2479,1136,1147,1752550,23168,2224282,2211200
2480,1182,1225,1751356,23137,2225507,2182600
2481,1197,1248,1750156,23089,2226755,2396700
2482,1222,1158,1748955,23132,2227913,2233200
2483,1206,1260,1747719,23108,2229173,2246500
2484,1150,1176,1746596,23055,2230349,2492300
2485,1225,1190,1745364,23097,2231539,2496200
2486,1150,1187,1744200,23074,2232726,2575900
2487,1123,1161,1743081,23032,2233887,2446800
2488,1182,1189,1741888,23036,2235076,2436100
2489,1159,1151,1740732,23041,2236227,2370000
2490,1226,1166,1739545,23062,2237393,2371000
2491,1194,1182,1738339,23086,2238575,2385400
2492,1269,1206,1737051,23168,2239781,2236200
2493,1158,1163,1735913,23143,2240944,2388300
2494,1238,1276,1734678,23102,2242220,2388900
2495,1182,1191,1733451,23138,2243411,2331200
2496,1176,1166,1732275,23148,2244577,2297400
2497,1208,1290,1731099,23034,2245867,2297200
2498,1225,1251,1729864,23018,2247118,2224600
2499,1214,1170,1728670,23042,2248288,2229000
2500,1201,1180,1727436,23096,2249468,2249500
2501,1166,1217,1726322,22993,2250685,2256200
2502,1217,1150,1725098,23067,2251835,2307900
2503,1178,1196,1723882,23087,2253031,2452800
2504,1133,1230,1722761,22978,2254261,2640300
2505,1107,1169,1721652,22918,2255430,2515300
2506,1111,1213,1720519,22838,2256643,2601000
2507,1103,1122,1719429,22806,2257765,2583600
2508,1174,1125,1718280,22830,2258890,2743400
2509,1155,1204,1717093,22813,2260094,2521900
2510,1180,1167,1715938,22801,2261261,2369200
2511,1179,1140,1714755,22844,2262401,2318000
2512,1106,1130,1713632,22837,2263531,2395500
2513,1144,1187,1712490,22792,2264718,2351700
2514,1152,1251,1711360,22671,2265969,2290200
2515,1124,1220,1710201,22610,2267189,2258600
2516,1152,1138,1709082,22591,2268327,2469100
2517,1138,1182,1707936,22555,2269509,2427400
2518,1077,1142,1706841,22508,2270651,2311700
2519,1168,1118,1705692,22539,2271769,2399400
2520,1136,1161,1704563,22507,2272930,2381700
2521,1064,1131,1703491,22448,2274061,2297800
2522,1092,1177,1702393,22369,2275238,2326300
2523,1149,1109,1701218,22435,2276347,2416400
2524,1116,1153,1700108,22392,2277500,2516000
2525,1193,1159,1698950,22391,2278659,2398100
2526,1081,1169,1697834,22338,2279828,2468900
2527,1127,1152,1696711,22309,2280980,2506200
2528,1124,1127,1695606,22287,2282107,2452200
2529,1123,1188,1694437,22268,2283295,2384100
2530,1205,1076,1693277,22352,2284371,2595500
2531,1218,1131,1692086,22412,2285502,2467300
2532,1126,1144,1690951,22403,2286646,2410800
2533,1074,1189,1689830,22335,2287835,2294600
2534,1131,1189,1688723,22253,2289024,2234400
2535,1141,1187,1687572,22217,2290211,2221100
2536,1156,1150,1686417,22222,2291361,2211700
2537,1102,1175,1685331,22133,2292536,2231700
2538,1066,1110,1684236,22118,2293646,2251400
2539,1079,1144,1683155,22055,2294790,2190400
2540,1150,1164,1681999,22047,2295954,2230600
2541,1091,1167,1680893,21986,2297121,2287600
2542,1077,1129,1679852,21898,2298250,2267500
2543,1057,1082,1678753,21915,2299332,2286100
2544,1084,1130,1677708,21830,2300462,2266700
2545,1155,1081,1676568,21889,2301543,2312700
2546,1121,1137,1675412,21908,2302680,2177100
2547,1088,1170,1674337,21813,2303850,2223000
2548,1078,1134,1673269,21747,2304984,2357900
2549,1086,1151,1672180,21685,2306135,2445900
2550,1137,1151,1671042,21672,2307286,2394000
2551,1110,1152,1669947,21615,2308438,2295600
2552,1062,1073,1668867,21622,2309511,2379700
2553,1149,1090,1667713,21686,2310601,2308100
2554,1086,1153,1666660,21586,2311754,2410100
2555,1113,1137,1665545,21564,2312891,2210500
2556,1102,1179,1664429,21501,2314070,2329100
2557,1088,1103,1663312,21515,2315173,2333100
2558,1093,1086,1662222,21519,2316259,2335400
2559,1117,1130,1661121,21490,2317389,2270500
2560,1111,1109,1659991,21511,2318498,2226000
2561,1132,1115,1658899,21488,2319613,2215000
2562,1149,1116,1657745,21526,2320729,2216900
2563,1114,1114,1656626,21531,2321843,2268800
2564,1107,1149,1655536,21472,2322992,2252700
2565,1119,1146,1654392,21470,2324138,2447500
2566,1051,1133,1653361,21368,2325271,2425400
2567,1050,1080,1652277,21372,2326351,2368700
2568,1134,1113,1651175,21361,2327464,2426700
2569,1107,1115,1650043,21378,2328579,2409000
2570,1148,1119,1648899,21403,2329698,2276300
2571,1133,1156,1647794,21352,2330854,2531600
2572,1133,1091,1646653,21402,2331945,2393400
2573,1069,1083,1645561,21411,2333028,2276900
2574,1177,1127,1644433,21412,2334155,2226900
2575,1119,1111,1643261,21473,2335266,2398300
2576,1171,1074,1642109,21551,2336340,2566400
2577,1132,1147,1640980,21533,2337487,2295000
2578,1196,1148,1639792,21573,2338635,2244400
2579,1148,1189,1638645,21531,2339824,2377500
2580,1070,1098,1637550,21528,2340922,2291500
2581,1107,1120,1636455,21503,2342042,2311200
2582,1080,1168,1635370,21420,2343210,2330500
2583,1091,1170,1634297,21323,2344380,2310800
2584,1120,1131,1633151,21338,2345511,2416200
2585,1099,1132,1632054,21303,2346643,2505100
2586,1127,1107,1630958,21292,2347750,2341500
2587,1116,1159,1629809,21282,2348909,2296300
2588,1111,1127,1628693,21271,2350036,2290000
2589,1094,1132,1627591,21241,2351168,2279100
2590,1016,1074,1626564,21194,2352242,2213300
2591,1081,1120,1625483,21155,2353362,2207000
2592,1053,1055,1624453,21130,2354417,2291900
2593,1075,1163,1623384,21036,2355580,2253700
2594,1110,1100,1622276,21044,2356680,2221600
2595,1101,1119,1621180,21021,2357799,2334700
2596,1063,1097,1620099,21005,2358896,2333400
2597,1049,1072,1619036,20996,2359968,2410900
2598,1047,1073,1618023,20936,2361041,2307700
2599,1054,1095,1616924,20940,2362136,2465400
2600,1044,1086,1615896,20882,2363222,2373300
2601,1023,1083,1614885,20810,2364305,2367700
2602,1077,1099,1613806,20790,2365404,2349700
2603,1147,1127,1612680,20789,2366531,2255800
2604,1172,1010,1611509,20950,2367541,2196200
2605,1129,1079,1610361,21019,2368620,2214400
2606,1116,1076,1609254,21050,2369696,2286600
2607,1084,1135,1608192,20977,2370831,2432200
2608,1070,1055,1607080,21034,2371886,2372000
2609,1100,1102,1606008,21004,2372988,2314800
2610,1126,1051,1604862,21099,2374039,2288900
2611,1084,1065,1603778,21118,2375104,2228200
2612,1119,1151,1602678,21067,2376255,2375000
2613,999,1109,1601667,20969,2377364,2259000
2614,1087,1110,1600595,20931,2378474,2334200
2615,1099,1085,1599504,20937,2379559,2316300
2616,1084,1088,1598394,20959,2380647,2343900
2617,1058,1046,1597315,20992,2381693,2249600
2618,1102,1072,1596237,20998,2382765,2232800
2619,1152,1088,1595094,21053,2383853,2234700
2620,1092,1064,1593975,21108,2384917,2218400
2621,1051,1046,1592932,21105,2385963,2354200
2622,1128,1089,1591824,21124,2387052,2340900
2623,1068,1108,1590755,21085,2388160,2281100
2624,1046,1120,1589683,21037,2389280,2272800
2625,1089,1095,1588608,21017,2390375,2534500
2626,1157,1066,1587424,21135,2391441,2550600
2627,1085,1104,1586372,21083,2392545,2836200
2628,1116,1092,1585273,21090,2393637,2571900
2629,1125,1121,1584155,21087,2394758,2498900
2630,1011,1085,1583104,21053,2395843,2574200
2631,1084,1063,1582017,21077,2396906,2737100
2632,1101,1077,1580965,21052,2397983,2785100
2633,1106,1107,1579839,21071,2399090,2768400
2634,1046,1122,1578783,21005,2400212,2781000
2635,1120,1072,1577662,21054,2401284,2764900
2636,1125,1076,1576554,21086,2402360,2466300
2637,1096,1063,1575460,21117,2403423,2546400
2638,1132,1116,1574310,21151,2404539,2867800
2639,1134,1134,1573171,21156,2405673,3060400
2640,1053,1115,1572108,21104,2406788,2766900
2641,1054,1074,1571045,21093,2407862,3481100
2642,1059,1061,1570042,21035,2408923,2980600
2643,1068,1086,1568915,21076,2410009,2711000
2644,1065,1111,1567915,20965,2411120,2602900
2645,1105,1017,1566760,21103,2412137,2678000
2646,1106,1181,1565684,20998,2413318,2639200
2647,1119,1116,1564539,21027,2414434,2941100
2648,1110,1109,1563469,20988,2415543,2659200
2649,1013,1105,1562419,20933,2416648,2497400
2650,1053,1090,1561377,20885,2417738,2431400
2651,1041,1056,1560305,20901,2418794,2445300
2652,1055,1057,1559263,20886,2419851,2586400
2653,1040,1116,1558236,20797,2420967,2368200
2654,1022,1123,1557186,20724,2422090,2363600
2655,1070,1063,1556133,20714,2423153,2525900
2656,963,1099,1555152,20596,2424252,2419300
2657,1018,1080,1554136,20532,2425332,2319100
2658,1044,1063,1553112,20493,2426395,2287700
2659,1047,1139,1552064,20402,2427534,2423000
2660,983,1115,1551051,20300,2428649,2424400
2661,1018,1083,1550016,20252,2429732,2368000
2662,1030,1056,1549038,20174,2430788,2286200
2663,978,1061,1548036,20115,2431849,2217600
2664,1022,1062,1547045,20044,2432911,2272500
2665,1030,1032,1545996,20061,2433943,2270100
2666,948,1039,1545045,19973,2434982,2207700
2667,1008,1072,1544023,19923,2436054,2206600
2668,972,979,1543053,19914,2437033,2172400
2669,962,1013,1542088,19866,2438046,2262900
2670,1007,985,1541112,19857,2439031,2240300
2671,931,1033,1540139,19797,2440064,2246900
2672,968,1095,1539174,19667,2441159,2208300
2673,988,989,1538188,19664,2442148,2169100
2674,930,1038,1537291,19523,2443186,2232200
2675,943,981,1536307,19526,2444167,2259900
2676,951,1004,1535378,19451,2445171,2226500
2677,950,1028,1534420,19381,2446199,2494200
2678,928,984,1533488,19329,2447183,2430900
2679,894,981,1532591,19245,2448164,2418800
2680,1001,1013,1531604,19219,2449177,2408600
2681,1004,981,1530604,19238,2450158,2593200
2682,916,1007,1529669,19166,2451165,2448300
2683,921,1011,1528743,19081,2452176,2378100
2684,914,956,1527841,19027,2453132,2476300
2685,980,1000,1526884,18984,2454132,2404300
2686,1008,990,1525900,18978,2455122,2282700
2687,917,930,1524922,19026,2456052,2281200
2688,972,1026,1523960,18962,2457078,2352000
2689,947,950,1523034,18938,2458028,2311500
2690,940,961,1522058,18953,2458989,2343900
2691,893,949,1521179,18883,2459938,2350700
2692,943,1004,1520241,18817,2460942,2366000
2693,921,938,1519323,18797,2461880,2231700
2694,1001,1007,1518345,18768,2462887,2256900
2695,933,1006,1517392,18715,2463893,2286200
2696,972,988,1516413,18706,2464881,2239900
2697,1000,941,1515416,18762,2465822,2460700
2698,954,931,1514490,18757,2466753,2943700
2699,873,999,1513570,18678,2467752,2489400
2700,938,952,1512648,18648,2468704,2752300
2701,992,943,1511669,18684,2469647,2338400
2702,988,978,1510692,18683,2470625,2362100
2703,971,908,1509692,18775,2471533,2294500
2704,955,975,1508744,18748,2472508,2384300
2705,933,993,1507774,18725,2473501,2341700
2706,948,974,1506856,18669,2474475,2397700
2707,937,955,1505905,18665,2475430,2326500
2708,923,924,1505008,18638,2476354,2214000
2709,916,952,1504087,18607,2477306,2237800
2710,974,987,1503118,18589,2478293,2593800
2711,954,1018,1502182,18507,2479311,2560500
2712,948,1061,1501207,18421,2480372,2537100
2713,893,1019,1500298,18311,2481391,2920100
2714,934,971,1499350,18288,2482362,2553300
2715,894,949,1498491,18198,2483311,2845000
2716,881,933,1497581,18175,2484244,2528500
2717,923,877,1496683,18196,2485121,2477800
2718,908,933,1495781,18165,2486054,2597400
2719,876,957,1494881,18108,2487011,2560400
2720,958,971,1493954,18064,2487982,2634600
2721,889,968,1493040,18010,2488950,2296900
2722,895,936,1492159,17955,2489886,2377600
2723,846,882,1491273,17959,2490768,2624700
2724,878,930,1490395,17907,2491698,2562300
2725,911,949,1489515,17838,2492647,2242500
2726,872,909,1488601,17843,2493556,2349000
2727,923,888,1487711,17845,2494444,2294700
2728,926,957,1486806,17793,2495401,2296900
2729,915,927,1485884,17788,2496328,2312000
2730,930,887,1484946,17839,2497215,2326200
2731,963,926,1483991,17868,2498141,2499100
2732,893,926,1483103,17830,2499067,2334600
2733,892,957,1482194,17782,2500024,2307900
2734,939,963,1481261,17752,2500987,2250000
2735,932,940,1480347,17726,2501927,2274900
2736,840,944,1479472,17657,2502871,2318000
2737,896,894,1478591,17644,2503765,2320300
2738,900,889,1477679,17667,2504654,2422600
2739,904,972,1476777,17597,2505626,2444500
2740,900,883,1475908,17583,2506509,2408800
2741,909,896,1474969,17626,2507405,2296800
2742,958,904,1474001,17690,2508309,2250100
2743,934,943,1473093,17655,2509252,2214100
2744,926,929,1472155,17664,2510181,2280300
2745,886,918,1471273,17628,2511099,2225800
2746,904,945,1470360,17596,2512044,2266800
2747,897,903,1469453,17600,2512947,2266200
2748,902,929,1468559,17565,2513876,2383900
2749,879,892,1467703,17529,2514768,2237400
2750,878,873,1466804,17555,2515641,2351300
2751,878,935,1465962,17462,2516576,2324300
2752,886,884,1465045,17495,2517460,2333200
2753,875,931,1464177,17432,2518391,2346700
2754,891,928,1463285,17396,2519319,2409000
2755,858,866,1462419,17396,2520185,2519900
2756,839,896,1461585,17334,2521081,2423300
2757,881,934,1460704,17281,2522015,2326800
2758,848,946,1459846,17193,2522961,2225400
2759,900,908,1458972,17159,2523869,2259700
2760,839,910,1458121,17100,2524779,2241800
2761,862,869,1457241,17111,2525648,2268500
2762,907,866,1456350,17136,2526514,2278700
2763,924,879,1455435,17172,2527393,2389900
2764,889,887,1454542,17178,2528280,2311200
2765,878,877,1453662,17181,2529157,2439400
2766,903,895,1452740,17208,2530052,2383300
2767,890,884,1451874,17190,2530936,2334100
2768,858,918,1451012,17134,2531854,2258500
2769,891,929,1450096,17121,2532783,2297000
2770,866,849,1449237,17131,2533632,2296700
2771,902,917,1448359,17092,2534549,2179600
2772,874,926,1447460,17065,2535475,2215600
2773,877,892,1446604,17029,2536367,2234000
2774,878,876,1445708,17049,2537243,2218900
2775,853,890,1444847,17020,2538133,2253600
2776,779,893,1444074,16900,2539026,2225400
2777,827,823,1443236,16915,2539849,2169700
2778,853,860,1442387,16904,2540709,2230500
2779,887,897,1441535,16859,2541606,2270400
2780,853,877,1440685,16832,2542483,2249100
2781,859,952,1439831,16734,2543435,2314200
2782,820,889,1438967,16709,2544324,2311800
2783,844,888,1438139,16649,2545212,2466900
2784,848,886,1437287,16615,2546098,2280800
2785,846,848,1436442,16612,2546946,2205000
2786,915,849,1435570,16635,2547795,2291900
2787,937,893,1434598,16714,2548688,2295000
2788,883,879,1433717,16716,2549567,2199800
2789,877,839,1432828,16766,2550406,2194200
2790,831,909,1432003,16682,2551315,2185500
2791,869,940,1431142,16603,2552255,2314000
2792,849,893,1430288,16564,2553148,2329800
2793,911,862,1429366,16624,2554010,2317600
2794,884,866,1428484,16640,2554876,2357400
2795,885,940,1427625,16559,2555816,2282800
2796,854,854,1426742,16588,2556670,2349300
2797,839,819,1425921,16590,2557489,2278300
2798,824,828,1425087,16596,2558317,2267700
2799,828,869,1424287,16527,2559186,2190400
2800,830,869,1423434,16511,2560055,2200500
2801,850,818,1422571,16556,2560873,2216300
2802,839,847,1421732,16548,2561720,2194300
2803,886,864,1420859,16557,2562584,2251500
2804,806,889,1420023,16504,2563473,2346700
2805,850,830,1419192,16505,2564303,2445600
2806,883,866,1418306,16525,2565169,2640800
2807,903,865,1417442,16524,2566034,2457700
2808,898,826,1416531,16609,2566860,2392200
2809,850,863,1415667,16610,2567723,2348800
2810,879,930,1414774,16573,2568653,2364000
2811,912,842,1413887,16618,2569495,2307200
2812,834,898,1413039,16568,2570393,2283900
2813,878,899,1412172,16536,2571292,2373600
2814,861,880,1411284,16544,2572172,2373900
2815,853,867,1410456,16505,2573039,2428200
2816,887,902,1409559,16500,2573941,2350000
2817,905,905,1408659,16495,2574846,2311900
2818,797,862,1407837,16455,2575708,2396200
2819,870,856,1406982,16454,2576564,2293900
2820,896,843,1406109,16484,2577407,2292000
2821,891,864,1405208,16521,2578271,2256700
2822,926,916,1404288,16525,2579187,2264600
2823,866,904,1403389,16520,2580091,2321700
2824,854,852,1402576,16481,2580943,2294400
2825,852,872,1401693,16492,2581815,2299900
2826,891,883,1400820,16482,2582698,2362000
2827,931,821,1399884,16597,2583519,2414800
2828,912,892,1399010,16579,2584411,2436200
2829,879,896,1398090,16603,2585307,2378200
2830,867,884,1397227,16582,2586191,2499100
2831,918,858,1396300,16651,2587049,2291500
2832,874,863,1395442,16646,2587912,2252900
2833,869,837,1394571,16680,2588749,2276200
2834,926,963,1393646,16642,2589712,2341600
2835,853,808,1392811,16669,2590520,2403900
2836,884,868,1391916,16696,2591388,2351500
2837,842,932,1391048,16632,2592320,2330700
2838,895,897,1390160,16623,2593217,2284700
2839,877,905,1389289,16589,2594122,2220200
2840,864,888,1388422,16568,2595010,2170300
2841,838,884,1387567,16539,2595894,2157900
2842,850,880,1386738,16488,2596774,2150600
2843,856,865,1385860,16501,2597639,2355800
2844,861,898,1385024,16439,2598537,2194500
2845,885,825,1384136,16502,2599362,2191800
2846,890,873,1383231,16534,2600235,2253800
2847,886,898,1382354,16513,2601133,2147800
2848,857,836,1381499,16532,2601969,2280900
2849,841,866,1380626,16539,2602835,2326700
2850,865,862,1379803,16500,2603697,2432400
2851,847,838,1378947,16518,2604535,2410300
2852,828,894,1378106,16465,2605429,2351300
2853,847,926,1377243,16402,2606355,2282100
2854,914,872,1376363,16410,2607227,2186300
2855,850,875,1375500,16398,2608102,2255900
2856,864,847,1374646,16405,2608949,2302000
2857,857,825,1373798,16428,2609774,2414200
2858,920,864,1372863,16499,2610638,2449600
2859,915,856,1371971,16535,2611494,2617300
2860,883,893,1371064,16549,2612387,2493600
2861,873,885,1370190,16538,2613272,2453500
2862,877,831,1369327,16570,2614103,2368700
2863,906,887,1368427,16583,2614990,2435600
2864,860,911,1367542,16557,2615901,2307700
2865,931,869,1366638,16592,2616770,2440700
2866,877,856,1365720,16654,2617626,2333600
2867,858,901,1364892,16581,2618527,2390100
2868,900,895,1363988,16590,2619422,2401500
2869,934,898,1363092,16588,2620320,2477700
2870,920,873,1362149,16658,2621193,2510100
2871,887,876,1361254,16677,2622069,2522300
2872,921,862,1360349,16720,2622931,2444700
2873,867,834,1359438,16797,2623765,2375300
2874,901,919,1358574,16742,2624684,2377100
2875,862,855,1357687,16774,2625539,2349900
2876,897,878,1356805,16778,2626417,2333300
2877,873,834,1355927,16822,2627251,2371600
2878,916,888,1355033,16828,2628139,2388500
2879,907,929,1354100,16832,2629068,2495100
2880,926,873,1353191,16868,2629941,2530800
2881,857,859,1352310,16890,2630800,2538400
2882,848,864,1351465,16871,2631664,2549600
2883,891,878,1350592,16866,2632542,2330000
2884,846,917,1349748,16793,2633459,2295000
2885,841,872,1348887,16782,2634331,2403500
2886,888,918,1348014,16737,2635249,2268900
2887,820,885,1347166,16700,2636134,2316900
2888,886,854,1346285,16727,2636988,2209100
2889,831,855,1345433,16724,2637843,2351100
2890,823,871,1344656,16630,2638714,2393600
2891,846,857,1343781,16648,2639571,2339200
2892,833,872,1342960,16597,2640443,2179800
2893,910,803,1342051,16703,2641246,2267500
2894,899,846,1341156,16752,2642092,2228000
2895,942,884,1340241,16783,2642976,2242300
2896,914,908,1339318,16798,2643884,2454400
2897,940,893,1338383,16840,2644777,2274700
2898,922,866,1337447,16910,2645643,2373000
2899,921,909,1336520,16928,2646552,2276000
2900,941,880,1335589,16979,2647432,2174400
2901,931,909,1334676,16983,2648341,2139100
2902,958,847,1333698,17114,2649188,2236700
2903,883,879,1332789,17144,2650067,2322200
2904,911,864,1331928,17141,2650931,2198700
2905,915,891,1330983,17195,2651822,2483700
2906,920,948,1330073,17157,2652770,2447600
2907,950,918,1329137,17175,2653688,2491400
2908,940,908,1328170,17234,2654596,2407400
2909,969,866,1327230,17308,2655462,2450500
2910,926,888,1326298,17352,2656350,2498000
2911,934,885,1325357,17408,2657235,2434000
2912,955,847,1324407,17511,2658082,2606900
2913,999,911,1323401,17606,2658993,2480200
2914,954,957,1322458,17592,2659950,2552800
2915,971,860,1321489,17701,2660810,2533300
2916,937,968,1320554,17668,2661778,2382100
2917,923,874,1319615,17733,2662652,2473100
2918,892,930,1318712,17706,2663582,2332200
2919,958,910,1317777,17731,2664492,2565300
2920,930,932,1316825,17751,2665424,2407500
2921,955,938,1315889,17749,2666362,2439200
2922,937,930,1314947,17761,2667292,2410000
2923,884,966,1314031,17711,2668258,2474100
2924,940,930,1313127,17685,2669188,2381400
2925,886,935,1312233,17644,2670123,2626900
2926,936,966,1311305,17606,2671089,2433300
2927,929,976,1310372,17563,2672065,2380900
2928,927,891,1309447,17597,2672956,2341300
2929,923,967,1308521,17556,2673923,2366800
2930,917,926,1307622,17529,2674849,2476900
2931,881,902,1306713,17536,2675751,2439300
2932,900,962,1305807,17480,2676713,2849900
2933,803,832,1304995,17460,2677545,2938800
2934,867,943,1304143,17369,2678488,2597900
2935,919,904,1303236,17372,2679392,2529000
2936,825,880,1302405,17323,2680272,2498900
2937,836,924,1301559,17245,2681196,2829900
2938,825,874,1300747,17183,2682070,2715900
2939,840,888,1299893,17149,2682958,2392100
2940,855,922,1299029,17091,2683880,2390600
2941,818,846,1298245,17029,2684726,2345000
2942,864,939,1297354,16981,2685665,2352100
2943,857,946,1296494,16895,2686611,2355000
2944,807,867,1295695,16827,2687478,2321800
2945,913,852,1294813,16857,2688330,2424000
2946,874,857,1293900,16913,2689187,2347600
2947,892,864,1292999,16950,2690051,2313500
2948,847,845,1292152,16952,2690896,2373300
2949,870,910,1291274,16920,2691806,2344700
2950,877,892,1290425,16877,2692698,2382200
2951,837,880,1289568,16854,2693578,2721400
2952,848,895,1288717,16810,2694473,2532100
2953,894,914,1287836,16777,2695387,2449600
2954,825,877,1286980,16756,2696264,2499500
2955,858,894,1286157,16685,2697158,2446800
2956,862,890,1285280,16672,2698048,2399500
2957,904,861,1284391,16700,2698909,2353200
2958,875,875,1283507,16709,2699784,2308700
2959,879,878,1282645,16693,2700662,2430100
2960,802,901,1281823,16614,2701563,2395100
2961,869,811,1280974,16652,2702374,2489800
2962,836,863,1280143,16620,2703237,2417500
2963,801,865,1279295,16603,2704102,2561700
2964,839,877,1278476,16545,2704979,2507000
2965,808,867,1277672,16482,2705846,2419500
2966,841,882,1276791,16481,2706728,2374500
2967,840,845,1275956,16471,2707573,2417300
2968,819,838,1275169,16420,2708411,2355200
2969,859,862,1274306,16421,2709273,2398200
2970,802,816,1273490,16421,2710089,2260300
2971,819,802,1272686,16423,2710891,2255600
2972,882,861,1271846,16402,2711752,2359300
2973,874,891,1270937,16420,2712643,2270800
2974,861,861,1270081,16415,2713504,2407500
2975,856,850,1269228,16418,2714354,2241200
2976,888,821,1268323,16502,2715175,2357600
2977,814,835,1267501,16489,2716010,2251200
2978,839,851,1266669,16470,2716861,2291700
2979,881,867,1265771,16501,2717728,2326400
2980,831,862,1264937,16473,2718590,2316800
2981,864,847,1264107,16456,2719437,2242500
2982,840,879,1263273,16411,2720316,2198600
2983,836,860,1262413,16411,2721176,2381200
2984,791,857,1261581,16386,2722033,2390700
2985,793,863,1260817,16287,2722896,2362400
2986,848,820,1259997,16287,2723716,2392100
2987,828,837,1259144,16303,2724553,2450000
2988,850,848,1258317,16282,2725401,2347600
2989,870,834,1257412,16353,2726235,2306800
2990,838,805,1256592,16368,2727040,2317900
2991,837,889,1255742,16329,2727929,2268600
2992,853,848,1254926,16297,2728777,2346800
2993,853,845,1254059,16319,2729622,2305300
2994,803,924,1253240,16214,2730546,2186300
2995,780,799,1252448,16207,2731345,2216200
2996,863,817,1251604,16234,2732162,2257400
2997,832,872,1250781,16185,2733034,2345300
2998,780,863,1249984,16119,2733897,2342500
2999,820,854,1249186,16063,2734751,2267400
3000,801,847,1248357,16045,2735598,2484700
3001,877,849,1247505,16048,2736447,2245400
3002,809,811,1246699,16043,2737258,2229200
3003,756,854,1245908,15980,2738112,2224300
3004,800,870,1245127,15891,2738982,2280100
3005,743,822,1244378,15818,2739804,2354500
3006,803,823,1243585,15788,2740627,2266300
3007,806,779,1242770,15824,2741406,2180100
3008,824,803,1241941,15850,2742209,2175000
3009,776,800,1241197,15794,2743009,2189200
3010,849,830,1240334,15827,2743839,2243700
3011,825,828,1239523,15810,2744667,2350600
3012,841,788,1238647,15898,2745455,2336400
3013,827,824,1237864,15857,2746279,2280200
3014,823,857,1237015,15849,2747136,2243900
3015,825,793,1236180,15891,2747929,2333000
3016,849,863,1235346,15862,2748792,2168400
3017,860,830,1234470,15908,2749622,2173000
3018,799,818,1233662,15898,2750440,2453700
3019,775,833,1232924,15803,2751273,2571400
3020,848,840,1232069,15818,2752113,2326200
3021,811,790,1231252,15845,2752903,2350000
3022,792,838,1230465,15794,2753741,2248100
3023,803,797,1229648,15814,2754538,2251700
3024,835,834,1228824,15804,2755372,2223700
3025,864,839,1227951,15838,2756211,2174300
3026,824,862,1227127,15800,2757073,2514100
3027,771,817,1226343,15767,2757890,2417500
3028,806,804,1225560,15746,2758694,2302700
3029,788,823,1224752,15731,2759517,2215200
3030,836,806,1223949,15728,2760323,2438100
3031,793,838,1223132,15707,2761161,2292200
3032,767,796,1222368,15675,2761957,2354700
3033,807,787,1221548,15708,2762744,2249500
3034,768,774,1220779,15703,2763518,2228900
3035,845,866,1219955,15661,2764384,2194100
3036,778,833,1219165,15618,2765217,2230800
3037,774,752,1218401,15630,2765969,2258800
3038,812,812,1217579,15640,2766781,2222900
3039,833,806,1216740,15673,2767587,2340100
3040,797,823,1215962,15628,2768410,2413900
3041,801,793,1215145,15652,2769203,2377300
3042,811,837,1214346,15614,2770040,2317400
3043,761,783,1213577,15600,2770823,2575100
3044,801,823,1212768,15586,2771646,2598100
3045,787,853,1211971,15530,2772499,2871500
3046,794,800,1211199,15502,2773299,2449900
3047,783,827,1210408,15466,2774126,2605000
3048,870,773,1209559,15542,2774899,2695900
3049,806,829,1208715,15557,2775728,2370100
3050,826,816,1207919,15537,2776544,2232400
3051,830,833,1207078,15545,2777377,2378900
3052,823,811,1206248,15564,2778188,2265800
3053,807,758,1205445,15609,2778946,2317000
3054,794,808,1204655,15591,2779754,2360500
3055,778,828,1203861,15557,2780582,2422800
3056,824,820,1203052,15546,2781402,2543800
3057,847,814,1202207,15577,2782216,2346700
3058,819,784,1201395,15605,2783000,2465300
3059,806,824,1200584,15592,2783824,2369300
3060,812,805,1199765,15606,2784629,2300800
3061,772,797,1198977,15597,2785426,2472900
3062,812,790,1198165,15619,2786216,2347200
3063,824,835,1197373,15576,2787051,2381800
3064,765,833,1196591,15525,2787884,2223900
3065,800,817,1195796,15503,2788701,2475900
3066,814,798,1194968,15533,2789499,2634100
3067,767,789,1194209,15503,2790288,2603300
3068,789,816,1193414,15482,2791104,2416700
3069,789,810,1192624,15462,2791914,2491400
3070,776,835,1191851,15400,2792749,2692600
3071,750,788,1191095,15368,2793537,2491700
3072,776,780,1190327,15356,2794317,2565000
3073,748,819,1189573,15291,2795136,2578800
3074,752,781,1188811,15272,2795917,2397500
3075,733,780,1188080,15223,2796697,2284600
3076,772,794,1187343,15166,2797491,2384700
3077,675,793,1186615,15101,2798284,2516400
3078,763,801,1185887,15028,2799085,2356200
3079,802,819,1185102,14994,2799904,2310900
3080,732,783,1184362,14951,2800687,2370800
3081,763,722,1183565,15026,2801409,2937200
3082,769,782,1182815,14994,2802191,2880900
3083,764,739,1182018,15052,2802930,2642200
3084,751,825,1181310,14935,2803755,2806500
3085,765,750,1180550,14945,2804505,2873600
3086,745,761,1179812,14922,2805266,2647600
3087,688,748,1179087,14899,2806014,2518100
3088,743,786,1178344,14856,2806800,2675600
3089,793,709,1177565,14926,2807509,2742600
3090,740,772,1176827,14892,2808281,2702500
3091,784,826,1176042,14851,2809107,2604500
3092,781,856,1175244,14793,2809963,2640800
3093,762,742,1174487,14808,2810705,2403700
3094,775,819,1173719,14757,2811524,2554400
3095,727,735,1172979,14762,2812259,2612400
3096,751,766,1172255,14720,2813025,2457600
3097,779,758,1171472,14745,2813783,3197000
3098,738,729,1170717,14771,2814512,2593700
3099,748,757,1169995,14736,2815269,2667000
3100,747,795,1169238,14698,2816064,2441200
3101,760,742,1168487,14707,2816806,3995800
3102,743,798,1167713,14683,2817604,3083800
3103,800,787,1166929,14680,2818391,2668700
3104,835,759,1166107,14743,2819150,2483600
3105,750,756,1165333,14761,2819906,2515700
3106,742,821,1164579,14694,2820727,3267600
3107,777,747,1163823,14703,2821474,2618400
3108,788,774,1163028,14724,2822248,2583900
3109,707,731,1162310,14711,2822979,2544400
3110,827,778,1161521,14722,2823757,2492600
3111,741,787,1160741,14715,2824544,2409100
3112,765,746,1159991,14719,2825290,2483100
3113,753,810,1159219,14681,2826100,2461700
3114,769,735,1158473,14692,2826835,2861800
3115,741,767,1157724,14674,2827602,2396600
3116,785,759,1156927,14712,2828361,2311100
3117,742,829,1156219,14591,2829190,2833800
3118,801,781,1155417,14612,2829971,2513900
3119,809,760,1154610,14659,2830731,2440200
3120,832,732,1153776,14761,2831463,2403600
3121,810,746,1152942,14849,2832209,2327300
3122,760,767,1152207,14817,2832976,2314700
3123,777,790,1151428,14806,2833766,2319300
3124,787,745,1150630,14859,2834511,2469300
3125,779,746,1149869,14874,2835257,2238700
3126,782,834,1149078,14831,2836091,2278300
3127,758,784,1148288,14837,2836875,2242700
3128,668,833,1147613,14679,2837708,2265800
3129,737,759,1146911,14622,2838467,2286600
3130,702,774,1146180,14579,2839241,2568200
3131,769,769,1145420,14570,2840010,2367900
3132,735,743,1144710,14537,2840753,2461700
3133,707,711,1143999,14537,2841464,2936500
3134,708,766,1143276,14494,2842230,2555600
3135,740,687,1142562,14521,2842917,2564000
3136,727,757,1141821,14505,2843674,2492300
3137,755,746,1141059,14521,2844420,2551700
3138,735,778,1140320,14482,2845198,2433200
3139,728,698,1139588,14516,2845896,2480300
3140,697,767,1138871,14466,2846663,2239300
3141,671,793,1138196,14348,2847456,2428500
3142,752,786,1137473,14285,2848242,2413800
3143,697,747,1136770,14241,2848989,2340900
3144,692,742,1136061,14208,2849731,2351000
3145,723,731,1135352,14186,2850462,2578200
3146,724,778,1134626,14134,2851240,2282400
3147,740,756,1133928,14076,2851996,2515400
3148,736,794,1133149,14061,2852790,2361800
3149,733,733,1132429,14048,2853523,2289300
3150,678,714,1131734,14029,2854237,2459200
3151,722,742,1131019,14002,2854979,2462800
3152,708,706,1130311,14004,2855685,2274400
3153,742,776,1129561,13978,2856461,2506300
3154,756,741,1128828,13970,2857202,2352400
3155,697,736,1128122,13940,2857938,2378700
3156,786,738,1127338,13986,2858676,2390000
3157,757,707,1126585,14032,2859383,2323900
3158,737,699,1125846,14072,2860082,2350100
3159,780,712,1125067,14139,2860794,2588000
3160,763,719,1124301,14186,2861513,2412300
3161,756,768,1123540,14179,2862281,2441300
3162,758,778,1122784,14157,2863059,2417400
3163,721,770,1122047,14124,2863829,2568800
3164,731,735,1121318,14118,2864564,2256600
3165,801,765,1120538,14133,2865329,2391900
3166,785,742,1119772,14157,2866071,2422000
3167,747,731,1118988,14210,2866802,2552400
3168,703,709,1118306,14183,2867511,2569000
3169,712,718,1117575,14196,2868229,2485300
3170,792,761,1116788,14222,2868990,2447000
3171,719,770,1116095,14145,2869760,2376700
3172,817,709,1115278,14253,2870469,2416500
3173,710,770,1114545,14216,2871239,2435200
3174,702,710,1113840,14211,2871949,2328700
3175,693,775,1113139,14137,2872724,2468800
3176,653,748,1112497,14031,2873472,2376100
3177,755,725,1111749,14054,2874197,2282500
3178,729,742,1111018,14043,2874939,2732300
3179,672,710,1110332,14019,2875649,2403300
3180,771,715,1109600,14036,2876364,2613000
3181,738,774,1108852,14010,2877138,2488700
3182,718,744,1108140,13978,2877882,2478000
3183,769,741,1107375,14002,2878623,2401500
3184,749,706,1106583,14088,2879329,2339600
3185,734,799,1105872,14000,2880128,2331700
3186,746,770,1105126,13976,2880898,2303100
3187,744,750,1104376,13976,2881648,2275900
3188,683,713,1103680,13959,2882361,2367400
3189,713,717,1102989,13933,2883078,2311100
3190,678,747,1102295,13880,2883825,2251700
3191,689,692,1101599,13884,2884517,2238200
3192,744,706,1100883,13894,2885223,2342400
3193,771,725,1100089,13963,2885948,2227300
3194,699,714,1099403,13935,2886662,2255200
3195,701,744,1098703,13891,2887406,2354000
3196,729,755,1097965,13874,2888161,2515000
3197,727,715,1097234,13890,2888876,2370000
3198,667,688,1096560,13876,2889564,2279000
3199,714,697,1095859,13880,2890261,2249200
3200,677,711,1095183,13845,2890972,2352400
3201,718,738,1094469,13821,2891710,2470900
3202,695,764,1093773,13753,2892474,2469900
3203,731,748,1093047,13731,2893222,2359400
3204,702,752,1092325,13701,2893974,2395600
3205,723,695,1091623,13708,2894669,2346200
3206,720,686,1090887,13758,2895355,2287700
3207,712,679,1090157,13809,2896034,2212400
3208,690,772,1089481,13713,2896806,2279600
3209,674,722,1088825,13647,2897528,2517700
3210,722,706,1088113,13653,2898234,2284200
3211,755,715,1087356,13695,2898949,2306300
3212,688,773,1086643,13635,2899722,2280800
3213,719,701,1085916,13661,2900423,2251300
3214,700,693,1085229,13655,2901116,2196900
3215,708,658,1084533,13693,2901774,2335200
3216,712,708,1083809,13709,2902482,2305900
3217,713,693,1083105,13720,2903175,2287600
3218,659,728,1082426,13671,2903903,2259500
3219,703,754,1081726,13617,2904657,2288700
3220,769,708,1080975,13660,2905365,2285700
3221,689,726,1080268,13641,2906091,2377900
3222,719,738,1079556,13615,2906829,2570700
3223,693,713,1078886,13572,2907542,2261300
3224,683,691,1078181,13586,2908233,2820700
3225,676,709,1077505,13553,2908942,2589600
3226,686,749,1076814,13495,2909691,2439400
3227,692,677,1076136,13496,2910368,2448600
3228,653,707,1075471,13454,2911075,2530000
3229,688,706,1074776,13443,2911781,2353700
3230,703,732,1074081,13406,2912513,2781200
3231,665,634,1073422,13431,2913147,2567800
3232,675,691,1072724,13438,2913838,2470400
3233,744,690,1071984,13488,2914528,2723100
3234,685,674,1071321,13477,2915202,2626300
3235,688,728,1070620,13450,2915930,2546700
3236,720,692,1069900,13478,2916622,2728500
3237,689,740,1069217,13421,2917362,2387500
3238,712,672,1068514,13452,2918034,2624500
3239,732,676,1067767,13523,2918710,2493400
3240,684,749,1067082,13459,2919459,2658800
3241,652,709,1066420,13412,2920168,2723600
3242,674,705,1065760,13367,2920873,2428100
3243,712,665,1065053,13409,2921538,2523200
3244,691,682,1064363,13417,2922220,2410400
3245,709,664,1063659,13457,2922884,2630300
3246,733,674,1062940,13502,2923558,3027200
3247,670,615,1062230,13597,2924173,2432800
3248,689,679,1061567,13581,2924852,2550100
3249,661,719,1060880,13549,2925571,2534900
3250,666,678,1060217,13534,2926249,2684800
3251,654,708,1059565,13478,2926957,2378800
3252,701,711,1058861,13471,2927668,2365800
3253,692,703,1058180,13449,2928371,2517700
3254,716,688,1057471,13470,2929059,2299600
3255,689,744,1056794,13403,2929803,2365200
3256,624,730,1056128,13339,2930533,2713100
3257,704,727,1055438,13302,2931260,2499900
3258,683,667,1054768,13305,2931927,2436000
3259,668,665,1054093,13315,2932592,2355900
3260,663,683,1053446,13279,2933275,2452800
3261,716,680,1052700,13345,2933955,2474300
3262,712,664,1051990,13391,2934619,2341200
3263,688,688,1051321,13372,2935307,2425400
3264,708,751,1050619,13323,2936058,2346600
3265,713,677,1049885,13380,2936735,2561500
3266,706,703,1049208,13354,2937438,2438800
3267,654,721,1048533,13308,2938159,2433500
3268,659,707,1047868,13266,2938866,2340500
3269,653,672,1047213,13249,2939538,2364900
3270,702,660,1046502,13300,2940198,2296900
3271,638,677,1045873,13252,2940875,2592900
3272,638,697,1045240,13188,2941572,2345400
3273,706,670,1044541,13217,2942242,2425400
3274,693,715,1043837,13206,2942957,2431300
3275,701,660,1043145,13238,2943617,2210300
3276,665,681,1042481,13221,2944298,2579100
3277,681,689,1041805,13208,2944987,2523200
3278,732,704,1041083,13226,2945691,2472800
3279,670,707,1040380,13222,2946398,2425600
3280,689,713,1039707,13182,2947111,2325300
3281,692,708,1039017,13164,2947819,2603700
3282,681,710,1038340,13131,2948529,2396900
3283,638,705,1037693,13073,2949234,2250200
3284,680,675,1037007,13084,2949909,2377200
3285,708,666,1036305,13120,2950575,2314800
3286,732,685,1035589,13151,2951260,2657800
3287,663,645,1034915,13180,2951905,2483800
3288,668,711,1034246,13138,2952616,2285100
3289,702,680,1033559,13145,2953296,2423400
3290,651,713,1032879,13112,2954009,2578300
3291,649,692,1032240,13059,2954701,2518200
3292,719,622,1031545,13132,2955323,2637000
3293,684,648,1030836,13193,2955971,2398200
3294,699,725,1030171,13133,2956696,2511400
3295,719,685,1029441,13178,2957381,2442100
3296,704,716,1028736,13167,2958097,2390200
3297,701,686,1028019,13198,2958783,2721700
3298,655,715,1027359,13143,2959498,2364600
3299,665,749,1026683,13070,2960247,2243900
3300,696,691,1025998,13064,2960938,2374300
3301,724,717,1025275,13070,2961655,2291600
3302,684,721,1024595,13029,2962376,2330500
3303,677,719,1023920,12985,2963095,2748600
3304,747,678,1023188,13039,2963773,2416400
3305,669,632,1022499,13096,2964405,2399400
3306,752,740,1021764,13091,2965145,2467300
3307,674,674,1021075,13106,2965819,2274200
3308,697,673,1020387,13121,2966492,2468400
3309,647,675,1019747,13086,2967167,2565600
3310,682,691,1019039,13103,2967858,2333100
3311,673,694,1018354,13094,2968552,2245600
3312,668,688,1017702,13058,2969240,2328500
3313,697,739,1017000,13021,2969979,2377200
3314,747,693,1016283,13045,2970672,2406300
3315,680,693,1015576,13059,2971365,2545100
3316,689,671,1014902,13062,2972036,2528200
3317,649,675,1014252,13037,2972711,2278700
3318,691,647,1013559,13083,2973358,2319300
3319,632,653,1012921,13068,2974011,2505900
3320,614,623,1012292,13074,2974634,2499600
3321,671,710,1011626,13030,2975344,2688200
3322,671,690,1010962,13004,2976034,2463000
3323,662,701,1010287,12978,2976735,2631400
3324,659,706,1009638,12921,2977441,2493800
3325,645,664,1009002,12893,2978105,2419600
3326,649,679,1008333,12883,2978784,2375800
3327,646,644,1007707,12865,2979428,2656100
3328,648,690,1007054,12828,2980118,2403300
3329,631,688,1006405,12789,2980806,2518200
3330,701,669,1005735,12790,2981475,2402300
3331,696,700,1005043,12782,2982175,2263100
3332,650,699,1004380,12746,2982874,2241000
3333,640,644,1003751,12731,2983518,2605900
3334,687,645,1003044,12793,2984163,2469000
3335,663,674,1002387,12776,2984837,2278500
3336,644,687,1001728,12748,2985524,2421400
3337,641,640,1001100,12736,2986164,2440500
3338,655,675,1000447,12714,2986839,2288100
3339,647,681,999790,12690,2987520,2536900
3340,654,707,999142,12631,2988227,2669600
3341,667,643,998483,12647,2988870,2370100
3342,664,685,997818,12627,2989555,2402800
3343,679,650,997146,12649,2990205,2405800
3344,675,660,996453,12682,2990865,2281700
3345,631,663,995838,12634,2991528,2405500
3346,648,661,995186,12625,2992189,2454300
3347,666,695,994530,12586,2992884,2424000
3348,659,631,993849,12636,2993515,2451500
3349,669,628,993168,12689,2994143,2275500
3350,714,687,992485,12685,2994830,2274300
3351,714,656,991771,12743,2995486,2225300
3352,632,701,991104,12709,2996187,2208500
3353,664,621,990458,12734,2996808,2262100
3354,644,654,989819,12719,2997462,2233300
3355,645,640,989159,12739,2998102,2322300
3356,662,697,988527,12674,2998799,2285000
3357,687,673,987828,12700,2999472,2360700
3358,688,628,987142,12758,3000100,2302200
3359,669,621,986465,12814,3000721,2350300
3360,699,670,985770,12839,3001391,2310000
3361,668,629,985100,12880,3002020,2363400
3362,645,650,984446,12884,3002670,2392700
3363,651,657,983812,12861,3003327,2403300
3364,696,675,983116,12882,3004002,2433700
3365,673,662,982426,12910,3004664,2400400
3366,665,724,981767,12845,3005388,2465900
3367,646,657,981105,12850,3006045,2294500
3368,660,662,980477,12816,3006707,2432500
3369,629,650,979829,12814,3007357,2297800
3370,653,663,979177,12803,3008020,2290400
3371,621,673,978553,12754,3008693,2256100
3372,696,695,977878,12734,3009388,2347300
3373,640,687,977225,12700,3010075,2177100
3374,653,674,976559,12692,3010749,2201300
3375,654,669,975911,12671,3011418,2381500
3376,667,652,975263,12667,3012070,2311000
3377,646,631,974620,12679,3012701,2276500
3378,710,643,973918,12738,3013344,2308000
3379,638,673,973249,12734,3014017,2304000
3380,650,671,972608,12704,3014688,2232900
3381,640,697,971969,12646,3015385,2269000
3382,636,638,971316,12661,3016023,2309400
3383,648,639,970678,12660,3016662,2251300
3384,677,675,970015,12648,3017337,2332100
3385,640,663,969364,12636,3018000,2419600
3386,647,658,968732,12610,3018658,2329700
3387,623,690,968090,12562,3019348,2347500
3388,688,615,967397,12640,3019963,2490900
3389,652,632,966748,12657,3020595,2253800
3390,625,669,966131,12605,3021264,2251600
3391,648,660,965480,12596,3021924,2196300
3392,682,648,964805,12623,3022572,2256000
3393,652,678,964145,12605,3023250,2249300
3394,612,659,963526,12565,3023909,2413500
3395,663,691,962874,12526,3024600,2380600
3396,651,638,962229,12533,3025238,2408500
3397,696,693,961528,12541,3025931,2351900
3398,647,660,960876,12533,3026591,2340400
3399,677,644,960210,12555,3027235,2266600
3400,676,657,959523,12585,3027892,2194300
3401,714,650,958825,12633,3028542,2324200
3402,673,666,958160,12632,3029208,2254600
3403,700,678,957463,12651,3029886,2232300
3404,663,656,956771,12687,3030542,2238200
3405,679,620,956093,12745,3031162,2261000
3406,670,654,955442,12742,3031816,2214400
3407,693,657,954751,12776,3032473,2309700
3408,655,718,954086,12723,3033191,2220300
3409,696,682,953402,12725,3033873,2519200
3410,662,675,952723,12729,3034548,2311200
3411,630,664,952079,12709,3035212,2264200
3412,693,699,951397,12692,3035911,2455100
3413,659,687,950749,12653,3036598,2414100
3414,645,650,950089,12663,3037248,2268300
3415,631,674,949453,12625,3037922,2212100
3416,642,649,948823,12606,3038571,2256200
3417,673,626,948163,12640,3039197,2282000
3418,620,669,947506,12628,3039866,2219300
3419,656,704,946881,12549,3040570,2119900
3420,658,698,946226,12506,3041268,2193500
3421,654,626,945572,12534,3041894,2122400
3422,665,648,944913,12545,3042542,2200200
3423,638,693,944262,12503,3043235,2348000
3424,652,650,943589,12526,3043885,2346500
3425,662,619,942952,12544,3044504,2431900
3426,637,656,942316,12524,3045160,2277400
3427,610,678,941674,12488,3045838,2364500
3428,664,682,941025,12455,3046520,2340700
3429,632,626,940408,12446,3047146,2316700
3430,641,644,939744,12466,3047790,2255200
3431,663,639,939102,12469,3048429,2441800
3432,646,660,938452,12459,3049089,2272400
3433,664,670,937784,12457,3049759,2248100
3434,604,633,937181,12427,3050392,2215600
3435,620,646,936552,12410,3051038,2210100
3436,581,694,935980,12288,3051732,2170300
3437,641,626,935315,12327,3052358,2161300
3438,611,647,934710,12285,3053005,2239100
3439,574,649,934134,12212,3053654,2286800
3440,610,617,933543,12186,3054271,2298300
3441,655,681,932897,12151,3054952,2214600
3442,590,603,932279,12166,3055555,2300400
3443,594,661,931697,12087,3056216,2416100
3444,569,616,931112,12056,3056832,2237200
3445,623,602,930502,12064,3057434,2188300
3446,622,611,929885,12070,3058045,2410600
3447,636,644,929243,12068,3058689,2312400
3448,680,615,928594,12102,3059304,2352400
3449,599,632,927980,12084,3059936,2210000
3450,639,657,927336,12071,3060593,2281000
3451,620,691,926708,12008,3061284,2283700
3452,650,627,926067,12022,3061911,2506600
3453,620,644,925421,12024,3062555,2323600
3454,643,662,924798,11985,3063217,2320300
3455,639,621,924160,12002,3063838,2474000
3456,623,647,923522,11993,3064485,2415400
3457,685,603,922877,12035,3065088,2346900
3458,627,639,922233,12040,3065727,2186000
3459,613,626,921601,12046,3066353,2227900
3460,674,646,920931,12070,3066999,2156700
3461,644,667,920300,12034,3067666,2256500
3462,667,618,919641,12075,3068284,2249700
3463,631,622,919014,12080,3068906,2326400
3464,668,651,918330,12113,3069557,2175300
3465,673,653,917656,12134,3070210,2167600
3466,661,645,916988,12157,3070855,2248200
3467,645,614,916351,12180,3071469,2302800
3468,632,624,915728,12179,3072093,2373300
3469,630,642,915078,12187,3072735,2178000
3470,597,646,914487,12132,3073381,2204700
3471,624,625,913870,12124,3074006,2307200
3472,609,612,913258,12124,3074618,2400700
3473,630,656,912629,12097,3075274,2414500
3474,616,639,912020,12067,3075913,2282300
3475,652,655,911376,12056,3076568,2212100
3476,662,615,910706,12111,3077183,2316000
3477,618,599,910076,12142,3077782,2542700
3478,662,639,909453,12126,3078421,2320300
3479,651,620,908781,12178,3079041,2349300
3480,634,659,908129,12171,3079700,2265300
3481,671,647,907460,12193,3080347,2191200
3482,631,599,906815,12239,3080946,2339400
3483,641,637,906193,12224,3081583,2287800
3484,671,638,905527,12252,3082221,2288300
3485,640,661,904892,12226,3082882,2285600
3486,610,660,904282,12176,3083542,2157400
3487,609,636,903643,12179,3084178,2335400
3488,608,625,903047,12150,3084803,2371300
3489,690,614,902378,12205,3085417,2197400
3490,644,598,901733,12252,3086015,2217700
3491,647,636,901072,12277,3086651,2243300
3492,664,664,900432,12253,3087315,2141900
3493,663,613,899748,12324,3087928,2116800
3494,692,681,899063,12328,3088609,2211600
3495,668,610,898389,12392,3089219,2236000
3496,671,633,897737,12411,3089852,2194900
3497,639,677,897071,12400,3090529,2437000
3498,618,681,896452,12338,3091210,2313700
3499,618,655,895811,12324,3091865,2280800
3500,584,684,895245,12206,3092549,2184300
3501,688,665,894578,12208,3093214,2162000
3502,666,662,893913,12211,3093876,2225700
3503,671,688,893224,12212,3094564,2264700
3504,629,644,892602,12190,3095208,2157600
3505,644,610,891945,12237,3095818,2297300
3506,670,605,891303,12274,3096423,2291500
3507,646,647,890633,12297,3097070,38842700
3508,673,669,889994,12267,3097739,2755400
3509,648,619,889328,12314,3098358,2744000
3510,613,643,888704,12295,3099001,2587700
3511,672,652,888040,12307,3099653,2599200
3512,636,647,887382,12318,3100300,2538500
3513,634,625,886761,12314,3100925,2674700
3514,663,661,886112,12302,3101586,2435600
3515,666,647,885440,12327,3102233,2670900
3516,663,645,884775,12347,3102878,2573300
3517,629,660,884141,12321,3103538,2658500
3518,643,688,883513,12261,3104226,2462000
3519,668,662,882842,12270,3104888,2611300
3520,643,654,882187,12271,3105542,2523600
3521,677,600,881514,12344,3106142,2699700
3522,687,643,880849,12366,3106785,2781500
3523,650,637,880184,12394,3107422,2391300
3524,628,668,879533,12377,3108090,2601400
3525,592,614,878976,12320,3108704,2687100
3526,686,641,878296,12359,3109345,2656700
3527,684,597,877598,12460,3109942,2789800
3528,680,680,876909,12469,3110622,2480600
3529,692,655,876231,12492,3111277,2557000
3530,609,673,875601,12449,3111950,2340900
3531,605,658,874992,12400,3112608,2626600
3532,605,635,874395,12362,3113243,2951600
3533,684,662,873726,12369,3113905,2543200
3534,614,653,873079,12363,3114558,2657900
3535,651,657,872451,12334,3115215,2719600
3536,604,647,871850,12288,3115862,2621800
3537,603,654,871232,12252,3116516,2695700
3538,644,592,870612,12280,3117108,2470000
3539,619,640,869945,12307,3117748,2445800
3540,655,646,869323,12283,3118394,2598100
3541,628,640,868690,12276,3119034,2551800
3542,715,649,868000,12317,3119683,2700900
3543,625,631,867346,12340,3120314,2493900
3544,648,593,866695,12398,3120907,2368300
3545,637,633,866082,12378,3121540,2506800
3546,587,683,865468,12309,3122223,2690100
3547,614,602,864855,12320,3122825,2711000
3548,665,669,864226,12280,3123494,2536600
3549,654,631,863567,12308,3124125,2474400
3550,625,655,862916,12304,3124780,2361900
3551,607,602,862303,12315,3125382,2704500
3552,650,657,861680,12281,3126039,2493100
3553,586,664,861071,12226,3126703,2331500
3554,614,606,860457,12234,3127309,2399700
3555,607,657,859838,12196,3127966,2364900
3556,616,637,859261,12136,3128603,2569600
3557,663,656,858563,12178,3129259,2717200
3558,663,645,857944,12152,3129904,2368500
3559,633,618,857279,12199,3130522,2671000
3560,637,640,856649,12189,3131162,2445900
3561,613,662,856029,12147,3131824,2621500
3562,642,674,855397,12105,3132498,2338900
3563,649,620,854739,12143,3133118,2387300
3564,608,624,854134,12124,3133742,2457500
3565,631,634,853516,12108,3134376,2642800
3566,639,633,852859,12132,3135009,2369200
3567,621,632,852231,12128,3135641,2708500
3568,594,644,851636,12079,3136285,2668600
3569,636,647,851021,12047,3136932,2403600
3570,625,598,850390,12080,3137530,2514800
3571,610,614,849772,12084,3138144,2461400
3572,640,676,849141,12039,3138820,2468000
3573,594,648,848539,11993,3139468,2663900
3574,677,647,847863,12022,3140115,2728100
3575,647,669,847223,11993,3140784,2478700
3576,644,671,846580,11965,3141455,2695300
3577,650,603,845947,11995,3142058,2616600
3578,627,691,845310,11941,3142749,2602900
3579,642,631,844665,11955,3143380,2383200
3580,646,634,844015,11971,3144014,2299100
3581,663,639,843363,11984,3144653,2387300
3582,650,608,842708,12031,3145261,2440600
3583,606,609,842085,12045,3145870,2777100
3584,670,647,841431,12052,3146517,2515400
3585,684,654,840735,12094,3147171,2450000
3586,676,601,840084,12144,3147772,2639700
3587,653,645,839397,12186,3148417,2401400
3588,710,655,838709,12219,3149072,2943600
3589,610,626,838088,12214,3149698,2465100
3590,679,694,837416,12192,3150392,2690300
3591,640,660,836785,12163,3151052,2482200
3592,673,634,836114,12200,3151686,2674500
3593,656,613,835454,12247,3152299,2545800
3594,601,644,834831,12226,3152943,2650100
3595,673,656,834175,12226,3153599,2587300
3596,731,599,833452,12350,3154198,2382000
3597,654,663,832775,12364,3154861,2877500
3598,645,664,832119,12356,3155525,2583300
3599,620,718,831497,12260,3156243,2349400
3600,662,651,830866,12240,3156894,2532300
3601,620,666,830212,12228,3157560,2498900
3602,644,628,829580,12232,3158188,2950800
3603,662,656,828935,12221,3158844,2456600
3604,686,627,828247,12282,3159471,2395400
3605,662,636,827593,12300,3160107,2555400
3606,631,602,826951,12340,3160709,2556300
3607,671,665,826293,12333,3161374,2428300
3608,660,676,825615,12335,3162050,2357300
3609,609,652,824993,12305,3162702,2443600
3610,675,630,824354,12314,3163332,2462300
3611,623,626,823715,12327,3163958,2504300
3612,597,639,823099,12304,3164597,2416900
3613,673,681,822442,12280,3165278,2467900
3614,654,651,821805,12266,3165929,2466100
3615,695,637,821095,12339,3166566,2286500
3616,625,666,820482,12286,3167232,2309100
3617,604,632,819852,12284,3167864,2374000
3618,630,645,819237,12254,3168509,2245900
3619,651,638,818593,12260,3169147,2568800
3620,662,655,817938,12260,3169802,2815500
3621,571,645,817331,12222,3170447,2780100
3622,592,652,816762,12139,3171099,2545100
3623,626,585,816119,12197,3171684,2669400
3624,612,645,815526,12145,3172329,2565500
3625,645,647,814857,12167,3172976,2432400
3626,619,629,814246,12149,3173605,2455400
3627,651,636,813604,12155,3174241,2414000
3628,625,657,812979,12123,3174898,2369300
3629,663,603,812337,12162,3175501,2491300
3630,644,646,811662,12191,3176147,2446400
3631,632,621,811035,12197,3176768,2465800
3632,634,617,810410,12205,3177385,2493600
3633,647,625,809750,12240,3178010,2457300
3634,662,681,809101,12208,3178691,2537200
3635,655,612,808442,12255,3179303,2409000
3636,633,613,807802,12282,3179916,2400400
3637,659,655,807169,12260,3180571,2659800
3638,667,629,806499,12301,3181200,2643100
3639,617,636,805859,12305,3181836,2562300
3640,644,643,805221,12300,3182479,2460600
3641,632,647,804574,12300,3183126,2488800
3642,681,650,803910,12314,3183776,2444500
3643,658,639,803261,12324,3184415,2603200
3644,662,626,802581,12378,3185041,2605900
3645,670,632,801923,12404,3185673,2531700
3646,635,680,801276,12371,3186353,2410000
3647,667,618,800620,12409,3186971,2425800
3648,639,696,799972,12361,3187667,2543400
3649,623,651,799348,12334,3188318,2425100
3650,630,633,798710,12339,3188951,2427100
3651,685,691,798072,12286,3189642,2588000
3652,645,656,797419,12283,3190298,2441500
3653,658,686,796751,12265,3190984,2435100
3654,671,626,796074,12316,3191610,2404600
3655,667,641,795411,12338,3192251,2396900
3656,604,631,794798,12320,3192882,2287700
3657,647,686,794156,12276,3193568,2465100
3658,682,690,793460,12282,3194258,2360200
3659,641,670,792841,12231,3194928,2387000
3660,719,636,792126,12310,3195564,2450200
3661,664,651,791445,12340,3196215,2454600
3662,690,631,790756,12398,3196846,2524400
3663,676,653,790089,12412,3197499,2517800
3664,673,642,789396,12463,3198141,2486500
3665,706,625,788715,12519,3198766,2458100
3666,635,599,788059,12576,3199365,2266500
3667,663,667,787432,12536,3200032,2274500
3668,635,633,786750,12585,3200665,2252200
3669,665,695,786095,12545,3201360,2290200
3670,647,666,785447,12527,3202026,2400800
3671,680,634,784780,12560,3202660,2315600
3672,640,637,784161,12542,3203297,2340700
3673,684,673,783466,12564,3203970,2314100
3674,707,646,782747,12637,3204616,2246900
3675,698,688,782052,12644,3205304,2309300
3676,670,694,781400,12602,3205998,2285000
3677,631,652,780742,12608,3206650,2267400
3678,641,670,780086,12594,3207320,2328100
3679,604,647,779489,12544,3207967,2313100
3680,629,674,778875,12484,3208641,2292400
3681,596,665,778274,12420,3209306,2286400
3682,643,620,777618,12456,3209926,2204600
3683,627,654,777020,12400,3210580,2525300
3684,629,668,776374,12378,3211248,2391900
3685,615,642,775745,12365,3211890,2387100
3686,589,667,775174,12269,3212557,2469200
3687,681,632,774501,12310,3213189,2458600
3688,576,630,773898,12283,3213819,2247200
3689,656,598,773262,12321,3214417,2423600
3690,641,603,772618,12362,3215020,2414800
3691,636,665,771987,12328,3215685,2493200
3692,649,659,771335,12321,3216344,2214900
3693,688,641,770656,12359,3216985,2221000
3694,610,626,770043,12346,3217611,2345300
3695,649,716,769374,12299,3218327,2223300
3696,670,631,768719,12323,3218958,2219100
3697,656,629,768072,12341,3219587,2363000
3698,690,650,767383,12380,3220237,2484900
3699,617,605,766753,12405,3220842,2272100
3700,660,667,766107,12384,3221509,2283400
3701,677,666,765435,12390,3222175,2290900
3702,630,663,764779,12383,3222838,2214500
3703,639,646,764148,12368,3223484,2300600
3704,645,615,763503,12398,3224099,2429900
3705,691,680,762834,12387,3224779,2434300
3706,708,637,762118,12466,3225416,2262800
3707,616,639,761483,12462,3226055,2132100
3708,657,663,760844,12438,3226718,2317500
3709,631,636,760198,12448,3227354,2178700
3710,661,644,759560,12442,3227998,2164300
3711,632,630,758894,12478,3228628,2194400
3712,651,663,758248,12461,3229291,2147700
3713,617,607,757631,12471,3229898,2279200
3714,597,632,757036,12434,3230530,2161000
3715,628,642,756399,12429,3231172,2198700
3716,588,623,755825,12380,3231795,2290400
3717,591,598,755231,12376,3232393,2191400
3718,642,687,754584,12336,3233080,2294000
3719,625,634,753957,12329,3233714,2227300
3720,652,629,753308,12349,3234343,2203700
3721,628,674,752674,12309,3235017,2318100
3722,588,685,752085,12213,3235702,2527700
3723,599,638,751479,12181,3236340,2343000
3724,593,687,750896,12077,3237027,2172400
3725,617,643,750284,12046,3237670,2213300
3726,582,625,749711,11994,3238295,2337300
3727,621,648,749101,11956,3238943,2484400
3728,611,668,748456,11933,3239611,2365400
3729,570,615,747887,11887,3240226,2298300
3730,597,639,747280,11855,3240865,2392500
3731,596,583,746707,11845,3241448,2535200
3732,578,643,746124,11785,3242091,2365900
3733,591,575,745528,11806,3242666,2444200
3734,599,607,744938,11789,3243273,2246100
3735,575,639,744359,11729,3243912,2193600
3736,572,580,743780,11728,3244492,2134300
3737,657,605,743140,11763,3245097,2164800
3738,576,608,742550,11745,3245705,2182100
3739,619,613,741928,11754,3246318,2287200
3740,634,612,741292,11778,3246930,2340600
3741,581,614,740723,11733,3247544,2237400
3742,687,661,740064,11731,3248205,2251800
3743,630,625,739404,11766,3248830,2266000
3744,606,624,738808,11738,3249454,2223200
3745,543,616,738247,11683,3250070,2442900
3746,641,624,737634,11672,3250694,2271100
3747,612,613,737006,11687,3251307,2412500
3748,621,618,736396,11679,3251925,2386500
3749,626,587,735737,11751,3252512,2304400
3750,669,598,735107,11783,3253110,2249300
3751,568,617,734515,11758,3253727,2216300
3752,645,615,733875,11783,3254342,2380300
3753,635,624,733241,11793,3254966,2376300
3754,588,634,732660,11740,3255600,2399200
3755,629,636,732016,11748,3256236,2364300
3756,581,606,731443,11715,3256842,2320700
3757,643,595,730806,11757,3257437,2210600
3758,584,625,730204,11734,3258062,2206100
3759,603,586,729630,11722,3258648,2285700
3760,577,597,729038,11717,3259245,2244000
3761,582,648,728448,11659,3259893,2192700
3762,605,587,727824,11696,3260480,2136100
3763,614,626,727240,11654,3261106,2086200
3764,653,598,726582,11714,3261704,2280600
3765,612,618,725966,11712,3262322,2293300
3766,642,626,725326,11726,3262948,2343100
3767,634,625,724685,11742,3263573,2225800
3768,597,635,724110,11682,3264208,2318700
3769,619,580,723483,11729,3264788,2376000
3770,639,625,722841,11746,3265413,2276800
3771,589,552,722227,11808,3265965,2286700
3772,669,645,721591,11799,3266610,2337500
3773,616,630,720964,11796,3267240,2248700
3774,579,614,720369,11777,3267854,2387800
3775,655,624,719728,11794,3268478,2168400
3776,649,643,719079,11800,3269121,2171900
3777,619,588,718455,11836,3269709,2171700
3778,625,644,717823,11824,3270353,2174500
3779,625,601,717205,11841,3270954,2212800
3780,626,654,716592,11800,3271608,2208100
3781,649,635,715935,11822,3272243,2377200
3782,625,618,715300,11839,3272861,2224400
3783,643,609,714672,11858,3273470,2193500
3784,564,611,714091,11828,3274081,2354600
3785,624,635,713483,11801,3274716,2177800
3786,603,605,712866,11813,3275321,2251800
3787,592,572,712299,11808,3275893,2241200
3788,596,626,711683,11798,3276519,2159400
3789,621,627,711071,11783,3277146,2148400
3790,597,613,710484,11757,3277759,2232400
3791,583,582,709896,11763,3278341,2252800
3792,526,690,709361,11608,3279031,2412900
3793,609,622,708757,11590,3279653,2325500
3794,592,610,708163,11574,3280263,2264900
3795,612,534,707558,11645,3280797,2228500
3796,580,577,706946,11680,3281374,2225200
3797,615,633,706358,11635,3282007,2185700
3798,621,598,705725,11670,3282605,2257000
3799,606,610,705115,11670,3283215,2194600
3800,634,640,704487,11658,3283855,2287100
3801,552,615,703943,11587,3284470,2266100
3802,581,597,703342,11591,3285067,2242500
3803,600,625,702771,11537,3285692,2342700
3804,645,605,702125,11578,3286297,2324900
3805,587,625,701514,11564,3286922,2478000
3806,594,649,700929,11500,3287571,2213100
3807,637,627,700290,11512,3288198,2256500
3808,594,599,699693,11510,3288797,2314500
3809,625,577,699098,11528,3289374,2303800
3810,605,566,698467,11593,3289940,2225900
3811,619,593,697854,11613,3290533,2275100
3812,630,616,697243,11608,3291149,2294700
3813,616,629,696592,11630,3291778,2375900
3814,645,596,695969,11657,3292374,2274800
3815,628,607,695355,11664,3292981,2360000
3816,606,625,694733,11661,3293606,2547900
3817,626,613,694113,11668,3294219,2400700
3818,594,572,693507,11702,3294791,2452000
3819,647,619,692876,11714,3295410,2315000
3820,607,646,692264,11680,3296056,2567300
3821,599,646,691642,11656,3296702,2381900
3822,616,620,691043,11635,3297322,2280900
3823,589,612,690465,11601,3297934,2263600
3824,602,622,689846,11598,3298556,2215300
3825,580,621,689271,11552,3299177,2168400
3826,632,590,688627,11606,3299767,2151900
3827,645,628,688019,11586,3300395,2169900
3828,574,605,687402,11598,3301000,2280200
3829,616,607,686798,11595,3301607,2201100
3830,601,615,686194,11584,3302222,2208800
3831,618,613,685578,11587,3302835,2466600
3832,625,602,684975,11588,3303437,2371000
3833,629,646,684347,11570,3304083,2344000
3834,579,594,683744,11579,3304677,2512700
3835,561,614,683187,11522,3305291,2407500
3836,599,628,682588,11493,3305919,2194500
3837,547,625,682028,11428,3306544,2258800
3838,610,564,681422,11470,3307108,2451400
3839,606,630,680817,11445,3307738,2812800
3840,615,613,680213,11436,3308351,2660700
3841,586,613,679610,11426,3308964,2348800
3842,640,624,678973,11439,3309588,2432800
3843,556,606,678421,11385,3310194,2399200
3844,637,591,677796,11419,3310785,2384500
3845,612,602,677185,11428,3311387,2547700
3846,625,611,676548,11454,3311998,2543400
3847,638,599,675916,11487,3312597,2298300
3848,622,619,675306,11478,3313216,2487200
3849,611,564,674689,11531,3313780,2603400
3850,598,590,674074,11556,3314370,2583500
3851,610,599,673464,11567,3314969,2637900
3852,631,580,672862,11589,3315549,2313700
3853,607,600,672250,11601,3316149,2291300
3854,608,626,671621,11604,3316775,2468000
3855,652,609,670993,11623,3317384,2473400
3856,585,601,670392,11623,3317985,2609000
3857,560,634,669813,11568,3318619,2312600
3858,618,558,669221,11602,3319177,2508300
3859,600,595,668637,11591,3319772,2628100
3860,604,601,668012,11615,3320373,2499400
3861,621,636,667404,11587,3321009,2591500
3862,632,610,666767,11614,3321619,2330800
3863,665,578,666107,11696,3322197,2504800
3864,652,570,665457,11776,3322767,2302800
3865,629,625,664792,11816,3323392,2305500
3866,620,589,664209,11810,3323981,2397900
3867,695,580,663481,11958,3324561,2690300
3868,636,632,662868,11939,3325193,2418900
3869,623,598,662238,11971,3325791,2353500
3870,650,609,661595,12005,3326400,2453600
3871,658,603,660951,12046,3327003,2345100
3872,604,670,660326,12001,3327673,2633400
3873,656,588,659663,12076,3328261,2408500
3874,608,606,659075,12058,3328867,2407500
3875,646,624,658426,12083,3329491,2409500
3876,625,666,657797,12046,3330157,2335100
3877,595,654,657199,11990,3330811,2696500
3878,632,600,656560,12029,3331411,2398400
3879,584,597,655991,12001,3332008,2438200
3880,610,649,655362,11981,3332657,2408400
3881,602,632,654780,11931,3333289,2253300
3882,618,610,654180,11921,3333899,2457400
3883,624,644,653509,11948,3334543,2584600
3884,614,647,652915,11895,3335190,2554800
3885,595,656,652317,11837,3335846,2586800
3886,629,605,651691,11858,3336451,2540300
3887,616,580,651078,11891,3337031,2489500
3888,611,535,650457,11977,3337566,2677100
3889,605,590,649867,11977,3338156,2400100
3890,586,621,649259,11964,3338777,2468800
3891,615,689,648662,11872,3339466,2267100
3892,569,640,648092,11802,3340106,2523900
3893,560,642,647504,11748,3340748,2444000
3894,597,642,646930,11680,3341390,2371500
3895,600,556,646322,11732,3341946,2426200
3896,596,573,645733,11748,3342519,2339700
3897,574,613,645159,11709,3343132,2618200
3898,580,621,644568,11679,3343753,2438200
3899,587,665,643978,11604,3344418,2323300
3900,609,598,643381,11603,3345016,2385200
3901,591,627,642781,11576,3345643,2419200
3902,588,582,642206,11569,3346225,2625900
3903,582,620,641611,11544,3346845,2519900
3904,603,597,641024,11534,3347442,2474600
3905,589,609,640442,11507,3348051,2295300
3906,570,607,639857,11485,3348658,2338300
3907,506,571,639340,11431,3349229,2429800
3908,587,542,638763,11466,3349771,2582000
3909,612,585,638141,11503,3350356,2349100
3910,603,588,637553,11503,3350944,2435300
3911,571,617,636975,11464,3351561,2292200
3912,604,603,636364,11472,3352164,2294400
3913,579,592,635791,11453,3352756,2609700
3914,568,587,635218,11439,3353343,2389100
3915,577,590,634651,11416,3353933,2584800
3916,590,634,634051,11382,3354567,2561100
3917,610,588,633458,11387,3355155,2668500
3918,594,561,632882,11402,3355716,2443900
3919,628,580,632224,11480,3356296,2515100
3920,571,576,631658,11470,3356872,2493600
3921,578,641,631086,11401,3357513,2430100
3922,547,591,630538,11358,3358104,2738800
3923,614,616,629925,11355,3358720,2440200
3924,567,600,629348,11332,3359320,2600300
3925,579,594,628790,11296,3359914,2405500
3926,579,590,628195,11301,3360504,2459400
3927,557,599,627624,11273,3361103,2596200
3928,578,576,627050,11271,3361679,2681800
3929,573,594,626481,11246,3362273,2579800
3930,611,587,625851,11289,3362860,2576900
3931,600,605,625281,11254,3363465,2490900
3932,617,560,624671,11304,3364025,2737400
3933,604,579,624044,11352,3364604,2453300
3934,597,590,623460,11346,3365194,2480700
3935,559,577,622912,11317,3365771,2443800
3936,584,608,622325,11296,3366379,2573300
3937,603,582,621690,11349,3366961,2749900
3938,622,591,621086,11362,3367552,2824700
3939,553,607,620523,11318,3368159,2718500
3940,583,575,619961,11305,3368734,2557900
3941,556,608,619385,11273,3369342,2632800
3942,553,591,618833,11234,3369933,2411500
3943,551,580,618305,11182,3370513,2423300
3944,549,607,617734,11146,3371120,2291100
3945,542,538,617185,11157,3371658,2311700
3946,570,560,616653,11129,3372218,2331200
3947,599,622,616033,11127,3372840,2260100
3948,559,546,615468,11146,3373386,2207900
3949,509,641,614945,11028,3374027,2274200
3950,532,595,614423,10955,3374622,2129900
3951,538,552,613884,10942,3375174,2120700
3952,538,554,613342,10930,3375728,2250800
3953,583,586,612781,10905,3376314,2340300
3954,548,541,612207,10938,3376855,2354400
3955,584,566,611638,10941,3377421,2260800
3956,521,517,611111,10951,3377938,2241000
3957,562,585,610572,10905,3378523,2382800
3958,538,586,610014,10877,3379109,2281200
3959,562,549,609452,10890,3379658,2167300
3960,575,594,608876,10872,3380252,2150000
3961,508,584,608359,10805,3380836,2251200
3962,552,550,607809,10805,3381386,2311400
3963,550,555,607265,10794,3381941,2243800
3964,520,564,606743,10752,3382505,2277200
3965,513,528,606224,10743,3383033,2236000
3966,509,549,605725,10693,3383582,2361800
3967,536,520,605203,10695,3384102,2251700
3968,495,551,604687,10660,3384653,2206500
3969,467,542,604220,10585,3385195,2284400
3970,547,511,603675,10619,3385706,2238700
3971,538,562,603137,10595,3386268,2447800
3972,512,544,602624,10564,3386812,2263100
3973,538,540,602084,10564,3387352,2205400
3974,503,534,601585,10529,3387886,2459900
3975,548,579,601024,10511,3388465,2297100
3976,547,563,600487,10485,3389028,2267600
3977,549,556,599932,10484,3389584,2350300
3978,533,550,599417,10449,3390134,2346700
3979,509,532,598900,10434,3390666,2323200
3980,528,537,598352,10445,3391203,2235400
3981,531,537,597838,10422,3391740,2190500
3982,525,564,597323,10373,3392304,2255900
3983,519,581,596794,10321,3392885,2168400
3984,517,507,596272,10336,3393392,2176800
3985,551,559,595733,10316,3393951,2198900
3986,538,532,595190,10327,3394483,2296200
3987,479,561,594697,10259,3395044,2305700
3988,481,504,594222,10230,3395548,2290500
3989,527,522,593694,10236,3396070,2309000
3990,501,552,593191,10187,3396622,2218000
3991,537,512,592669,10197,3397134,2177700
3992,508,551,592143,10172,3397685,2229400
3993,491,507,591667,10141,3398192,2169400
3994,503,559,591155,10094,3398751,2202900
3995,485,536,590677,10036,3399287,2431900
3996,520,569,590165,9979,3399856,2359700
3997,582,527,589575,10042,3400383,2289300
3998,509,514,589056,10047,3400897,2299000
3999,535,492,588533,10078,3401389,2175400
4000,476,547,588037,10027,3401936,2428000
4001,524,509,587538,10017,3402445,2276300
4002,516,544,587002,10009,3402989,2205100
4003,521,521,586480,10010,3403510,2258200
4004,492,520,585997,9973,3404030,2380900
4005,492,527,585481,9962,3404557,2389600
4006,479,525,585012,9906,3405082,2273500
4007,530,504,584488,9926,3405586,2297600
4008,493,496,583993,9925,3406082,2540800
4009,509,543,583492,9883,3406625,2380900
4010,496,497,582996,9882,3407122,2247100
4011,493,552,582506,9820,3407674,2307100
4012,440,546,582037,9743,3408220,2471200
4013,455,515,581616,9649,3408735,2302900
4014,460,483,581139,9643,3409218,2301200
4015,504,466,580658,9658,3409684,2214900
4016,471,495,580166,9655,3410179,2221600
4017,441,478,579725,9618,3410657,2200400
4018,516,473,579226,9644,3411130,2165500
4019,517,469,578693,9708,3411599,2168000
4020,480,543,578204,9654,3412142,2131000
4021,493,470,577725,9663,3412612,2187100
4022,499,535,577208,9645,3413147,2257200
4023,513,472,576719,9662,3413619,2244700
4024,444,489,576248,9644,3414108,2255400
4025,506,522,575783,9587,3414630,2431800
4026,435,496,575314,9560,3415126,2207000
4027,457,509,574857,9508,3415635,2186100
4028,425,455,574441,9469,3416090,2183700
4029,502,456,573953,9501,3416546,2297300
4030,451,543,573496,9415,3417089,2477700
4031,483,492,573014,9405,3417581,2473000
4032,513,545,572485,9389,3418126,2699600
4033,490,491,572004,9379,3418617,2462200
4034,491,470,571500,9413,3419087,2354100
4035,484,504,571024,9385,3419591,2275700
4036,503,497,570539,9373,3420088,2276600
4037,513,512,570019,9381,3420600,2225200
4038,493,452,569515,9433,3421052,2206700
4039,507,517,569000,9431,3421569,2137600
4040,511,490,568526,9415,3422059,2161500
4041,533,493,567979,9469,3422552,2141800
4042,551,527,567407,9514,3423079,2146500
4043,530,534,566904,9483,3423613,2168600
4044,481,506,566399,9482,3424119,2435700
4045,493,466,565915,9500,3424585,2245700
4046,540,522,565386,9507,3425107,2251500
4047,456,503,564912,9478,3425610,2351300
4048,463,471,564452,9467,3426081,2369700
4049,496,526,563950,9443,3426607,2407800
4050,516,486,563438,9469,3427093,2384900
4051,510,489,562929,9489,3427582,2354400
4052,488,454,562451,9513,3428036,2487600
4053,462,494,561983,9487,3428530,2465900
4054,520,479,561459,9532,3429009,2570700
4055,508,501,560970,9520,3429510,2480700
4056,492,494,560476,9520,3430004,2496700
4057,512,486,559966,9544,3430490,2515800
4058,473,499,559465,9546,3430989,2510200
4059,526,449,558950,9612,3431438,2433600
4060,532,508,558431,9623,3431946,2332400
4061,542,471,557872,9711,3432417,2312400
4062,546,570,557329,9684,3432987,2246700
4063,521,538,556811,9664,3433525,2296800
4064,500,527,556306,9642,3434052,2393500
4065,530,512,555794,9642,3434564,2390500
4066,507,519,555271,9646,3435083,2366200
4067,536,526,554752,9639,3435609,2229400
4068,517,514,554221,9656,3436123,2214000
4069,493,468,553737,9672,3436591,2214000
4070,470,459,553253,9697,3437050,2255200
4071,502,503,552762,9685,3437553,2279100
4072,504,510,552271,9666,3438063,2253200
4073,503,477,551758,9702,3438540,2558900
4074,513,479,551241,9740,3439019,2330100
4075,480,523,550758,9700,3439542,2205300
4076,453,479,550297,9682,3440021,2287400
4077,511,506,549806,9667,3440527,2340100
4078,529,492,549285,9696,3441019,2162200
4079,515,555,548737,9689,3441574,2188000
4080,491,506,548274,9646,3442080,2171700
4081,473,533,547794,9593,3442613,2232000
4082,496,473,547285,9629,3443086,2425200
4083,539,503,546756,9655,3443589,2349400
4084,479,543,546263,9605,3444132,2343900
4085,482,493,545784,9591,3444625,2324200
4086,487,534,545306,9535,3445159,2353900
4087,471,503,544832,9506,3445662,2209400
4088,461,490,544380,9468,3446152,2314600
4089,446,482,543896,9470,3446634,2200100
4090,449,476,543438,9452,3447110,2307000
4091,412,485,543049,9356,3447595,2144400
4092,464,483,542598,9324,3448078,2202000
4093,459,469,542129,9324,3448547,2194900
4094,428,504,541699,9250,3449051,2234900
4095,462,482,541256,9211,3449533,2231700
4096,514,497,540738,9232,3450030,2243800
4097,447,503,540286,9181,3450533,2411200
4098,456,485,539820,9162,3451018,2256800
4099,472,475,539351,9156,3451493,2196000
4100,448,474,538906,9127,3451967,2187900
4101,431,482,538459,9092,3452449,2259300
4102,484,467,537995,9089,3452916,2221200
4103,455,509,537517,9058,3453425,2174700
4104,450,440,537082,9053,3453865,2185000
4105,475,455,536621,9059,3454320,2164900
4106,504,446,536130,9104,3454766,2144000
4107,406,473,535709,9052,3455239,2157300
4108,445,496,535253,9012,3455735,2289300
4109,460,466,534804,8995,3456201,2170600
4110,442,466,534338,8995,3456667,2252300
4111,421,452,533922,8959,3457119,2733600
4112,459,468,533463,8950,3457587,2464300
4113,446,454,533027,8932,3458041,2309800
4114,410,476,532600,8883,3458517,2480800
4115,461,444,532161,8878,3458961,2455600
4116,432,504,531716,8819,3459465,2692100
4117,454,449,531269,8817,3459914,2370000
4118,432,460,530833,8793,3460374,2449300
4119,439,470,530396,8760,3460844,2307800
4120,414,450,529977,8729,3461294,2357500
4121,440,489,529552,8665,3461783,2436500
4122,442,458,529081,8678,3462241,2439400
4123,440,450,528660,8649,3462691,2378300
4124,429,474,528213,8622,3463165,2368100
4125,426,446,527800,8589,3463611,2699400
4126,462,445,527324,8620,3464056,2351800
4127,461,457,526881,8606,3464513,2610200
4128,422,463,526453,8571,3464976,2369400
4129,427,449,526027,8548,3465425,2554300
4130,412,412,525601,8562,3465837,2479700
4131,456,461,525166,8536,3466298,2365500
4132,461,467,524715,8520,3466765,2621300
4133,456,417,524252,8566,3467182,2287900
4134,436,404,523817,8597,3467586,2422900
4135,525,471,523297,8646,3468057,2267900
4136,434,492,522857,8594,3468549,2361000
4137,409,472,522431,8548,3469021,2635500
4138,456,417,521988,8574,3469438,2371700
4139,454,450,521518,8594,3469888,2482300
4140,429,400,521099,8613,3470288,2327100
4141,427,444,520670,8598,3470732,2368900
4142,439,449,520249,8570,3471181,2314100
4143,469,465,519771,8583,3471646,2454700
4144,437,429,519332,8593,3472075,2786200
4145,445,436,518879,8610,3472511,2500800
4146,480,431,518410,8648,3472942,2545100
4147,440,427,517962,8669,3473369,2430100
4148,451,461,517505,8665,3473830,2540400
4149,435,467,517073,8630,3474297,2492300
4150,456,459,516639,8605,3474756,2373400
4151,440,438,516167,8639,3475194,2411000
4152,496,467,515704,8635,3475661,2343300
4153,453,449,515229,8661,3476110,2532100
4154,431,422,514824,8644,3476532,2360000
4155,478,466,514322,8680,3476998,2477600
4156,469,433,513840,8729,3477431,2399100
4157,464,457,513390,8722,3477888,2628000
4158,422,445,512964,8703,3478333,2348800
4159,474,416,512488,8763,3478749,2464800
4160,449,437,512050,8764,3479186,2294800
4161,490,435,511559,8820,3479621,2294700
4162,425,463,511134,8782,3480084,2369500
4163,439,507,510699,8710,3480591,2585700
4164,429,466,510254,8689,3481057,2606500
4165,477,449,509779,8715,3481506,2377000
4166,412,467,509363,8664,3481973,2542600
4167,432,452,508926,8649,3482425,2513400
4168,444,453,508486,8636,3482878,2584300
4169,420,424,508074,8624,3483302,2458600
4170,439,457,507623,8618,3483759,2588700
4171,381,477,507252,8512,3484236,2375900
4172,418,476,506841,8447,3484712,2273300
4173,447,439,506389,8460,3485151,2314400
4174,460,454,505946,8449,3485605,2468100
4175,458,441,505482,8472,3486046,2656200
4176,407,463,505045,8446,3486509,2373400
4177,472,421,504585,8485,3486930,2579800
4178,410,419,504177,8474,3487349,2415600
4179,452,419,503737,8495,3487768,2338100
4180,409,452,503318,8462,3488220,2477800
4181,424,425,502901,8454,3488645,2359400
4182,417,422,502475,8458,3489067,2481600
4183,419,428,502070,8435,3489495,2413400
4184,426,413,501646,8446,3489908,2208000
4185,432,408,501209,8475,3490316,2268400
4186,440,426,500755,8503,3490742,2225900
4187,450,453,500318,8487,3491195,2275400
4188,449,413,499858,8534,3491608,2239700
4189,424,446,499445,8501,3492054,2170800
4190,437,423,499003,8520,3492477,2222100
4191,420,438,498578,8507,3492915,2135500
4192,469,429,498121,8535,3493344,2119500
4193,453,444,497669,8543,3493788,2280600
4194,449,457,497215,8540,3494245,2171600
4195,400,469,496804,8482,3494714,2248100
4196,414,470,496386,8430,3495184,2290900
4197,445,444,495954,8418,3495628,2241800
4198,404,464,495548,8360,3496092,2319600
4199,398,429,495142,8337,3496521,2281900
4200,425,442,494726,8311,3496963,2170600
4201,387,442,494323,8272,3497405,2146500
4202,403,464,493938,8193,3497869,2248400
4203,394,414,493517,8200,3498283,2275900
4204,407,437,493139,8141,3498720,2365800
4205,394,417,492728,8135,3499137,2402300
4206,426,415,492317,8131,3499552,2316900
4207,438,411,491888,8149,3499963,2493100
4208,410,432,491460,8145,3500395,2337900
4209,413,421,491057,8127,3500816,2247700
4210,436,460,490610,8114,3501276,2320000
4211,406,445,490210,8069,3501721,2225400
4212,373,440,489819,8020,3502161,2326500
4213,442,403,489406,8030,3502564,2155000
4214,431,400,488967,8069,3502964,2138700
4215,394,431,488560,8045,3503395,2138500
4216,409,432,488163,8010,3503827,2145200
4217,384,383,487762,8028,3504210,2247700
4218,408,438,487373,7979,3504648,2182600
4219,409,415,486954,7983,3505063,2125900
4220,440,410,486523,8004,3505473,2139700
4221,387,430,486126,7971,3505903,2168400
4222,385,429,485729,7939,3506332,2142000
4223,447,428,485317,7923,3506760,2185400
4224,425,409,484870,7961,3507169,2269300
4225,423,390,484454,7987,3507559,2453000
4226,430,418,484017,8006,3507977,2428900
4227,427,438,483605,7980,3508415,2488200
4228,408,418,483196,7971,3508833,2353400
4229,403,416,482787,7964,3509249,2250200
4230,364,383,482415,7953,3509632,2280700
4231,385,399,482014,7955,3510031,2431400
4232,397,407,481638,7924,3510438,2293500
4233,418,450,481227,7885,3510888,2174400
4234,407,396,480827,7889,3511284,2161200
4235,420,406,480401,7909,3511690,2177600
4236,378,431,480018,7861,3512121,2145200
4237,375,411,479633,7835,3512532,2097000
4238,393,411,479243,7814,3512943,2221000
4239,395,384,478847,7826,3513327,2180100
4240,397,394,478437,7842,3513721,2141000
4241,412,414,478040,7825,3514135,2103100
4242,383,376,477640,7849,3514511,2114100
4243,398,408,477237,7844,3514919,2077500
4244,401,399,476872,7810,3515318,2229000
4245,413,403,476454,7825,3515721,2265500
4246,363,426,476064,7789,3516147,2227600
4247,408,412,475694,7747,3516559,2156200
4248,421,436,475246,7759,3516995,2286500
4249,426,397,474838,7770,3517392,2291500
4250,379,404,474447,7757,3517796,2718600
4251,439,405,474001,7798,3518201,2416300
4252,454,410,473556,7833,3518611,2538500
4253,454,404,473128,7857,3519015,2395800
4254,391,385,472722,7878,3519400,2364900
4255,439,395,472269,7936,3519795,2320900
4256,392,426,471880,7899,3520221,2255100
4257,437,431,471446,7902,3520652,2284500
4258,432,396,471035,7917,3521048,2423100
4259,431,403,470587,7962,3521451,2222400
4260,394,395,470190,7964,3521846,2343100
4261,421,403,469769,7982,3522249,2315700
4262,419,412,469359,7980,3522661,2296900
4263,423,440,468920,7979,3523101,2140600
4264,418,419,468516,7964,3523520,2110500
4265,458,432,468052,7996,3523952,2291800
4266,448,406,467600,8042,3524358,2150000
4267,450,427,467157,8058,3524785,2171800
4268,442,413,466726,8076,3525198,2131500
4269,392,403,466325,8074,3525601,2126200
4270,442,423,465875,8101,3526024,2466900
4271,413,441,465458,8077,3526465,2403700
4272,379,416,465071,8048,3526881,2470400
4273,392,451,464686,7982,3527332,2570800
4274,415,411,464265,7992,3527743,2658200
4275,415,443,463867,7947,3528186,2447700
4276,430,404,463441,7969,3528590,2499800
4277,419,466,463031,7913,3529056,2270100
4278,422,422,462595,7927,3529478,2214600
4279,387,397,462216,7909,3529875,2294400
4280,370,402,461822,7901,3530277,2240800
4281,420,383,461420,7920,3530660,2281300
4282,386,378,461018,7944,3531038,2354900
4283,432,379,460586,7997,3531417,2280500
4284,381,437,460197,7949,3531854,2266100
4285,409,445,459809,7892,3532299,2304800
4286,428,399,459379,7923,3532698,2291000
4287,385,438,458997,7867,3533136,2264100
4288,372,452,458607,7805,3533588,2289700
4289,412,399,458220,7793,3533987,2153800
4290,397,392,457802,7819,3534379,2156900
4291,389,401,457434,7786,3534780,2146600
4292,413,436,457019,7765,3535216,2344200
4293,402,412,456596,7776,3535628,2326600
4294,405,402,456194,7776,3536030,2356700
4295,404,409,455806,7755,3536439,2199600
4296,389,410,455424,7727,3536849,2172100
4297,398,437,455003,7711,3537286,2233800
4298,401,399,454614,7701,3537685,2412400
4299,392,405,454215,7695,3538090,2242800
4300,383,445,453833,7632,3538535,2189000
4301,409,422,453420,7623,3538957,2146900
4302,405,425,453015,7603,3539382,2109700
4303,422,419,452602,7597,3539801,2221000
4304,391,367,452198,7634,3540168,2121500
4305,432,401,451776,7655,3540569,2147500
4306,334,398,451433,7600,3540967,2246200
4307,425,424,451018,7591,3541391,2227800
4308,428,406,450591,7612,3541797,2274800
4309,368,420,450220,7563,3542217,2296000
4310,357,419,449853,7511,3542636,2222700
4311,360,379,449493,7492,3543015,2256700
4312,351,362,449147,7476,3543377,2354600
4313,376,398,448758,7467,3543775,2368200
4314,413,373,448363,7489,3544148,2502100
4315,382,387,447978,7487,3544535,2498400
4316,389,378,447584,7503,3544913,2406800
4317,406,407,447191,7489,3545320,2504000
4318,383,383,446806,7491,3545703,2499500
4319,360,390,446434,7473,3546093,2532500
4320,369,367,446069,7471,3546460,2325300
4321,342,377,445727,7436,3546837,2332900
4322,403,412,445330,7421,3547249,2257400
4323,353,380,444975,7396,3547629,2335300
4324,373,389,444590,7392,3548018,2170900
4325,364,372,444235,7375,3548390,2177900
4326,391,360,443842,7408,3548750,2213000
4327,376,397,443453,7400,3549147,2208500
4328,346,356,443112,7385,3549503,2205300
4329,366,392,442753,7352,3549895,2125900
4330,371,372,442373,7360,3550267,2193400
4331,382,393,442005,7335,3550660,2104900
4332,378,416,441622,7302,3551076,2258700
4333,413,363,441221,7340,3551439,2213900
4334,404,395,440804,7362,3551834,2222600
4335,363,412,440437,7317,3552246,2141600
4336,383,374,440068,7312,3552620,2196100
4337,367,372,439692,7316,3552992,2223300
4338,370,401,439325,7282,3553393,2313700
4339,387,406,438948,7253,3553799,2394500
4340,354,359,438584,7258,3554158,2341200
4341,392,396,438190,7256,3554554,2577500
4342,362,353,437826,7267,3554907,2281100
4343,407,388,437434,7271,3555295,2359300
4344,410,365,437004,7336,3555660,2323500
4345,377,378,436639,7323,3556038,2388900
4346,409,386,436233,7343,3556424,2319500
4347,442,377,435795,7404,3556801,2414600
4348,383,349,435397,7453,3557150,2249800
4349,382,408,435018,7424,3557558,2330000
4350,407,375,434623,7444,3557933,2229000
4351,395,383,434209,7475,3558316,2145300
4352,343,399,433874,7411,3558715,2284500
4353,373,342,433488,7455,3559057,2213000
4354,378,366,433130,7447,3559423,2312600
4355,398,398,432725,7454,3559821,2210300
4356,400,401,432327,7451,3560222,2276600
4357,418,343,431902,7533,3560565,2268100
4358,413,368,431499,7568,3560933,2310800
4359,402,416,431098,7553,3561349,2240900
4360,357,431,430716,7504,3561780,2351100
4361,358,398,430380,7442,3562178,2344500
4362,389,395,429989,7438,3562573,2338000
4363,371,375,429619,7433,3562948,2344800
4364,395,387,429209,7456,3563335,2466800
4365,345,418,428873,7374,3563753,2371700
4366,394,426,428493,7328,3564179,2352200
4367,396,380,428089,7352,3564559,2475300
4368,341,408,427742,7291,3564967,2341800
4369,394,379,427348,7306,3565346,2272900
4370,361,375,426972,7307,3565721,2219500
4371,388,374,426605,7300,3566095,2305300
4372,359,368,426236,7301,3566463,2409800
4373,397,362,425849,7326,3566825,2388400
4374,372,380,425479,7316,3567205,2239900
4375,367,377,425101,7317,3567582,2507300
4376,378,352,424732,7334,3567934,2212800
4377,378,384,424347,7335,3568318,2233200
4378,348,349,423988,7345,3568667,2143700
4379,371,386,423627,7320,3569053,2204200
4380,362,381,423274,7292,3569434,2286200
4381,338,380,422939,7247,3569814,2293100
4382,391,349,422541,7296,3570163,2332300
4383,363,353,422172,7312,3570516,2322700
4384,375,390,421824,7270,3570906,2307300
4385,410,391,421400,7303,3571297,2263000
4386,416,346,420982,7375,3571643,2332400
4387,370,395,420598,7364,3572038,2278200
4388,389,399,420221,7342,3572437,2220600
4389,377,352,419845,7366,3572789,2217500
4390,402,394,419447,7370,3573183,2217800
4391,392,386,419050,7381,3573569,2218700
4392,400,376,418639,7416,3573945,2116200
4393,362,352,418276,7427,3574297,2132900
4394,394,387,417887,7429,3574684,2114200
4395,371,376,417515,7425,3575060,2166100
4396,407,411,417127,7402,3575471,2161300
4397,331,403,416784,7342,3575874,2193500
4398,388,377,416395,7354,3576251,2138800
4399,332,391,416055,7303,3576642,2279300
4400,355,389,415697,7272,3577031,2200000
4401,379,386,415324,7259,3577417,2249500
4402,379,382,414928,7273,3577799,2341400
4403,369,386,414578,7237,3578185,2255700
4404,368,385,414222,7208,3578570,2312300
4405,413,355,413813,7262,3578925,2314600
4406,396,388,413403,7284,3579313,2346000
4407,363,389,413041,7257,3579702,2247300
4408,398,361,412643,7294,3580063,2307500
4409,399,363,412246,7328,3580426,2353200
4410,402,402,411845,7327,3580828,2234100
4411,366,401,411456,7315,3581229,2250000
4412,331,360,411135,7276,3581589,2221300
4413,337,376,410803,7232,3581965,2218900
4414,401,379,410407,7249,3582344,2121600
4415,373,381,410022,7253,3582725,2162400
4416,377,384,409640,7251,3583109,2244800
4417,367,383,409301,7207,3583492,2167600
4418,335,352,408946,7210,3583844,2138000
4419,361,385,408588,7183,3584229,2171000
4420,356,368,408235,7168,3584597,2144500
4421,342,383,407880,7140,3584980,2260800
4422,349,389,407539,7092,3585369,2326400
4423,366,405,407160,7066,3585774,2241400
4424,339,366,406844,7016,3586140,2149900
4425,384,361,406459,7040,3586501,2090800
4426,394,385,406064,7050,3586886,2094000
4427,351,393,405702,7019,3587279,2404100
4428,325,325,405372,7024,3587604,2379600
4429,361,357,405025,7014,3587961,2262400
4430,371,352,404661,7026,3588313,2382900
4431,349,378,404302,7007,3588691,2416800
4432,346,355,403969,6985,3589046,2467800
4433,332,374,403619,6961,3589420,2172500
4434,325,401,403293,6886,3589821,2254600
4435,348,373,402951,6855,3590194,2285400
4436,347,371,402591,6844,3590565,2249500
4437,348,366,402247,6822,3590931,2176900
4438,352,393,401896,6780,3591324,2187400
4439,316,381,401576,6719,3591705,2144400
4440,320,322,401255,6718,3592027,2166200
4441,288,327,400968,6678,3592354,2136400
4442,341,321,400623,6702,3592675,2095400
4443,337,348,400284,6693,3593023,2138900
4444,361,361,399944,6672,3593384,2319900
4445,331,345,399603,6668,3593729,2237600
4446,354,349,399254,6668,3594078,2326900
4447,314,334,398939,6649,3594412,2293400
4448,360,340,398569,6679,3594752,2298900
4449,315,381,398257,6610,3595133,2464200
4450,353,387,397903,6577,3595520,2386700
4451,306,324,397604,6552,3595844,2314600
4452,344,304,397273,6579,3596148,2420100
4453,334,356,396931,6565,3596504,2582000
4454,327,319,396600,6577,3596823,2430000
4455,313,318,396281,6578,3597141,2383200
4456,351,340,395928,6591,3597481,2241900
4457,341,351,395587,6581,3597832,2360000
4458,337,331,395265,6572,3598163,2399900
4459,298,328,394961,6548,3598491,2408500
4460,304,347,394658,6504,3598838,2256000
4461,341,352,394308,6502,3599190,2322600
4462,318,323,393990,6497,3599513,2350500
4463,342,312,393636,6539,3599825,2274600
4464,301,341,393342,6492,3600166,2151800
4465,307,315,393035,6484,3600481,2144500
4466,319,329,392722,6468,3600810,2252700
4467,327,323,392407,6460,3601133,2143800
4468,329,323,392063,6481,3601456,2274900
4469,317,340,391751,6453,3601796,2136800
4470,329,338,391418,6448,3602134,2320500
4471,340,346,391090,6430,3602480,2498500
4472,351,352,390734,6434,3602832,2456500
4473,302,342,390428,6398,3603174,2305900
4474,337,311,390087,6428,3603485,2655600
4475,357,364,389748,6403,3603849,2594200
4476,322,313,389414,6424,3604162,2466300
4477,348,319,389059,6460,3604481,2681200
4478,358,353,388703,6463,3604834,2497200
4479,332,350,388382,6434,3605184,2368400
4480,320,330,388058,6428,3605514,2312800
4481,328,332,387714,6440,3605846,2264800
4482,365,337,387359,6458,3606183,2329800
4483,332,370,387025,6422,3606553,2576100
4484,373,363,386652,6432,3606916,2495400
4485,355,324,386314,6446,3607240,2533100
4486,356,361,385939,6460,3607601,2666700
4487,355,325,385603,6471,3607926,2583600
4488,354,357,385235,6482,3608283,2578500
4489,336,360,384908,6449,3608643,2555200
4490,342,350,384554,6453,3608993,2864700
4491,350,351,384210,6446,3609344,2854100
4492,322,327,383883,6446,3609671,3195500
4493,327,305,383569,6455,3609976,2752700
4494,321,347,383254,6423,3610323,2649600
4495,340,352,382898,6427,3610675,2521500
4496,344,343,382552,6430,3611018,2596500
4497,336,357,382210,6415,3611375,2736800
4498,293,363,381919,6343,3611738,3011200
4499,336,307,381587,6368,3612045,2650600
4500,323,322,381261,6372,3612367,2636500
4501,358,332,380911,6390,3612699,2962900
4502,343,336,380555,6410,3613035,2806900
4503,311,350,380248,6367,3613385,2607300
4504,322,319,379932,6364,3613704,2750100
4505,280,318,379637,6341,3614022,2488300
4506,334,324,379306,6348,3614346,2267100
4507,333,340,378976,6338,3614686,2333700
4508,295,309,378673,6332,3614995,2451300
4509,317,348,378365,6292,3615343,2391100
4510,307,339,378050,6268,3615682,2535200
4511,331,343,377732,6243,3616025,2558700
4512,315,309,377430,6236,3616334,2552400
4513,280,323,377141,6202,3616657,2569400
4514,298,308,376844,6191,3616965,5119100
4515,298,311,376525,6199,3617276,3449700
4516,297,318,376244,6162,3617594,3262600
4517,310,359,375936,6111,3617953,2873900
4518,332,302,375604,6141,3618255,2867100
4519,316,290,375290,6165,3618545,2737700
4520,308,322,374970,6163,3618867,2597100
4521,341,307,374635,6191,3619174,2597200
4522,340,309,374309,6208,3619483,2537200
4523,343,347,373957,6213,3619830,3006100
4524,334,319,373618,6233,3620149,2674800
4525,298,323,373308,6220,3620472,2499300
4526,304,328,373014,6186,3620800,2441200
4527,350,322,372691,6187,3621122,2462000
4528,329,334,372342,6202,3621456,2444800
4529,312,332,372034,6178,3621788,2634400
4530,289,334,371739,6139,3622122,2682700
4531,282,329,371451,6098,3622451,4849700
4532,269,310,371184,6055,3622761,3323500
4533,305,330,370892,6017,3623091,2993400
4534,308,325,370573,6011,3623416,3160900
4535,313,327,370264,5993,3623743,2709700
4536,287,321,369968,5968,3624064,2694800
4537,287,318,369670,5948,3624382,2572900
4538,299,299,369387,5932,3624681,2390700
4539,324,296,369057,5966,3624977,2524700
4540,304,302,368751,5970,3625279,2955900
4541,314,311,368444,5966,3625590,2483000
4542,327,322,368109,5979,3625912,2901600
4543,299,295,367804,5989,3626207,2481400
4544,310,334,367513,5946,3626541,2716300
4545,313,314,367207,5938,3626855,2786400
4546,302,308,366890,5947,3627163,2749500
4547,300,329,366590,5918,3627492,2418200
4548,302,311,366299,5898,3627803,2520800
4549,291,336,365997,5864,3628139,7471300
4550,320,297,365693,5871,3628436,4799300
4551,318,305,365348,5911,3628741,2902800
4552,284,283,365076,5900,3629024,2815800
4553,325,330,364749,5897,3629354,2606000
4554,316,326,364439,5881,3629680,2536100
4555,286,280,364149,5891,3629960,2446500
4556,322,333,363823,5884,3630293,2534000
4557,331,288,363507,5912,3630581,2512100
4558,345,327,363166,5926,3630908,2358300
4559,268,315,362876,5901,3631223,2341300
4560,309,308,362567,5902,3631531,2476000
4561,318,344,362256,5869,3631875,2738400
4562,286,306,361965,5854,3632181,2866400
4563,275,271,361697,5851,3632452,2434200
4564,315,287,361389,5872,3632739,2736800
4565,299,292,361078,5891,3633031,5305200
4566,331,309,360752,5908,3633340,4064600
4567,310,294,360438,5928,3633634,3126500
4568,313,321,360129,5916,3633955,3271400
4569,320,284,359804,5957,3634239,3006600
4570,284,331,359511,5919,3634570,2516700
4571,301,295,359216,5919,3634865,2775000
4572,290,304,358917,5914,3635169,2638300
4573,346,297,358596,5938,3635466,2491400
4574,307,326,358270,5938,3635792,2417800
4575,314,292,357968,5948,3636084,2374900
4576,299,309,357655,5952,3636393,2513000
4577,313,334,357348,5925,3636727,2418100
4578,300,320,357060,5893,3637047,2379100
4579,334,293,356731,5929,3637340,2407300
4580,310,288,356418,5954,3637628,2422200
4581,342,300,356065,6007,3637928,2348800
4582,312,302,355747,6023,3638230,2493800
4583,340,339,355410,6021,3638569,2809000
4584,299,308,355116,6007,3638877,2769000
4585,339,285,354783,6055,3639162,7921200
4586,303,296,354462,6080,3639458,3756700
4587,291,325,354187,6030,3639783,3673300
4588,333,278,353856,6083,3640061,3459200
4589,292,298,353560,6081,3640359,2841800
4590,339,325,353228,6088,3640684,2696700
4591,308,292,352920,6104,3640976,2477600
4592,343,333,352581,6110,3641309,2475800
4593,334,294,352229,6168,3641603,2699400
4594,327,316,351920,6161,3641919,2662100
4595,294,316,351613,6152,3642235,2569800
4596,288,337,351320,6108,3642572,2456800
4597,301,352,351014,6062,3642924,2487100
4598,340,315,350681,6080,3643239,2667500
4599,322,309,350359,6093,3643548,2792300
4600,295,346,350068,6038,3643894,2710600
4601,304,318,349757,6031,3644212,2593700
4602,301,316,349460,6012,3644528,5214400
4603,323,306,349145,6021,3644834,4143300
4604,291,313,348852,6001,3645147,3077600
4605,292,269,348554,6030,3645416,2923000
4606,303,304,348257,6023,3645720,2773400
4607,268,337,347985,5958,3646057,2674400
4608,279,307,347696,5940,3646364,2742800
4609,292,321,347414,5901,3646685,2554800
4610,268,285,347140,5890,3646970,2439200
4611,307,341,346819,5870,3647311,2333700
4612,271,286,346564,5839,3647597,2431600
4613,281,298,346270,5835,3647895,2536800
4614,297,277,345993,5835,3648172,2539200
4615,315,301,345668,5859,3648473,2392000
4616,277,298,345392,5837,3648771,2640800
4617,301,316,345093,5820,3649087,2665600
4618,296,284,344798,5831,3649371,2292100
4619,308,335,344480,5814,3649706,2235100
4620,320,296,344168,5830,3650002,2262900
4621,298,302,343877,5819,3650304,2289900
4622,272,282,343602,5812,3650586,2251500
4623,277,300,343307,5807,3650886,2179900
4624,345,275,342997,5842,3651161,2214500
4625,293,295,342686,5858,3651456,2236600
4626,295,328,342388,5828,3651784,2297700
4627,286,272,342110,5834,3652056,2424400
4628,279,313,341818,5813,3652369,2400600
4629,256,317,341556,5758,3652686,2469100
4630,289,303,341284,5727,3652989,2433700
4631,285,294,340996,5721,3653283,2295500
4632,297,287,340710,5720,3653570,2336900
4633,280,310,340413,5707,3653880,2365600
4634,283,302,340131,5687,3654182,2627000
4635,267,312,339872,5634,3654494,2499400
4636,290,310,339576,5620,3654804,2396700
4637,301,326,339284,5586,3655130,2423600
4638,273,302,338989,5579,3655432,2521300
4639,300,292,338697,5579,3655724,6368000
4640,299,281,338398,5597,3656005,3970900
4641,268,278,338141,5576,3656283,3035300
4642,325,302,337807,5608,3656585,2826500
4643,329,284,337486,5645,3656869,2759600
4644,315,280,337163,5688,3657149,2785200
4645,316,308,336858,5685,3657457,2540700
4646,320,327,336527,5689,3657784,2394200
4647,292,276,336245,5695,3658060,2273400
4648,290,303,335951,5686,3658363,2261900
4649,323,318,335634,5685,3658681,2308500
4650,299,284,335338,5697,3658965,2272300
4651,281,275,335039,5721,3659240,2293900
4652,272,315,334770,5675,3659555,2245800
4653,308,313,334476,5656,3659868,2403000
4654,265,308,334195,5629,3660176,2510100
4655,261,296,333938,5590,3660472,2382200
4656,297,280,333634,5614,3660752,2307700
4657,289,277,333370,5601,3661029,2524300
4658,287,312,333073,5586,3661341,2477600
4659,259,284,332802,5573,3661625,4405000
4660,275,258,332530,5587,3661883,3295300
4661,253,303,332265,5549,3662186,3011600
4662,259,306,332012,5496,3662492,2722400
4663,268,283,331755,5470,3662775,2671200
4664,222,315,331522,5388,3663090,2474900
4665,254,287,331268,5355,3663377,2392200
4666,251,258,331015,5350,3663635,2403200
4667,269,274,330756,5335,3663909,2363400
4668,288,301,330473,5317,3664210,2452200
4669,242,306,330230,5254,3664516,2267800
4670,269,260,329951,5273,3664776,2277900
4671,271,276,329686,5262,3665052,2328400
4672,259,257,329429,5262,3665309,2308700
4673,280,271,329148,5272,3665580,2314600
4674,267,267,328882,5271,3665847,2200500
4675,254,300,328616,5237,3666147,2357100
4676,293,273,328325,5255,3666420,2327300
4677,283,254,328053,5273,3666674,2411700
4678,276,285,327777,5264,3666959,2479200
4679,248,283,327522,5236,3667242,4597500
4680,271,286,327260,5212,3667528,2805600
4681,262,305,327000,5167,3667833,2748100
4682,295,242,326697,5228,3668075,3886500
4683,309,258,326394,5273,3668333,3866600
4684,262,271,326130,5266,3668604,3241400
4685,279,266,325845,5285,3668870,2727900
4686,271,295,325580,5255,3669165,2657700
4687,309,279,325274,5282,3669444,2587200
4688,268,287,324998,5271,3669731,2477700
4689,284,292,324725,5252,3670023,2311000
4690,264,281,324449,5247,3670304,2408300
4691,269,294,324190,5212,3670598,2440500
4692,264,286,323919,5197,3670884,2395000
4693,269,292,323657,5167,3671176,2341800
4694,266,274,323378,5172,3671450,4310400
4695,271,274,323120,5156,3671724,3516500
4696,288,250,322831,5195,3671974,3111900
4697,277,249,322541,5236,3672223,2698400
4698,298,264,322266,5247,3672487,2512600
4699,277,287,321967,5259,3672774,2645800
4700,289,270,321679,5277,3673044,2583500
4701,268,260,321403,5293,3673304,2623600
4702,225,293,321177,5226,3673597,2432200
4703,256,286,320933,5184,3673883,2660000
4704,245,266,320694,5157,3674149,2466900
4705,249,248,320440,5163,3674397,2319800
4706,267,260,320175,5168,3674657,2412000
4707,249,239,319911,5193,3674896,2348300
4708,268,257,319661,5186,3675153,2285200
4709,305,294,319352,5201,3675447,2289600
4710,276,294,319075,5184,3675741,2321100
4711,283,291,318786,5182,3676032,2445300
4712,277,273,318509,5186,3676305,2360700
4713,294,269,318221,5205,3676574,2403200
4714,302,265,317929,5232,3676839,2443200
4715,274,257,317642,5262,3677096,2469800
4716,291,273,317353,5278,3677369,4976500
4717,266,254,317099,5278,3677623,3810800
4718,305,268,316786,5323,3677891,3260000
4719,259,303,316528,5278,3678194,2737700
4720,269,286,316256,5264,3678480,2597700
4721,269,272,315987,5261,3678752,2549900
4722,279,276,315700,5272,3679028,2419000
4723,267,286,315431,5255,3679314,2434700
4724,298,279,315150,5257,3679593,2435500
4725,294,289,314850,5268,3679882,2357600
4726,274,265,314566,5287,3680147,2447800
4727,287,255,314289,5309,3680402,2525500
4728,266,268,314018,5312,3680670,2442400
4729,256,283,313765,5282,3680953,2376300
4730,264,262,313493,5292,3681215,2354600
4731,303,262,313195,5328,3681477,2460400
4732,244,282,312947,5294,3681759,2610200
4733,259,297,312693,5251,3682056,3050800
4734,264,301,312411,5232,3682357,5651200
4735,264,259,312167,5217,3682616,3356000
4736,283,289,311875,5220,3682905,2698700
4737,304,265,311574,5256,3683170,2600500
4738,281,266,311298,5266,3683436,2519600
4739,260,275,311034,5255,3683711,2452000
4740,262,292,310768,5229,3684003,2400900
4741,298,274,310481,5242,3684277,2357500
4742,244,277,310217,5229,3684554,2536700
4743,267,262,309960,5224,3684816,2262300
4744,258,291,309701,5192,3685107,2293400
4745,244,287,309459,5147,3685394,2310600
4746,263,254,309200,5152,3685648,2298800
4747,292,259,308903,5190,3685907,2249100
4748,251,278,308648,5167,3686185,2348200
4749,278,271,308383,5161,3686456,2425200
4750,265,263,308121,5160,3686719,2255100
4751,296,286,307824,5171,3687005,2583500
4752,236,282,307567,5146,3687287,4809600
4753,269,262,307317,5134,3687549,3381000
4754,289,271,307023,5157,3687820,3149100
4755,277,274,306747,5159,3688094,2513200
4756,292,268,306450,5188,3688362,2433200
4757,290,243,306179,5216,3688605,2361100
4758,298,273,305859,5263,3688878,2567700
4759,286,301,305567,5254,3689179,2225300
4760,246,266,305328,5227,3689445,2336200
4761,269,260,305064,5231,3689705,2182600
4762,300,248,304766,5281,3689953,2162800
4763,257,281,304515,5251,3690234,2394200
4764,284,297,304227,5242,3690531,3013300
4765,262,257,303970,5242,3690788,2543500
4766,245,261,303703,5248,3691049,2422300
4767,251,257,303457,5237,3691306,2521900
4768,242,278,303219,5197,3691584,2545300
4769,279,272,302951,5193,3691856,2245100
4770,280,284,302666,5194,3692140,2376500
4771,276,274,302391,5195,3692414,5811100
4772,276,265,302115,5206,3692679,3726300
4773,247,273,301866,5182,3692952,3417800
4774,275,272,301587,5189,3693224,2943400
4775,273,279,301320,5177,3693503,2556500
4776,278,275,301037,5185,3693778,2563500
4777,242,264,300795,5163,3694042,2515300
4778,240,285,300551,5122,3694327,2690700
4779,264,255,300307,5111,3694582,2608600
4780,270,268,300021,5129,3694850,2528000
4781,236,251,299784,5115,3695101,2477900
4782,272,303,299514,5082,3695404,2394400
4783,244,289,299265,5042,3695693,2381600
4784,254,260,299016,5031,3695953,2409500
4785,229,292,298784,4971,3696245,2364300
4786,231,270,298541,4944,3696515,2321600
4787,227,238,298328,4919,3696753,2476100
4788,254,253,298085,4909,3697006,2273500
4789,246,245,297832,4917,3697251,2472000
4790,247,255,297578,4916,3697506,2504700
4791,218,226,297348,4920,3697732,2370900
4792,246,262,297110,4896,3697994,4243700
4793,232,238,296885,4883,3698232,3361600
4794,266,263,296621,4884,3698495,2985200
4795,250,264,296362,4879,3698759,2601900
4796,236,268,296131,4842,3699027,2451300
4797,238,277,295886,4810,3699304,2524000
4798,253,269,295640,4787,3699573,2594300
4799,239,251,295397,4779,3699824,2496200
4800,196,257,295197,4722,3700081,2331200
4801,230,244,294969,4706,3700325,2431700
4802,202,255,294758,4662,3700580,2353200
4803,251,223,294517,4680,3700803,2285600
4804,234,244,294290,4663,3701047,2342100
4805,226,220,294057,4676,3701267,2506500
4806,213,243,293847,4643,3701510,2453300
4807,217,227,293638,4625,3701737,6059500
4808,238,249,293394,4620,3701986,3080300
4809,242,270,293151,4593,3702256,2852300
4810,235,234,292918,4592,3702490,2515300
4811,204,246,292700,4564,3702736,2504400
4812,251,226,292465,4573,3702962,2527500
4813,238,216,292216,4606,3703178,2454700
4814,225,246,291996,4580,3703424,2458500
4815,231,235,291770,4571,3703659,2365700
4816,224,233,291541,4567,3703892,2222300
4817,235,237,291314,4557,3704129,2253900
4818,259,255,291047,4569,3704384,2283700
4819,243,258,290815,4543,3704642,2239100
4820,240,264,290568,4526,3704906,2237500
4821,258,221,290310,4563,3705127,2242700
4822,275,242,290049,4582,3705369,2452300
4823,264,257,289771,4603,3705626,2346700
4824,274,242,289513,4619,3705868,2351600
4825,240,233,289266,4633,3706101,2380700
4826,248,247,289009,4643,3706348,2422200
4827,264,251,288741,4660,3706599,2517600
4828,240,244,288516,4641,3706843,4149300
4829,279,230,288232,4695,3707073,2856400
4830,243,237,287985,4705,3707310,3011300
4831,269,268,287716,4706,3707578,2784600
4832,231,238,287484,4700,3707816,2672500
4833,274,227,287213,4744,3708043,2534700
4834,244,233,286955,4769,3708276,2532400
4835,257,259,286700,4765,3708535,2428400
4836,225,253,286480,4732,3708788,2379100
4837,243,240,286239,4733,3709028,2347900
4838,236,218,286004,4750,3709246,2295400
4839,257,220,285747,4787,3709466,2262900
4840,248,242,285505,4787,3709708,2310900
4841,251,274,285245,4773,3709982,2294700
4842,250,253,284992,4773,3710235,2212900
4843,273,256,284717,4792,3710491,2556000
4844,243,255,284495,4759,3710746,2518900
4845,252,260,284229,4765,3711006,2505000
4846,236,223,283981,4790,3711229,2719600
4847,279,250,283716,4805,3711479,5390500
4848,251,254,283453,4814,3711733,3071700
4849,253,236,283217,4814,3711969,2722600
4850,261,231,282947,4853,3712200,2608200
4851,263,267,282705,4828,3712467,2661400
4852,228,256,282460,4817,3712723,2647500
4853,249,237,282203,4837,3712960,2708400
4854,274,244,281940,4856,3713204,2555800
4855,233,257,281703,4836,3713461,2410100
4856,230,259,281466,4814,3713720,2315400
4857,234,248,281233,4799,3713968,2351300
4858,216,225,281020,4787,3714193,2332600
4859,240,236,280777,4794,3714429,2265700
4860,253,242,280538,4791,3714671,2506300
4861,242,269,280288,4772,3714940,2469400
4862,244,236,280041,4783,3715176,2353000
4863,249,227,279800,4797,3715403,2353100
4864,265,259,279546,4792,3715662,2485200
4865,209,226,279323,4789,3715888,2754300
4866,222,237,279090,4785,3716125,3642700
4867,222,233,278872,4770,3716358,2813400
4868,252,288,278616,4738,3716646,2624900
4869,220,218,278395,4741,3716864,2655200
4870,255,256,278138,4742,3717120,7411500
4871,244,240,277902,4738,3717360,2932000
4872,234,249,277669,4722,3717609,2786000
4873,237,233,277434,4724,3717842,2508800
4874,253,246,277179,4733,3718088,2615100
4875,251,239,276927,4746,3718327,2395700
4876,237,256,276685,4732,3718583,2861200
4877,225,272,276467,4678,3718855,2885900
4878,210,239,276260,4646,3719094,2736600
4879,221,243,276034,4629,3719337,2560800
4880,185,241,275844,4578,3719578,2404300
4881,233,245,275617,4560,3719823,2463900
4882,207,217,275406,4554,3720040,2725200
4883,220,236,275188,4536,3720276,2459300
4884,235,235,274956,4533,3720511,2502100
4885,225,229,274731,4529,3720740,2521400
4886,219,213,274504,4543,3720953,2667600
4887,214,242,274298,4507,3721195,2699700
4888,209,232,274077,4496,3721427,2735700
4889,256,233,273829,4511,3721660,2747300
4890,234,237,273591,4512,3721897,2938900
4891,218,246,273385,4472,3722143,2799900
4892,233,249,273155,4453,3722392,2895000
4893,238,219,272896,4493,3722611,3020500
4894,226,222,272687,4480,3722833,2700900
4895,217,236,272466,4465,3723069,2418200
4896,225,218,272237,4476,3723287,2538800
4897,249,250,271997,4466,3723537,3061500
4898,235,230,271754,4479,3723767,2607600
4899,208,243,271551,4439,3724010,2491500
4900,238,246,271312,4432,3724256,2383000
4901,261,211,271054,4479,3724467,2453300
4902,221,214,270816,4503,3724681,2583800
4903,259,252,270572,4495,3724933,3014100
4904,260,227,270325,4515,3725160,2585400
4905,257,218,270053,4569,3725378,2800200
4906,239,220,269816,4586,3725598,2483100
4907,237,245,269591,4566,3725843,2609000
4908,262,241,269328,4588,3726084,2507000
4909,226,226,269095,4595,3726310,2710100
4910,235,238,268865,4587,3726548,2934000
4911,220,239,268634,4579,3726787,3109200
4912,240,226,268394,4593,3727013,3115400
4913,222,247,268163,4577,3727260,3060800
4914,241,250,267936,4554,3727510,3060100
4915,213,249,267705,4536,3727759,2882500
4916,214,230,267490,4521,3727989,2725600
4917,224,201,267273,4537,3728190,2983200
4918,252,237,267028,4545,3728427,2571400
4919,232,261,266796,4516,3728688,2648100
4920,270,242,266531,4539,3728930,2523000
4921,253,244,266279,4547,3729174,2599000
4922,221,267,266042,4517,3729441,2427900
4923,226,243,265827,4489,3729684,2540800
4924,217,224,265612,4480,3729908,2396700
4925,230,211,265376,4505,3730119,2389800
4926,213,241,265160,4480,3730360,2430400
4927,210,219,264948,4473,3730579,2631000
4928,216,249,264728,4444,3730828,2660200
4929,200,229,264535,4408,3731057,2627200
4930,197,214,264334,4395,3731271,2638300
4931,205,219,264129,4381,3731490,2460300
4932,203,233,263930,4347,3731723,2754000
4933,210,249,263718,4310,3731972,2550500
4934,197,245,263527,4256,3732217,2448600
4935,237,194,263298,4291,3732411,2307200
4936,227,231,263057,4301,3732642,2460400
4937,226,226,262826,4306,3732868,2366100
4938,206,214,262630,4288,3733082,2339100
4939,190,219,262440,4259,3733301,2355800
4940,205,193,262229,4277,3733494,2358400
4941,192,242,262042,4222,3733736,2336000
4942,199,236,261844,4184,3733972,2268700
4943,192,216,261646,4166,3734188,2444500
4944,164,233,261475,4104,3734421,2458800
4945,196,229,261287,4063,3734650,2461700
4946,186,217,261088,4045,3734867,2763700
4947,190,228,260915,3990,3735095,2521300
4948,186,194,260724,3987,3735289,2577200
4949,191,204,260533,3974,3735493,2392600
4950,192,202,260347,3958,3735695,2344400
4951,217,188,260132,3985,3735883,2275500
4952,203,213,259923,3981,3736096,2306600
4953,238,211,259687,4006,3736307,2321500
4954,208,225,259479,3989,3736532,2311700
4955,195,218,259277,3973,3736750,2294500
4956,183,228,259090,3932,3736978,2374800
4957,214,191,258887,3944,3737169,2357300
4958,173,218,258712,3901,3737387,2307500
4959,166,190,258542,3881,3737577,2354800
4960,202,188,258341,3894,3737765,2232400
4961,188,189,258154,3892,3737954,2265400
4962,190,194,257959,3893,3738148,2232200
4963,210,195,257760,3897,3738343,2306500
4964,198,198,257558,3901,3738541,2297800
4965,186,230,257358,3871,3738771,2180300
4966,236,204,257134,3891,3738975,2142300
4967,249,208,256898,3919,3739183,2152200
4968,191,220,256695,3902,3739403,2281600
4969,193,224,256497,3876,3739627,2220100
4970,186,196,256316,3861,3739823,2300600
4971,206,203,256109,3865,3740026,2220900
4972,193,176,255908,3890,3740202,2288000
4973,205,181,255712,3905,3740383,2453200
4974,210,220,255501,3896,3740603,2336400
4975,218,191,255285,3921,3740794,2349700
4976,230,223,255059,3924,3741017,2310400
4977,200,216,254857,3910,3741233,2378900
4978,189,217,254662,3888,3741450,2325500
4979,161,207,254500,3843,3741657,2239800
4980,186,182,254314,3847,3741839,2206700
4981,196,206,254116,3839,3742045,2189200
4982,236,208,253895,3852,3742253,2239500
4983,212,187,253678,3882,3742440,2209400
4984,180,197,253496,3867,3742637,2292300
4985,193,189,253305,3869,3742826,2248200
4986,183,182,253115,3877,3743008,2311600
4987,196,195,252911,3886,3743203,2319600
4988,172,202,252749,3846,3743405,2361500
4989,204,219,252545,3831,3743624,2265500
4990,177,201,252374,3801,3743825,2270800
4991,185,193,252178,3804,3744018,2282800
4992,191,191,251994,3797,3744209,2163100
4993,174,190,251808,3793,3744399,2187900
4994,180,186,251642,3773,3744585,2160200
4995,220,190,251418,3807,3744775,2992200
4996,192,173,251220,3832,3744948,2531600
4997,192,196,251035,3821,3745144,2541300
4998,219,208,250821,3827,3745352,2479500
4999,201,192,250611,3845,3745544,2516800
5000,201,192,250415,3849,3745736,2310400
5001,217,199,250200,3865,3745935,2282400
5002,186,216,250008,3841,3746151,2179300
5003,189,176,249809,3864,3746327,2155500
5004,209,202,249614,3857,3746529,2187300
5005,174,199,249433,3839,3746728,2116600
5006,191,205,249247,3820,3746933,2124100
5007,178,212,249065,3790,3747145,2149100
5008,196,185,248878,3792,3747330,2127400
5009,208,197,248668,3805,3747527,2133700
5010,184,212,248485,3776,3747739,2235600
5011,196,202,248288,3771,3747941,2253600
5012,201,201,248093,3765,3748142,2347000
5013,206,192,247878,3788,3748334,2271400
5014,217,201,247663,3802,3748535,2216300
5015,203,192,247462,3811,3748727,2305000
5016,181,171,247271,3831,3748898,2419500
5017,183,189,247089,3824,3749087,2570300
5018,198,187,246895,3831,3749274,2436100
5019,214,210,246688,3828,3749484,2358800
5020,200,214,246483,3819,3749698,2245900
5021,236,192,246248,3862,3749890,2565800
5022,184,214,246072,3824,3750104,2340800
5023,211,197,245852,3847,3750301,2435800
5024,199,218,245648,3833,3750519,2387200
5025,219,204,245442,3835,3750723,2390500
5026,194,206,245230,3841,3750929,2275300
5027,192,206,245049,3816,3751135,2332800
5028,209,207,244845,3813,3751342,2579100
5029,191,196,244639,3823,3751538,2484000
5030,198,212,244454,3796,3751750,2209300
5031,201,189,244252,3809,3751939,2995300
5032,190,199,244065,3797,3752138,3142700
5033,179,193,243872,3797,3752331,2372000
5034,187,222,243694,3753,3752553,2578700
5035,194,194,243493,3760,3752747,2586000
5036,197,206,243297,3750,3752953,2366700
5037,203,212,243099,3736,3753165,2278800
5038,226,207,242873,3755,3753372,2313300
5039,233,202,242643,3783,3753574,2204900
5040,202,191,242440,3795,3753765,2751900
5041,211,185,242235,3815,3753950,2817700
5042,190,191,242031,3828,3754141,2195300
5043,202,196,241836,3827,3754337,2267900
5044,178,214,241651,3798,3754551,2236100
5045,219,190,241444,3815,3754741,2228200
5046,202,173,241236,3850,3754914,2330300
5047,210,195,241025,3866,3755109,2440900
5048,191,187,240823,3881,3755296,2316800
5049,209,202,240635,3867,3755498,2281000
5050,181,206,240431,3865,3755704,2325900
5051,196,189,240256,3851,3755893,2431700
5052,173,217,240068,3822,3756110,2587800
5053,174,196,239901,3793,3756306,2573600
5054,199,181,239697,3816,3756487,2376600
5055,194,212,239504,3797,3756699,2281500
5056,194,178,239310,3813,3756877,2319800
5057,192,222,239128,3773,3757099,2305400
5058,198,187,238925,3789,3757286,2348600
5059,218,202,238709,3803,3757488,2195200
5060,211,215,238505,3792,3757703,4700400
5061,226,205,238277,3815,3757908,2541300
5062,222,204,238035,3853,3758112,3625300
5063,233,195,237825,3868,3758307,2644000
5064,219,208,237602,3883,3758515,2490500
5065,206,220,237384,3881,3758735,2406000
5066,214,209,237167,3889,3758944,2287900
5067,197,186,236987,3883,3759130,2269800
5068,192,187,236777,3906,3759317,2201000
5069,205,220,236582,3881,3759537,2102000
5070,228,201,236354,3908,3759738,2184100
5071,189,202,236162,3898,3759940,2124000
5072,205,195,235966,3899,3760135,2375900
5073,165,203,235785,3877,3760338,2358800
5074,189,204,235606,3852,3760542,2309200
5075,164,191,235430,3837,3760733,2310400
5076,212,190,235226,3851,3760923,2321600
5077,188,215,235041,3821,3761138,2606700
5078,193,188,234850,3824,3761326,2878500
5079,208,214,234639,3821,3761540,2623500
5080,183,222,234453,3785,3761762,2498900
5081,211,186,234255,3797,3761948,2412900
5082,224,198,234029,3825,3762146,2318000
5083,175,194,233839,3821,3762340,2223200
5084,174,172,233673,3815,3762512,2251700
5085,209,211,233467,3810,3762723,2257600
5086,208,204,233268,3805,3762927,2203500
5087,219,195,233035,3843,3763122,2207600
5088,205,207,232831,3840,3763329,2183800
5089,203,191,232639,3841,3763520,2285700
5090,190,194,232448,3838,3763714,2276500
5091,202,194,232238,3854,3763908,2301000
5092,220,173,232023,3896,3764081,2329100
5093,202,216,231819,3884,3764297,2423600
5094,222,201,231610,3892,3764498,2541100
5095,210,217,231391,3894,3764715,2486000
5096,198,183,231194,3908,3764898,2351600
5097,188,209,230991,3902,3765107,2317500
5098,207,229,230783,3881,3765336,2361600
5099,205,200,230586,3878,3765536,2347300
5100,205,233,230381,3850,3765769,2353300
5101,206,236,230182,3813,3766005,2559000
5102,190,193,229984,3818,3766198,2384300
5103,173,198,229809,3795,3766396,2336000
5104,183,202,229630,3772,3766598,2408000
5105,199,205,229422,3775,3766803,2307000
5106,208,207,229210,3780,3767010,2227700
5107,200,201,229020,3769,3767211,2295100
5108,184,184,228839,3766,3767395,2309600
5109,215,189,228626,3790,3767584,2222000
5110,191,198,228434,3784,3767782,2280500
5111,203,199,228235,3784,3767981,2275300
5112,184,191,228041,3787,3768172,2328700
5113,191,196,227852,3780,3768368,2232000
5114,217,206,227649,3777,3768574,2200000
5115,201,216,227440,3770,3768790,2515100
5116,199,175,227237,3798,3768965,2990200
5117,170,201,227076,3758,3769166,3597600
5118,175,197,226888,3749,3769363,11009000
5119,187,185,226699,3753,3769548,3024100
5120,195,209,226508,3735,3769757,14040300
5121,208,211,226308,3724,3769968,4532700
5122,196,192,226103,3737,3770160,3137600
5123,171,204,225934,3702,3770364,4798100
5124,186,220,225746,3670,3770584,3523400
5125,191,206,225561,3649,3770790,3624500
5126,199,195,225359,3656,3770985,3517200
5127,191,187,225162,3666,3771172,3589200
5128,159,159,224999,3670,3771331,2869000
5129,163,204,224838,3627,3771535,3792200
5130,180,180,224660,3625,3771715,3527300
5131,183,184,224490,3611,3771899,2981100
5132,165,166,224320,3615,3772065,2737800
5133,163,191,224154,3590,3772256,2505500
5134,166,194,223982,3568,3772450,2692700
5135,184,185,223798,3567,3772635,2606900
5136,170,178,223631,3556,3772813,2429100
5137,182,180,223454,3553,3772993,2725900
5138,157,195,223284,3528,3773188,2934500
5139,181,190,223106,3516,3773378,2991600
5140,169,196,222937,3489,3773574,2638200
5141,173,182,222772,3472,3773756,2763400
5142,163,190,222604,3450,3773946,2377000
5143,168,187,222432,3435,3774133,2363700
5144,170,170,222262,3435,3774303,2537000
5145,186,186,222093,3418,3774489,2672800
5146,170,172,221919,3420,3774661,2553500
5147,192,202,221721,3416,3774863,2853000
5148,158,173,221565,3399,3775036,2682800
5149,163,192,221407,3365,3775228,2695300
5150,205,193,221196,3383,3775421,3201600
5151,197,181,220998,3400,3775602,3481400
5152,197,192,220806,3400,3775794,2629000
5153,166,188,220634,3384,3775982,6598600
5154,172,179,220460,3379,3776161,2706200
5155,177,170,220289,3380,3776331,2594600
5156,170,176,220117,3376,3776507,2531600
5157,190,185,219926,3382,3776692,2957600
5158,184,164,219736,3408,3776856,2575600
5159,188,167,219554,3423,3777023,2630500
5160,201,201,219353,3423,3777224,3224900
5161,191,171,219165,3440,3777395,2741800
5162,179,164,218976,3465,3777559,2686500
5163,206,176,218774,3491,3777735,2722700
5164,178,181,218601,3483,3777916,2514900
5165,162,187,218436,3461,3778103,2414200
5166,158,194,218267,3436,3778297,2371800
5167,196,179,218086,3438,3778476,2362400
5168,176,191,217901,3432,3778667,2547900
5169,203,200,217702,3431,3778867,2296800
5170,175,180,217530,3423,3779047,2343200
5171,175,210,217352,3391,3779257,2477500
5172,189,175,217155,3413,3779432,2320100
5173,184,205,216976,3387,3779637,2419600
5174,206,174,216778,3411,3779811,2412900
5175,172,163,216600,3426,3779974,2338500
5176,175,179,216433,3414,3780153,2282300
5177,196,199,216232,3416,3780352,2376800
5178,169,178,216059,3411,3780530,2310700
5179,160,188,215903,3379,3780718,2290700
5180,176,174,215732,3376,3780892,2379500
5181,207,186,215521,3401,3781078,2538500
5182,160,183,215355,3384,3781261,2527400
5183,201,170,215159,3410,3781431,2325700
5184,202,155,214963,3451,3781586,2499200
5185,213,166,214756,3492,3781752,2329200
5186,197,201,214549,3498,3781953,2271400
5187,204,194,214337,3516,3782147,2291900
5188,181,185,214154,3514,3782332,2408600
5189,181,187,213982,3499,3782519,2307800
5190,188,195,213790,3496,3782714,2287100
5191,181,174,213612,3500,3782888,2349500
5192,158,169,213449,3494,3783057,2404700
5193,215,183,213239,3521,3783240,2693600
5194,199,189,213045,3526,3783429,2491300
5195,184,172,212863,3536,3783601,2433700
5196,189,199,212663,3537,3783800,2460700
5197,174,157,212489,3554,3783957,2587800
5198,206,184,212297,3562,3784141,2539500
5199,175,177,212117,3565,3784318,2328700
5200,190,177,211928,3577,3784495,2507500
5201,171,176,211752,3577,3784671,2490200
5202,195,183,211568,3578,3784854,2599600
5203,214,186,211344,3616,3785040,2333300
5204,179,179,211166,3615,3785219,2297600
5205,190,190,210978,3613,3785409,2428100
5206,191,206,210776,3609,3785615,2516400
5207,195,167,210585,3633,3785782,2437200
5208,206,184,210385,3649,3785966,2263000
5209,219,174,210169,3691,3786140,2319000
5210,199,185,209965,3710,3786325,2299800
5211,170,187,209796,3692,3786512,3642500
5212,207,203,209581,3704,3786715,2436900
5213,188,195,209401,3689,3786910,3574600
5214,179,206,209219,3665,3787116,2633300
5215,176,196,209043,3645,3787312,2680400
5216,193,188,208860,3640,3787500,2436200
5217,228,187,208633,3680,3787687,2484200
5218,225,178,208408,3727,3787865,2588600
5219,212,184,208191,3760,3788049,2467400
5220,212,208,207980,3763,3788257,2431700
5221,230,187,207748,3808,3788444,2346400
5222,212,216,207530,3810,3788660,2309700
5223,226,223,207306,3811,3788883,2236300
5224,203,202,207106,3809,3789085,2476400
5225,219,194,206895,3826,3789279,2298900
5226,201,216,206681,3824,3789495,2360300
5227,217,200,206468,3837,3789695,2500300
5228,234,215,206241,3849,3789910,2322700
5229,178,171,206059,3860,3790081,2367300
5230,203,192,205851,3876,3790273,2313900
5231,199,188,205645,3894,3790461,2395800
5232,209,232,205445,3862,3790693,2473400
5233,198,172,205242,3893,3790865,2422500
5234,201,202,205049,3884,3791067,2527300
5235,193,193,204859,3881,3791260,2437800
5236,187,197,204661,3882,3791457,2449200
5237,216,206,204460,3877,3791663,2689700
5238,197,217,204257,3863,3791880,2672800
5239,209,194,204057,3869,3792074,2561100
5240,163,197,203875,3854,3792271,2921200
5241,207,199,203674,3856,3792470,2709900
5242,180,225,203492,3813,3792695,2573600
5243,200,214,203294,3797,3792909,2541300
5244,187,197,203109,3785,3793106,2796700
5245,202,216,202903,3775,3793322,4927500
5246,186,185,202709,3784,3793507,3499000
5247,199,201,202516,3776,3793708,3356500
5248,165,194,202352,3746,3793902,3096900
5249,174,209,202183,3706,3794111,2690700
5250,177,183,201995,3711,3794294,2615300
5251,175,207,201817,3682,3794501,2501900
5252,191,177,201630,3692,3794678,2437500
5253,182,193,201458,3671,3794871,2470600
5254,159,187,201286,3656,3795058,2485300
5255,184,196,201116,3630,3795254,2583500
5256,164,204,200942,3600,3795458,2405300
5257,153,196,200794,3552,3795654,2376800
5258,163,174,200623,3549,3795828,2556800
5259,176,189,200460,3523,3796017,2507400
5260,177,171,200280,3532,3796188,2439500
5261,150,185,200113,3514,3796373,3017000
5262,189,166,199940,3521,3796539,2626800
5263,178,182,199764,3515,3796721,2398000
5264,195,193,199574,3512,3796914,2316000
5265,176,188,199393,3505,3797102,2254700
5266,156,195,199217,3486,3797297,2371900
5267,169,185,199071,3447,3797482,2251100
5268,161,163,198898,3457,3797645,2370100
5269,146,178,198751,3426,3797823,4720900
5270,187,168,198569,3440,3797991,2670300
5271,173,198,198397,3414,3798189,3816400
5272,186,166,198208,3437,3798355,2570100
5273,173,184,198037,3424,3798539,2734100
5274,190,191,197844,3426,3798730,2480200
5275,172,179,197668,3423,3798909,2515500
5276,161,188,197510,3393,3799097,2562900
5277,167,180,197341,3382,3799277,2440900
5278,149,182,197196,3345,3799459,2601100
5279,204,163,196992,3386,3799622,2423800
5280,171,177,196820,3381,3799799,2334400
5281,168,177,196650,3374,3799976,2268900
5282,186,176,196471,3377,3800152,2289900
5283,193,182,196288,3378,3800334,2354600
5284,177,180,196099,3387,3800514,2355400
5285,175,194,195923,3369,3800708,2789100
5286,162,182,195755,3355,3800890,2851500
5287,163,179,195586,3345,3801069,2378000
5288,149,168,195438,3325,3801237,2370200
5289,172,161,195271,3331,3801398,2380400
5290,168,183,195107,3312,3801581,2501300
5291,177,169,194936,3314,3801750,2376600
5292,171,155,194756,3339,3801905,2417300
5293,150,148,194610,3337,3802053,2458800
5294,162,187,194451,3309,3802240,2528000
5295,148,167,194304,3289,3802407,2501500
5296,164,185,194140,3268,3802592,3131400
5297,168,183,193973,3252,3802775,2848400
5298,151,163,193814,3248,3802938,2821700
5299,177,177,193650,3235,3803115,2511400
5300,168,172,193472,3241,3803287,2674000
5301,160,188,193314,3211,3803475,2304200
5302,189,151,193128,3246,3803626,2503000
5303,177,173,192948,3253,3803799,2379600
5304,154,155,192786,3260,3803954,2294100
5305,155,149,192630,3267,3804103,2937100
5306,190,160,192458,3279,3804263,2382400
5307,173,184,192275,3278,3804447,2291500
5308,177,170,192100,3283,3804617,2365500
5309,179,184,191922,3277,3804801,4632900
5310,185,170,191724,3305,3804971,2550000
5311,168,199,191568,3262,3805170,2568100
5312,144,165,191419,3246,3805335,5513100
5313,171,192,191246,3227,3805527,2630300
5314,143,166,191106,3201,3805693,2626000
5315,156,173,190948,3186,3805866,2517500
5316,185,180,190767,3187,3806046,2550500
5317,150,161,190618,3175,3806207,2341700
5318,175,167,190440,3186,3806374,2507800
5319,146,169,190292,3165,3806543,2290700
5320,210,149,190097,3211,3806692,2740800
5321,196,169,189893,3246,3806861,2532200
5322,194,156,189708,3275,3807017,2528100
5323,175,171,189519,3293,3807188,2373100
5324,186,189,189336,3287,3807377,2523300
5325,149,171,189187,3265,3807548,2353300
5326,194,192,188990,3270,3807740,2267700
5327,177,155,188836,3269,3807895,2539200
5328,179,164,188643,3298,3808059,2242000
5329,158,171,188483,3287,3808230,2469700
5330,159,164,188322,3284,3808394,2218900
5331,198,186,188127,3293,3808580,2249600
5332,208,197,187911,3312,3808777,2259300
5333,197,172,187721,3330,3808949,2263800
5334,184,178,187543,3330,3809127,2761500
5335,176,184,187364,3325,3809311,2435600
5336,200,159,187159,3371,3809470,2479500
5337,178,188,186986,3356,3809658,2321700
5338,168,176,186806,3360,3809834,2280800
5339,183,195,186630,3341,3810029,2419900
5340,170,180,186461,3330,3810209,2363400
5341,187,173,186275,3343,3810382,2444000
5342,181,154,186097,3367,3810536,2252900
5343,158,161,185936,3367,3810697,2359300
5344,170,157,185761,3385,3810854,2297300
5345,161,186,185595,3365,3811040,2347100
5346,179,182,185421,3357,3811222,2573000
5347,189,180,185243,3355,3811402,2482900
5348,176,171,185062,3365,3811573,2746800
5349,197,159,184868,3400,3811732,2393600
5350,174,185,184685,3398,3811917,2349700
5351,183,186,184502,3395,3812103,2279400
5352,163,185,184341,3371,3812288,2437300
5353,156,153,184187,3372,3812441,2487300
5354,157,180,184027,3352,3812621,2532100
5355,171,182,183851,3346,3812803,2556500
5356,152,177,183705,3315,3812980,2482600
5357,185,161,183518,3341,3813141,2564100
5358,173,170,183352,3337,3813311,2458000
5359,167,166,183182,3341,3813477,2592000
5360,183,159,183011,3353,3813636,2525700
5361,150,184,182842,3338,3813820,2345000
5362,176,168,182673,3339,3813988,2544600
5363,157,178,182516,3318,3814166,2485800
5364,167,161,182351,3322,3814327,2404500
5365,166,189,182167,3317,3814516,2484400
5366,184,179,181988,3317,3814695,2342800
5367,167,164,181820,3321,3814859,2218100
5368,148,151,181682,3308,3815010,2396100
5369,176,158,181511,3321,3815168,2551900
5370,178,189,181331,3312,3815357,2631700
5371,201,173,181128,3342,3815530,2406000
5372,162,191,180967,3312,3815721,2383500
5373,188,188,180780,3311,3815909,2586300
5374,187,167,180600,3324,3816076,2305300
5375,195,191,180397,3336,3816267,2366800
5376,181,186,180212,3335,3816453,2313200
5377,168,201,180052,3294,3816654,2247600
5378,181,164,179866,3316,3816818,2381200
5379,197,161,179670,3351,3816979,2489500
5380,195,155,179477,3389,3817134,2496400
5381,192,166,179291,3409,3817300,2325900
5382,141,174,179134,3392,3817474,2501800
5383,176,178,178958,3390,3817652,2359900
5384,156,169,178799,3380,3817821,2305900
5385,185,151,178628,3400,3817972,2425700
5386,197,162,178437,3429,3818134,2282400
5387,176,194,178250,3422,3818328,2268300
5388,204,180,178047,3445,3818508,2300000
5389,192,203,177854,3435,3818711,2229400
5390,168,167,177689,3433,3818878,3876800
5391,198,170,177492,3460,3819048,2812900
5392,178,182,177303,3467,3819230,2507400
5393,165,169,177142,3459,3819399,2359800
5394,146,194,176991,3416,3819593,2263900
5395,192,181,176811,3415,3819774,3420800
5396,153,169,176652,3405,3819943,2504500
5397,176,183,176474,3400,3820126,2682100
5398,176,186,176300,3388,3820312,2402600
5399,144,176,176155,3357,3820488,2554600
5400,173,182,175994,3336,3820670,2391800
5401,166,173,175807,3350,3820843,2474600
5402,199,158,175638,3361,3821001,2271000
5403,151,172,175461,3366,3821173,2302400
5404,176,176,175290,3361,3821349,2340400
5405,217,159,175085,3407,3821508,2234100
5406,186,179,174900,3413,3821687,2218300
5407,182,176,174706,3431,3821863,2250600
5408,166,186,174536,3415,3822049,2316000
5409,173,179,174369,3403,3822228,4641100
5410,166,192,174203,3377,3822420,2560200
5411,161,180,174044,3356,3822600,2830300
5412,181,194,173850,3356,3822794,2753900
5413,193,181,173667,3358,3822975,2759900
5414,165,178,173500,3347,3823153,2738600
5415,167,160,173330,3357,3823313,2576500
5416,172,171,173155,3361,3823484,2501000
5417,190,151,172977,3388,3823635,2812600
5418,173,206,172797,3362,3823841,2699000
5419,155,195,172642,3322,3824036,2923500
5420,181,192,172467,3305,3824228,2688400
5421,160,164,172305,3303,3824392,2798500
5422,182,191,172134,3283,3824583,2634400
5423,157,189,171968,3260,3824772,2773400
5424,144,156,171829,3243,3824928,2726300
5425,144,151,171678,3243,3825079,2600700
5426,175,182,171497,3242,3825261,2527400
5427,172,167,171344,3228,3825428,2515000
5428,198,199,171139,3234,3825627,2559000
5429,171,187,170955,3231,3825814,3013900
5430,173,164,170787,3235,3825978,2671100
5431,161,175,170628,3219,3826153,3205900
5432,163,163,170462,3222,3826316,4607400
5433,156,185,170302,3197,3826501,2874900
5434,182,139,170121,3239,3826640,2623300
5435,180,175,169950,3235,3826815,2608000
5436,201,173,169751,3261,3826988,2698100
5437,153,155,169579,3278,3827143,2750500
5438,184,156,169413,3288,3827299,2770500
5439,176,184,169237,3280,3827483,3033100
5440,202,168,169029,3320,3827651,2514800
5441,159,171,168875,3303,3827822,2497700
5442,154,160,168714,3304,3827982,2559500
5443,164,164,168544,3310,3828146,2729200
5444,155,167,168401,3286,3828313,3182800
5445,169,188,168228,3271,3828501,2496900
5446,179,166,168060,3273,3828667,2643600
5447,151,171,167905,3257,3828838,2494300
5448,195,155,167702,3305,3828993,2334800
5449,176,170,167523,3314,3829163,2288900
5450,142,174,167375,3288,3829337,2349700
5451,152,168,167229,3266,3829505,2717600
5452,165,164,167061,3270,3829669,2805600
5453,173,164,166890,3277,3829833,2490800
5454,176,173,166716,3278,3830006,2634000
5455,174,155,166546,3293,3830161,2467100
5456,165,168,166380,3291,3830329,2522600
5457,154,171,166218,3282,3830500,2370600
5458,167,182,166050,3268,3830682,2363600
5459,146,189,165917,3212,3830871,2320800
5460,143,182,165764,3183,3831053,5306300
5461,170,164,165600,3183,3831217,2589900
5462,167,167,165433,3183,3831384,2687000
5463,162,160,165269,3187,3831544,2430600
5464,187,171,165087,3198,3831715,2432700
5465,179,154,164897,3234,3831869,2321300
5466,171,155,164732,3244,3832024,2454300
5467,160,138,164578,3260,3832162,2425000
5468,149,172,164423,3243,3832334,2339000
5469,168,149,164260,3257,3832483,2340600
5470,152,156,164094,3267,3832639,2241900
5471,144,165,163954,3242,3832804,2353800
5472,153,153,163809,3234,3832957,2225600
5473,169,169,163641,3233,3833126,2278600
5474,170,161,163467,3246,3833287,2429500
5475,168,173,163299,3241,3833460,2415700
5476,151,148,163150,3242,3833608,2509900
5477,169,164,162982,3246,3833772,2342000
5478,188,166,162795,3267,3833938,2498300
5479,170,177,162618,3267,3834115,2434300
5480,183,151,162451,3283,3834266,2545900
5481,174,164,162266,3304,3834430,2794500
5482,170,184,162092,3294,3834614,2728800
5483,187,173,161913,3300,3834787,2803800
5484,169,183,161740,3290,3834970,2590500
5485,183,177,161562,3291,3835147,2502100
5486,180,149,161370,3334,3835296,2546000
5487,185,185,161201,3318,3835481,2482300
5488,192,189,161001,3329,3835670,2904700
5489,183,196,160819,3315,3835866,2372300
5490,165,167,160644,3323,3836033,3116900
5491,195,193,160463,3311,3836226,2838800
5492,180,185,160277,3312,3836411,2755000
5493,165,167,160105,3317,3836578,3298600
5494,155,164,159964,3294,3836742,2745900
5495,184,170,159771,3317,3836912,2491400
5496,169,168,159608,3312,3837080,2448600
5497,154,177,159448,3295,3837257,2425800
5498,184,162,159266,3315,3837419,2522200
5499,173,137,159088,3356,3837556,2654600
5500,158,162,158934,3348,3837718,2612800
5501,170,164,158767,3351,3837882,2572500
5502,178,172,158580,3366,3838054,2408100
5503,146,159,158439,3348,3838213,2626800
5504,157,165,158270,3352,3838378,2365800
5505,179,173,158098,3351,3838551,2651700
5506,161,178,157941,3330,3838729,2560200
5507,138,169,157796,3306,3838898,2399200
5508,141,150,157663,3289,3839048,2425700
5509,144,149,157512,3291,3839197,2566100
5510,159,149,157354,3300,3839346,2456700
5511,182,157,157181,3316,3839503,2379600
5512,169,172,157009,3316,3839675,2682300
5513,140,178,156865,3282,3839853,2574900
5514,175,168,156682,3297,3840021,2804400
5515,147,160,156552,3267,3840181,2760300
5516,157,164,156391,3264,3840345,2993000
5517,155,175,156228,3252,3840520,2688100
5518,160,154,156072,3254,3840674,2703200
5519,151,179,155921,3226,3840853,2549700
5520,161,188,155765,3194,3841041,2578800
5521,175,168,155591,3200,3841209,2300500
5522,173,159,155410,3222,3841368,2490300
5523,154,162,155262,3208,3841530,2447900
5524,167,188,155090,3192,3841718,2389700
5525,173,190,154929,3163,3841908,2274400
5526,148,136,154771,3185,3842044,2522400
5527,146,166,154618,3172,3842210,2630700
5528,156,148,154468,3174,3842358,2432500
5529,171,137,154295,3210,3842495,3434500
5530,167,167,154129,3209,3842662,2442400
5531,192,163,153940,3235,3842825,2597500
5532,147,135,153790,3250,3842960,2501800
5533,173,168,153617,3255,3843128,2632200
5534,149,172,153480,3220,3843300,2899600
5535,192,163,153279,3258,3843463,3770400
5536,163,136,153108,3293,3843599,2970300
5537,158,204,152959,3238,3843803,3507900
5538,166,159,152797,3241,3843962,3890800
5539,187,174,152612,3252,3844136,2769800
5540,157,165,152450,3249,3844301,2718500
5541,188,183,152263,3253,3844484,2655600
5542,140,164,152125,3227,3844648,2523500
5543,189,181,151926,3245,3844829,2532400
5544,141,170,151781,3220,3844999,2515400
5545,148,149,151645,3207,3845148,2498900
5546,135,157,151501,3194,3845305,2365000
5547,156,172,151345,3178,3845477,6482300
5548,148,160,151209,3154,3845637,3554100
5549,138,133,151063,3167,3845770,2937100
5550,164,160,150906,3164,3845930,2945400
5551,161,162,150740,3168,3846092,2586800
5552,171,157,150574,3177,3846249,2381500
5553,148,185,150428,3138,3846434,2480900
5554,142,169,150278,3119,3846603,2689900
5555,156,152,150114,3131,3846755,2630900
5556,166,153,149958,3134,3846908,2752500
5557,162,174,149793,3125,3847082,2724600
5558,171,168,149629,3121,3847250,2969300
5559,145,165,149474,3111,3847415,2627100
5560,171,156,149305,3124,3847571,2772000
5561,170,164,149143,3122,3847735,2693800
5562,144,155,148988,3122,3847890,2371400
5563,170,160,148841,3109,3848050,2501400
5564,160,166,148665,3119,3848216,2343600
5565,162,158,148504,3122,3848374,2455100
5566,155,148,148345,3133,3848522,2511200
5567,160,175,148184,3119,3848697,2283900
5568,151,157,148040,3106,3848854,2815500
5569,145,148,147890,3108,3849002,2329300
5570,142,136,147745,3117,3849138,2679000
5571,143,170,147604,3088,3849308,2524200
5572,153,155,147446,3091,3849463,3964300
5573,153,156,147295,3086,3849619,2966700
5574,160,171,147136,3074,3849790,2685800
5575,144,162,146993,3055,3849952,2633900
5576,146,153,146851,3044,3850105,2399700
5577,163,141,146691,3063,3850246,2479400
5578,174,172,146513,3069,3850418,2554800
5579,186,152,146331,3099,3850570,2403500
5580,141,169,146182,3079,3850739,3976800
5581,163,176,146031,3054,3850915,3755400
5582,153,149,145873,3063,3851064,3419300
5583,144,183,145729,3024,3851247,3286100
5584,149,155,145576,3022,3851402,4391700
5585,139,158,145435,3005,3851560,2715200
5586,122,156,145311,2973,3851716,2490200
5587,154,145,145158,2981,3851861,2499300
5588,154,148,145002,2989,3852009,2457700
5589,150,141,144858,2992,3852150,2549800
5590,158,167,144697,2986,3852317,2579800
5591,150,158,144544,2981,3852475,2431300
5592,138,146,144417,2962,3852621,2325200
5593,129,152,144276,2951,3852773,2418500
5594,141,165,144135,2927,3852938,3457300
5595,136,160,144000,2902,3853098,2625500
5596,152,147,143850,2905,3853245,4033100
5597,149,152,143696,2907,3853397,4373200
5598,171,147,143535,2921,3853544,2804400
5599,173,163,143369,2924,3853707,2606900
5600,132,136,143234,2923,3853843,2530600
5601,162,154,143059,2944,3853997,3163900
5602,137,158,142928,2917,3854155,2710500
5603,152,155,142772,2918,3854310,2404200
5604,143,165,142633,2892,3854475,2604900
5605,136,149,142497,2879,3854624,2489400
5606,167,155,142334,2887,3854779,2718400
5607,160,139,142161,2921,3854918,2840900
5608,134,140,142036,2906,3855058,3300500
5609,139,143,141902,2897,3855201,2943000
5610,140,146,141760,2893,3855347,2792600
5611,149,144,141612,2897,3855491,2452700
5612,145,154,141465,2890,3855645,2527800
5613,148,158,141320,2877,3855803,2414800
5614,118,146,141196,2855,3855949,2510200
5615,164,128,141033,2890,3856077,3071300
5616,140,150,140888,2885,3856227,8265000
5617,137,165,140759,2849,3856392,12225500
5618,121,130,140636,2842,3856522,3027800
5619,144,142,140490,2846,3856664,2770900
5620,129,151,140361,2824,3856815,2378900
5621,144,154,140226,2805,3856969,2367200
5622,164,146,140056,2829,3857115,2677300
5623,126,159,139923,2803,3857274,2445000
5624,140,150,139790,2786,3857424,2553200
5625,127,147,139658,2771,3857571,2555100
5626,166,152,139495,2782,3857723,2461500
5627,168,135,139328,2814,3857858,2331400
5628,139,137,139184,2821,3857995,2648000
5629,149,152,139033,2820,3858147,2407200
5630,162,160,138887,2806,3858307,2463300
5631,136,166,138748,2779,3858473,2372500
5632,149,129,138598,2800,3858602,2468200
5633,157,144,138443,2811,3858746,3212600
5634,134,173,138297,2784,3858919,3843800
5635,130,157,138174,2750,3859076,3820500
5636,135,121,138044,2759,3859197,3058000
5637,132,139,137905,2759,3859336,2846700
5638,162,158,137745,2761,3859494,2603200
5639,153,149,137600,2757,3859643,2644500
5640,139,114,137449,2794,3859757,2575200
5641,146,144,137307,2792,3859901,2417700
5642,160,147,137154,2798,3860048,2353800
5643,163,149,136987,2816,3860197,2363300
5644,185,143,136799,2861,3860340,2256100
5645,138,143,136652,2865,3860483,2263100
5646,138,171,136524,2822,3860654,2519200
5647,162,157,136365,2824,3860811,2411400
5648,145,146,136214,2829,3860957,2843500
5649,150,165,136066,2812,3861122,2577400
5650,147,156,135917,2805,3861278,2863900
5651,132,147,135777,2798,3861425,2636200
5652,152,152,135630,2793,3861577,2470100
5653,145,168,135483,2772,3861745,5426200
5654,152,149,135342,2764,3861894,3742000
5655,144,159,135185,2762,3862053,2646400
5656,143,149,135046,2752,3862202,2797600
5657,144,153,134909,2736,3862355,2775500
5658,149,152,134764,2729,3862507,2609100
5659,167,127,134594,2772,3862634,2789200
5660,146,138,134433,2795,3862772,2773700
5661,164,146,134282,2800,3862918,2672600
5662,165,160,134116,2806,3863078,2440900
5663,136,161,133968,2793,3863239,2591300
5664,146,148,133840,2773,3863387,2495900
5665,145,138,133694,2781,3863525,2506800
5666,144,147,133540,2788,3863672,2403100
5667,136,147,133404,2777,3863819,2827600
5668,160,144,133249,2788,3863963,6070000
5669,150,149,133096,2792,3864112,3005400
5670,148,137,132952,2799,3864249,3038900
5671,128,151,132821,2779,3864400,3036200
5672,161,147,132666,2787,3864547,3624500
5673,163,153,132490,2810,3864700,2531200
5674,176,157,132323,2820,3864857,2718400
5675,148,157,132167,2819,3865014,2479000
5676,152,145,132023,2818,3865159,2532500
5677,131,142,131882,2817,3865301,2478600
5678,143,142,131749,2808,3865443,2607100
5679,154,131,131606,2820,3865574,2656700
5680,162,146,131439,2841,3865720,2622100
5681,148,155,131286,2839,3865875,2586000
5682,146,144,131134,2847,3866019,2528200
5683,158,136,130978,2867,3866155,2645000
5684,157,149,130822,2874,3866304,2501700
5685,141,152,130682,2862,3866456,2555700
5686,160,141,130524,2879,3866597,2495000
5687,131,142,130390,2871,3866739,2690000
5688,138,149,130256,2856,3866888,2407900
5689,132,131,130114,2867,3867019,2397500
5690,140,151,129984,2846,3867170,2284900
5691,137,164,129841,2825,3867334,2334600
5692,124,153,129714,2799,3867487,2306800
5693,94,138,129613,2762,3867625,2299300
5694,114,139,129503,2733,3867764,2355900
5695,119,150,129387,2699,3867914,2253800
5696,141,140,129255,2691,3868054,2474700
5697,142,142,129107,2697,3868196,2770200
5698,146,136,128966,2702,3868332,2570300
5699,145,137,128819,2712,3868469,2495900
5700,144,165,128672,2694,3868634,2463900
5701,147,124,128520,2722,3868758,2540100
5702,134,134,128387,2721,3868892,2908100
5703,126,151,128268,2689,3869043,2912500
5704,136,124,128129,2704,3869167,2515200
5705,138,160,127992,2681,3869327,2647300
5706,127,133,127869,2671,3869460,2658500
5707,127,164,127738,2638,3869624,2785000
5708,151,142,127586,2648,3869766,2891900
5709,161,134,127424,2676,3869900,2836600
5710,145,142,127277,2681,3870042,2508400
5711,137,118,127143,2697,3870160,2329700
5712,149,152,126992,2696,3870312,2340700
5713,144,162,126847,2679,3870474,2438200
5714,134,136,126714,2676,3870610,2256600
5715,140,121,126581,2688,3870731,2602400
5716,150,134,126425,2710,3870865,2388100
5717,140,137,126291,2707,3871002,2274500
5718,126,140,126157,2701,3871142,2239600
5719,130,146,126032,2680,3871288,2259800
5720,117,155,125903,2654,3871443,2588900
5721,107,149,125797,2611,3871592,3043700
5722,127,141,125673,2594,3871733,2602200
5723,121,125,125559,2583,3871858,2357300
5724,123,162,125429,2551,3872020,2489600
5725,127,119,125307,2554,3872139,2387200
5726,108,126,125194,2541,3872265,4402200
5727,102,144,125092,2499,3872409,2550900
5728,133,124,124957,2510,3872533,3759300
5729,106,127,124849,2491,3872660,3136800
5730,134,138,124722,2480,3872798,2458500
5731,116,123,124601,2478,3872921,2400300
5732,117,111,124488,2480,3873032,2487900
5733,111,137,124380,2451,3873169,2416100
5734,98,117,124276,2438,3873286,2195900
5735,123,142,124156,2416,3873428,2158100
5736,112,121,124038,2413,3873549,2161900
5737,123,117,123922,2412,3873666,2120000
5738,120,151,123796,2387,3873817,2198700
5739,131,126,123663,2394,3873943,2308600
5740,125,116,123542,2399,3874059,2258900
5741,99,95,123437,2409,3874154,2357900
5742,118,136,123329,2381,3874290,2247800
5743,91,118,123229,2363,3874408,2320000
5744,100,135,123130,2327,3874543,2422500
5745,105,122,123032,2303,3874665,2333600
5746,119,134,122917,2284,3874799,2563400
5747,92,108,122822,2271,3874907,2469200
5748,117,115,122702,2276,3875022,2407600
5749,118,119,122579,2280,3875141,2283800
5750,117,122,122467,2270,3875263,2503600
5751,130,101,122346,2290,3875364,2365600
5752,97,109,122240,2287,3875473,2452900
5753,97,117,122137,2273,3875590,2341400
5754,116,134,122029,2247,3875724,2231900
5755,95,109,121933,2234,3875833,2399400
5756,121,99,121816,2252,3875932,2222100
5757,137,111,121674,2283,3876043,2344100
5758,116,114,121560,2283,3876157,2375300
5759,112,128,121448,2267,3876285,2243000
5760,120,122,121323,2270,3876407,2251000
5761,114,116,121220,2257,3876523,2234400
5762,119,125,121094,2258,3876648,2251300
5763,133,115,120964,2273,3876763,2174900
5764,109,108,120849,2280,3876871,2197900
5765,106,113,120748,2268,3876984,2376900
5766,141,121,120606,2289,3877105,2310200
5767,133,137,120482,2276,3877242,2640000
5768,123,91,120350,2317,3877333,2340300
5769,110,121,120235,2311,3877454,2403600
5770,114,125,120128,2293,3877579,2347700
5771,137,107,119986,2328,3877686,2407500
5772,102,106,119882,2326,3877792,2654600
5773,126,106,119754,2348,3877898,2333300
5774,118,128,119642,2332,3878026,2459100
5775,129,138,119512,2324,3878164,2321900
5776,103,122,119404,2310,3878286,3084300
5777,110,104,119294,2316,3878390,2599200
5778,101,128,119197,2285,3878518,2418500
5779,106,117,119089,2276,3878635,2454900
5780,116,117,118973,2275,3878752,2478900
5781,102,135,118867,2246,3878887,2442600
5782,129,113,118743,2257,3879000,2430900
5783,127,115,118625,2260,3879115,2460800
5784,117,116,118499,2270,3879231,2524700
5785,104,124,118394,2251,3879355,2604600
5786,109,125,118284,2236,3879480,2402500
5787,106,120,118177,2223,3879600,2311600
5788,96,105,118083,2212,3879705,2228200
5789,112,93,117969,2233,3879798,2330000
5790,118,123,117856,2223,3879921,2388700
5791,97,133,117762,2184,3880054,2244300
5792,90,118,117661,2167,3880172,2303300
5793,95,105,117577,2146,3880277,2382600
5794,96,116,117470,2137,3880393,2503100
5795,94,97,117384,2126,3880490,2455500
5796,100,124,117281,2105,3880614,2433400
5797,101,103,117178,2105,3880717,2428800
5798,108,128,117074,2081,3880845,2513200
5799,111,116,116960,2079,3880961,2520900
5800,100,118,116861,2060,3881079,3147100
5801,97,107,116764,2050,3881186,3440500
5802,93,106,116671,2037,3881292,3017300
5803,114,109,116563,2036,3881401,3042900
5804,94,106,116465,2028,3881507,2919000
5805,112,100,116355,2038,3881607,3043800
5806,117,112,116238,2043,3881719,3530900
5807,102,93,116128,2060,3881812,2492800
5808,110,107,116023,2058,3881919,6233600
5809,129,119,115902,2060,3882038,2904600
5810,122,128,115777,2057,3882166,2769600
5811,96,105,115683,2046,3882271,2723600
5812,89,103,115583,2043,3882374,2638400
5813,96,104,115492,2030,3882478,2527100
5814,110,101,115385,2036,3882579,2494900
5815,84,96,115291,2034,3882675,2367800
5816,86,99,115209,2017,3882774,2220100
5817,108,118,115111,1997,3882892,2223200
5818,94,100,115004,2004,3882992,2290700
5819,98,114,114915,1979,3883106,2326800
5820,97,112,114811,1971,3883218,2333500
5821,101,107,114716,1959,3883325,2268300
5822,90,113,114614,1948,3883438,2348600
5823,96,96,114523,1943,3883534,2245900
5824,88,96,114438,1932,3883630,2724500
5825,111,102,114323,1945,3883732,2538200
5826,83,99,114237,1932,3883831,2365300
5827,84,101,114156,1912,3883932,2345300
5828,100,98,114061,1909,3884030,2350500
5829,105,94,113959,1917,3884124,2235900
5830,91,103,113860,1913,3884227,2260700
5831,103,82,113758,1933,3884309,2203400
5832,101,100,113664,1927,3884409,2211600
5833,110,86,113550,1955,3884495,2262100
5834,116,106,113433,1966,3884601,2460500
5835,101,93,113334,1972,3884694,2660700
5836,82,107,113251,1948,3884801,2402900
5837,101,103,113153,1943,3884904,2354700
5838,103,93,113044,1959,3884997,2141800
5839,111,101,112939,1963,3885098,2309600
5840,124,99,112810,1993,3885197,2378400
5841,129,110,112685,2008,3885307,2470200
5842,103,100,112582,2011,3885407,2413900
5843,114,94,112466,2033,3885501,2258900
5844,113,108,112358,2033,3885609,2324500
5845,108,112,112245,2034,3885721,2376400
5846,114,98,112134,2047,3885819,2362800
5847,117,103,112019,2059,3885922,2293100
5848,94,100,111924,2054,3886022,2511900
5849,102,115,111817,2046,3886137,2400800
5850,110,105,111707,2051,3886242,2413200
5851,90,120,111621,2017,3886362,2200900
5852,103,93,111514,2031,3886455,2213200
5853,102,110,111417,2018,3886565,3794100
5854,97,107,111311,2017,3886672,2593000
5855,118,106,111199,2023,3886778,2471100
5856,79,96,111111,2015,3886874,2762400
5857,103,98,111022,2006,3886972,2782300
5858,87,88,110921,2019,3887060,2464000
5859,98,95,110829,2016,3887155,2352000
5860,90,98,110741,2006,3887253,2312700
5861,102,103,110647,1997,3887356,2261000
5862,77,102,110557,1985,3887458,2198200
5863,100,104,110462,1976,3887562,2447100
5864,84,106,110374,1958,3887668,2537200
5865,82,98,110301,1933,3887766,2440000
5866,77,108,110217,1909,3887874,2321800
5867,73,103,110141,1882,3887977,2206400
5868,103,96,110045,1882,3888073,2375600
5869,76,104,109964,1859,3888177,2749200
5870,95,115,109869,1839,3888292,2799100
5871,100,104,109771,1833,3888396,2634300
5872,102,97,109668,1839,3888493,2510700
5873,76,97,109590,1820,3888590,2402500
5874,68,108,109519,1783,3888698,2404100
5875,74,82,109448,1772,3888780,2376600
5876,109,95,109347,1778,3888875,2461200
5877,72,92,109274,1759,3888967,2377500
5878,87,79,109184,1770,3889046,2264300
5879,85,100,109095,1759,3889146,2564700
5880,96,79,109005,1770,3889225,2425200
5881,93,101,108909,1765,3889326,2336900
5882,76,104,108834,1736,3889430,2648400
5883,73,83,108759,1728,3889513,2475100
5884,89,90,108672,1725,3889603,2618000
5885,88,101,108585,1711,3889704,2487800
5886,70,91,108509,1696,3889795,2340600
5887,73,91,108433,1681,3889886,2362400
5888,78,104,108355,1655,3889990,2523600
5889,73,83,108284,1643,3890073,2771300
5890,83,73,108201,1653,3890146,2965000
5891,94,91,108111,1652,3890237,2537500
5892,90,82,108026,1655,3890319,2630800
5893,89,70,107931,1680,3890389,2441600
5894,82,70,107860,1681,3890459,2439100
5895,98,94,107759,1688,3890553,2412400
5896,78,77,107674,1696,3890630,2459800
5897,103,94,107575,1701,3890724,2442500
5898,74,80,107495,1701,3890804,2683700
5899,92,74,107410,1712,3890878,2540100
5900,101,98,107309,1715,3890976,2540200
5901,88,90,107221,1713,3891066,3179200
5902,76,89,107140,1705,3891155,2626900
5903,71,88,107073,1684,3891243,2523100
5904,86,97,106984,1676,3891340,2380700
5905,72,73,106911,1676,3891413,2464200
5906,93,74,106822,1691,3891487,2427100
5907,89,91,106729,1693,3891578,2576700
5908,90,94,106642,1686,3891672,2389500
5909,88,98,106549,1681,3891770,2560600
5910,92,79,106462,1689,3891849,2687000
5911,87,84,106369,1698,3891933,2538700
5912,85,84,106282,1701,3892017,2556400
5913,80,88,106202,1693,3892105,2622700
5914,95,97,106117,1681,3892202,2576300
5915,97,99,106022,1677,3892301,2551600
5916,97,82,105922,1695,3892383,2839700
5917,76,86,105838,1693,3892469,2434100
5918,90,84,105757,1690,3892553,2566100
5919,84,99,105667,1681,3892652,2336900
5920,102,85,105568,1695,3892737,2385800
5921,101,84,105469,1710,3892821,2417800
5922,104,100,105360,1719,3892921,2563700
5923,89,84,105270,1725,3893005,2530600
5924,102,105,105178,1712,3893110,2717600
5925,92,70,105079,1741,3893180,2556600
5926,96,75,104992,1753,3893255,2562200
5927,99,91,104888,1766,3893346,2547900
5928,95,94,104795,1765,3893440,2348700
5929,91,95,104697,1768,3893535,3018900
5930,91,100,104609,1756,3893635,2610900
5931,104,82,104504,1779,3893717,2704900
5932,102,104,104404,1775,3893821,4754000
5933,93,103,104310,1766,3893924,3028700
5934,79,99,104224,1753,3894023,2844400
5935,83,86,104143,1748,3894109,2475300
5936,78,97,104068,1726,3894206,2432700
5937,106,89,103967,1738,3894295,2506200
5938,77,92,103885,1728,3894387,3274100
5939,78,92,103809,1712,3894479,2948400
5940,91,103,103717,1701,3894582,2783700
5941,69,87,103637,1694,3894669,2606500
5942,78,88,103564,1679,3894757,2503900
5943,88,59,103480,1704,3894816,2429900
5944,80,88,103399,1697,3894904,2378800
5945,61,81,103333,1682,3894985,2484000
5946,75,88,103260,1667,3895073,2526300
5947,68,79,103189,1659,3895152,2569700
5948,77,90,103121,1637,3895242,2453400
5949,70,80,103044,1634,3895322,2883200
5950,76,87,102972,1619,3895409,2557900
5951,87,95,102885,1611,3895504,2623600
5952,91,82,102803,1611,3895586,2411600
5953,72,81,102722,1611,3895667,2528700
5954,78,86,102643,1604,3895753,2429400
5955,94,76,102551,1620,3895829,2641300
5956,80,77,102466,1628,3895906,2552700
5957,89,95,102383,1616,3896001,2673800
5958,94,78,102289,1632,3896079,2742500
5959,95,92,102189,1640,3896171,2545700
5960,95,91,102100,1638,3896262,2493900
5961,113,90,101989,1659,3896352,2413300
5962,104,88,101888,1672,3896440,2592800
5963,112,80,101774,1706,3896520,2537300
5964,116,100,101656,1724,3896620,2695800
5965,94,87,101561,1732,3896707,2868500
5966,96,85,101464,1744,3896792,2780300
5967,106,101,101359,1748,3896893,2670200
5968,94,97,101265,1745,3896990,2705800
5969,107,100,101159,1751,3897090,2729500
5970,88,97,101066,1747,3897187,2808600
5971,71,91,101002,1720,3897278,2512600
5972,89,91,100904,1727,3897369,2650900
5973,81,89,100821,1721,3897458,2586300
5974,73,102,100751,1689,3897560,2473200
5975,73,103,100680,1657,3897663,2367200
5976,89,75,100592,1670,3897738,2596300
5977,76,91,100510,1661,3897829,2810500
5978,79,95,100440,1636,3897924,2460900
5979,101,83,100338,1655,3898007,2456100
5980,87,87,100245,1661,3898094,2467200
5981,76,81,100169,1656,3898175,2970500
5982,90,73,100078,1674,3898248,2679900
5983,82,97,100004,1651,3898345,2707000
5984,74,98,99921,1636,3898443,2657800
5985,79,91,99849,1617,3898534,2891500
5986,89,83,99768,1615,3898617,2811900
5987,66,88,99693,1602,3898705,3276700
5988,67,90,99620,1585,3898795,2868100
5989,81,101,99544,1560,3898896,2708600
5990,55,83,99488,1533,3898979,2956500
5991,71,86,99420,1515,3899065,2642200
5992,92,83,99334,1518,3899148,2571900
5993,89,83,99231,1538,3899231,4019000
5994,75,86,99161,1522,3899317,2873000
5995,67,88,99094,1501,3899405,2765500
5996,64,95,99029,1471,3899500,2798400
5997,74,76,98956,1468,3899576,2789000
5998,69,67,98883,1474,3899643,2967400
5999,90,86,98795,1476,3899729,2752200
6000,64,77,98728,1466,3899806,2771500
6001,72,71,98666,1457,3899877,2564100
6002,64,102,98597,1424,3899979,2491200
6003,78,66,98520,1435,3900045,2569700
6004,77,83,98444,1428,3900128,2683200
6005,67,88,98377,1407,3900216,2490300
6006,75,76,98297,1411,3900292,2535200
6007,71,70,98230,1408,3900362,2586800
6008,92,70,98136,1432,3900432,4554600
6009,77,70,98063,1435,3900502,3504300
6010,74,67,97991,1440,3900569,2708600
6011,94,68,97895,1468,3900637,2537100
6012,75,77,97814,1472,3900714,2587100
6013,65,66,97752,1468,3900780,2625200
6014,61,78,97690,1452,3900858,2588300
6015,90,69,97600,1473,3900927,2297600
6016,92,72,97516,1485,3900999,2409300
6017,98,75,97418,1508,3901074,2268900
6018,89,94,97328,1504,3901168,2805300
6019,101,87,97221,1524,3901255,3020300
6020,70,78,97149,1518,3901333,2906600
6021,89,68,97062,1537,3901401,2576900
6022,87,67,96978,1554,3901468,3050900
6023,84,92,96896,1544,3901560,3797600
6024,90,83,96801,1556,3901643,2928100
6025,101,72,96704,1581,3901715,2624300
6026,109,97,96590,1598,3901812,4127500
6027,80,69,96511,1608,3901881,3384600
6028,88,71,96425,1623,3901952,2490600
6029,76,100,96351,1597,3902052,2719400
6030,80,81,96268,1599,3902133,2613800
6031,71,90,96200,1577,3902223,2518700
6032,68,97,96135,1545,3902320,2419800
6033,89,72,96041,1567,3902392,2552700
6034,67,69,95972,1567,3902461,2523300
6035,79,81,95888,1570,3902542,2674500
6036,85,92,95808,1558,3902634,2634000
6037,81,86,95728,1552,3902720,2539900
6038,69,75,95652,1553,3902795,2897300
6039,84,90,95576,1539,3902885,2422600
6040,85,71,95492,1552,3902956,2679300
6041,76,82,95415,1547,3903038,2355300
6042,75,85,95337,1540,3903123,2453700
6043,82,62,95264,1551,3903185,2348700
6044,92,90,95165,1560,3903275,2364800
6045,91,75,95081,1569,3903350,2342800
6046,86,64,94988,1598,3903414,4382100
6047,118,78,94872,1636,3903492,2520500
6048,82,96,94785,1627,3903588,2506700
6049,89,93,94704,1615,3903681,2439300
6050,88,66,94608,1645,3903747,2432500
6051,92,89,94526,1638,3903836,2389900
6052,101,90,94416,1658,3903926,2569500
6053,86,87,94334,1653,3904013,2544700
6054,68,90,94262,1635,3904103,2391400
6055,92,88,94179,1630,3904191,2527700
6056,70,96,94103,1610,3904287,2289000
6057,78,74,94025,1614,3904361,2647600
6058,91,69,93937,1633,3904430,2317500
6059,95,85,93843,1642,3904515,2581200
6060,87,74,93751,1660,3904589,2386100
6061,82,84,93675,1652,3904673,2283200
6062,67,79,93600,1648,3904752,2427500
6063,79,65,93523,1660,3904817,2607100
6064,85,91,93446,1646,3904908,2485800
6065,89,94,93352,1646,3905002,4585800
6066,79,91,93265,1642,3905093,2676900
6067,95,81,93178,1648,3905174,2875700
6068,84,73,93093,1660,3905247,2407600
6069,82,97,93011,1645,3905344,2628800
6070,70,79,92939,1638,3905423,2410300
6071,78,94,92867,1616,3905517,2297600
6072,73,92,92789,1602,3905609,2695900
6073,82,85,92712,1594,3905694,2451600
6074,87,95,92619,1592,3905789,2873900
6075,67,88,92551,1572,3905877,2581400
6076,75,72,92475,1576,3905949,2678400
6077,88,88,92390,1573,3906037,2374800
6078,97,94,92299,1570,3906131,2958700
6079,68,80,92224,1565,3906211,2630900
6080,86,88,92138,1563,3906299,3062100
6081,78,75,92060,1566,3906374,2527900
6082,87,77,91974,1575,3906451,2342700
6083,74,92,91896,1561,3906543,5139400
6084,88,70,91813,1574,3906613,2928200
6085,74,84,91738,1565,3906697,2829300
6086,90,73,91650,1580,3906770,3070700
6087,81,78,91568,1584,3906848,2846800
6088,83,91,91481,1580,3906939,2515200
6089,73,86,91409,1566,3907025,2568700
6090,68,98,91344,1533,3907123,2555100
6091,94,77,91253,1547,3907200,2371400
6092,75,82,91171,1547,3907282,2244800
6093,74,75,91102,1541,3907357,2192100
6094,75,82,91020,1541,3907439,2112600
6095,93,92,90933,1536,3907531,2160500
6096,83,75,90849,1545,3907606,2256000
6097,85,79,90767,1548,3907685,2235300
6098,85,90,90677,1548,3907775,2294900
6099,83,80,90595,1550,3907855,2507000
6100,74,69,90514,1562,3907924,2251600
6101,72,88,90451,1537,3908012,2331100
6102,63,68,90385,1535,3908080,2353800
6103,80,89,90312,1519,3908169,2225300
6104,80,82,90229,1520,3908251,2191200
6105,87,86,90134,1529,3908337,2574500
6106,74,72,90063,1528,3908409,2528200
6107,80,83,89984,1524,3908492,2205600
6108,87,85,89903,1520,3908577,2625600
6109,78,85,89813,1525,3908662,2281800
6110,66,78,89752,1508,3908740,2241400
6111,69,90,89686,1484,3908830,2131500
6112,78,68,89611,1491,3908898,2189700
6113,83,82,89524,1496,3908980,2162600
6114,74,63,89450,1507,3909043,2192700
6115,73,67,89372,1518,3909110,2180400
6116,71,67,89302,1521,3909177,2230400
6117,91,76,89213,1534,3909253,2338600
6118,96,82,89120,1545,3909335,2333400
6119,87,89,89037,1539,3909424,2273700
6120,77,68,88962,1546,3909492,2222800
6121,105,72,88850,1586,3909564,2321800
6122,74,80,88774,1582,3909644,2221100
6123,74,82,88705,1569,3909726,2187800
6124,85,82,88620,1572,3909808,2115600
6125,96,85,88521,1586,3909893,2174600
6126,80,83,88445,1579,3909976,2131200
6127,79,82,88363,1579,3910058,2171600
6128,74,82,88292,1568,3910140,2511000
6129,75,88,88214,1558,3910228,2352900
6130,94,84,88122,1566,3910312,2770300
6131,79,72,88044,1572,3910384,2284800
6132,101,88,87944,1584,3910472,2352100
6133,88,77,87857,1594,3910549,2303400
6134,93,80,87761,1610,3910629,2191000
6135,89,89,87676,1606,3910718,2356300
6136,93,74,87577,1631,3910792,2309300
6137,89,71,87494,1643,3910863,2261500
6138,91,88,87401,1648,3910951,2212200
6139,97,77,87303,1669,3911028,2181200
6140,87,90,87213,1669,3911118,2127400
6141,102,86,87105,1691,3911204,2149300
6142,68,82,87040,1674,3911286,2183100
6143,74,91,86968,1655,3911377,2208700
6144,89,94,86881,1648,3911471,3622100
6145,94,71,86786,1672,3911542,2421200
6146,80,91,86702,1665,3911633,2425900
6147,88,83,86628,1656,3911716,2329700
6148,93,90,86527,1667,3911806,2333100
6149,81,86,86444,1664,3911892,2256300
6150,77,71,86363,1674,3911963,2454600
6151,91,97,86275,1665,3912060,2196600
6152,91,66,86187,1687,3912126,2242200
6153,71,90,86110,1674,3912216,2217400
6154,81,100,86034,1650,3912316,2165200
6155,74,76,85958,1650,3912392,2157900
6156,64,60,85895,1653,3912452,2390100
6157,84,84,85813,1651,3912536,2405900
6158,73,89,85738,1637,3912625,2247100
6159,67,75,85665,1635,3912700,2285600
6160,64,74,85607,1619,3912774,2226400
6161,70,63,85537,1626,3912837,2212600
6162,76,75,85461,1627,3912912,2141200
6163,81,89,85380,1619,3913001,2265200
6164,73,90,85308,1601,3913091,2185500
6165,76,70,85232,1607,3913161,2137200
6166,61,82,85166,1591,3913243,2092400
6167,82,83,85092,1582,3913326,2089100
6168,75,98,85013,1563,3913424,2086500
6169,72,81,84944,1551,3913505,2118000
6170,72,82,84867,1546,3913587,2052700
6171,83,82,84783,1548,3913669,2184100
6172,72,92,84708,1531,3913761,2191900
6173,58,83,84654,1502,3913844,2144600
6174,62,67,84590,1499,3913911,2204900
6175,60,73,84526,1490,3913984,2227600
6176,61,74,84466,1476,3914058,2212700
6177,58,76,84410,1456,3914134,2276300
6178,68,89,84343,1434,3914223,2332400
6179,53,69,84288,1420,3914292,2390400
6180,57,64,84229,1415,3914356,2273700
6181,74,67,84156,1421,3914423,2241700
6182,71,90,84086,1401,3914513,2210400
6183,80,72,84009,1406,3914585,2266400
6184,66,65,83944,1406,3914650,2353900
6185,77,66,83864,1420,3914716,2333100
6186,72,65,83792,1427,3914781,2340700
6187,70,72,83727,1420,3914853,2218300
6188,73,72,83649,1426,3914925,2185300
6189,63,82,83585,1408,3915007,2107900
6190,58,75,83527,1391,3915082,2108800
6191,76,88,83454,1376,3915170,2078300
6192,65,58,83389,1383,3915228,2220200
6193,69,62,83318,1392,3915290,3036700
6194,54,78,83261,1371,3915368,2341000
6195,72,82,83197,1353,3915450,2440200
6196,82,76,83113,1361,3915526,2915200
6197,81,70,83038,1366,3915596,2337400
6198,76,69,82954,1381,3915665,2293800
6199,64,78,82888,1369,3915743,2289900
6200,57,82,82835,1340,3915825,2226700
6201,63,73,82771,1331,3915898,2180700
6202,59,63,82713,1326,3915961,2215900
6203,53,63,82659,1317,3916024,2295500
6204,50,65,82605,1306,3916089,2320400
6205,56,77,82548,1286,3916166,2353000
6206,80,82,82471,1281,3916248,2156300
6207,51,59,82418,1275,3916307,2297400
6208,62,67,82357,1269,3916374,2262200
6209,55,73,82306,1247,3916447,2177300
6210,65,73,82240,1240,3916520,2194700
6211,67,65,82173,1242,3916585,2199800
6212,68,43,82101,1271,3916628,2188400
6213,55,59,82051,1262,3916687,2203900
6214,60,67,81990,1256,3916754,2121600
6215,47,73,81944,1229,3916827,2075100
6216,54,53,81890,1230,3916880,2110800
6217,59,75,81828,1217,3916955,2083700
6218,51,52,81780,1213,3917007,2152800
6219,54,56,81725,1212,3917063,2114500
6220,58,53,81664,1220,3917116,2257100
6221,58,58,81606,1220,3917174,2400000
6222,65,78,81543,1205,3917252,2330000
6223,64,54,81479,1215,3917306,2407400
6224,54,60,81422,1212,3917366,2554300
6225,63,64,81362,1208,3917430,2488400
6226,65,61,81295,1214,3917491,2592800
6227,52,70,81242,1197,3917561,2392100
6228,84,70,81165,1204,3917631,2367400
6229,71,68,81087,1214,3917699,2350400
6230,53,61,81040,1200,3917760,2337700
6231,77,64,80961,1215,3917824,2309500
6232,67,55,80893,1228,3917879,2429300
6233,70,61,80820,1240,3917940,2435600
6234,78,79,80744,1237,3918019,2316700
6235,65,71,80681,1229,3918090,2334100
6236,63,63,80617,1230,3918153,3550800
6237,66,64,80551,1232,3918217,2584500
6238,64,71,80489,1223,3918288,2554600
6239,70,68,80416,1228,3918356,2492400
6240,61,76,80355,1213,3918432,2690000
6241,53,80,80303,1185,3918512,2420200
6242,58,59,80247,1182,3918571,2471500
6243,71,72,80177,1180,3918643,2416200
6244,75,54,80102,1201,3918697,2239000
6245,67,61,80034,1208,3918758,2300500
6246,75,51,79959,1232,3918809,2332500
6247,60,61,79897,1233,3918870,2505700
6248,76,65,79827,1238,3918935,2451300
6249,65,60,79756,1249,3918995,2357500
6250,56,66,79696,1243,3919061,2308800
6251,63,66,79637,1236,3919127,2294700
6252,68,79,79566,1228,3919206,2243800
6253,64,55,79506,1233,3919261,2240000
6254,74,65,79434,1240,3919326,2308800
6255,59,63,79368,1243,3919389,2343400
6256,65,75,79309,1227,3919464,2216500
6257,84,48,79231,1257,3919512,2276600
6258,76,71,79149,1268,3919583,2170700
6259,69,54,79084,1279,3919637,5096500
6260,69,72,79015,1276,3919709,2715200
6261,80,85,78930,1276,3919794,2570900
6262,78,72,78857,1277,3919866,2456300
6263,66,59,78783,1292,3919925,2393400
6264,70,70,78711,1294,3919995,2528100
6265,53,67,78660,1278,3920062,2399300
6266,61,65,78599,1274,3920127,2560400
6267,67,65,78531,1277,3920192,2373300
6268,63,68,78472,1268,3920260,2303100
6269,78,63,78404,1273,3920323,2296100
6270,72,76,78323,1278,3920399,2324700
6271,56,69,78268,1264,3920468,2418300
6272,51,65,78212,1255,3920533,2286800
6273,59,68,78153,1246,3920601,2235000
6274,70,68,78084,1247,3920669,2606500
6275,66,68,78019,1244,3920737,2422900
6276,79,73,77940,1250,3920810,2324700
6277,82,82,77857,1251,3920892,2841300
6278,65,68,77797,1243,3920960,2871100
6279,88,67,77707,1266,3921027,2528100
6280,63,69,77647,1257,3921096,2480800
6281,56,62,77585,1257,3921158,5719300
6282,72,60,77516,1266,3921218,2939600
6283,78,66,77442,1274,3921284,2633400
6284,88,73,77347,1296,3921357,2441500
6285,69,67,77281,1295,3921424,2395100
6286,58,67,77221,1288,3921491,2329400
6287,56,70,77165,1274,3921561,2481900
6288,57,73,77108,1258,3921634,2342500
6289,71,66,77038,1262,3921700,2318100
6290,65,51,76971,1278,3921751,2430400
6291,59,60,76910,1279,3921811,2355500
6292,61,79,76855,1255,3921890,2519900
6293,73,65,76778,1267,3921955,2358700
6294,64,65,76715,1265,3922020,2352500
6295,48,68,76661,1251,3922088,2298900
6296,68,71,76603,1238,3922159,2222700
6297,69,72,76526,1243,3922231,2256800
6298,63,81,76470,1218,3922312,2191800
6299,69,75,76396,1217,3922387,2119500
6300,56,64,76338,1211,3922451,2123700
6301,68,54,76270,1225,3922505,2163800
6302,48,68,76223,1204,3922573,2239300
6303,65,57,76159,1211,3922630,3529100
6304,53,59,76104,1207,3922689,2440400
6305,53,58,76053,1200,3922747,2333400
6306,59,70,75998,1185,3922817,2228300
6307,52,60,75944,1179,3922877,2167300
6308,74,62,75872,1189,3922939,2150400
6309,58,59,75815,1187,3922998,2439700
6310,60,70,75752,1180,3923068,2751000
6311,59,74,75697,1161,3923142,2408400
6312,43,58,75644,1156,3923200,2306500
6313,65,66,75586,1148,3923266,2188100
6314,64,51,75520,1163,3923317,2384500
6315,63,52,75456,1175,3923369,2679000
6316,51,62,75409,1160,3923431,2512400
6317,54,55,75353,1161,3923486,2274600
6318,41,52,75307,1155,3923538,2305700
6319,56,67,75259,1136,3923605,2252200
6320,55,59,75202,1134,3923664,2237800
6321,64,57,75142,1137,3923721,2153400
6322,48,54,75086,1139,3923775,2124700
6323,64,58,75025,1142,3923833,2195900
6324,48,50,74977,1140,3923883,2113800
6325,48,40,74927,1150,3923923,2095800
6326,48,67,74877,1133,3923990,2376300
6327,49,81,74831,1098,3924071,2326600
6328,56,52,74774,1103,3924123,3285900
6329,67,60,74709,1108,3924183,2429800
6330,39,48,74665,1104,3924231,2360300
6331,51,52,74617,1100,3924283,2415600
6332,52,46,74565,1106,3924329,2270400
6333,54,62,74508,1101,3924391,2325600
6334,55,57,74459,1093,3924448,2583800
6335,66,69,74391,1092,3924517,2336700
6336,67,57,74331,1095,3924574,2258300
6337,51,61,74270,1095,3924635,2272700
6338,62,56,74218,1091,3924691,2371100
6339,46,67,74164,1078,3924758,2363500
6340,48,57,74117,1068,3924815,2774500
6341,56,53,74062,1070,3924868,2814900
6342,50,42,74006,1084,3924910,2601200
6343,45,49,73970,1071,3924959,2486000
6344,61,57,73910,1074,3925016,2289700
6345,50,56,73854,1074,3925072,2202400
6346,49,51,73803,1074,3925123,2342500
6347,51,43,73752,1082,3925166,2311800
6348,44,43,73709,1082,3925209,2227800
6349,51,52,73661,1078,3925261,2218600
6350,53,48,73608,1083,3925309,2262800
6351,49,52,73556,1083,3925361,2235900
6352,51,58,73511,1070,3925419,2197200
6353,61,57,73447,1077,3925476,2238100
6354,80,48,73377,1099,3925524,3972100
6355,45,49,73317,1110,3925573,2517700
6356,56,64,73265,1098,3925637,2412800
6357,58,44,73206,1113,3925681,2286300
6358,60,59,73150,1110,3925740,2220900
6359,61,66,73087,1107,3925806,2256800
6360,53,55,73031,1108,3925861,2417000
6361,63,66,72977,1096,3925927,2366900
6362,69,59,72901,1113,3925986,2310600
6363,49,56,72852,1106,3926042,2277400
6364,58,54,72796,1108,3926096,2249300
6365,69,62,72727,1115,3926158,2167100
6366,58,62,72662,1118,3926220,2219200
6367,44,52,72624,1104,3926272,2149000
6368,61,63,72567,1098,3926335,2159200
6369,63,51,72499,1115,3926386,2244800
6370,54,62,72445,1107,3926448,2142000
6371,62,66,72385,1101,3926514,2205500
6372,46,59,72340,1087,3926573,2206100
6373,46,58,72291,1078,3926631,2280400
6374,41,47,72246,1076,3926678,2170800
6375,49,73,72199,1050,3926751,2217100
6376,57,67,72145,1037,3926818,2197400
6377,40,60,72100,1022,3926878,2235600
6378,60,57,72046,1019,3926935,2255900
6379,46,53,71995,1017,3926988,2408600
6380,37,52,71960,1000,3927040,2251700
6381,53,53,71908,999,3927093,2252000
6382,58,73,71850,984,3927166,2432000
6383,47,53,71799,982,3927219,2331100
6384,45,53,71757,971,3927272,2323700
6385,47,62,71710,956,3927334,2149500
6386,46,50,71664,952,3927384,2158300
6387,49,54,71619,943,3927438,2248100
6388,46,59,71574,929,3927497,2169700
6389,53,63,71512,928,3927560,2760800
6390,39,52,71476,912,3927612,2388500
6391,42,44,71434,910,3927656,2607100
6392,53,49,71385,910,3927705,2409700
6393,57,41,71323,931,3927746,2807900
6394,50,46,71275,933,3927792,2383800
6395,53,42,71226,940,3927834,2365300
6396,52,52,71174,940,3927886,2561800
6397,58,53,71115,946,3927939,2960200
6398,46,53,71068,940,3927992,2680700
6399,52,43,71020,945,3928035,2645600
6400,72,51,70949,965,3928086,2825000
6401,44,43,70896,975,3928129,2551900
6402,61,52,70836,983,3928181,2629200
6403,49,56,70784,979,3928237,2390600
6404,52,53,70738,972,3928290,2336100
6405,52,45,70685,980,3928335,2569300
6406,47,45,70635,985,3928380,2492000
6407,61,64,70576,980,3928444,2496700
6408,52,49,70527,980,3928493,2505100
6409,44,44,70479,984,3928537,2403300
6410,53,50,70429,984,3928587,2466400
6411,63,46,70366,1001,3928633,2367200
6412,62,59,70302,1006,3928692,2273600
6413,40,54,70265,989,3928746,2273300
6414,59,51,70206,997,3928797,2301200
6415,56,51,70151,1001,3928848,2277600
6416,39,54,70109,989,3928902,2170400
6417,48,53,70062,983,3928955,2202200
6418,40,64,70018,963,3929019,2259800
6419,48,55,69969,957,3929074,2277100
6420,48,49,69925,952,3929123,2237600
6421,44,45,69878,954,3929168,2216200
6422,42,65,69836,931,3929233,2144500
6423,55,43,69783,941,3929276,3842900
6424,44,54,69740,930,3929330,2461000
6425,46,57,69696,917,3929387,2311600
6426,44,48,69646,919,3929435,2325900
6427,32,57,69615,893,3929492,2487900
6428,57,40,69563,905,3929532,2367400
6429,54,46,69511,911,3929578,2305600
6430,41,52,69464,906,3929630,2550700
6431,42,47,69421,902,3929677,2393000
6432,43,41,69377,905,3929718,2269900
6433,41,35,69338,909,3929753,2208800
6434,50,38,69292,917,3929791,2236300
6435,43,55,69246,908,3929846,2225500
6436,57,47,69194,913,3929893,2334700
6437,59,45,69136,926,3929938,2422000
6438,36,51,69089,922,3929989,2281300
6439,65,44,69027,940,3930033,2674100
6440,54,52,68976,939,3930085,3862800
6441,46,34,68926,955,3930119,2429500
6442,48,54,68881,946,3930173,2615700
6443,48,44,68833,950,3930217,2364600
6444,36,41,68797,945,3930258,2498400
6445,49,46,68751,945,3930304,2584100
6446,42,58,68703,935,3930362,2407700
6447,41,45,68671,922,3930407,2373800
6448,54,55,68612,926,3930462,2228200
6449,44,50,68567,921,3930512,2306900
6450,50,43,68517,928,3930555,2163500
6451,41,39,68472,934,3930594,2213700
6452,53,54,68423,929,3930648,2234200
6453,47,59,68377,916,3930707,2204100
6454,47,42,68327,924,3930749,2271100
6455,43,49,68291,911,3930798,2394400
6456,31,49,68253,900,3930847,2497600
6457,39,57,68214,882,3930904,2423800
6458,30,52,68185,859,3930956,2407000
6459,31,53,68154,837,3931009,2307400
6460,28,42,68122,827,3931051,2251400
6461,39,43,68089,817,3931094,2215200
6462,29,42,68054,810,3931136,4322100
6463,46,53,68012,799,3931189,2876100
6464,36,38,67978,795,3931227,2400200
6465,34,55,67942,776,3931282,2293800
6466,25,37,67915,766,3931319,2202600
6467,35,40,67881,760,3931359,2191300
6468,35,48,67847,746,3931407,2264400
6469,46,41,67797,755,3931448,2215200
6470,37,40,67762,750,3931488,2184400
6471,37,37,67725,750,3931525,2139100
6472,44,32,67685,758,3931557,2161300
6473,38,36,67644,763,3931593,2328200
6474,25,41,67618,748,3931634,2269600
6475,35,44,67581,741,3931678,2223800
6476,34,44,67556,722,3931722,2469800
6477,24,31,67521,726,3931753,2330900
6478,31,31,67493,723,3931784,2407700
6479,40,41,67458,717,3931825,2338600
6480,39,36,67413,726,3931861,2214800
6481,36,37,67379,723,3931898,2238500
6482,55,41,67322,739,3931939,4734800
6483,30,31,67293,737,3931970,2800300
6484,46,38,67246,746,3932008,2565100
6485,32,46,67214,732,3932054,2371300
6486,37,42,67179,725,3932096,2348700
6487,31,33,67146,725,3932129,2396600
6488,35,51,67109,711,3932180,2644800
6489,29,26,67082,712,3932206,2359500
6490,49,37,67039,718,3932243,2720100
6491,28,48,67007,702,3932291,2570800
6492,28,33,66974,702,3932324,2407500
6493,26,33,66956,687,3932357,2243100
6494,29,29,66922,692,3932386,2337200
6495,35,42,66888,684,3932428,2320600
6496,38,46,66854,672,3932474,2690700
6497,28,39,66823,664,3932513,2536800
6498,22,55,66803,629,3932568,2381700
6499,28,26,66776,630,3932594,2421100
6500,28,24,66745,637,3932618,2435400
6501,45,32,66702,648,3932650,2424500
6502,40,34,66658,658,3932684,2320700
6503,33,30,66630,656,3932714,2307200
6504,26,31,66598,657,3932745,2248500
6505,34,39,66571,645,3932784,2197000
6506,29,31,66536,649,3932815,2193700
6507,26,29,66511,645,3932844,4852200
6508,27,32,66484,640,3932876,2580700
6509,25,29,66458,637,3932905,2714100
6510,29,37,66432,626,3932942,2371500
6511,28,36,66404,618,3932978,2301700
6512,27,38,66375,609,3933016,2381600
6513,24,32,66351,601,3933048,3445300
6514,42,28,66316,608,3933076,2441600
6515,39,33,66272,619,3933109,2374400
6516,37,47,66235,609,3933156,2331400
6517,34,24,66202,618,3933180,2302300
6518,19,32,66179,609,3933212,2402200
6519,24,31,66157,600,3933243,2272100
6520,31,37,66126,594,3933280,2163200
6521,28,31,66097,592,3933311,2284800
6522,22,27,66076,586,3933338,2176600
6523,24,28,66051,583,3933366,2211300
6524,30,19,66021,594,3933385,2267900
6525,31,35,65991,589,3933420,2248600
6526,27,27,65962,591,3933447,2358900
6527,40,27,65925,601,3933474,2144500
6528,19,28,65903,595,3933502,2228100
6529,26,30,65878,590,3933532,2218900
6530,27,32,65852,584,3933564,2435300
6531,27,27,65826,583,3933591,3596100
6532,25,32,65801,576,3933623,2716200
6533,32,30,65766,581,3933653,3982800
6534,21,28,65748,571,3933681,3069200
6535,34,34,65714,571,3933715,2550700
6536,30,34,65685,566,3933749,2500700
6537,32,30,65654,567,3933779,2328200
6538,24,27,65624,570,3933806,2302000
6539,34,32,65594,568,3933838,2502800
6540,22,29,65571,562,3933867,2568900
6541,25,24,65544,565,3933891,2693600
6542,34,34,65511,564,3933925,2452800
6543,37,26,65475,574,3933951,2531500
6544,29,36,65445,568,3933987,2267900
6545,30,32,65417,564,3934019,2331600
6546,37,22,65380,579,3934041,2236000
6547,37,33,65344,582,3934074,2912500
6548,42,38,65301,587,3934112,2293200
6549,32,27,65268,593,3934139,3808700
6550,37,30,65231,600,3934169,2442500
6551,33,23,65196,612,3934192,2343200
6552,29,30,65168,610,3934222,2324200
6553,32,40,65137,601,3934262,2300000
6554,20,34,65117,587,3934296,2272200
6555,26,29,65091,584,3934325,2405300
6556,23,23,65067,585,3934348,2373100
6557,38,36,65032,584,3934384,2449900
6558,32,32,64996,588,3934416,2276500
6559,37,41,64961,582,3934457,2369000
6560,28,27,64937,579,3934484,2343200
6561,35,27,64898,591,3934511,2554600
6562,29,34,64867,588,3934545,2384400
6563,26,27,64844,584,3934572,2279100
6564,30,31,64816,581,3934603,2208200
6565,19,25,64793,579,3934628,2288000
6566,26,34,64766,572,3934662,2171700
6567,18,30,64750,558,3934692,2149300
6568,28,27,64720,561,3934719,2224000
6569,23,22,64699,560,3934741,2146300
6570,35,29,64666,564,3934770,2169300
6571,37,23,64626,581,3934793,2170400
6572,31,41,64598,568,3934834,2166900
6573,26,28,64568,570,3934862,2972700
6574,24,24,64548,566,3934886,2705000
6575,33,38,64513,563,3934924,2305500
6576,34,31,64477,568,3934955,2614100
6577,30,30,64449,566,3934985,2686000
6578,28,31,64420,564,3935016,2736300
6579,32,31,64393,560,3935047,2438800
6580,23,29,64367,557,3935076,2388400
6581,20,32,64343,549,3935108,2391200
6582,21,29,64322,541,3935137,2444100
6583,16,30,64310,523,3935167,2527500
6584,28,25,64282,526,3935192,2551100
6585,27,27,64251,530,3935219,2352500
6586,13,30,64237,514,3935249,2427600
6587,15,24,64221,506,3935273,2402700
6588,26,26,64196,505,3935299,2831800
6589,24,28,64176,497,3935327,2362400
6590,21,19,64152,502,3935346,2318200
6591,19,23,64135,496,3935369,2387800
6592,16,24,64117,490,3935393,2290200
6593,18,21,64099,487,3935414,2219300
6594,25,31,64073,482,3935445,2289500
6595,27,31,64049,475,3935476,2335500
6596,20,24,64027,473,3935500,2233600
6597,26,34,64002,464,3935534,2184400
6598,28,21,63974,471,3935555,2133000
6599,40,21,63936,488,3935576,2145600
6600,19,20,63914,490,3935596,2688300
6601,26,21,63892,491,3935617,2478300
6602,37,24,63854,505,3935641,2486800
6603,23,30,63832,497,3935671,2459700
6604,34,24,63795,510,3935695,2398000
6605,28,24,63767,514,3935719,2481200
6606,33,33,63738,510,3935752,2343800
6607,31,25,63704,519,3935777,2323800
6608,30,29,63673,521,3935806,2388800
6609,18,26,63653,515,3935832,4943800
6610,30,26,63625,517,3935858,3240500
6611,27,29,63599,514,3935887,2807500
6612,35,34,63565,514,3935921,2939600
6613,33,27,63534,518,3935948,3012600
6614,21,28,63509,515,3935976,2529900
6615,20,27,63491,506,3936003,2577000
6616,27,32,63460,505,3936035,2433200
6617,24,19,63438,508,3936054,2257900
6618,28,23,63409,514,3936077,2378600
6619,27,20,63387,516,3936097,2519100
6620,34,33,63349,521,3936130,2354300
6621,30,21,63321,528,3936151,2234300
6622,26,28,63296,525,3936179,2195300
6623,29,22,63267,532,3936201,2237100
6624,32,42,63232,525,3936243,2381700
6625,21,19,63214,524,3936262,2405800
6626,30,30,63182,526,3936292,2257200
6627,27,30,63159,519,3936322,2303000
6628,24,24,63132,522,3936346,2487100
6629,24,32,63109,513,3936378,2385600
6630,29,27,63080,515,3936405,2298600
6631,24,21,63055,519,3936426,2312300
6632,20,23,63035,516,3936449,2373100
6633,25,25,63010,516,3936474,2208700
6634,35,31,62976,519,3936505,2188800
6635,14,23,62958,514,3936528,2161800
6636,15,27,62941,504,3936555,2159300
6637,18,20,62926,499,3936575,2133700
6638,28,38,62898,489,3936613,2234300
6639,22,22,62877,488,3936635,2260000
6640,16,22,62861,482,3936657,2188000
6641,8,17,62850,476,3936674,2749500
6642,23,33,62828,465,3936707,2353700
6643,21,35,62809,449,3936742,2267200
6644,16,29,62791,438,3936771,2229300
6645,14,24,62777,428,3936795,2239200
6646,16,21,62760,424,3936816,2224800
6647,12,25,62749,410,3936841,2237700
6648,15,18,62734,407,3936859,2240500
6649,18,20,62717,404,3936879,2238300
6650,16,17,62700,404,3936896,2383000
6651,18,21,62682,401,3936917,2276400
6652,24,27,62659,397,3936944,2277200
6653,20,11,62641,404,3936955,2313600
6654,15,26,62623,396,3936981,2238700
6655,24,16,62599,404,3936997,2179800
6656,14,15,62585,403,3937012,2176400
6657,22,20,62562,406,3937032,2271700
6658,20,30,62543,395,3937062,2241400
6659,17,18,62529,391,3937080,2283900
6660,21,19,62507,394,3937099,2208700
6661,16,19,62490,392,3937118,2333600
6662,10,18,62478,386,3937136,2504400
6663,23,17,62457,390,3937153,2256800
6664,18,21,62437,389,3937174,2323300
6665,22,29,62415,382,3937203,2287200
6666,17,25,62398,374,3937228,2458800
6667,12,15,62387,370,3937243,2575700
6668,9,20,62377,360,3937263,2405200
6669,16,14,62362,361,3937277,2605800
6670,8,21,62352,350,3937298,2404700
6671,10,17,62342,343,3937315,2627100
6672,19,16,62325,344,3937331,2456200
6673,17,15,62309,345,3937346,2377700
6674,6,16,62300,338,3937362,2454300
6675,13,17,62290,331,3937379,2528100
6676,15,19,62276,326,3937398,2372200
6677,16,15,62260,327,3937413,2289400
6678,11,16,62245,326,3937429,2303000
6679,12,12,62236,323,3937441,2384300
6680,11,19,62224,316,3937460,2317800
6681,14,17,62210,313,3937477,2246900
6682,12,16,62200,307,3937493,2314200
6683,12,12,62187,308,3937505,2402500
6684,11,20,62175,300,3937525,2311200
6685,8,19,62166,290,3937544,2410000
6686,14,15,62153,288,3937559,2287400
6687,17,14,62137,290,3937573,2478000
6688,11,17,62125,285,3937590,2261000
6689,10,15,62116,279,3937605,2366100
6690,19,11,62095,289,3937616,2435700
6691,9,17,62086,281,3937633,2328200
6692,15,22,62075,270,3937655,2556900
6693,16,9,62055,281,3937664,2345900
6694,15,10,62040,286,3937674,2343900
6695,11,13,62028,285,3937687,2280900
6696,12,16,62017,280,3937703,2404100
6697,10,13,62007,277,3937716,3910300
6698,16,14,61994,276,3937730,2639100
6699,9,13,61982,275,3937743,2437100
6700,12,12,61970,275,3937755,2299200
6701,22,15,61951,279,3937770,2286700
6702,18,10,61933,287,3937780,2204100
6703,21,17,61914,289,3937797,2214000
6704,9,13,61899,291,3937810,2306400
6705,18,11,61883,296,3937821,2238100
6706,17,15,61868,296,3937836,2205000
6707,20,14,61846,304,3937850,2170100
6708,11,12,61834,304,3937862,2135000
6709,20,17,61819,302,3937879,2143000
6710,9,20,61806,295,3937899,2127900
6711,16,20,61792,289,3937919,2384300
6712,10,18,61780,283,3937937,2474600
6713,15,13,61764,286,3937950,2284700
6714,15,13,61751,286,3937963,2183300
6715,14,21,61735,281,3937984,2254700
6716,16,19,61720,277,3938003,2221300
6717,20,20,61702,275,3938023,2176800
6718,24,12,61677,288,3938035,2195800
6719,17,15,61661,289,3938050,2172800
6720,19,10,61643,297,3938060,2158500
6721,15,17,61626,297,3938077,2140400
6722,11,11,61615,297,3938088,2293000
6723,12,14,61603,295,3938102,2231400
6724,7,20,61595,283,3938122,2134400
6725,20,20,61575,283,3938142,2173300
6726,17,11,61559,288,3938153,2147900
6727,18,13,61541,293,3938166,2101700
6728,18,19,61525,290,3938185,2468900
6729,20,20,61504,291,3938205,2356000
6730,13,14,61488,293,3938219,2252800
6731,14,13,61475,293,3938232,2268100
6732,13,13,61463,292,3938245,2350600
6733,12,14,61450,291,3938259,2216000
6734,11,18,61439,284,3938277,2238600
6735,12,15,61427,281,3938292,2304800
6736,10,12,61420,276,3938304,2235100
6737,19,14,61397,285,3938318,2225100
6738,15,18,61382,282,3938336,2465500
6739,16,8,61367,289,3938344,2325900
6740,14,21,61352,283,3938365,2518000
6741,9,20,61342,273,3938385,2425400
6742,18,18,61326,271,3938403,2743100
6743,7,9,61319,269,3938412,2311900
6744,13,12,61304,272,3938424,2224600
6745,17,17,61289,270,3938441,2201300
6746,16,16,61273,270,3938457,2897400
6747,9,8,61264,271,3938465,2490500
6748,18,14,61246,275,3938479,2477600
6749,18,12,61230,279,3938491,2369200
6750,16,9,61213,287,3938500,2331900
6751,10,15,61201,284,3938515,2322400
6752,12,16,61189,280,3938531,2360000
6753,11,11,61179,279,3938542,2338300
6754,9,8,61168,282,3938550,2418900
6755,11,10,61158,282,3938560,2269600
6756,8,14,61149,277,3938574,2394900
6757,6,20,61145,261,3938594,2328300
6758,4,12,61140,254,3938606,2354300
6759,15,11,61126,257,3938617,2332900
6760,10,13,61115,255,3938630,3757400
6761,9,12,61105,253,3938642,2492900
6762,9,13,61099,246,3938655,2443400
6763,4,13,61092,240,3938668,2445300
6764,11,17,61082,233,3938685,2344900
6765,13,14,61071,230,3938699,2208700
6766,16,10,61055,236,3938709,2160200
6767,13,11,61043,237,3938720,2214000
6768,7,10,61033,237,3938730,2340100
6769,6,15,61027,228,3938745,2283000
6770,3,7,61024,224,3938752,2219700
6771,6,13,61018,217,3938765,2435100
6772,8,10,61011,214,3938775,2286200
6773,10,14,61001,210,3938789,2204500
6774,6,5,60993,213,3938794,2290300
6775,11,11,60986,209,3938805,2193200
6776,6,11,60977,207,3938816,2157800
6777,10,11,60967,206,3938827,2250000
6778,4,15,60962,196,3938842,2513100
6779,7,8,60957,193,3938850,2251600
6780,8,14,60948,188,3938864,2262700
6781,4,9,60946,181,3938873,2263700
6782,3,12,60941,174,3938885,2240900
6783,3,4,60937,174,3938889,2196700
6784,9,8,60930,173,3938897,2217600
6785,1,5,60927,171,3938902,2735100
6786,5,6,60923,169,3938908,2297000
6787,6,11,60916,165,3938919,2681100
6788,5,9,60913,159,3938928,2355200
6789,5,4,60907,161,3938932,2316600
6790,5,7,60901,160,3938939,2210000
6791,2,6,60899,156,3938945,2246200
6792,3,6,60896,153,3938951,2285100
6793,2,9,60895,145,3938960,2258900
6794,5,9,60889,142,3938969,2238100
6795,2,10,60888,133,3938979,2186000
6796,0,4,60887,130,3938983,2292000
6797,1,5,60886,126,3938988,2220300
6798,2,7,60884,121,3938995,2219900
6799,3,4,60881,120,3938999,2288700
6800,2,2,60879,120,3939001,2197000
6801,2,3,60879,117,3939004,2157400
6802,2,10,60876,110,3939014,2143800
6803,3,5,60873,108,3939019,2143000
6804,2,4,60870,107,3939023,2148000
6805,4,5,60868,104,3939028,2151500
6806,1,9,60865,98,3939037,2147700
6807,0,4,60865,94,3939041,2133200
6808,0,5,60865,89,3939046,2945200
6809,0,6,60865,83,3939052,2300200
6810,0,6,60865,77,3939058,2404200
6811,0,7,60865,70,3939065,2341800
6812,0,1,60865,69,3939066,2331600
6813,0,3,60865,66,3939069,2322500
6814,0,4,60865,62,3939073,2377400
6815,1,4,60865,58,3939077,2491000
6816,0,4,60864,55,3939081,2654700
6817,2,0,60862,57,3939081,2375600
6818,0,1,60862,56,3939082,2435300
6819,0,3,60862,53,3939085,2433100
6820,0,3,60862,50,3939088,2627200
6821,0,5,60862,45,3939093,2673400
6822,0,5,60862,40,3939098,2666700
6823,0,1,60862,39,3939099,2400500
6824,0,0,60862,39,3939099,2552300
6825,0,1,60862,38,3939100,2494500
6826,0,2,60862,36,3939102,2317200
6827,0,1,60862,35,3939103,2300500
6828,0,2,60862,33,3939105,3143300
6829,0,1,60862,32,3939106,2581400
6830,0,1,60862,31,3939107,2670900
6831,0,1,60862,30,3939108,2650300
6832,0,0,60862,30,3939108,2682800
6833,0,3,60862,27,3939111,2443500
6834,0,1,60862,26,3939112,2537000
6835,0,2,60862,24,3939114,2484300
6836,0,0,60862,24,3939114,2751600
6837,0,1,60862,23,3939115,2643400
6838,0,0,60862,23,3939115,2547300
6839,0,0,60862,23,3939115,2446100
6840,0,1,60862,22,3939116,2469500
6841,0,0,60862,22,3939116,2288200
6842,0,1,60862,21,3939117,2256800
6843,0,0,60862,21,3939117,2233400
6844,0,0,60862,21,3939117,2221200
6845,0,2,60862,19,3939119,2154000
6846,0,4,60862,15,3939123,2115100
6847,0,0,60862,15,3939123,2069400
6848,0,0,60862,15,3939123,2114200
6849,0,2,60862,13,3939125,2120500
6850,0,0,60862,13,3939125,2492400
6851,0,0,60862,13,3939125,2306300
6852,0,2,60862,11,3939127,2442200
6853,0,1,60862,10,3939128,2184400
6854,0,1,60862,9,3939129,2179100
6855,0,1,60862,8,3939130,2188400
6856,0,0,60862,8,3939130,2223500
6857,0,0,60862,8,3939130,2370600
6858,0,0,60862,8,3939130,2337500
6859,0,1,60862,7,3939131,2274100
6860,0,0,60862,7,3939131,2182800
6861,0,1,60862,6,3939132,2277200
6862,0,0,60862,6,3939132,2176700
6863,0,0,60862,6,3939132,2247700
6864,0,0,60862,6,3939132,2301900
6865,0,0,60862,6,3939132,2257000
6866,0,0,60862,6,3939132,2192700
6867,0,1,60862,5,3939133,2253700
6868,0,0,60862,5,3939133,2321600
6869,0,1,60862,4,3939134,2172500
6870,0,0,60862,4,3939134,2585300
6871,0,0,60862,4,3939134,2273800
6872,0,0,60862,4,3939134,2341900
6873,0,0,60862,4,3939134,2320900
6874,0,0,60862,4,3939134,2300800
6875,0,0,60862,4,3939134,2292800
6876,0,0,60862,4,3939134,2352500
6877,0,0,60862,4,3939134,3160800
6878,0,0,60862,4,3939134,2444400
6879,0,0,60862,4,3939134,2325000
6880,0,0,60862,4,3939134,2532100
6881,0,0,60862,4,3939134,2452900
6882,0,0,60862,4,3939134,2431500
6883,0,0,60862,4,3939134,2452800
6884,0,0,60862,4,3939134,2366500
6885,0,0,60862,4,3939134,2343000
6886,0,0,60862,4,3939134,2464700
6887,0,0,60862,4,3939134,2564300
6888,0,1,60862,3,3939135,2336700
6889,0,0,60862,3,3939135,2443000
6890,0,0,60862,3,3939135,2416900
6891,0,0,60862,3,3939135,2364400
6892,0,0,60862,3,3939135,2455200
6893,0,0,60862,3,3939135,2411200
6894,0,0,60862,3,3939135,2440400
6895,0,0,60862,3,3939135,2296000
6896,0,0,60862,3,3939135,2307700
6897,0,0,60862,3,3939135,2286300
6898,0,1,60862,2,3939136,2358600
6899,0,0,60862,2,3939136,2354700
6900,0,0,60862,2,3939136,2291300
6901,0,0,60862,2,3939136,2308900
6902,0,0,60862,2,3939136,2362300
6903,0,0,60862,2,3939136,2276700
6904,0,0,60862,2,3939136,2232500
6905,0,0,60862,2,3939136,2252200
6906,0,0,60862,2,3939136,2317300
6907,0,0,60862,2,3939136,2283000
6908,0,0,60862,2,3939136,2231800
6909,0,0,60862,2,3939136,2517900
6910,0,1,60862,1,3939137,3055500
6911,0,0,60862,1,3939137,3243100
6912,0,0,60862,1,3939137,2430900
6913,0,0,60862,1,3939137,2275300
6914,0,0,60862,1,3939137,2418700
6915,0,0,60862,1,3939137,2247600
6916,0,0,60862,1,3939137,2178700
6917,0,0,60862,1,3939137,2154200
6918,0,0,60862,1,3939137,2113900
6919,0,0,60862,1,3939137,2338100
6920,0,0,60862,1,3939137,2224200
6921,0,0,60862,1,3939137,2144000
6922,0,0,60862,1,3939137,2257300
6923,0,0,60862,1,3939137,2148400
6924,0,0,60862,1,3939137,2293100
6925,0,0,60862,1,3939137,2157800
6926,0,0,60862,1,3939137,2309300
6927,0,0,60862,1,3939137,2415800
6928,0,0,60862,1,3939137,2681900
6929,0,0,60862,1,3939137,2592000
6930,0,0,60862,1,3939137,2412400
6931,0,0,60862,1,3939137,2483000
6932,0,0,60862,1,3939137,2301100
6933,0,0,60862,1,3939137,2345300
6934,0,0,60862,1,3939137,2196100
6935,0,0,60862,1,3939137,2311100
6936,0,0,60862,1,3939137,2263300
6937,0,0,60862,1,3939137,2153400
6938,0,0,60862,1,3939137,2370600
6939,0,0,60862,1,3939137,2252800
6940,0,0,60862,1,3939137,2307900
6941,0,0,60862,1,3939137,2387000
6942,0,0,60862,1,3939137,2873300
6943,0,1,60862,0,3939138,2944200
