Tick,NewlyInfected,NewlyRecovered,TotalSusceptible,TotalInfected,TotalRecovered,StepTimeNanos
0,2,0,62493,7,0,635300
1,3,1,62490,9,1,148600
2,3,2,62487,10,3,80200
3,2,0,62485,12,3,63400
4,2,1,62483,13,4,56500
5,2,0,62481,15,4,65400
6,4,0,62477,19,4,60900
7,3,0,62474,22,4,58700
8,1,0,62473,23,4,54100
9,0,0,62473,23,4,55200
10,5,2,62468,26,6,54500
11,6,0,62462,32,6,58300
12,2,3,62460,31,9,61500
13,9,3,62451,37,12,62000
14,12,2,62440,46,14,64600
15,7,4,62432,50,18,56700
16,11,5,62422,55,23,69800
17,3,4,62418,55,27,45800
18,6,0,62412,61,27,49100
19,12,5,62400,68,32,56900
20,14,3,62386,79,35,55700
21,8,6,62378,81,41,55900
22,12,7,62366,86,48,55900
23,10,4,62357,91,52,53600
24,14,6,62342,100,58,57700
25,16,6,62327,109,64,51500
26,17,7,62309,120,71,49900
27,15,7,62295,127,78,61000
28,16,10,62278,134,88,56600
29,25,5,62255,152,93,53700
30,15,8,62238,161,101,55900
31,15,6,62223,170,107,54800
32,27,8,62197,188,115,48100
33,19,6,62179,200,121,61500
34,20,18,62157,204,139,38600
35,19,9,62139,213,148,64500
36,25,3,62114,235,151,61800
37,31,11,62085,253,162,56600
38,24,16,62059,263,178,56000
39,22,17,62036,269,195,51300
40,30,12,62008,285,207,53000
41,28,11,61980,302,218,59300
42,21,18,61957,307,236,63800
43,31,10,61926,328,246,56100
44,24,21,61904,329,267,53500
45,26,13,61877,343,280,56900
46,28,21,61849,350,301,55500
47,42,17,61807,375,318,58300
48,39,11,61769,402,329,59700
49,28,16,61740,415,345,50200
50,35,21,61704,430,366,54600
51,27,20,61677,437,386,55600
52,19,26,61658,430,412,46200
53,29,22,61630,436,434,59900
54,25,22,61604,440,456,59000
55,30,27,61575,442,483,58900
56,31,25,61545,447,508,58400
57,28,23,61515,454,531,59800
58,39,30,61476,463,561,63900
59,28,22,61451,466,583,53000
60,40,23,61408,486,606,61600
61,49,27,61361,506,633,71300
62,32,32,61329,506,665,57100
63,29,23,61298,514,688,58900
64,43,29,61256,527,717,52500
65,38,30,61217,536,747,55100
66,31,31,61188,534,778,57300
67,30,28,61157,537,806,106100
68,36,25,61122,547,831,79200
69,39,32,61081,556,863,64700
70,51,27,61032,578,890,56800
71,63,27,60968,615,917,58300
72,39,30,60929,624,947,59000
73,63,34,60867,652,981,58700
74,45,31,60822,666,1012,54500
75,52,22,60769,697,1034,56000
76,43,34,60726,706,1068,56200
77,57,53,60668,711,1121,60500
78,37,47,60631,701,1168,66600
79,42,32,60591,709,1200,56700
80,58,29,60533,738,1229,59400
81,34,29,60497,745,1258,61000
82,56,46,60444,752,1304,60400
83,45,41,60397,758,1345,66400
84,50,38,60347,770,1383,53900
85,51,40,60296,781,1423,50400
86,50,49,60245,783,1472,58600
87,32,36,60215,777,1508,55100
88,58,37,60156,799,1545,62500
89,59,49,60097,809,1594,52000
90,52,38,60047,821,1632,59800
91,63,40,59983,845,1672,53100
92,67,48,59915,865,1720,62300
93,57,42,59861,877,1762,59100
94,54,42,59803,893,1804,57100
95,67,39,59736,921,1843,63400
96,45,46,59691,920,1889,68700
97,55,45,59639,927,1934,67000
98,56,58,59580,928,1992,66300
99,42,49,59540,919,2041,65800
100,39,53,59500,906,2094,60000
101,63,43,59437,926,2137,67200
102,50,53,59386,924,2190,58100
103,47,46,59341,923,2236,60800
104,51,44,59291,929,2280,68900
105,50,54,59240,926,2334,50000
106,46,49,59194,923,2383,53000
107,54,50,59138,929,2433,64200
108,43,61,59095,911,2494,88600
109,48,43,59049,914,2537,66500
110,56,51,58992,920,2588,61600
111,56,52,58938,922,2640,60800
112,50,51,58885,924,2691,52100
113,45,63,58840,906,2754,54400
114,45,43,58795,908,2797,64500
115,42,65,58753,885,2862,54100
116,47,52,58706,880,2914,55400
117,53,43,58654,889,2957,52900
118,54,45,58599,899,3002,53400
119,41,54,58558,886,3056,69000
120,51,48,58507,889,3104,62000
121,49,45,58462,889,3149,62500
122,54,49,58405,897,3198,69900
123,63,56,58342,904,3254,57700
124,55,44,58287,915,3298,109800
125,55,49,58231,922,3347,60000
126,59,44,58172,937,3391,59600
127,74,48,58102,959,3439,58900
128,65,54,58034,973,3493,60600
129,68,48,57968,991,3541,56200
130,62,63,57904,992,3604,69900
131,45,45,57860,991,3649,79700
132,65,53,57798,1000,3702,58300
133,51,49,57742,1007,3751,65900
134,60,53,57684,1012,3804,66600
135,70,49,57612,1035,3853,63800
136,54,64,57558,1025,3917,74800
137,79,60,57481,1042,3977,67100
138,74,64,57408,1051,4041,66700
139,61,48,57349,1062,4089,52200
140,67,45,57281,1085,4134,52700
141,65,59,57214,1093,4193,64100
142,79,53,57135,1119,4246,101300
143,72,55,57062,1137,4301,70700
144,78,59,56987,1153,4360,74700
145,70,52,56916,1172,4412,56900
146,82,61,56831,1196,4473,67100
147,83,63,56749,1215,4536,57200
148,91,61,56658,1245,4597,75200
149,97,66,56562,1275,4663,62000
150,62,80,56499,1258,4743,77600
151,84,56,56414,1287,4799,65800
152,92,72,56323,1306,4871,88100
153,86,61,56238,1330,4932,79300
154,92,90,56147,1331,5022,69500
155,77,71,56069,1338,5093,63500
156,87,60,55982,1365,5153,63900
157,90,74,55896,1377,5227,61600
158,98,64,55793,1416,5291,69300
159,90,86,55706,1417,5377,65500
160,85,81,55619,1423,5458,66700
161,93,75,55525,1442,5533,65000
162,80,81,55446,1440,5614,89200
163,102,80,55343,1463,5694,61200
164,85,87,55257,1462,5781,62700
165,78,91,55182,1446,5872,67700
166,87,74,55094,1460,5946,61600
167,85,79,55007,1468,6025,59000
168,81,78,54927,1470,6103,60600
169,88,63,54841,1493,6166,55100
170,76,85,54764,1485,6251,112900
171,85,76,54677,1496,6327,63000
172,83,74,54599,1500,6401,56700
173,71,80,54527,1492,6481,64000
174,78,76,54447,1496,6557,67100
175,83,74,54364,1505,6631,63500
176,74,83,54290,1496,6714,70700
177,79,76,54211,1499,6790,59800
178,100,60,54110,1540,6850,66400
179,100,68,54009,1573,6918,63900
180,110,84,53902,1596,7002,59000
181,105,84,53794,1620,7086,60800
182,116,104,53681,1629,7190,63000
183,92,98,53589,1623,7288,61600
184,110,83,53478,1651,7371,63200
185,85,88,53398,1643,7459,60900
186,105,87,53289,1665,7546,63800
187,102,81,53187,1686,7627,246300
188,91,93,53098,1682,7720,66900
189,111,108,52988,1684,7828,68200
190,91,67,52893,1712,7895,60700
191,92,94,52803,1708,7989,68900
192,108,75,52694,1742,8064,60900
193,115,82,52579,1775,8146,61800
194,109,109,52469,1776,8255,59700
195,84,80,52386,1779,8335,62000
196,141,100,52243,1822,8435,62900
197,116,80,52132,1853,8515,88600
198,83,99,52047,1839,8614,57700
199,87,110,51957,1819,8724,61400
200,90,82,51867,1827,8806,63900
201,95,89,51773,1832,8895,68200
202,97,99,51679,1827,8994,64700
203,104,99,51572,1835,9093,65200
204,112,95,51460,1852,9188,63600
205,108,98,51354,1860,9286,61500
206,101,77,51252,1885,9363,65000
207,88,97,51166,1874,9460,62600
208,104,91,51058,1891,9551,69100
209,86,110,50974,1865,9661,58400
210,118,87,50857,1895,9748,89400
211,110,94,50746,1912,9842,65200
212,85,111,50661,1886,9953,62000
213,89,105,50570,1872,10058,53200
214,110,89,50461,1892,10147,59600
215,81,83,50380,1890,10230,63900
216,93,87,50286,1897,10317,62400
217,120,102,50165,1916,10419,56100
218,116,102,50053,1926,10521,64200
219,95,101,49958,1920,10622,58900
220,99,86,49857,1935,10708,67300
221,114,106,49743,1943,10814,68500
222,119,106,49622,1958,10920,62100
223,90,113,49537,1930,11033,72400
224,102,110,49430,1927,11143,69400
225,120,105,49313,1939,11248,63900
226,127,78,49185,1989,11326,62100
227,128,106,49058,2010,11432,74400
228,123,100,48935,2033,11532,62100
229,115,98,48818,2052,11630,68100
230,137,99,48681,2090,11729,65500
231,134,101,48549,2121,11830,64600
232,128,108,48420,2142,11938,67900
233,132,114,48288,2160,12052,76200
234,96,103,48191,2154,12155,74000
235,152,99,48043,2203,12254,73400
236,109,103,47933,2210,12357,193300
237,112,113,47820,2210,12470,81200
238,107,109,47712,2209,12579,80800
239,133,115,47582,2224,12694,75000
240,113,112,47470,2224,12806,74000
241,115,118,47354,2222,12924,69300
242,133,133,47219,2224,13057,72600
243,123,112,47096,2235,13169,88400
244,113,113,46984,2234,13282,122700
245,123,102,46862,2254,13384,71600
246,132,111,46728,2277,13495,72700
247,150,118,46581,2306,13613,72300
248,137,106,46440,2341,13719,75900
249,144,122,46297,2362,13841,75000
250,113,122,46188,2349,13963,71500
251,138,114,46047,2376,14077,69300
252,118,107,45932,2384,14184,69100
253,129,106,45797,2413,14290,87900
254,146,115,45657,2438,14405,74000
255,148,136,45513,2446,14541,77400
256,131,110,45377,2472,14651,74300
257,162,127,45213,2509,14778,70000
258,145,116,45072,2534,14894,68100
259,110,135,44957,2514,15029,74700
260,119,130,44838,2503,15159,76200
261,130,127,44709,2505,15286,77100
262,136,136,44570,2508,15422,72800
263,116,133,44457,2488,15555,76500
264,116,137,44339,2469,15692,74100
265,121,118,44224,2466,15810,76800
266,127,128,44093,2469,15938,69100
267,128,138,43963,2461,16076,66000
268,118,129,43846,2449,16205,72100
269,118,113,43728,2454,16318,74200
270,119,120,43614,2448,16438,66600
271,128,97,43480,2485,16535,74400
272,119,117,43363,2485,16652,74800
273,116,115,43246,2487,16767,54900
274,125,126,43122,2485,16893,75100
275,111,121,43009,2477,17014,74400
276,129,138,42878,2470,17152,108900
277,130,125,42749,2474,17277,87100
278,126,115,42623,2485,17392,86600
279,134,117,42490,2501,17509,70200
280,137,132,42354,2505,17641,77800
281,123,133,42230,2496,17774,83100
282,122,139,42109,2478,17913,67300
283,134,140,41974,2473,18053,78000
284,131,134,41844,2469,18187,67500
285,124,116,41717,2480,18303,71600
286,123,127,41595,2475,18430,70800
287,144,149,41456,2465,18579,136900
288,119,156,41333,2432,18735,159500
289,117,129,41216,2420,18864,67500
290,122,126,41095,2415,18990,58700
291,114,111,40982,2417,19101,61500
292,114,117,40865,2417,19218,59600
293,110,123,40756,2403,19341,64100
294,134,115,40621,2423,19456,68800
295,112,121,40510,2413,19577,62100
296,125,121,40386,2416,19698,57300
297,108,127,40276,2399,19825,71100
298,92,112,40186,2377,19937,70300
299,116,137,40071,2355,20074,63900
300,135,133,39936,2357,20207,69600
301,127,131,39806,2356,20338,58100
302,141,127,39667,2368,20465,72100
303,139,141,39527,2367,20606,57200
304,123,115,39404,2375,20721,55200
305,117,125,39290,2364,20846,69300
306,138,129,39150,2375,20975,68200
307,110,134,39037,2354,21109,67400
308,121,115,38918,2358,21224,68700
309,117,127,38802,2347,21351,65500
310,106,116,38693,2340,21467,71100
311,117,112,38579,2342,21579,64400
312,106,122,38472,2327,21701,70000
313,110,121,38365,2313,21822,68800
314,105,113,38262,2303,21935,61400
315,117,121,38140,2304,22056,63500
316,107,116,38036,2292,22172,231100
317,104,107,37928,2293,22279,71700
318,104,130,37827,2264,22409,69100
319,92,116,37734,2241,22525,64800
320,103,77,37629,2269,22602,65100
321,92,114,37537,2247,22716,62200
322,87,122,37451,2211,22838,71100
323,91,136,37360,2166,22974,64700
324,95,107,37264,2155,23081,67000
325,102,110,37161,2148,23191,67900
326,82,108,37082,2119,23299,65400
327,105,112,36976,2113,23411,61800
328,85,96,36890,2103,23507,75000
329,94,109,36796,2088,23616,65400
330,89,100,36707,2077,23716,68100
331,95,109,36612,2063,23825,68700
332,85,84,36527,2064,23909,63900
333,115,116,36413,2062,24025,66400
334,111,105,36303,2067,24130,74000
335,99,107,36202,2061,24237,77300
336,105,94,36098,2071,24331,68000
337,125,106,35975,2088,24437,61000
338,99,106,35873,2084,24543,65000
339,90,113,35785,2059,24656,61700
340,118,118,35671,2055,24774,66900
341,94,101,35575,2050,24875,61500
342,105,112,35466,2047,24987,65900
343,108,123,35360,2030,25110,73300
344,85,104,35272,2014,25214,56900
345,104,101,35170,2015,25315,70100
346,103,107,35065,2013,25422,62600
347,102,112,34966,2000,25534,63900
348,107,92,34858,2016,25626,64700
349,90,109,34769,1996,25735,66800
350,107,99,34659,2007,25834,77700
351,98,94,34563,2009,25928,81500
352,114,108,34449,2015,26036,58300
353,93,110,34354,2000,26146,68500
354,102,99,34254,2001,26245,72500
355,91,84,34163,2008,26329,79600
356,114,107,34048,2016,26436,70000
357,134,86,33917,2061,26522,79600
358,111,117,33806,2055,26639,64500
359,129,99,33677,2085,26738,75400
360,106,109,33567,2086,26847,66500
361,108,101,33462,2090,26948,124000
362,113,104,33347,2101,27052,68300
363,111,107,33236,2105,27159,63200
364,124,99,33115,2127,27258,57300
365,134,125,32978,2139,27383,66300
366,124,104,32857,2156,27487,58500
367,121,116,32733,2164,27603,62900
368,119,111,32616,2170,27714,72300
369,116,112,32499,2175,27826,68300
370,96,111,32406,2157,27937,64200
371,95,108,32307,2148,28045,66600
372,104,128,32205,2122,28173,73700
373,97,101,32110,2116,28274,68400
374,117,105,31988,2133,28379,65700
375,102,119,31890,2112,28498,68300
376,93,118,31796,2088,28616,74500
377,107,116,31686,2082,28732,66300
378,103,92,31584,2092,28824,70700
379,100,104,31485,2087,28928,60000
380,102,115,31385,2072,29043,64000
381,104,105,31279,2073,29148,65500
382,114,104,31164,2084,29252,68600
383,91,104,31072,2072,29356,62900
384,84,95,30992,2057,29451,68600
385,102,106,30888,2055,29557,237700
386,88,81,30800,2062,29638,81500
387,119,106,30683,2073,29744,66900
388,94,111,30588,2057,29855,73700
389,108,90,30478,2077,29945,61600
390,90,109,30389,2057,30054,61800
391,83,92,30306,2048,30146,57500
392,90,108,30216,2030,30254,73300
393,94,97,30120,2029,30351,71300
394,102,93,30019,2037,30444,76500
395,84,92,29938,2026,30536,65800
396,82,115,29855,1994,30651,64900
397,88,99,29764,1986,30750,117400
398,97,95,29673,1982,30845,77400
399,70,110,29601,1944,30955,61000
400,81,125,29519,1901,31080,69200
401,84,89,29432,1899,31169,62700
402,84,96,29353,1882,31265,72300
403,91,91,29259,1885,31356,67000
404,77,94,29182,1868,31450,63900
405,92,91,29092,1867,31541,65400
406,77,95,29011,1853,31636,68400
407,76,105,28937,1822,31741,71800
408,71,92,28865,1802,31833,70600
409,83,90,28782,1795,31923,71600
410,83,101,28699,1777,32024,61000
411,86,102,28616,1758,32126,61000
412,71,85,28541,1748,32211,70700
413,74,75,28467,1747,32286,67400
414,105,94,28368,1752,32380,68700
415,77,84,28288,1748,32464,62300
416,74,88,28212,1736,32552,60300
417,81,105,28133,1710,32657,59000
418,83,81,28050,1712,32738,54000
419,82,104,27966,1692,32842,67800
420,94,91,27874,1693,32933,60300
421,87,94,27787,1686,33027,72200
422,97,92,27690,1691,33119,61100
423,91,97,27597,1687,33216,68600
424,79,104,27520,1660,33320,72000
425,84,95,27435,1650,33415,72700
426,83,97,27351,1637,33512,78900
427,77,106,27275,1607,33618,62400
428,75,94,27198,1590,33712,76800
429,77,89,27122,1577,33801,79300
430,67,85,27056,1558,33886,83300
431,67,56,26988,1570,33942,79200
432,67,69,26921,1568,34011,68400
433,64,88,26857,1544,34099,65700
434,72,70,26784,1547,34169,72100
435,79,78,26706,1547,34247,181900
436,64,75,26644,1534,34322,70300
437,68,77,26573,1528,34399,69800
438,70,98,26503,1500,34497,64400
439,66,64,26438,1501,34561,59100
440,72,73,26366,1500,34634,67000
441,72,82,26293,1491,34716,66600
442,80,83,26214,1487,34799,66000
443,74,70,26139,1492,34869,74700
444,74,75,26066,1490,34944,70500
445,77,81,25988,1487,35025,65200
446,85,99,25909,1467,35124,72100
447,81,76,25823,1477,35200,59400
448,73,78,25750,1472,35278,62200
449,64,68,25685,1469,35346,59500
450,72,65,25616,1473,35411,69700
451,70,66,25546,1477,35477,63400
452,76,60,25471,1492,35537,66900
453,80,67,25388,1508,35604,61300
454,66,91,25323,1482,35695,228900
455,75,73,25247,1485,35768,71000
456,95,79,25154,1499,35847,69600
457,76,81,25076,1496,35928,70800
458,78,79,24999,1494,36007,67800
459,71,76,24929,1488,36083,60600
460,82,82,24847,1488,36165,68200
461,74,96,24771,1468,36261,65600
462,71,78,24701,1460,36339,59800
463,72,64,24630,1467,36403,63300
464,93,84,24537,1476,36487,61600
465,75,64,24459,1490,36551,67400
466,79,86,24382,1481,36637,69400
467,77,75,24303,1485,36712,73200
468,73,81,24236,1471,36793,73700
469,70,72,24165,1470,36865,66900
470,76,81,24088,1466,36946,70600
471,65,51,24020,1483,36997,62600
472,65,78,23955,1470,37075,67300
473,87,69,23868,1488,37144,66100
474,66,73,23803,1480,37217,88200
475,69,73,23733,1477,37290,80700
476,75,70,23658,1482,37360,73800
477,68,88,23590,1462,37448,62200
478,66,78,23525,1449,37526,96300
479,64,80,23461,1433,37606,80600
480,71,81,23390,1423,37687,64700
481,70,72,23319,1422,37759,62100
482,62,51,23257,1433,37810,61700
483,59,91,23198,1401,37901,68800
484,72,80,23128,1391,37981,71100
485,61,64,23066,1389,38045,75900
486,75,66,22991,1398,38111,76100
487,70,78,22919,1392,38189,77500
488,70,75,22849,1387,38264,76900
489,68,62,22782,1392,38326,69700
490,68,67,22714,1393,38393,74000
491,58,73,22658,1376,38466,68300
492,70,75,22585,1374,38541,78100
493,75,76,22514,1369,38617,86900
494,94,90,22418,1375,38707,94300
495,66,72,22351,1370,38779,80200
496,77,64,22276,1381,38843,88200
497,70,69,22204,1384,38912,92600
498,63,59,22141,1388,38971,70800
499,78,83,22064,1382,39054,80200
500,80,74,21985,1387,39128,79200
501,91,64,21893,1415,39192,74100
502,69,75,21824,1409,39267,81300
503,75,66,21749,1418,39333,90400
504,71,64,21677,1426,39397,90600
505,65,62,21616,1425,39459,87400
506,68,67,21547,1427,39526,89500
507,63,63,21482,1429,39589,78000
508,69,66,21414,1431,39655,73900
509,80,78,21335,1432,39733,76500
510,59,72,21272,1423,39805,80800
511,83,62,21190,1443,39867,80800
512,87,69,21103,1461,39936,71000
513,73,82,21031,1451,40018,65900
514,85,62,20945,1475,40080,67300
515,79,80,20868,1472,40160,64600
516,72,80,20794,1466,40240,71500
517,71,74,20722,1464,40314,67100
518,84,71,20640,1475,40385,77400
519,78,79,20560,1476,40464,269900
520,74,75,20488,1473,40539,52400
521,75,78,20413,1470,40617,79000
522,66,77,20346,1460,40694,64500
523,71,82,20277,1447,40776,71700
524,79,80,20197,1447,40856,82800
525,75,79,20120,1445,40935,69300
526,70,76,20051,1438,41011,66900
527,69,67,19982,1440,41078,61100
528,66,81,19920,1421,41159,63700
529,57,73,19858,1410,41232,62300
530,57,80,19801,1387,41312,68100
531,64,68,19738,1382,41380,69900
532,57,55,19681,1384,41435,68900
533,70,73,19610,1382,41508,69200
534,65,60,19546,1386,41568,97700
535,57,76,19488,1368,41644,67000
536,78,63,19411,1382,41707,77800
537,66,82,19345,1366,41789,69800
538,90,66,19254,1391,41855,68500
539,68,71,19187,1387,41926,59800
540,75,72,19111,1391,41998,74600
541,88,72,19023,1407,42070,71800
542,73,79,18951,1400,42149,63700
543,67,69,18884,1398,42218,64300
544,53,71,18831,1380,42289,68200
545,52,70,18779,1362,42359,61800
546,66,64,18713,1364,42423,56600
547,69,60,18645,1372,42483,68400
548,57,68,18586,1363,42551,69300
549,64,81,18523,1345,42632,68900
550,68,79,18454,1335,42711,70600
551,80,53,18374,1362,42764,67100
552,59,71,18318,1347,42835,69500
553,63,68,18257,1340,42903,76600
554,53,80,18200,1317,42983,60800
555,50,69,18149,1299,43052,68100
556,68,64,18086,1298,43116,56400
557,61,69,18020,1295,43185,76900
558,52,61,17969,1285,43246,65700
559,60,75,17908,1271,43321,71800
560,84,61,17826,1292,43382,70000
561,59,52,17765,1301,43434,71400
562,46,70,17720,1276,43504,70500
563,59,74,17660,1262,43578,68700
564,80,60,17580,1282,43638,79700
565,59,72,17521,1269,43710,79800
566,52,53,17472,1265,43763,79000
567,72,73,17397,1267,43836,69600
568,54,64,17344,1256,43900,66600
569,70,65,17277,1258,43965,75400
570,57,76,17217,1242,44041,74800
571,58,63,17158,1238,44104,64900
572,63,64,17095,1237,44168,77400
573,58,63,17037,1232,44231,81500
574,62,65,16976,1228,44296,62300
575,48,66,16928,1210,44362,76100
576,60,62,16869,1207,44424,70400
577,60,61,16808,1207,44485,76100
578,48,64,16760,1191,44549,63400
579,53,53,16708,1190,44602,72100
580,53,57,16654,1187,44659,67100
581,57,66,16599,1176,44725,66300
582,76,63,16524,1188,44788,64500
583,63,69,16457,1186,44857,78300
584,62,69,16397,1177,44926,72600
585,58,67,16341,1166,44993,73500
586,59,69,16281,1157,45062,73100
587,69,60,16209,1169,45122,67800
588,70,52,16141,1185,45174,281700
589,73,57,16067,1202,45231,81200
590,71,51,15996,1222,45282,72000
591,57,61,15940,1217,45343,76100
592,59,75,15884,1198,45418,60600
593,61,72,15819,1191,45490,65300
594,57,68,15764,1178,45558,68700
595,57,58,15705,1179,45616,193700
596,58,60,15647,1177,45676,71200
597,50,56,15598,1170,45732,71200
598,56,53,15541,1174,45785,72300
599,60,51,15481,1183,45836,64700
600,47,60,15434,1170,45896,67900
601,39,69,15394,1141,45965,71300
602,57,63,15338,1134,46028,79700
603,53,59,15288,1125,46087,68500
604,53,54,15232,1127,46141,60100
605,48,54,15184,1121,46195,84100
606,55,58,15129,1118,46253,72900
607,56,53,15073,1121,46306,65500
608,42,56,15032,1106,46362,69300
609,57,55,14973,1110,46417,99000
610,57,57,14917,1109,46474,74700
611,63,61,14854,1111,46535,64200
612,53,48,14800,1117,46583,87900
613,51,58,14750,1109,46641,70700
614,50,57,14699,1103,46698,65500
615,55,46,14644,1112,46744,51000
616,63,62,14582,1112,46806,70700
617,59,44,14523,1127,46850,56000
618,53,73,14469,1108,46923,63700
619,63,60,14406,1111,46983,71300
620,71,48,14335,1134,47031,74000
621,53,50,14284,1135,47081,70300
622,49,54,14233,1132,47135,71100
623,47,68,14188,1109,47203,66100
624,74,49,14113,1135,47252,83800
625,74,49,14039,1160,47301,85900
626,74,57,13966,1176,47358,90500
627,83,61,13882,1199,47419,78600
628,50,49,13833,1199,47468,82700
629,48,53,13785,1194,47521,68500
630,47,67,13739,1173,47588,73500
631,66,68,13670,1174,47656,70700
632,59,52,13613,1179,47708,64900
633,55,52,13560,1180,47760,66300
634,70,59,13489,1192,47819,61700
635,64,74,13424,1183,47893,70100
636,56,61,13367,1179,47954,64400
637,42,51,13324,1171,48005,72100
638,62,48,13264,1183,48053,74200
639,55,66,13209,1172,48119,68600
640,50,51,13158,1172,48170,70600
641,47,60,13112,1158,48230,72900
642,66,42,13044,1184,48272,62900
643,60,75,12985,1168,48347,72300
644,52,63,12933,1157,48410,68600
645,73,55,12861,1174,48465,72500
646,53,55,12808,1172,48520,60100
647,55,57,12753,1170,48577,66700
648,57,59,12694,1170,48636,59000
649,58,41,12636,1187,48677,64300
650,42,69,12595,1159,48746,66200
651,53,60,12542,1152,48806,74300
652,45,56,12496,1142,48862,68700
653,56,70,12440,1128,48932,70600
654,55,59,12388,1121,48991,75000
655,44,54,12341,1114,49045,64700
656,50,56,12291,1108,49101,65800
657,48,60,12245,1094,49161,73600
658,51,50,12192,1097,49211,67300
659,55,48,12138,1103,49259,90400
660,41,48,12096,1097,49307,72700
661,58,58,12038,1097,49365,80500
662,54,57,11984,1094,49422,87700
663,50,60,11936,1082,49482,84800
664,42,62,11892,1064,49544,125000
665,54,66,11839,1051,49610,65300
666,49,60,11789,1041,49670,66100
667,62,52,11727,1051,49722,76000
668,46,44,11681,1053,49766,69200
669,55,63,11626,1045,49829,79900
670,51,48,11575,1048,49877,72600
671,44,44,11531,1048,49921,101300
672,56,55,11479,1045,49976,84200
673,63,63,11412,1049,50039,76100
674,56,55,11356,1050,50094,80300
675,42,63,11316,1027,50157,68200
676,52,67,11263,1013,50224,73300
677,40,47,11222,1007,50271,65700
678,31,50,11192,987,50321,60900
679,52,56,11139,984,50377,70800
680,43,51,11096,976,50428,75800
681,50,58,11046,968,50486,80500
682,39,59,11008,947,50545,69500
683,52,53,10957,945,50598,80700
684,64,46,10892,964,50644,66200
685,57,43,10834,979,50687,78200
686,63,46,10771,996,50733,76100
687,49,50,10722,995,50783,67300
688,55,38,10668,1011,50821,89900
689,56,55,10612,1012,50876,82300
690,47,53,10566,1005,50929,81000
691,48,50,10517,1004,50979,80400
692,38,49,10478,994,51028,66600
693,46,45,10433,994,51073,83600
694,46,47,10387,993,51120,78200
695,45,43,10341,996,51163,73900
696,49,63,10293,981,51226,70600
697,51,58,10242,974,51284,76300
698,47,55,10195,966,51339,58900
699,54,56,10140,965,51395,59900
700,49,52,10093,960,51447,81800
701,50,57,10042,954,51504,80300
702,48,41,9993,962,51545,71200
703,46,46,9948,961,51591,63000
704,51,49,9898,962,51640,56900
705,55,48,9843,969,51688,74100
706,43,51,9799,962,51739,74400
707,59,52,9741,968,51791,76700
708,54,63,9686,960,51854,74200
709,56,52,9631,963,51906,80400
710,54,41,9575,978,51947,74800
711,58,47,9517,989,51994,78600
712,44,52,9474,980,52046,69900
713,62,56,9414,984,52102,67800
714,53,39,9359,1000,52141,74000
715,49,51,9310,998,52192,73300
716,57,43,9256,1009,52235,74800
717,51,52,9203,1010,52287,76400
718,57,40,9145,1028,52327,176200
719,62,52,9085,1036,52379,79700
720,59,51,9023,1047,52430,84300
721,56,74,8970,1026,52504,66000
722,52,45,8915,1036,52549,77900
723,44,45,8872,1034,52594,65000
724,60,38,8811,1057,52632,72800
725,57,55,8754,1059,52687,87000
726,50,58,8705,1050,52745,68200
727,48,47,8657,1051,52792,75500
728,57,57,8599,1052,52849,81700
729,67,61,8533,1057,52910,75900
730,52,54,8483,1053,52964,68500
731,52,75,8429,1032,53039,78300
732,70,47,8359,1055,53086,63000
733,65,60,8293,1061,53146,72800
734,66,50,8228,1076,53196,64600
735,69,58,8159,1087,53254,86200
736,52,57,8107,1082,53311,69800
737,67,55,8041,1093,53366,69100
738,52,50,7987,1097,53416,78600
739,47,42,7940,1102,53458,68200
740,45,54,7896,1092,53512,67700
741,62,59,7835,1094,53571,63200
742,54,60,7779,1090,53631,75200
743,58,55,7721,1093,53686,72000
744,57,56,7666,1092,53742,75100
745,53,54,7612,1092,53796,76900
746,52,46,7560,1098,53842,84100
747,60,64,7500,1094,53906,76800
748,49,64,7452,1078,53970,144500
749,62,56,7388,1086,54026,94400
750,48,53,7340,1081,54079,79200
751,58,58,7283,1080,54137,71900
752,64,45,7219,1099,54182,82200
753,39,73,7180,1065,54255,71400
754,51,56,7128,1061,54311,74600
755,51,42,7079,1068,54353,82800
756,63,63,7014,1070,54416,72700
757,51,48,6963,1073,54464,69800
758,41,50,6922,1064,54514,79500
759,56,50,6867,1069,54564,75400
760,37,49,6830,1057,54613,72800
761,41,48,6788,1051,54661,85800
762,56,47,6733,1059,54708,70100
763,43,53,6689,1050,54761,75100
764,42,48,6647,1044,54809,69900
765,47,56,6601,1034,54865,74500
766,45,56,6556,1023,54921,72600
767,44,49,6511,1019,54970,68800
768,43,54,6468,1008,55024,64200
769,37,43,6431,1002,55067,74000
770,49,49,6382,1002,55116,76000
771,39,45,6343,996,55161,77000
772,52,57,6292,990,55218,67800
773,47,54,6244,984,55272,68800
774,35,51,6209,968,55323,69000
775,47,52,6162,963,55375,66400
776,41,47,6122,956,55422,81700
777,47,37,6075,966,55459,78400
778,42,45,6033,963,55504,81300
779,28,59,6005,932,55563,64700
780,32,59,5973,905,55622,68900
781,36,39,5937,902,55661,63900
782,33,46,5905,888,55707,77700
783,44,52,5860,881,55759,79200
784,35,52,5824,865,55811,71500
785,23,46,5801,842,55857,74800
786,28,44,5774,825,55901,57100
787,36,60,5737,802,55961,55200
788,31,38,5706,795,55999,65600
789,35,52,5671,778,56051,69200
790,39,54,5632,763,56105,74200
791,33,36,5599,760,56141,63600
792,31,41,5568,750,56182,67500
793,39,43,5529,746,56225,79500
794,33,46,5496,733,56271,61100
795,39,50,5457,722,56321,79300
796,26,40,5431,708,56361,64900
797,30,27,5401,711,56388,84600
798,25,31,5378,703,56419,62000
799,43,33,5333,715,56452,72400
800,29,39,5304,705,56491,73600
801,27,32,5277,700,56523,81200
802,38,33,5239,705,56556,81600
803,29,23,5210,711,56579,83200
804,30,30,5180,711,56609,67500
805,31,33,5149,709,56642,78400
806,27,38,5122,698,56680,80900
807,32,31,5091,698,56711,72100
808,27,38,5063,688,56749,58500
809,28,30,5035,686,56779,68100
810,38,29,4997,695,56808,60500
811,26,32,4971,689,56840,74800
812,46,35,4925,700,56875,71200
813,34,23,4891,711,56898,73600
814,25,38,4866,698,56936,62400
815,38,43,4828,693,56979,64600
816,28,28,4800,693,57007,68300
817,23,35,4777,681,57042,60400
818,30,31,4749,678,57073,70000
819,30,33,4717,677,57106,71100
820,25,31,4692,671,57137,68200
821,16,43,4676,644,57180,63500
822,31,36,4646,638,57216,57200
823,31,35,4614,635,57251,74500
824,30,16,4585,648,57267,63900
825,31,36,4553,644,57303,61600
826,23,32,4530,635,57335,70700
827,35,27,4496,642,57362,59500
828,27,24,4468,646,57386,59600
829,33,28,4438,648,57414,56600
830,28,32,4408,646,57446,55200
831,26,27,4381,646,57473,68600
832,31,34,4350,643,57507,62900
833,23,33,4327,633,57540,65700
834,30,30,4297,633,57570,55800
835,26,30,4272,628,57600,50000
836,25,28,4248,624,57628,57400
837,37,37,4210,625,57665,49900
838,27,29,4183,623,57694,65200
839,24,26,4158,622,57720,65500
840,28,33,4130,617,57753,56600
841,36,31,4095,621,57784,54800
842,21,30,4073,613,57814,65200
843,31,31,4043,612,57845,53400
844,28,34,4016,605,57879,66800
845,28,35,3987,599,57914,75800
846,18,28,3968,590,57942,60400
847,21,33,3947,578,57975,82300
848,36,33,3912,580,58008,64900
849,31,26,3880,586,58034,69800
850,26,30,3854,582,58064,66500
851,24,37,3833,566,58101,69100
852,14,27,3816,556,58128,67700
853,26,24,3790,558,58152,60300
854,20,21,3770,557,58173,64900
855,14,31,3756,540,58204,69400
856,26,32,3732,532,58236,57000
857,23,33,3708,523,58269,66500
858,24,24,3683,524,58293,65600
859,18,34,3665,508,58327,66300
860,24,32,3641,500,58359,74500
861,20,23,3622,496,58382,103500
862,20,27,3601,490,58409,71200
863,19,25,3582,484,58434,67900
864,25,20,3557,489,58454,72600
865,18,19,3540,487,58473,67700
866,16,28,3523,476,58501,58800
867,20,24,3503,472,58525,68500
868,29,20,3475,480,58545,67100
869,19,33,3455,467,58578,66800
870,29,16,3426,480,58594,56900
871,22,20,3404,482,58614,65100
872,23,29,3381,476,58643,60100
873,21,26,3360,471,58669,73000
874,9,18,3351,462,58687,65100
875,17,27,3334,452,58714,71000
876,28,32,3306,448,58746,61200
877,23,28,3283,443,58774,73300
878,18,36,3265,425,58810,65000
879,12,16,3253,421,58826,72100
880,27,23,3226,425,58849,52400
881,25,17,3201,433,58866,67300
882,31,21,3171,442,58887,65700
883,22,18,3148,447,58905,66800
884,24,24,3124,447,58929,113600
885,25,22,3099,450,58951,107600
886,24,32,3075,442,58983,54000
887,18,26,3057,434,59009,62900
888,22,16,3035,440,59025,69200
889,24,22,3011,442,59047,70800
890,16,22,2995,436,59069,66800
891,20,23,2975,433,59092,61100
892,27,22,2948,438,59114,56900
893,23,24,2925,437,59138,62700
894,28,20,2898,444,59158,62000
895,25,28,2872,442,59186,70600
896,20,18,2852,444,59204,75600
897,25,27,2827,442,59231,68500
898,20,21,2807,441,59252,66100
899,16,26,2791,431,59278,62000
900,22,19,2769,434,59297,65400
901,29,21,2740,442,59318,65800
902,22,21,2718,443,59339,57700
903,23,30,2696,435,59369,67300
904,21,24,2674,433,59393,65200
905,24,28,2652,427,59421,72200
906,25,25,2626,428,59446,60900
907,22,18,2603,433,59464,61000
908,16,27,2587,422,59491,58800
909,21,25,2566,418,59516,60900
910,12,19,2554,411,59535,59500
911,15,23,2539,403,59558,69200
912,17,17,2522,403,59575,62100
913,25,17,2497,411,59592,59200
914,16,14,2481,413,59606,57600
915,17,27,2464,403,59633,65200
916,22,16,2442,409,59649,68200
917,20,25,2422,404,59674,56500
918,33,19,2389,418,59693,69200
919,18,27,2372,408,59720,58200
920,16,22,2355,403,59742,61000
921,18,26,2338,394,59768,65500
922,22,18,2315,399,59786,63800
923,24,18,2291,405,59804,67800
924,16,29,2275,392,59833,66000
925,16,24,2260,383,59857,64100
926,20,18,2239,386,59875,55700
927,18,24,2221,380,59899,68300
928,29,21,2192,388,59920,71700
929,15,24,2177,379,59944,64500
930,14,15,2163,378,59959,76800
931,12,14,2151,376,59973,65700
932,10,19,2141,367,59992,60300
933,19,22,2122,364,60014,62500
934,14,17,2108,361,60031,56100
935,18,20,2090,359,60051,68900
936,15,17,2075,357,60068,70800
937,13,15,2062,355,60083,57800
938,14,20,2048,349,60103,70100
939,17,15,2031,351,60118,61600
940,18,18,2013,351,60136,55800
941,9,11,2004,349,60147,58300
942,17,17,1987,349,60164,60600
943,11,24,1976,336,60188,60100
944,20,20,1956,336,60208,61100
945,10,13,1946,333,60221,65000
946,13,13,1933,333,60234,63100
947,16,16,1917,333,60250,62400
948,9,22,1908,320,60272,66700
949,7,14,1901,313,60286,62100
950,21,8,1880,326,60294,72200
951,14,16,1866,324,60310,66100
952,18,16,1848,326,60326,70400
953,9,17,1839,318,60343,72500
954,10,12,1829,316,60355,55500
955,15,16,1814,315,60371,69700
956,15,11,1799,319,60382,61700
957,18,16,1781,321,60398,68300
958,16,13,1765,324,60411,60100
959,15,11,1750,328,60422,66200
960,12,18,1738,322,60440,56700
961,19,16,1720,324,60456,64900
962,16,14,1703,327,60470,71200
963,16,17,1687,326,60487,64000
964,13,23,1674,316,60510,52800
965,16,12,1658,320,60522,55400
966,15,14,1643,321,60536,75100
967,14,12,1629,323,60548,67900
968,12,6,1617,329,60554,100500
969,12,14,1605,327,60568,52400
970,12,19,1593,320,60587,70000
971,12,15,1582,316,60602,62900
972,14,20,1567,311,60622,66100
973,13,13,1554,311,60635,67600
974,20,14,1534,317,60649,63400
975,14,16,1521,314,60665,73800
976,17,21,1503,311,60686,56800
977,16,23,1488,303,60709,41300
978,8,19,1479,293,60728,62200
979,11,6,1468,298,60734,66500
980,14,14,1454,298,60748,71100
981,14,10,1440,302,60758,57900
982,11,10,1429,303,60768,67200
983,8,18,1421,293,60786,68500
984,14,16,1407,291,60802,63700
985,12,10,1395,293,60812,90200
986,16,12,1379,297,60824,72400
987,13,18,1367,291,60842,57800
988,11,13,1355,290,60855,59500
989,12,17,1343,285,60872,63400
990,8,23,1335,270,60895,69300
991,6,11,1329,265,60906,63500
992,8,15,1321,258,60921,63800
993,12,10,1309,260,60931,66200
994,7,14,1302,253,60945,57200
995,9,14,1293,248,60959,56600
996,13,11,1280,250,60970,68100
997,11,14,1269,247,60984,74400
998,10,14,1259,243,60998,71200
999,12,8,1247,247,61006,72600
1000,12,11,1235,248,61017,62700
1001,12,13,1223,247,61030,66800
1002,14,12,1209,249,61042,73700
1003,9,11,1200,247,61053,69200
1004,7,13,1193,241,61066,64700
1005,8,12,1185,237,61078,64100
1006,8,11,1177,234,61089,72300
1007,14,11,1163,237,61100,66600
1008,11,13,1152,235,61113,66600
1009,12,9,1140,238,61122,69300
1010,13,13,1127,238,61135,71300
1011,18,17,1109,239,61152,70900
1012,10,15,1099,234,61167,73100
1013,10,14,1089,230,61181,59500
1014,16,12,1073,234,61193,67800
1015,7,12,1066,229,61205,55700
1016,9,16,1057,222,61221,66300
1017,9,8,1048,223,61229,68400
1018,6,14,1042,215,61243,55900
1019,7,7,1035,215,61250,60400
1020,6,11,1029,210,61261,65500
1021,4,14,1025,200,61275,66300
1022,6,11,1019,195,61286,66900
1023,7,10,1012,192,61296,71900
1024,4,10,1008,186,61306,76900
1025,3,9,1005,180,61315,57400
1026,4,5,1001,179,61320,74900
1027,4,14,997,169,61334,58600
1028,5,7,992,167,61341,48800
1029,4,11,988,160,61352,73300
1030,4,9,984,155,61361,68400
1031,3,8,981,150,61369,71800
1032,4,10,977,144,61379,73800
1033,4,5,973,143,61384,69500
1034,4,10,969,137,61394,64000
1035,6,6,963,137,61400,63400
1036,6,10,957,133,61410,60400
1037,0,4,957,129,61414,74700
1038,2,11,955,120,61425,70800
1039,6,6,949,120,61431,69400
1040,1,11,948,110,61442,62600
1041,4,8,944,106,61450,63100
1042,4,4,940,106,61454,56900
1043,2,4,938,104,61458,67500
1044,3,7,935,100,61465,66900
1045,2,6,933,96,61471,63000
1046,0,3,933,93,61474,58500
1047,3,3,930,93,61477,51500
1048,1,3,929,91,61480,52200
1049,0,3,929,88,61483,93700
1050,1,8,928,81,61491,58600
1051,1,3,927,79,61494,67800
1052,0,5,927,74,61499,60500
1053,1,5,926,70,61504,80900
1054,4,0,922,74,61504,67900
1055,2,2,920,74,61506,62500
1056,2,6,918,70,61512,64200
1057,1,4,917,67,61516,60200
1058,1,3,916,65,61519,74500
1059,0,4,916,61,61523,66000
1060,2,6,915,56,61529,71900
1061,2,3,912,56,61532,58600
1062,0,4,912,52,61536,69500
1063,0,4,912,48,61540,47100
1064,0,3,912,45,61543,59800
1065,0,3,912,42,61546,63300
1066,0,2,912,40,61548,66900
1067,0,2,912,38,61550,55000
1068,1,1,911,38,61551,58600
1069,0,1,911,37,61552,71300
1070,0,2,911,35,61554,52000
1071,0,3,911,32,61557,67900
1072,0,2,911,30,61559,66600
1073,0,1,911,29,61560,68200
1074,0,1,911,28,61561,60200
1075,0,2,911,26,61563,55000
1076,0,3,911,23,61566,62400
1077,0,0,911,23,61566,59500
1078,0,1,911,22,61567,60000
1079,0,1,911,21,61568,66500
1080,0,2,911,19,61570,59000
1081,0,4,911,15,61574,53600
1082,0,0,911,15,61574,54600
1083,0,1,911,14,61575,105800
1084,0,0,911,14,61575,65100
1085,0,0,911,14,61575,64700
1086,0,0,911,14,61575,54500
1087,0,0,911,14,61575,49500
1088,0,2,911,12,61577,68600
1089,1,0,910,13,61577,60300
1090,1,1,909,13,61578,69900
1091,0,1,909,12,61579,61800
1092,0,0,909,12,61579,59200
1093,0,0,909,12,61579,57100
1094,1,1,908,12,61580,64200
1095,0,1,908,11,61581,56500
1096,0,0,908,11,61581,56700
1097,0,0,908,11,61581,68400
1098,0,1,908,10,61582,68600
1099,0,0,908,10,61582,58400
1100,0,0,908,10,61582,50200
1101,0,3,908,7,61585,69200
1102,1,0,907,8,61585,61000
1103,0,0,907,8,61585,62700
1104,0,0,907,8,61585,54600
1105,0,0,907,8,61585,60000
1106,0,0,907,8,61585,51000
1107,0,1,907,7,61586,68500
1108,0,0,907,7,61586,53300
1109,0,0,907,7,61586,53300
1110,0,1,907,6,61587,62900
1111,0,0,907,6,61587,53200
1112,0,0,907,6,61587,236800
1113,0,0,907,6,61587,78700
1114,0,0,907,6,61587,49900
1115,0,0,907,6,61587,61400
1116,0,0,907,6,61587,59100
1117,0,0,907,6,61587,54100
1118,0,0,907,6,61587,58500
1119,0,0,907,6,61587,65200
1120,0,0,907,6,61587,78900
1121,0,1,907,5,61588,55000
1122,0,0,907,5,61588,59400
1123,0,0,907,5,61588,63400
1124,0,0,907,5,61588,50600
1125,0,0,907,5,61588,62700
1126,0,0,907,5,61588,59500
1127,0,0,907,5,61588,57500
1128,0,1,907,4,61589,61400
1129,0,0,907,4,61589,61100
1130,0,1,907,3,61590,58000
1131,0,0,907,3,61590,62600
1132,0,0,907,3,61590,65100
1133,0,0,907,3,61590,71300
1134,0,0,907,3,61590,58100
1135,0,0,907,3,61590,70800
1136,0,0,907,3,61590,63700
1137,0,0,907,3,61590,57700
1138,0,0,907,3,61590,59200
1139,0,0,907,3,61590,64900
1140,0,0,907,3,61590,57000
1141,0,0,907,3,61590,64300
1142,0,0,907,3,61590,65200
1143,0,0,907,3,61590,66000
1144,0,0,907,3,61590,62700
1145,0,0,907,3,61590,57900
1146,0,0,907,3,61590,53300
1147,0,1,907,2,61591,59600
1148,0,0,907,2,61591,58800
1149,0,0,907,2,61591,58900
1150,0,0,907,2,61591,52400
1151,0,0,907,2,61591,58700
1152,0,0,907,2,61591,56300
1153,0,0,907,2,61591,43900
1154,0,0,907,2,61591,56800
1155,0,0,907,2,61591,51400
1156,0,0,907,2,61591,61600
1157,0,0,907,2,61591,67800
1158,0,0,907,2,61591,51000
1159,0,0,907,2,61591,54000
1160,0,0,907,2,61591,56400
1161,0,0,907,2,61591,57000
1162,0,0,907,2,61591,56600
1163,0,0,907,2,61591,68000
1164,0,0,907,2,61591,61400
1165,0,0,907,2,61591,58000
1166,0,0,907,2,61591,68700
1167,0,0,907,2,61591,70200
1168,0,0,907,2,61591,62100
1169,0,0,907,2,61591,59000
1170,0,0,907,2,61591,64100
1171,0,0,907,2,61591,55500
1172,0,0,907,2,61591,60700
1173,0,0,907,2,61591,66000
1174,0,0,907,2,61591,70300
1175,0,0,907,2,61591,63800
1176,0,0,907,2,61591,68400
1177,0,0,907,2,61591,57400
1178,0,0,907,2,61591,50600
1179,0,0,907,2,61591,68300
1180,0,0,907,2,61591,58900
1181,0,0,907,2,61591,70600
1182,0,0,907,2,61591,48100
1183,0,0,907,2,61591,57100
1184,0,0,907,2,61591,54100
1185,0,0,907,2,61591,63900
1186,0,0,907,2,61591,60100
1187,0,0,907,2,61591,66200
1188,0,0,907,2,61591,61000
1189,0,0,907,2,61591,53200
1190,0,0,907,2,61591,56000
1191,0,0,907,2,61591,60500
1192,0,0,907,2,61591,69100
1193,0,0,907,2,61591,52600
1194,0,0,907,2,61591,65200
1195,0,0,907,2,61591,68200
1196,0,1,907,1,61592,240300
1197,0,0,907,1,61592,62300
1198,0,0,907,1,61592,62600
1199,0,0,907,1,61592,66900
1200,0,0,907,1,61592,58800
1201,0,0,907,1,61592,62600
1202,0,0,907,1,61592,76200
1203,0,0,907,1,61592,68600
1204,0,0,907,1,61592,66600
1205,0,0,907,1,61592,57800
1206,0,0,907,1,61592,59200
1207,0,0,907,1,61592,46200
1208,0,0,907,1,61592,62000
1209,0,0,907,1,61592,109000
1210,0,0,907,1,61592,66200
1211,0,0,907,1,61592,52000
1212,0,0,907,1,61592,57000
1213,0,0,907,1,61592,64300
1214,0,0,907,1,61592,69200
1215,0,0,907,1,61592,46900
1216,0,0,907,1,61592,66400
1217,0,0,907,1,61592,64000
1218,0,0,907,1,61592,57700
1219,0,0,907,1,61592,58900
1220,0,0,907,1,61592,69500
1221,0,0,907,1,61592,63100
1222,0,0,907,1,61592,54400
1223,0,0,907,1,61592,51600
1224,0,0,907,1,61592,70400
1225,0,0,907,1,61592,56800
1226,0,0,907,1,61592,58400
1227,0,0,907,1,61592,57400
1228,0,0,907,1,61592,64400
1229,0,1,907,0,61593,62700
