Tick,NewlyInfected,NewlyRecovered,TotalSusceptible,TotalInfected,TotalRecovered,StepTimeNanos
0,0,0,999995,5,0,1283300
1,0,1,999995,4,1,605600
2,2,1,999993,5,2,550900
3,3,0,999991,7,2,521700
4,0,0,999990,8,2,463400
5,0,0,999990,8,2,399500
6,3,1,999987,10,3,370200
7,1,0,999986,11,3,360800
8,4,1,999984,12,4,370800
9,8,0,999976,20,4,389400
10,4,2,999970,24,6,362600
11,2,0,999969,25,6,368300
12,11,3,999957,34,9,336000
13,4,1,999954,36,10,351300
14,7,2,999947,41,12,432600
15,7,4,999939,45,16,356500
16,6,3,999933,48,19,371300
17,4,2,999930,49,21,327400
18,6,4,999924,51,25,343400
19,9,3,999915,57,28,371800
20,6,4,999908,60,32,329800
21,8,2,999901,65,34,328900
22,9,5,999891,70,39,340900
23,13,5,999878,78,44,350400
24,14,3,999865,88,47,336800
25,10,0,999856,97,47,336800
26,18,2,999837,114,49,317900
27,12,7,999828,116,56,315000
28,6,8,999818,118,64,340900
29,21,2,999803,131,66,374700
30,10,10,999790,134,76,425500
31,12,12,999777,135,88,394600
32,13,7,999763,142,95,362400
33,26,7,999742,156,102,344800
34,22,6,999716,176,108,351200
35,22,7,999695,190,115,356700
36,20,6,999673,206,121,337900
37,21,7,999652,220,128,331500
38,16,8,999638,226,136,338500
39,16,13,999620,231,149,328700
40,24,13,999597,241,162,380000
41,22,17,999575,246,179,336300
42,21,13,999556,252,192,361300
43,17,15,999538,255,207,345800
44,15,12,999522,259,219,337000
45,18,9,999504,268,228,347300
46,18,20,999485,267,248,356500
47,26,11,999461,280,259,352400
48,34,14,999430,297,273,355000
49,23,17,999405,305,290,361900
50,26,20,999376,314,310,347200
51,23,11,999353,326,321,337700
52,32,16,999324,339,337,360100
53,24,14,999298,351,351,435100
54,32,20,999271,358,371,391600
55,38,21,999228,380,392,364700
56,40,15,999191,402,407,396500
57,33,21,999158,414,428,380800
58,30,20,999129,423,448,379200
59,42,18,999084,450,466,351400
60,40,21,999047,466,487,352700
61,46,29,998999,485,516,359500
62,30,30,998970,484,546,363100
63,41,27,998928,499,573,475500
64,31,25,998898,504,598,398100
65,29,22,998870,510,620,460800
66,35,26,998831,523,646,352500
67,40,27,998795,532,673,346600
68,35,35,998759,533,708,379400
69,61,24,998702,566,732,362800
70,57,28,998639,601,760,346700
71,40,39,998597,604,799,360600
72,52,32,998546,623,831,347200
73,39,32,998510,627,863,377600
74,42,30,998473,634,893,352800
75,54,40,998418,649,933,365000
76,52,43,998362,662,976,365600
77,49,36,998313,675,1012,349900
78,74,45,998241,702,1057,540600
79,32,28,998206,709,1085,372800
80,67,31,998143,741,1116,355400
81,53,56,998087,741,1172,347200
82,54,40,998033,755,1212,337000
83,51,41,997981,766,1253,338600
84,55,35,997928,784,1288,330000
85,65,37,997866,809,1325,343800
86,50,31,997816,828,1356,351400
87,61,52,997753,839,1408,350700
88,52,46,997704,842,1454,398400
89,51,40,997648,858,1494,362700
90,71,41,997580,885,1535,377400
91,70,36,997509,920,1571,469100
92,61,56,997446,927,1627,405200
93,59,62,997392,919,1689,440000
94,56,52,997337,922,1741,362600
95,63,53,997270,936,1794,367100
96,72,49,997197,960,1843,350400
97,69,38,997133,986,1881,355900
98,59,46,997071,1002,1927,363400
99,74,55,996996,1022,1982,372800
100,69,53,996928,1037,2035,376700
101,74,60,996854,1051,2095,438600
102,78,50,996779,1076,2145,539500
103,61,67,996714,1074,2212,443900
104,68,51,996648,1089,2263,383400
105,66,53,996582,1102,2316,390100
106,79,61,996498,1125,2377,383200
107,72,56,996431,1136,2433,366100
108,56,61,996375,1131,2494,398200
109,65,63,996305,1138,2557,376800
110,70,54,996240,1149,2611,419700
111,60,63,996181,1145,2674,363100
112,64,69,996113,1144,2743,387800
113,76,77,996038,1142,2820,668200
114,64,83,995974,1123,2903,358000
115,58,62,995915,1120,2965,402100
116,58,46,995860,1129,3011,389900
117,81,57,995780,1152,3068,443300
118,79,54,995695,1183,3122,751800
119,50,73,995648,1157,3195,1603300
120,55,57,995594,1154,3252,542100
121,69,58,995522,1168,3310,564700
122,53,57,995467,1166,3367,805000
123,61,55,995411,1167,3422,574100
124,70,72,995340,1166,3494,915700
125,72,70,995271,1165,3564,1569800
126,67,46,995205,1185,3610,566900
127,64,61,995134,1195,3671,475600
128,68,55,995070,1204,3726,1186500
129,64,66,995002,1206,3792,3481300
130,66,65,994941,1202,3857,851500
131,68,45,994869,1229,3902,805700
132,74,60,994800,1238,3962,739000
133,83,81,994718,1239,4043,676500
134,74,67,994645,1245,4110,630100
135,96,64,994549,1277,4174,655100
136,56,63,994489,1274,4237,501900
137,90,52,994405,1306,4289,499900
138,88,68,994311,1332,4357,467300
139,75,62,994237,1344,4419,486900
140,76,69,994156,1356,4488,424600
141,73,65,994086,1361,4553,547600
142,76,72,994012,1363,4625,462700
143,72,54,993938,1383,4679,450300
144,79,76,993863,1382,4755,466600
145,86,66,993776,1403,4821,478700
146,77,78,993696,1405,4899,421200
147,69,65,993626,1410,4964,466700
148,82,71,993546,1419,5035,460300
149,76,67,993471,1427,5102,509100
150,92,94,993381,1423,5196,419400
151,94,81,993278,1445,5277,406500
152,77,82,993209,1432,5359,406200
153,75,78,993134,1429,5437,405600
154,82,90,993050,1423,5527,414300
155,75,70,992980,1423,5597,397400
156,87,74,992892,1437,5671,401300
157,73,84,992816,1429,5755,414600
158,94,58,992723,1464,5813,393400
159,87,70,992639,1478,5883,423800
160,90,81,992543,1493,5964,410800
161,79,71,992465,1500,6035,418800
162,90,71,992374,1520,6106,390400
163,88,64,992291,1539,6170,409200
164,95,83,992195,1552,6253,424800
165,102,97,992097,1553,6350,454000
166,85,73,992009,1568,6423,427200
167,94,77,991919,1581,6500,422500
168,83,77,991830,1593,6577,392200
169,102,91,991724,1608,6668,397700
170,78,55,991646,1631,6723,401300
171,85,92,991565,1620,6815,388000
172,88,87,991472,1626,6902,416100
173,84,67,991395,1636,6969,391600
174,109,78,991282,1671,7047,425700
175,87,70,991198,1685,7117,428400
176,108,95,991092,1696,7212,402800
177,98,92,990991,1705,7304,414400
178,97,81,990895,1720,7385,408600
179,95,87,990796,1732,7472,430500
180,104,83,990698,1747,7555,430100
181,92,73,990600,1772,7628,416300
182,100,81,990504,1787,7709,407500
183,110,101,990395,1795,7810,393200
184,100,100,990289,1801,7910,530000
185,90,90,990206,1794,8000,500000
186,93,91,990111,1798,8091,454700
187,96,90,990015,1804,8181,407000
188,103,108,989912,1799,8289,474600
189,108,78,989807,1826,8367,455000
190,98,84,989698,1851,8451,472600
191,109,100,989598,1851,8551,405900
192,106,86,989498,1865,8637,404700
193,75,89,989414,1860,8726,383000
194,104,90,989311,1873,8816,400400
195,97,112,989219,1853,8928,579800
196,106,94,989111,1867,9022,401600
197,95,100,989015,1863,9122,391300
198,99,98,988913,1867,9220,397300
199,94,101,988823,1856,9321,381700
200,102,106,988717,1856,9427,375900
201,115,86,988606,1881,9513,387100
202,121,94,988487,1906,9607,407900
203,118,90,988369,1934,9697,399500
204,116,104,988247,1952,9801,2522200
205,103,102,988146,1951,9903,666700
206,107,114,988034,1949,10017,569200
207,95,84,987947,1952,10101,610200
208,99,115,987845,1939,10216,480400
209,129,103,987718,1963,10319,481500
210,93,94,987627,1960,10413,461500
211,106,93,987517,1977,10506,430600
212,103,120,987414,1960,10626,418200
213,115,102,987303,1969,10728,415300
214,109,104,987194,1974,10832,417500
215,118,76,987079,2013,10908,427100
216,102,106,986963,2023,11014,434300
217,107,107,986862,2017,11121,398900
218,113,106,986754,2019,11227,465300
219,118,110,986639,2024,11337,423100
220,104,102,986527,2034,11439,398800
221,112,121,986412,2028,11560,397800
222,96,95,986318,2027,11655,391100
223,108,107,986216,2022,11762,359700
224,109,88,986108,2042,11850,424600
225,96,98,986009,2043,11948,384500
226,94,118,985919,2015,12066,379600
227,119,96,985801,2037,12162,397300
228,95,101,985695,2042,12263,405600
229,135,99,985567,2071,12362,380800
230,109,101,985460,2077,12463,378400
231,117,111,985339,2087,12574,390400
232,122,102,985219,2105,12676,398600
233,111,119,985101,2104,12795,421700
234,111,83,984995,2127,12878,481100
235,132,107,984862,2153,12985,555900
236,143,118,984725,2172,13103,596200
237,112,100,984608,2189,13203,387800
238,119,103,984489,2205,13306,367100
239,124,122,984371,2201,13428,358700
240,116,121,984249,2202,13549,364200
241,117,117,984134,2200,13666,385100
242,113,120,984017,2197,13786,373200
243,148,104,983876,2234,13890,361400
244,110,121,983755,2234,14011,390800
245,119,101,983655,2233,14112,363600
246,141,118,983506,2264,14230,388000
247,140,119,983365,2286,14349,368400
248,130,110,983236,2305,14459,362500
249,135,115,983096,2330,14574,499500
250,130,119,982972,2335,14693,361000
251,161,112,982811,2384,14805,381400
252,120,126,982692,2377,14931,379000
253,132,134,982558,2377,15065,363500
254,130,133,982421,2381,15198,410600
255,140,115,982289,2398,15313,379700
256,129,148,982159,2380,15461,363000
257,113,127,982041,2371,15588,391200
258,142,111,981906,2395,15699,397400
259,131,119,981773,2409,15818,374800
260,146,129,981624,2429,15947,383700
261,153,116,981469,2468,16063,360600
262,145,152,981325,2460,16215,442700
263,157,134,981168,2483,16349,384300
264,149,132,981028,2491,16481,380700
265,142,147,980881,2491,16628,379100
266,110,129,980768,2475,16757,373900
267,143,124,980632,2487,16881,382400
268,144,121,980489,2509,17002,420200
269,140,127,980339,2532,17129,386400
270,149,127,980201,2543,17256,375000
271,150,125,980047,2572,17381,367400
272,133,135,979911,2573,17516,410500
273,173,138,979745,2601,17654,394200
274,139,135,979602,2609,17789,402000
275,135,124,979465,2622,17913,431500
276,162,137,979305,2645,18050,402000
277,158,118,979140,2692,18168,384200
278,153,152,978991,2689,18320,393800
279,187,143,978811,2726,18463,389700
280,139,135,978662,2740,18598,362100
281,179,131,978489,2782,18729,364300
282,171,139,978320,2812,18868,388200
283,165,146,978163,2823,19014,385700
284,160,143,978000,2843,19157,383200
285,172,162,977818,2863,19319,375500
286,171,137,977643,2901,19456,356200
287,178,169,977479,2896,19625,374700
288,159,173,977315,2887,19798,485400
289,149,160,977167,2875,19958,410200
290,155,147,977007,2888,20105,403900
291,145,140,976867,2888,20245,394300
292,169,153,976698,2904,20398,397100
293,162,138,976533,2931,20536,411800
294,160,138,976367,2959,20674,452800
295,174,159,976201,2966,20833,451500
296,171,163,976023,2981,20996,441800
297,149,153,975880,2971,21149,365400
298,184,155,975700,2996,21304,408000
299,158,158,975531,3007,21462,401900
300,173,143,975361,3034,21605,588300
301,168,166,975197,3032,21771,414500
302,187,152,975014,3063,21923,409800
303,182,151,974834,3092,22074,400100
304,163,168,974662,3096,22242,421300
305,176,156,974489,3113,22398,383600
306,198,153,974292,3157,22551,383100
307,166,151,974126,3172,22702,365700
308,171,168,973959,3171,22870,364900
309,186,195,973767,3168,23065,373100
310,153,152,973609,3174,23217,344800
311,164,160,973453,3170,23377,375500
312,191,161,973260,3202,23538,362300
313,153,174,973105,3183,23712,538100
314,152,167,972955,3166,23879,367800
315,169,147,972792,3182,24026,407000
316,174,169,972605,3200,24195,368100
317,169,175,972446,3184,24370,367700
318,166,157,972280,3193,24527,389500
319,172,156,972096,3221,24683,374800
320,134,184,971968,3165,24867,344200
321,157,172,971808,3153,25039,368900
322,172,182,971639,3140,25221,355100
323,172,179,971469,3131,25400,376200
324,168,172,971295,3133,25572,345500
325,175,179,971128,3121,25751,349400
326,151,167,970972,3110,25918,344900
327,164,143,970815,3124,26061,414600
328,155,176,970652,3111,26237,381200
329,138,161,970516,3086,26398,357300
330,173,169,970346,3087,26567,379400
331,194,139,970162,3132,26706,358500
332,174,152,969985,3157,26858,357200
333,168,191,969810,3141,27049,388600
334,171,165,969648,3138,27214,347100
335,217,170,969420,3196,27384,358400
336,151,172,969271,3173,27556,345400
337,145,170,969127,3147,27726,350700
338,170,143,968956,3175,27869,376800
339,154,151,968804,3176,28020,358900
340,159,163,968643,3174,28183,374600
341,184,169,968460,3188,28352,431300
342,175,155,968285,3208,28507,383400
343,181,148,968101,3244,28655,395700
344,174,173,967931,3241,28828,352300
345,164,169,967769,3234,28997,363000
346,164,182,967598,3223,29179,354100
347,158,193,967448,3180,29372,353200
348,194,158,967249,3221,29530,366400
349,163,161,967077,3232,29691,407200
350,187,166,966906,3237,29857,398800
351,171,184,966726,3233,30041,365000
352,189,179,966539,3241,30220,377000
353,215,181,966322,3277,30401,378100
354,197,140,966137,3322,30541,436600
355,205,188,965916,3355,30729,395400
356,172,181,965754,3336,30910,382300
357,185,162,965568,3360,31072,363500
358,211,165,965362,3401,31237,349000
359,208,184,965150,3429,31421,340100
360,193,157,964957,3465,31578,356100
361,203,177,964756,3489,31755,327300
362,212,193,964535,3517,31948,342800
363,188,179,964358,3515,32127,338100
364,204,182,964149,3542,32309,358300
365,216,181,963937,3573,32490,328900
366,195,196,963738,3576,32686,376300
367,168,177,963573,3564,32863,337900
368,225,171,963353,3613,33034,372700
369,198,180,963140,3646,33214,510500
370,231,197,962917,3672,33411,369100
371,219,173,962701,3715,33584,337800
372,178,163,962524,3729,33747,451200
373,208,208,962315,3730,33955,356500
374,207,200,962110,3735,34155,345000
375,212,195,961897,3753,34350,366900
376,193,191,961701,3758,34541,362200
377,192,175,961500,3784,34716,369500
378,238,218,961265,3801,34934,360900
379,204,202,961061,3803,35136,404300
380,220,191,960850,3823,35327,382600
381,215,211,960639,3823,35538,407800
382,212,198,960417,3847,35736,453800
383,219,221,960196,3847,35957,394300
384,230,206,959974,3863,36163,391000
385,233,213,959741,3883,36376,351500
386,221,187,959520,3917,36563,357400
387,241,192,959283,3962,36755,323300
388,215,201,959071,3973,36956,348400
389,233,208,958836,4000,37164,352800
390,216,211,958614,4011,37375,420700
391,241,220,958376,4029,37595,380300
392,235,206,958135,4064,37801,380900
393,210,237,957923,4039,38038,385900
394,225,218,957698,4046,38256,359700
395,256,228,957446,4070,38484,357000
396,248,225,957198,4093,38709,407200
397,210,209,956984,4098,38918,389100
398,251,193,956736,4153,39111,421400
399,225,227,956512,4150,39338,424800
400,206,222,956296,4144,39560,369300
401,230,193,956079,4168,39753,388500
402,223,214,955847,4186,39967,387200
403,241,233,955612,4188,40200,404200
404,250,242,955362,4196,40442,365300
405,247,234,955123,4201,40676,397200
406,272,232,954848,4244,40908,356700
407,227,228,954623,4241,41136,368100
408,217,201,954408,4255,41337,361200
409,257,240,954141,4282,41577,391300
410,252,238,953889,4296,41815,387700
411,245,219,953647,4319,42034,396700
412,252,215,953396,4355,42249,395600
413,222,244,953181,4326,42493,458800
414,239,242,952930,4335,42735,417400
415,246,244,952694,4327,42979,398200
416,238,224,952445,4352,43203,421100
417,240,196,952210,4391,43399,422500
418,254,227,951954,4420,43626,362400
419,216,246,951742,4386,43872,349300
420,243,253,951502,4373,44125,402000
421,242,244,951258,4373,44369,371100
422,216,208,951030,4393,44577,402700
423,237,220,950808,4395,44797,393300
424,245,222,950555,4426,45019,379100
425,240,208,950312,4461,45227,426500
426,228,246,950091,4436,45473,367900
427,249,239,949843,4445,45712,381800
428,217,213,949617,4458,45925,366500
429,213,246,949414,4415,46171,365600
430,233,210,949186,4433,46381,400800
431,219,235,948955,4429,46616,405700
432,204,219,948748,4417,46835,410000
433,244,226,948518,4421,47061,366900
434,229,217,948276,4446,47278,418000
435,216,217,948064,4441,47495,527800
436,242,221,947822,4462,47716,438200
437,235,226,947584,4474,47942,428800
438,201,243,947380,4435,48185,467600
439,225,220,947156,4439,48405,419100
440,225,218,946933,4444,48623,445300
441,246,226,946693,4458,48849,390900
442,259,202,946437,4512,49051,421000
443,269,219,946164,4566,49270,446800
444,247,239,945919,4572,49509,408300
445,237,254,945676,4561,49763,389200
446,230,251,945452,4534,50014,432000
447,224,220,945215,4551,50234,402600
448,223,234,944999,4533,50468,410100
449,235,252,944768,4512,50720,400500
450,239,230,944536,4514,50950,422400
451,234,208,944293,4549,51158,469600
452,221,232,944073,4537,51390,471900
453,235,223,943843,4544,51613,450700
454,257,220,943584,4583,51833,475700
455,232,260,943352,4555,52093,449100
456,231,227,943118,4562,52320,452000
457,263,244,942849,4587,52564,421900
458,237,270,942633,4533,52834,397100
459,260,238,942362,4566,53072,524600
460,247,235,942111,4582,53307,396000
461,228,220,941875,4598,53527,434500
462,237,216,941651,4606,53743,388300
463,240,236,941413,4608,53979,375300
464,260,215,941154,4652,54194,378500
465,257,265,940891,4650,54459,364800
466,267,249,940624,4668,54708,389600
467,284,224,940352,4716,54932,374200
468,254,253,940091,4724,55185,375500
469,287,219,939799,4797,55404,373900
470,295,218,939503,4875,55622,392600
471,265,264,939239,4875,55886,403700
472,241,232,938993,4889,56118,466500
473,302,273,938707,4902,56391,385200
474,286,281,938407,4921,56672,408000
475,265,260,938145,4923,56932,416200
476,288,261,937864,4943,57193,423000
477,290,259,937576,4972,57452,376200
478,271,271,937294,4983,57723,413800
479,266,267,937030,4980,57990,388600
480,273,268,936755,4987,58258,412000
481,265,272,936502,4968,58530,364700
482,292,244,936203,5023,58774,367300
483,268,282,935940,5004,59056,360700
484,260,266,935669,5009,59322,363600
485,264,289,935404,4985,59611,575100
486,283,253,935130,5006,59864,425300
487,279,254,934844,5038,60118,522200
488,282,274,934566,5042,60392,442700
489,256,254,934308,5046,60646,380700
490,279,274,934020,5060,60920,381300
491,264,270,933773,5037,61190,361200
492,287,257,933481,5072,61447,376800
493,278,287,933210,5056,61734,382800
494,296,263,932912,5091,61997,376200
495,268,270,932637,5096,62267,409100
496,281,287,932365,5081,62554,410000
497,266,238,932096,5112,62792,402300
498,282,261,931804,5143,63053,460400
499,271,244,931531,5172,63297,380900
500,283,264,931265,5174,63561,397900
501,280,262,930972,5205,63823,397700
502,269,250,930706,5221,64073,406600
503,265,278,930436,5213,64351,379800
504,286,290,930156,5203,64641,377100
505,291,272,929863,5224,64913,389600
506,294,262,929577,5248,65175,386200
507,319,273,929263,5289,65448,379200
508,242,249,929008,5295,65697,437800
509,261,297,928740,5266,65994,372100
510,300,268,928450,5288,66262,366100
511,273,257,928177,5304,66519,525100
512,267,291,927907,5283,66810,394100
513,268,276,927644,5270,67086,405600
514,256,287,927385,5242,67373,399700
515,259,253,927124,5250,67626,370200
516,273,268,926847,5259,67894,379500
517,269,260,926579,5267,68154,366800
518,273,291,926312,5243,68445,383500
519,295,276,926019,5260,68721,369700
520,279,264,925742,5273,68985,376600
521,266,267,925473,5275,69252,365300
522,275,272,925193,5283,69524,349800
523,318,281,924883,5312,69805,345700
524,308,242,924558,5395,70047,387800
525,302,261,924265,5427,70308,470400
526,331,313,923938,5441,70621,389900
527,267,307,923675,5397,70928,381900
528,291,269,923382,5421,71197,425700
529,296,284,923095,5424,71481,397800
530,321,268,922768,5483,71749,371700
531,311,275,922460,5516,72024,402300
532,311,285,922141,5550,72309,439600
533,295,290,921850,5551,72599,379200
534,274,281,921564,5556,72880,384000
535,304,284,921268,5568,73164,390300
536,259,273,921000,5563,73437,391300
537,288,317,920713,5533,73754,389400
538,294,303,920424,5519,74057,485800
539,287,286,920141,5516,74343,409500
540,287,267,919849,5541,74610,356400
541,292,286,919571,5533,74896,382900
542,289,299,919275,5530,75195,396000
543,275,267,918997,5541,75462,369100
544,309,282,918680,5576,75744,348700
545,274,265,918414,5577,76009,371900
546,331,292,918092,5607,76301,535300
547,319,282,917775,5642,76583,397800
548,274,282,917487,5648,76865,356500
549,308,299,917191,5645,77164,355500
550,293,280,916878,5678,77444,376600
551,295,270,916590,5696,77714,340700
552,294,292,916299,5695,78006,444100
553,326,304,915969,5721,78310,351700
554,329,299,915651,5740,78609,363400
555,286,289,915363,5739,78898,359500
556,317,268,915043,5791,79166,333100
557,334,307,914713,5814,79473,364400
558,299,282,914398,5847,79755,382900
559,294,302,914114,5829,80057,355400
560,353,291,913761,5891,80348,391900
561,336,315,913431,5906,80663,384100
562,328,308,913109,5920,80971,374700
563,310,290,912790,5949,81261,361600
564,332,277,912453,6009,81538,375900
565,331,272,912122,6068,81810,384900
566,342,285,911788,6117,82095,575100
567,325,320,911475,6110,82415,416300
568,340,336,911125,6124,82751,384200
569,330,311,910792,6146,83062,361600
570,318,307,910472,6159,83369,355000
571,306,328,910159,6144,83697,450500
572,328,339,909845,6119,84036,360200
573,305,331,909534,6099,84367,350700
574,315,288,909219,6126,84655,341100
575,312,314,908907,6124,84969,380300
576,310,322,908589,6120,85291,360700
577,307,327,908290,6092,85618,387000
578,312,324,907973,6085,85942,383500
579,348,278,907635,6145,86220,364300
580,312,323,907315,6142,86543,549400
581,321,322,906985,6150,86865,407700
582,315,326,906678,6131,87191,411100
583,313,331,906370,6108,87522,403300
584,326,319,906047,6112,87841,379200
585,299,315,905748,6096,88156,374100
586,332,293,905414,6137,88449,373400
587,320,305,905088,6158,88754,347400
588,327,313,904763,6170,89067,357600
589,340,311,904427,6195,89378,378600
590,324,306,904102,6214,89684,363500
591,352,333,903759,6224,90017,389600
592,303,307,903450,6226,90324,415600
593,355,310,903095,6271,90634,386100
594,334,311,902759,6296,90945,507900
595,334,332,902426,6297,91277,446600
596,353,300,902069,6354,91577,377300
597,357,332,901719,6372,91909,377300
598,321,339,901383,6369,92248,351700
599,329,344,901071,6337,92592,344300
600,337,362,900739,6307,92954,384000
601,346,334,900384,6328,93288,391400
602,335,304,900051,6357,93592,358200
603,353,311,899698,6399,93903,386100
604,363,358,899326,6413,94261,369200
605,329,327,898992,6420,94588,340900
606,350,293,898645,6474,94881,358400
607,359,347,898297,6475,95228,355400
608,346,358,897951,6463,95586,543700
609,347,343,897600,6471,95929,414800
610,342,335,897251,6485,96264,399400
611,383,344,896880,6512,96608,387200
612,380,304,896491,6597,96912,349100
613,368,320,896125,6643,97232,344500
614,361,364,895772,6632,97596,352300
615,383,329,895386,6689,97925,337000
616,348,323,895034,6718,98248,355300
617,362,333,894677,6742,98581,350000
618,381,341,894293,6785,98922,382800
619,365,337,893923,6818,99259,369800
620,392,362,893539,6840,99621,376500
621,364,330,893169,6880,99951,383500
622,361,369,892815,6865,100320,342900
623,384,374,892429,6877,100694,400500
624,381,323,892046,6937,101017,381800
625,369,367,891687,6929,101384,382700
626,359,326,891318,6972,101710,387200
627,381,334,890941,7015,102044,381500
628,369,360,890573,7023,102404,372600
629,395,382,890173,7041,102786,350300
630,388,332,889800,7082,103118,375700
631,345,361,889438,7083,103479,354900
632,348,356,889090,7075,103835,360100
633,357,388,888745,7032,104223,363900
634,367,354,888375,7048,104577,360500
635,357,377,888004,7042,104954,393000
636,371,372,887640,7034,105326,354300
637,389,369,887249,7056,105695,360000
638,362,363,886886,7056,106058,382700
639,358,341,886536,7065,106399,387200
640,358,372,886173,7056,106771,390900
641,359,372,885807,7050,107143,428500
642,336,364,885480,7013,107507,398200
643,341,341,885135,7017,107848,374000
644,364,348,884779,7025,108196,460500
645,324,400,884445,6959,108596,414300
646,317,324,884124,6956,108920,397500
647,404,370,883726,6984,109290,394100
648,373,364,883351,6995,109654,365800
649,388,371,882959,7016,110025,372400
650,347,357,882618,7000,110382,372200
651,391,356,882234,7028,110738,614200
652,371,389,881847,7026,111127,389000
653,365,386,881491,6996,111513,379100
654,345,325,881155,7007,111838,386100
655,387,374,880778,7010,112212,366900
656,381,398,880381,7009,112610,417700
657,345,331,880038,7021,112941,375700
658,350,342,879685,7032,113283,364400
659,322,328,879369,7020,113611,450300
660,385,409,878989,6991,114020,377500
661,383,375,878601,7004,114395,376800
662,371,367,878222,7016,114762,376000
663,360,355,877862,7021,115117,364900
664,362,369,877516,6998,115486,417300
665,351,378,877160,6976,115864,388600
666,321,349,876823,6964,116213,398600
667,340,375,876490,6922,116588,388100
668,361,359,876131,6922,116947,383800
669,352,326,875764,6963,117273,382800
670,348,366,875433,6928,117639,362900
671,338,395,875092,6874,118034,384900
672,356,333,874732,6901,118367,383000
673,356,358,874378,6897,118725,375900
674,348,359,874037,6879,119084,381000
675,356,370,873675,6871,119454,404900
676,378,360,873309,6877,119814,405200
677,377,363,872919,6904,120177,398500
678,346,353,872572,6898,120530,389500
679,379,361,872199,6910,120891,427500
680,353,336,871843,6930,121227,449900
681,384,352,871474,6947,121579,407800
682,334,382,871117,6922,121961,390200
683,313,345,870816,6878,122306,409400
684,301,377,870509,6808,122683,423200
685,339,327,870174,6816,123010,394300
686,354,351,869809,6830,123361,389300
687,357,355,869463,6821,123716,372000
688,357,378,869112,6794,124094,370400
689,360,347,868751,6808,124441,394700
690,377,361,868362,6836,124802,371600
691,358,356,868008,6834,125158,361800
692,344,330,867674,6838,125488,356800
693,345,376,867316,6820,125864,509800
694,394,377,866943,6816,126241,393300
695,381,329,866545,6885,126570,380600
696,384,382,866165,6883,126952,374100
697,371,347,865786,6915,127299,371500
698,374,348,865418,6935,127647,368100
699,370,380,865054,6919,128027,376900
700,344,339,864704,6930,128366,383400
701,362,330,864341,6963,128696,367700
702,369,352,863965,6987,129048,393800
703,399,359,863571,7022,129407,389900
704,368,364,863211,7018,129771,381900
705,353,376,862856,6997,130147,376200
706,324,372,862519,6962,130519,381200
707,351,362,862175,6944,130881,365900
708,308,367,861865,6887,131248,367300
709,323,339,861548,6865,131587,391200
710,328,347,861207,6859,131934,383800
711,361,362,860846,6858,132296,378100
712,329,356,860522,6826,132652,364900
713,355,347,860175,6826,132999,365400
714,371,379,859812,6810,133378,390900
715,341,379,859463,6780,133757,367100
716,321,341,859135,6767,134098,384000
717,367,343,858772,6787,134441,394200
718,329,348,858445,6766,134789,423600
719,338,341,858101,6769,135130,470500
720,334,336,857768,6766,135466,432100
721,309,345,857455,6734,135811,414000
722,395,365,857073,6751,136176,458200
723,340,336,856726,6762,136512,415200
724,328,340,856404,6744,136852,407400
725,341,342,856067,6739,137194,438300
726,365,342,855687,6777,137536,417600
727,385,373,855305,6786,137909,431600
728,359,345,854954,6792,138254,432300
729,325,367,854623,6756,138621,433300
730,349,324,854275,6780,138945,477600
731,346,313,853923,6819,139258,436800
732,321,353,853599,6790,139611,419800
733,350,339,853258,6792,139950,500200
734,369,332,852895,6823,140282,475900
735,339,355,852556,6807,140637,449200
736,371,331,852189,6843,140968,494800
737,380,342,851802,6888,141310,415100
738,331,340,851470,6880,141650,394300
739,367,367,851105,6878,142017,394700
740,344,355,850750,6878,142372,438600
741,321,366,850450,6812,142738,411600
742,353,353,850093,6816,143091,419200
743,334,369,849749,6791,143460,424400
744,316,331,849429,6780,143791,477100
745,348,373,849086,6750,144164,441900
746,363,352,848730,6754,144516,448500
747,356,346,848377,6761,144862,448900
748,312,326,848048,6764,145188,531900
749,329,356,847728,6728,145544,579700
750,325,349,847389,6718,145893,505500
751,338,362,847057,6688,146255,519200
752,306,327,846754,6664,146582,632200
753,332,307,846417,6694,146889,500700
754,382,348,846045,6718,147237,559700
755,316,337,845718,6708,147574,442100
756,318,327,845395,6704,147901,436900
757,315,361,845083,6655,148262,433500
758,332,334,844753,6651,148596,406600
759,367,336,844402,6666,148932,391300
760,337,376,844056,6636,149308,395600
761,323,327,843739,6626,149635,353900
762,344,323,843379,6663,149958,381000
763,342,339,843055,6648,150297,443600
764,330,337,842708,6658,150634,452900
765,318,350,842402,6614,150984,405000
766,361,335,842047,6634,151319,406800
767,292,322,841743,6616,151641,403800
768,323,390,841424,6545,152031,390100
769,309,317,841103,6549,152348,391400
770,332,322,840790,6540,152670,430700
771,350,331,840429,6570,153001,430200
772,332,360,840097,6542,153361,483800
773,380,336,839731,6572,153697,475400
774,382,356,839343,6604,154053,487900
775,322,322,839021,6604,154375,446800
776,363,337,838654,6634,154712,537000
777,352,329,838306,6653,155041,1113100
778,345,345,837943,6671,155386,1096500
779,357,326,837593,6695,155712,661600
780,340,364,837258,6666,156076,579400
781,365,322,836899,6703,156398,462000
782,333,354,836565,6683,156752,473600
783,379,364,836181,6703,157116,414400
784,373,358,835811,6715,157474,519800
785,375,377,835434,6715,157851,446800
786,372,376,835079,6694,158227,426400
787,319,344,834745,6684,158571,800900
788,366,366,834393,6670,158937,621300
789,347,378,834022,6663,159315,1203400
790,371,346,833657,6682,159661,2519600
791,361,357,833304,6678,160018,1501400
792,337,322,832960,6700,160340,843800
793,359,338,832612,6710,160678,743900
794,382,342,832218,6762,161020,638100
795,322,351,831903,6726,161371,663300
796,350,339,831543,6747,161710,616500
797,328,332,831220,6738,162042,540800
798,335,344,830878,6736,162386,523500
799,369,341,830526,6747,162727,537900
800,329,354,830187,6732,163081,482300
801,321,327,829859,6733,163408,592000
802,329,343,829526,6723,163751,595600
803,309,322,829215,6712,164073,658300
804,338,345,828894,6688,164418,686200
805,360,353,828534,6695,164771,485700
806,314,333,828211,6685,165104,468300
807,291,334,827924,6638,165438,422000
808,352,338,827559,6665,165776,413400
809,367,341,827216,6667,166117,391300
810,358,331,826848,6704,166448,382400
811,334,352,826520,6680,166800,386400
812,352,334,826162,6704,167134,401300
813,357,352,825796,6718,167486,553800
814,359,343,825454,6717,167829,403400
815,360,341,825098,6732,168170,399300
816,340,323,824736,6771,168493,411500
817,348,318,824400,6789,168811,386400
818,345,340,824053,6796,169151,387800
819,344,355,823713,6781,169506,385900
820,341,319,823376,6799,169825,372900
821,329,360,823047,6768,170185,377200
822,310,368,822721,6726,170553,388900
823,328,372,822399,6676,170925,390600
824,307,339,822091,6645,171264,397800
825,335,326,821748,6662,171590,395900
826,293,319,821453,6638,171909,528100
827,367,337,821112,6642,172246,428000
828,321,330,820773,6651,172576,384500
829,343,320,820427,6677,172896,382400
830,319,350,820112,6642,173246,373200
831,328,353,819797,6604,173599,374200
832,296,323,819479,6599,173922,392000
833,319,319,819169,6590,174241,401200
834,340,341,818829,6589,174582,397400
835,337,325,818498,6595,174907,389400
836,295,331,818198,6564,175238,389200
837,315,339,817887,6536,175577,422000
838,295,306,817597,6520,175883,388700
839,268,341,817308,6468,176224,384000
840,314,310,817011,6455,176534,445200
841,350,333,816670,6463,176867,491400
842,355,339,816306,6488,177206,424400
843,287,368,816007,6419,177574,410600
844,340,333,815678,6415,177907,385800
845,365,327,815315,6451,178234,394000
846,360,342,814955,6469,178576,389600
847,321,338,814624,6462,178914,405400
848,341,322,814291,6473,179236,406600
849,331,329,813956,6479,179565,371000
850,307,351,813648,6436,179916,399200
851,306,343,813337,6404,180259,398300
852,292,359,813046,6336,180618,381400
853,344,329,812718,6335,180947,378500
854,324,338,812398,6317,181285,476900
855,314,315,812071,6329,181600,494300
856,363,304,811708,6388,181904,414300
857,361,345,811360,6391,182249,512000
858,314,340,811026,6385,182589,503900
859,325,338,810717,6356,182927,497100
860,340,341,810370,6362,183268,467500
861,320,339,810051,6342,183607,458700
862,324,341,809734,6318,183948,457000
863,334,337,809400,6315,184285,430300
864,329,350,809064,6301,184635,434500
865,337,338,808734,6293,184973,576600
866,330,343,808403,6281,185316,446900
867,312,327,808070,6287,185643,451600
868,309,298,807776,6283,185941,424100
869,350,315,807424,6320,186256,383800
870,326,341,807097,6306,186597,445300
871,342,303,806755,6345,186900,445400
872,290,344,806468,6288,187244,458000
873,288,324,806177,6255,187568,430600
874,327,317,805860,6255,187885,482900
875,307,331,805537,6247,188216,526800
876,342,316,805206,6262,188532,520200
877,302,310,804889,6269,188842,495500
878,319,296,804575,6287,189138,570000
879,325,323,804254,6285,189461,490900
880,323,316,803933,6290,189777,583500
881,358,349,803575,6299,190126,532200
882,303,329,803268,6277,190455,543500
883,349,306,802933,6306,190761,544100
884,323,324,802607,6308,191085,482500
885,318,356,802275,6284,191441,449100
886,299,343,801985,6231,191784,463500
887,313,303,801662,6251,192087,469200
888,284,311,801393,6209,192398,497700
889,319,310,801061,6231,192708,514600
890,280,304,800771,6217,193012,469300
891,293,303,800488,6197,193315,448500
892,312,317,800177,6191,193632,468100
893,277,319,799910,6139,193951,407700
894,318,309,799586,6154,194260,424200
895,326,325,799258,6157,194585,435900
896,330,324,798950,6141,194909,434900
897,348,297,798588,6206,195206,398600
898,312,333,798270,6191,195539,410000
899,326,334,797938,6189,195873,404000
900,328,339,797615,6173,196212,432000
901,325,299,797294,6195,196511,420600
902,330,338,796964,6187,196849,415900
903,358,321,796610,6220,197170,440900
904,303,310,796287,6233,197480,462300
905,340,341,795958,6221,197821,456600
906,319,334,795639,6206,198155,433300
907,312,329,795321,6195,198484,471900
908,326,308,794996,6212,198792,499000
909,329,327,794675,6206,199119,482400
910,316,299,794361,6221,199418,407900
911,340,318,794014,6250,199736,441200
912,272,336,793757,6171,200072,652200
913,327,329,793425,6174,200401,435800
914,342,312,793095,6192,200713,446500
915,314,330,792776,6181,201043,409200
916,313,297,792444,6216,201340,407200
917,321,290,792129,6241,201630,19745200
918,321,300,791811,6259,201930,817900
919,302,301,791501,6268,202231,651100
920,344,325,791166,6278,202556,609300
921,293,337,790865,6242,202893,608300
922,295,296,790578,6233,203189,512900
923,310,295,790260,6256,203484,503000
924,323,352,789936,6228,203836,413600
925,312,313,789632,6219,204149,458100
926,298,336,789335,6180,204485,392900
927,321,311,789013,6191,204796,410300
928,300,318,788710,6176,205114,390500
929,340,324,788370,6192,205438,452000
930,318,327,788050,6185,205765,509400
931,328,300,787726,6209,206065,381500
932,308,325,787422,6188,206390,371000
933,321,314,787089,6207,206704,408500
934,314,297,786778,6221,207001,381900
935,330,338,786450,6211,207339,375500
936,304,327,786136,6198,207666,403700
937,295,339,785859,6136,208005,374900
938,353,305,785500,6190,208310,379700
939,364,337,785137,6216,208647,343700
940,312,337,784830,6186,208984,347700
941,336,315,784485,6216,209299,502700
942,322,306,784167,6228,209605,360300
943,339,319,783826,6250,209924,367900
944,312,363,783514,6199,210287,383400
945,314,317,783196,6200,210604,445200
946,323,278,782863,6255,210882,438600
947,284,327,782597,6194,211209,381300
948,323,296,782271,6224,211505,353500
949,296,302,781973,6220,211807,329400
950,320,339,781663,6191,212146,359100
951,312,339,781337,6178,212485,486500
952,287,317,781059,6139,212802,342000
953,280,317,780769,6112,213119,340700
954,279,315,780493,6073,213434,309600
955,342,321,780160,6085,213755,337100
956,320,300,779825,6120,214055,323900
957,282,293,779549,6103,214348,594900
958,278,299,779269,6084,214647,356100
959,325,286,778956,6111,214933,363600
960,307,338,778644,6085,215271,347800
961,333,329,778308,6092,215600,335400
962,307,282,777988,6130,215882,370800
963,313,297,777684,6137,216179,336200
964,334,320,777351,6150,216499,308500
965,325,289,777029,6183,216788,340800
966,322,307,776713,6192,217095,353400
967,286,334,776416,6155,217429,318100
968,290,321,776132,6118,217750,334200
969,335,328,775800,6122,218078,349800
970,295,322,775497,6103,218400,320900
971,277,323,775218,6059,218723,279000
972,303,279,774923,6075,219002,306400
973,302,317,774617,6064,219319,387300
974,338,289,774284,6108,219608,362700
975,289,332,773983,6077,219940,355300
976,323,309,773666,6085,220249,347100
977,332,310,773339,6102,220559,315400
978,352,330,772998,6113,220889,336100
979,306,296,772690,6125,221185,326700
980,324,313,772356,6146,221498,332500
981,335,288,772031,6183,221786,345100
982,356,317,771677,6220,222103,347200
983,337,282,771329,6286,222385,409800
984,329,322,770994,6299,222707,348300
985,309,332,770683,6278,223039,297800
986,330,311,770365,6285,223350,327700
987,326,310,770041,6299,223660,327500
988,333,308,769702,6330,223968,299500
989,338,346,769361,6325,224314,312000
990,335,345,769030,6311,224659,306800
991,321,323,768707,6311,224982,323100
992,353,332,768360,6326,225314,336900
993,345,320,768015,6351,225634,323800
994,354,332,767657,6377,225966,314600
995,307,353,767347,6334,226319,320200
996,333,335,767003,6343,226654,301100
997,390,313,766634,6399,226967,314500
998,330,309,766296,6428,227276,294500
999,364,328,765951,6445,227604,311500
1000,359,327,765582,6487,227931,319000
1001,385,320,765186,6563,228251,285800
1002,375,374,764817,6558,228625,327000
1003,340,308,764480,6587,228933,336300
1004,336,357,764143,6567,229290,457900
1005,358,372,763782,6556,229662,333200
1006,311,340,763467,6531,230002,332700
1007,331,318,763147,6533,230320,299000
1008,345,331,762800,6549,230651,311100
1009,318,346,762478,6525,230997,308600
1010,358,327,762110,6566,231324,290800
1011,365,359,761751,6566,231683,321000
1012,308,351,761442,6524,232034,293300
1013,325,342,761116,6508,232376,297500
1014,323,337,760803,6484,232713,297500
1015,295,384,760498,6405,233097,295500
1016,322,305,760182,6416,233402,305000
1017,322,355,759850,6393,233757,291700
1018,317,306,759543,6394,234063,307500
1019,319,331,759210,6396,234394,318900
1020,339,315,758877,6414,234709,313600
1021,340,291,758541,6459,235000,311600
1022,320,356,758212,6432,235356,326400
1023,364,344,757868,6432,235700,350200
1024,330,370,757530,6400,236070,352700
1025,342,343,757183,6404,236413,335000
1026,338,339,756844,6404,236752,308100
1027,345,341,756504,6403,237093,311400
1028,313,330,756184,6393,237423,303500
1029,325,341,755864,6372,237764,314600
1030,339,342,755526,6368,238106,308700
1031,307,334,755228,6332,238440,299700
1032,326,350,754895,6315,238790,335100
1033,305,346,754582,6282,239136,316200
1034,307,308,754282,6274,239444,307900
1035,276,320,753996,6240,239764,313900
1036,312,328,753692,6216,240092,306900
1037,326,303,753359,6246,240395,304900
1038,323,326,753037,6242,240721,312700
1039,344,333,752693,6253,241054,305800
1040,317,306,752383,6257,241360,307300
1041,324,317,752060,6263,241677,306000
1042,318,314,751741,6268,241991,320800
1043,306,324,751438,6247,242315,303800
1044,280,317,751144,6224,242632,311400
1045,306,326,750852,6190,242958,307200
1046,277,319,750563,6160,243277,304100
1047,270,319,750295,6109,243596,301200
1048,306,349,749998,6057,243945,287000
1049,282,321,749712,6022,244266,316600
1050,294,293,749413,6028,244559,302100
1051,313,297,749108,6036,244856,307400
1052,300,284,748805,6055,245140,303300
1053,325,289,748486,6085,245429,327900
1054,328,312,748143,6116,245741,342100
1055,326,323,747832,6104,246064,310300
1056,327,304,747503,6129,246368,310000
1057,338,273,747175,6184,246641,310800
1058,333,289,746835,6235,246930,303800
1059,347,297,746486,6287,247227,271100
1060,344,295,746133,6345,247522,312500
1061,358,322,745784,6372,247844,329100
1062,314,295,745470,6391,248139,441000
1063,352,347,745126,6388,248486,298600
1064,321,321,744796,6397,248807,299000
1065,320,305,744468,6420,249112,314700
1066,323,345,744150,6393,249457,295400
1067,311,328,743837,6378,249785,284800
1068,335,296,743500,6419,250081,317100
1069,293,354,743207,6358,250435,309300
1070,301,344,742912,6309,250779,297400
1071,337,328,742571,6322,251107,336000
1072,339,316,742240,6337,251423,540000
1073,304,327,741932,6318,251750,350200
1074,320,321,741618,6311,252071,322300
1075,335,330,741270,6329,252401,364800
1076,337,321,740936,6342,252722,317700
1077,365,323,740586,6369,253045,333800
1078,310,362,740268,6325,253407,343900
1079,302,349,739958,6286,253756,327800
1080,319,358,739633,6253,254114,315200
1081,314,307,739324,6255,254421,335100
1082,326,325,738995,6259,254746,348300
1083,335,350,738662,6242,255096,364200
1084,322,299,738347,6258,255395,311500
1085,342,311,738006,6288,255706,325500
1086,330,352,737676,6266,256058,318000
1087,311,269,737359,6314,256327,325800
1088,317,327,737038,6308,256654,320600
1089,397,359,736660,6327,257013,289500
1090,329,345,736331,6311,257358,310600
1091,352,310,735974,6358,257668,289300
1092,333,338,735630,6364,258006,370200
1093,364,324,735271,6399,258330,318900
1094,320,307,734938,6425,258637,301400
1095,324,314,734632,6417,258951,286700
1096,356,374,734262,6413,259325,295200
1097,326,332,733951,6392,259657,318400
1098,358,337,733587,6419,259994,316100
1099,316,305,733278,6423,260299,297800
1100,335,320,732933,6448,260619,291800
1101,347,345,732587,6449,260964,319800
1102,330,335,732260,6441,261299,321200
1103,348,335,731927,6439,261634,311800
1104,345,353,731566,6447,261987,347800
1105,324,337,731235,6441,262324,350300
1106,316,350,730917,6409,262674,361600
1107,335,329,730584,6413,263003,328000
1108,328,285,730269,6443,263288,380600
1109,317,313,729947,6452,263601,351200
1110,349,347,729596,6456,263948,303400
1111,343,333,729250,6469,264281,301800
1112,359,314,728907,6498,264595,306300
1113,315,332,728577,6496,264927,300600
1114,326,317,728253,6503,265244,329200
1115,345,304,727917,6535,265548,351400
1116,346,315,727566,6571,265863,368500
1117,297,329,727264,6544,266192,314700
1118,316,325,726946,6537,266517,416600
1119,322,371,726633,6479,266888,357100
1120,307,330,726312,6470,267218,374500
1121,293,345,726023,6414,267563,340700
1122,291,354,725728,6355,267917,342300
1123,308,325,725422,6336,268242,370500
1124,319,332,725113,6313,268574,336900
1125,287,340,724830,6256,268914,380500
1126,330,341,724494,6251,269255,367600
1127,319,330,724169,6246,269585,353300
1128,296,328,723880,6207,269913,410400
1129,328,358,723553,6176,270271,392700
1130,321,350,723221,6158,270621,374500
1131,338,326,722878,6175,270947,344200
1132,329,311,722560,6182,271258,330300
1133,331,289,722235,6218,271547,321700
1134,311,347,721926,6180,271894,327200
1135,319,350,721598,6158,272244,316200
1136,351,330,721254,6172,272574,333700
1137,288,326,720960,6140,272900,332200
1138,310,311,720659,6130,273211,344900
1139,326,305,720328,6156,273516,347900
1140,331,311,719995,6178,273827,437400
1141,323,342,719667,6164,274169,349900
1142,327,319,719336,6176,274488,338200
1143,348,332,719000,6180,274820,353700
1144,312,297,718685,6198,275117,368800
1145,327,313,718349,6221,275430,343200
1146,339,367,718024,6179,275797,343900
1147,295,295,717730,6178,276092,390000
1148,315,324,717405,6179,276416,364300
1149,339,311,717064,6209,276727,570300
1150,321,318,716750,6205,277045,340200
1151,323,324,716424,6207,277369,349100
1152,307,318,716114,6199,277687,321600
1153,318,341,715803,6169,278028,310000
1154,329,324,715469,6179,278352,334700
1155,325,328,715143,6177,278680,481700
1156,352,296,714801,6223,278976,332400
1157,363,307,714449,6268,279283,336700
1158,329,319,714107,6291,279602,312200
1159,332,307,713764,6327,279909,337800
1160,331,311,713447,6333,280220,360600
1161,365,337,713068,6375,280557,353400
1162,357,305,712728,6410,280862,363500
1163,359,327,712359,6452,281189,355200
1164,336,345,712028,6438,281534,350700
1165,351,301,711671,6494,281835,328000
1166,357,331,711325,6509,282166,344600
1167,349,327,710973,6534,282493,353400
1168,356,343,710602,6562,282836,350600
1169,354,305,710258,6601,283141,337600
1170,339,346,709913,6600,283487,359000
1171,319,356,709597,6560,283843,348600
1172,326,320,709262,6575,284163,337300
1173,329,350,708937,6550,284513,348800
1174,368,347,708580,6560,284860,321100
1175,317,296,708255,6589,285156,353700
1176,312,377,707944,6523,285533,358100
1177,323,308,707616,6543,285841,335900
1178,307,343,707310,6506,286184,339300
1179,321,335,706980,6501,286519,344100
1180,365,351,706640,6490,286870,335000
1181,297,289,706323,6518,287159,300400
1182,321,355,706005,6481,287514,332200
1183,307,350,705703,6433,287864,324600
1184,331,362,705365,6409,288226,322100
1185,321,320,705047,6407,288546,318400
1186,316,324,704742,6388,288870,326500
1187,331,335,704400,6395,289205,356400
1188,311,335,704104,6356,289540,333900
1189,367,340,703735,6385,289880,345400
1190,341,333,703406,6381,290213,352500
1191,316,352,703069,6366,290565,324700
1192,321,332,702742,6361,290897,320100
1193,350,323,702396,6384,291220,314900
1194,333,319,702067,6394,291539,307300
1195,353,290,701714,6457,291829,334300
1196,364,317,701346,6508,292146,357500
1197,336,338,701029,6487,292484,327000
1198,363,352,700661,6503,292836,336500
1199,330,310,700324,6530,293146,349700
1200,324,299,699998,6557,293445,321800
1201,325,347,699663,6545,293792,310800
1202,339,336,699332,6540,294128,314800
1203,308,363,699032,6477,294491,470900
1204,365,351,698657,6501,294842,330900
1205,334,359,698331,6468,295201,378200
1206,337,347,697996,6456,295548,353800
1207,334,361,697661,6430,295909,351000
1208,337,328,697324,6439,296237,358400
1209,353,348,696962,6453,296585,350300
1210,336,322,696643,6450,296907,342200
1211,340,337,696294,6462,297244,335400
1212,312,339,695976,6441,297583,337300
1213,312,336,695665,6416,297919,323700
1214,345,325,695319,6437,298244,382500
1215,359,353,694954,6449,298597,353800
1216,341,335,694620,6448,298932,330000
1217,342,342,694269,6457,299274,339100
1218,352,295,693929,6502,299569,318000
1219,326,328,693588,6515,299897,377100
1220,314,354,693285,6464,300251,342100
1221,323,345,692965,6439,300596,329000
1222,310,345,692655,6404,300941,343800
1223,336,301,692319,6439,301242,326000
1224,341,367,691983,6408,301609,312500
1225,356,330,691620,6441,301939,320100
1226,308,312,691322,6427,302251,308000
1227,341,332,690956,6461,302583,350700
1228,320,309,690647,6461,302892,320300
1229,339,328,690310,6470,303220,292000
1230,340,332,689987,6461,303552,307000
1231,353,338,689624,6486,303890,335000
1232,325,348,689298,6464,304238,310900
1233,324,321,688978,6463,304559,323400
1234,363,369,688612,6460,304928,334300
1235,337,327,688277,6468,305255,310300
1236,357,329,687916,6500,305584,343300
1237,340,377,687561,6478,305961,315200
1238,360,325,687210,6504,306286,353000
1239,341,327,686878,6509,306613,334200
1240,324,320,686538,6529,306933,348100
1241,340,323,686203,6541,307256,347800
1242,395,332,685815,6597,307588,329600
1243,334,352,685476,6584,307940,372500
1244,345,383,685135,6542,308323,321600
1245,336,338,684804,6535,308661,342000
1246,365,331,684427,6581,308992,297300
1247,360,338,684073,6597,309330,336300
1248,332,321,683733,6616,309651,290300
1249,335,343,683401,6605,309994,307400
1250,351,363,683059,6584,310357,317700
1251,345,348,682716,6579,310705,304900
1252,350,361,682366,6568,311066,549700
1253,349,373,682012,6549,311439,358700
1254,357,334,681668,6559,311773,345400
1255,334,346,681310,6571,312119,321800
1256,292,331,681034,6516,312450,312300
1257,358,334,680666,6550,312784,330000
1258,307,320,680353,6543,313104,313200
1259,357,345,680000,6551,313449,324900
1260,339,338,679665,6548,313787,303500
1261,334,343,679339,6531,314130,304300
1262,336,332,678988,6550,314462,322200
1263,354,365,678632,6541,314827,320000
1264,353,334,678289,6550,315161,320800
1265,364,331,677918,6590,315492,312000
1266,361,330,677560,6618,315822,311800
1267,343,331,677224,6623,316153,302900
1268,372,356,676857,6634,316509,323000
1269,374,314,676486,6691,316823,311800
1270,350,353,676134,6690,317176,313300
1271,376,323,675745,6756,317499,329700
1272,359,355,675398,6748,317854,330200
1273,328,335,675063,6748,318189,314000
1274,391,344,674677,6790,318533,327600
1275,375,362,674300,6805,318895,291600
1276,320,348,673978,6779,319243,297000
1277,351,371,673623,6763,319614,289300
1278,347,338,673268,6780,319952,348300
1279,305,333,672970,6745,320285,318100
1280,364,386,672612,6717,320671,319600
1281,338,368,672274,6687,321039,313000
1282,356,338,671921,6702,321377,323800
1283,338,351,671586,6686,321728,320200
1284,312,297,671266,6709,322025,323400
1285,301,325,670963,6687,322350,321200
1286,321,369,670642,6639,322719,343100
1287,305,332,670332,6617,323051,296000
1288,323,321,670022,6606,323372,312700
1289,347,332,669681,6615,323704,324100
1290,341,344,669336,6616,324048,309300
1291,312,347,669024,6581,324395,329300
1292,337,345,668678,6582,324740,315400
1293,356,364,668327,6569,325104,310900
1294,314,347,668004,6545,325451,312100
1295,324,327,667681,6541,325778,311300
1296,347,331,667352,6539,326109,318400
1297,362,366,666983,6542,326475,289700
1298,320,345,666652,6528,326820,319100
1299,330,339,666331,6510,327159,343000
1300,307,348,666019,6474,327507,336600
1301,352,301,665674,6518,327808,372100
1302,324,345,665343,6504,328153,318200
1303,323,338,665028,6481,328491,340600
1304,313,352,664702,6455,328843,317400
1305,340,365,664377,6415,329208,324000
1306,349,357,664024,6411,329565,307600
1307,337,341,663685,6409,329906,328100
1308,341,353,663335,6406,330259,360900
1309,355,338,662989,6414,330597,308400
1310,371,300,662602,6501,330897,337000
1311,343,347,662276,6480,331244,329200
1312,343,343,661946,6467,331587,327700
1313,351,361,661575,6477,331948,337700
1314,347,356,661234,6462,332304,318600
1315,335,301,660890,6505,332605,296800
1316,314,320,660580,6495,332925,290800
1317,408,342,660182,6551,333267,312300
1318,363,353,659810,6570,333620,313200
1319,371,344,659448,6588,333964,322000
1320,361,337,659084,6615,334301,328500
1321,404,318,658681,6700,334619,350800
1322,336,375,658340,6666,334994,345000
1323,354,351,657980,6675,335345,344100
1324,388,330,657598,6727,335675,384800
1325,353,354,657240,6731,336029,334100
1326,355,336,656890,6745,336365,312200
1327,318,383,656574,6678,336748,319000
1328,323,372,656245,6635,337120,320100
1329,323,356,655928,6596,337476,327000
1330,341,340,655591,6593,337816,311600
1331,317,352,655266,6566,338168,304900
1332,332,346,654938,6548,338514,326800
1333,346,324,654596,6566,338838,293400
1334,341,389,654245,6528,339227,370700
1335,317,329,653939,6505,339556,325200
1336,376,331,653550,6563,339887,338800
1337,317,348,653227,6538,340235,336500
1338,339,340,652908,6517,340575,317700
1339,327,315,652575,6535,340890,279400
1340,333,319,652245,6546,341209,315700
1341,351,382,651881,6528,341591,325100
1342,363,318,651528,6563,341909,317900
1343,372,330,651145,6616,342239,322800
1344,346,364,650809,6588,342603,319300
1345,364,347,650452,6598,342950,310900
1346,373,324,650080,6646,343274,337600
1347,374,350,649704,6672,343624,335900
1348,361,370,649345,6661,343994,330400
1349,341,317,648990,6699,344311,330100
1350,316,335,648677,6677,344646,301800
1351,329,356,648353,6645,345002,366300
1352,310,321,648035,6642,345323,316600
1353,364,351,647677,6649,345674,331000
1354,314,343,647362,6621,346017,313600
1355,338,336,647020,6627,346353,286100
1356,338,337,646684,6626,346690,308100
1357,323,377,646353,6580,347067,315300
1358,388,366,645977,6590,347433,298300
1359,329,347,645651,6569,347780,304300
1360,344,366,645307,6547,348146,306500
1361,333,323,644952,6579,348469,306400
1362,298,332,644666,6533,348801,330400
1363,340,344,644337,6518,349145,313800
1364,359,331,643975,6549,349476,318100
1365,325,315,643646,6563,349791,301300
1366,335,325,643314,6570,350116,323600
1367,342,305,642967,6612,350421,311400
1368,323,326,642640,6613,350747,329000
1369,335,362,642328,6563,351109,310300
1370,325,359,641992,6540,351468,323700
1371,309,320,641690,6522,351788,316200
1372,312,333,641372,6507,352121,314100
1373,356,327,641014,6538,352448,323700
1374,327,366,640677,6509,352814,317500
1375,341,343,640348,6495,353157,302600
1376,338,332,639995,6516,353489,299500
1377,314,334,639687,6490,353823,346300
1378,341,308,639348,6521,354131,330700
1379,310,370,639035,6464,354501,300700
1380,309,335,638731,6433,354836,342900
1381,336,337,638398,6429,355173,326400
1382,311,318,638087,6422,355491,330900
1383,350,338,637725,6446,355829,331300
1384,354,331,637381,6459,356160,310300
1385,340,342,637035,6463,356502,317700
1386,293,326,636745,6427,356828,319900
1387,319,338,636430,6404,357166,325500
1388,302,304,636113,6417,357470,468200
1389,354,330,635769,6431,357800,309600
1390,331,317,635430,6453,358117,340900
1391,359,335,635083,6465,358452,342900
1392,353,357,634729,6462,358809,387300
1393,315,337,634417,6437,359146,338100
1394,333,301,634081,6472,359447,350400
1395,320,332,633760,6461,359779,355100
1396,343,325,633424,6472,360104,319600
1397,333,338,633082,6476,360442,329600
1398,293,325,632791,6442,360767,320800
1399,349,313,632438,6482,361080,307700
1400,313,331,632127,6462,361411,336000
1401,313,326,631808,6455,361737,337600
1402,353,303,631466,6494,362040,327800
1403,356,351,631100,6509,362391,297100
1404,347,325,630761,6523,362716,492600
1405,379,327,630387,6570,363043,333300
1406,316,338,630071,6548,363381,334700
1407,342,350,629722,6547,363731,324400
1408,372,350,629360,6559,364081,320100
1409,354,357,629009,6553,364438,353400
1410,342,348,628654,6560,364786,348000
1411,354,363,628300,6551,365149,325000
1412,312,347,627990,6514,365496,325400
1413,329,373,627659,6472,365869,335500
1414,340,350,627308,6473,366219,320000
1415,370,350,626956,6475,366569,311900
1416,313,333,626631,6467,366902,312800
1417,298,327,626345,6426,367229,342200
1418,344,347,626004,6420,367576,329300
1419,314,312,625678,6434,367888,322600
1420,326,348,625345,6419,368236,524400
1421,332,358,625014,6392,368594,324800
1422,341,324,624676,6406,368918,313700
1423,327,311,624365,6406,369229,323200
1424,373,309,623983,6479,369538,320500
1425,343,338,623652,6472,369876,316000
1426,340,351,623288,6485,370227,294600
1427,346,308,622958,6507,370535,310800
1428,339,306,622618,6541,370841,293400
1429,345,352,622278,6529,371193,317000
1430,367,353,621898,6556,371546,298000
1431,344,374,621567,6513,371920,309100
1432,319,320,621234,6526,372240,303700
1433,347,308,620888,6564,372548,314200
1434,317,345,620569,6538,372893,304700
1435,320,362,620246,6499,373255,320200
1436,312,329,619939,6477,373584,316200
1437,350,322,619591,6503,373906,401900
1438,352,342,619259,6493,374248,327600
1439,351,298,618906,6548,374546,324800
1440,350,323,618547,6584,374869,323600
1441,321,349,618219,6563,375218,364000
1442,332,354,617894,6534,375572,346400
1443,373,347,617511,6570,375919,311800
1444,335,305,617185,6591,376224,305100
1445,364,364,616811,6601,376588,324400
1446,342,317,616477,6618,376905,292000
1447,378,370,616101,6624,377275,332200
1448,408,329,615707,6689,377604,334400
1449,338,374,615348,6674,377978,332700
1450,326,363,615025,6634,378341,306000
1451,364,365,614675,6619,378706,335400
1452,315,363,614341,6590,379069,308600
1453,366,330,613979,6622,379399,317200
1454,318,333,613675,6593,379732,307600
1455,369,379,613294,6595,380111,315200
1456,337,362,612951,6576,380473,296300
1457,324,333,612633,6561,380806,337100
1458,327,338,612297,6559,381144,300900
1459,318,346,611983,6527,381490,298900
1460,339,312,611643,6555,381802,314700
1461,346,327,611300,6571,382129,324800
1462,352,325,610949,6597,382454,316900
1463,387,345,610557,6644,382799,305500
1464,346,332,610218,6651,383131,310100
1465,353,371,609865,6633,383502,331500
1466,325,341,609536,6621,383843,306900
1467,353,308,609187,6662,384151,336900
1468,363,318,608837,6694,384469,334500
1469,363,378,608445,6708,384847,304700
1470,323,364,608132,6657,385211,327700
1471,391,366,607757,6666,385577,394900
1472,369,310,607372,6741,385887,331700
1473,351,358,607027,6728,386245,340000
1474,360,353,606668,6734,386598,344400
1475,363,327,606299,6776,386925,332100
1476,353,400,605939,6736,387325,337200
1477,357,343,605586,6746,387668,334400
1478,370,362,605223,6747,388030,320500
1479,334,377,604901,6692,388407,330800
1480,338,375,604554,6664,388782,336700
1481,347,372,604205,6641,389154,319500
1482,387,332,603813,6701,389486,340100
1483,308,363,603503,6648,389849,306500
1484,344,368,603154,6629,390217,315400
1485,332,366,602831,6586,390583,317200
1486,365,339,602467,6611,390922,333600
1487,395,365,602073,6640,391287,366200
1488,339,351,601725,6637,391638,412200
1489,324,348,601411,6603,391986,352400
1490,368,324,601045,6645,392310,327900
1491,371,330,600666,6694,392640,320300
1492,351,363,600310,6687,393003,300900
1493,346,355,599977,6665,393358,342800
1494,327,328,599645,6669,393686,329100
1495,363,365,599284,6665,394051,325500
1496,402,387,598898,6664,394438,363600
1497,356,340,598521,6701,394778,305600
1498,354,331,598184,6707,395109,322400
1499,355,335,597828,6728,395444,304700
1500,375,375,597445,6736,395819,309000
1501,340,363,597105,6713,396182,319500
1502,341,332,596761,6725,396514,340200
1503,345,370,596404,6712,396884,341100
1504,347,352,596062,6702,397236,356100
1505,361,354,595709,6701,397590,349500
1506,368,317,595346,6747,397907,334100
1507,365,367,594978,6748,398274,613100
1508,350,323,594629,6774,398597,362300
1509,369,365,594258,6780,398962,363300
1510,347,358,593907,6773,399320,330200
1511,328,308,593564,6808,399628,336100
1512,362,345,593235,6792,399973,320100
1513,357,372,592861,6794,400345,332600
1514,351,353,592513,6789,400698,332000
1515,342,323,592185,6794,401021,306000
1516,380,393,591793,6793,401414,314300
1517,370,368,591436,6782,401782,330200
1518,352,336,591074,6808,402118,315500
1519,384,368,590687,6827,402486,315200
1520,362,358,590312,6844,402844,486000
1521,381,360,589943,6853,403204,317700
1522,380,344,589564,6888,403548,346600
1523,384,373,589177,6902,403921,315300
1524,364,361,588802,6916,404282,328400
1525,355,351,588456,6911,404633,345400
1526,366,364,588096,6907,404997,319500
1527,307,387,587769,6847,405384,337700
1528,355,317,587435,6864,405701,345500
1529,362,329,587051,6919,406030,316400
1530,367,374,586700,6896,406404,393200
1531,396,351,586313,6932,406755,377000
1532,367,364,585942,6939,407119,353600
1533,373,386,585569,6926,407505,316500
1534,382,369,585184,6942,407874,348500
1535,373,379,584807,6940,408253,419000
1536,404,340,584418,6989,408593,354300
1537,365,353,584052,7002,408946,372100
1538,373,364,583666,7024,409310,353300
1539,390,413,583277,7000,409723,362000
1540,398,359,582877,7041,410082,347600
1541,379,343,582504,7071,410425,373500
1542,412,331,582085,7159,410756,379700
1543,409,376,581686,7182,411132,334500
1544,353,389,581323,7156,411521,483700
1545,388,362,580942,7175,411883,326200
1546,380,396,580552,7169,412279,335000
1547,357,391,580194,7136,412670,312800
1548,383,355,579825,7150,413025,310300
1549,379,383,579441,7151,413408,320300
1550,394,353,579060,7179,413761,529300
1551,385,363,578667,7209,414124,316500
1552,348,415,578319,7142,414539,349900
1553,348,344,577966,7151,414883,340700
1554,402,367,577562,7188,415250,319400
1555,342,374,577217,7159,415624,336600
1556,430,338,576800,7238,415962,339400
1557,367,344,576418,7276,416306,369500
1558,349,383,576063,7248,416689,338700
1559,383,380,575702,7229,417069,329700
1560,342,386,575352,7193,417455,312200
1561,378,364,574977,7204,417819,331000
1562,323,404,574631,7146,418223,319900
1563,347,353,574298,7126,418576,349000
1564,349,367,573959,7098,418943,339800
1565,377,346,573588,7123,419289,322300
1566,345,393,573227,7091,419682,412900
1567,364,355,572856,7107,420037,315500
1568,363,375,572504,7084,420412,329400
1569,350,368,572152,7068,420780,355500
1570,350,351,571792,7077,421131,343500
1571,369,405,571448,7016,421536,330800
1572,337,364,571099,7001,421900,341800
1573,367,398,570720,6982,422298,360000
1574,352,364,570381,6957,422662,345000
1575,374,366,570006,6966,423028,342200
1576,366,347,569631,6994,423375,338400
1577,369,348,569270,7007,423723,339100
1578,342,337,568910,7030,424060,318700
1579,373,348,568553,7039,424408,334000
1580,359,373,568199,7020,424781,333400
1581,365,353,567839,7027,425134,301800
1582,384,384,567442,7040,425518,500400
1583,363,354,567088,7040,425872,338100
1584,370,373,566717,7038,426245,357600
1585,360,370,566350,7035,426615,333100
1586,338,383,566021,6981,426998,357100
1587,327,352,565683,6967,427350,355700
1588,349,362,565333,6955,427712,314800
1589,339,338,565008,6942,428050,312300
1590,343,366,564654,6930,428416,322900
1591,345,326,564319,6939,428742,316700
1592,363,363,563943,6952,429105,347000
1593,334,351,563621,6923,429456,332500
1594,347,357,563271,6916,429813,335500
1595,396,368,562880,6939,430181,335000
1596,357,359,562514,6946,430540,327800
1597,372,360,562139,6961,430900,352400
1598,348,379,561792,6929,431279,365900
1599,372,348,561434,6939,431627,342400
1600,361,361,561070,6942,431988,324800
1601,374,370,560694,6948,432358,326000
1602,371,368,560329,6945,432726,337100
1603,332,366,559972,6936,433092,326400
1604,382,367,559606,6935,433459,317000
1605,377,342,559237,6962,433801,335600
1606,396,348,558841,7010,434149,308200
1607,376,361,558462,7028,434510,351500
1608,368,338,558082,7070,434848,330900
1609,366,381,557715,7056,435229,311300
1610,438,353,557298,7120,435582,339300
1611,386,364,556899,7155,435946,312200
1612,395,392,556503,7159,436338,321200
1613,417,369,556089,7204,436707,338800
1614,360,323,555718,7252,437030,308800
1615,374,403,555355,7212,437433,362500
1616,387,367,554971,7229,437800,358700
1617,344,350,554622,7228,438150,311200
1618,406,362,554229,7259,438512,324900
1619,407,362,553808,7318,438874,334400
1620,357,355,553443,7328,439229,328200
1621,387,357,553067,7347,439586,325700
1622,378,368,552694,7352,439954,312500
1623,431,374,552258,7414,440328,317800
1624,381,387,551877,7408,440715,331700
1625,366,385,551506,7394,441100,332300
1626,398,387,551109,7404,441487,319300
1627,397,398,550711,7404,441885,320600
1628,363,358,550350,7407,442243,328300
1629,424,342,549931,7484,442585,352800
1630,421,378,549513,7524,442963,318800
1631,418,371,549079,7587,443334,344400
1632,411,381,548673,7612,443715,316400
1633,376,393,548304,7588,444108,321000
1634,408,406,547906,7580,444514,320300
1635,408,394,547481,7611,444908,302700
1636,400,405,547085,7602,445313,313600
1637,385,378,546700,7609,445691,306700
1638,375,388,546338,7583,446079,334000
1639,400,377,545928,7616,446456,332700
1640,400,431,545525,7588,446887,295700
1641,408,400,545117,7596,447287,349300
1642,410,392,544716,7605,447679,329000
1643,411,369,544300,7652,448048,317000
1644,373,388,543927,7637,448436,356800
1645,392,399,543545,7620,448835,319700
1646,364,384,543169,7612,449219,324200
1647,387,399,542781,7601,449618,331700
1648,438,383,542358,7641,450001,321900
1649,395,367,541957,7675,450368,302800
1650,404,397,541537,7698,450765,348200
1651,395,371,541149,7715,451136,328400
1652,401,407,540742,7715,451543,322600
1653,419,395,540328,7734,451938,337600
1654,413,391,539917,7754,452329,334300
1655,379,407,539540,7724,452736,329600
1656,419,384,539133,7747,453120,296600
1657,381,385,538752,7743,453505,325400
1658,412,384,538339,7772,453889,314600
1659,399,444,537934,7733,454333,329100
1660,382,409,537546,7712,454742,335200
1661,380,401,537172,7685,455143,353800
1662,390,376,536776,7705,455519,377100
1663,363,414,536411,7656,455933,367200
1664,352,372,536073,7622,456305,505800
1665,361,365,535697,7633,456670,367100
1666,388,394,535301,7635,457064,397600
1667,361,370,534940,7626,457434,438900
1668,362,368,534583,7615,457802,387000
1669,372,405,534228,7565,458207,374800
1670,358,381,533850,7562,458588,403500
1671,372,404,533486,7522,458992,356500
1672,375,384,533107,7517,459376,369800
1673,412,374,532711,7539,459750,342200
1674,400,391,532293,7566,460141,323000
1675,431,392,531885,7582,460533,336700
1676,384,369,531486,7612,460902,377300
1677,396,365,531088,7645,461267,364700
1678,399,431,530688,7614,461698,332900
1679,379,389,530313,7600,462087,424300
1680,378,395,529925,7593,462482,348100
1681,370,432,529567,7519,462914,340900
1682,377,361,529184,7541,463275,361800
1683,365,357,528816,7552,463632,367900
1684,377,364,528447,7557,463996,391500
1685,411,388,528034,7582,464384,382400
1686,400,357,527634,7625,464741,417800
1687,422,408,527212,7639,465149,347200
1688,411,379,526804,7668,465528,328800
1689,413,416,526384,7672,465944,323500
1690,413,384,525975,7697,466328,318900
1691,422,412,525540,7720,466740,331000
1692,401,380,525161,7719,467120,331300
1693,406,373,524743,7764,467493,317800
1694,406,383,524346,7778,467876,516800
1695,380,428,523953,7743,468304,335400
1696,403,393,523552,7751,468697,348400
1697,395,415,523174,7714,469112,332900
1698,414,395,522747,7746,469507,317900
1699,379,383,522359,7751,469890,341400
1700,404,406,521963,7741,470296,350600
1701,389,396,521581,7727,470692,349500
1702,374,390,521201,7717,471082,352700
1703,407,403,520804,7711,471485,328200
1704,386,399,520403,7713,471884,344600
1705,386,387,520025,7704,472271,319200
1706,388,392,519632,7705,472663,310900
1707,412,426,519230,7681,473089,357200
1708,384,370,518838,7703,473459,335600
1709,417,437,518423,7681,473896,382100
1710,390,397,518035,7672,474293,424500
1711,391,385,517644,7678,474678,353500
1712,357,408,517270,7644,475086,368300
1713,359,374,516907,7633,475460,422200
1714,352,401,516575,7564,475861,376100
1715,401,384,516175,7580,476245,373800
1716,389,394,515783,7578,476639,333000
1717,367,375,515407,7579,477014,351500
1718,372,394,515033,7559,477408,315700
1719,343,375,514693,7524,477783,320300
1720,374,361,514315,7541,478144,335400
1721,394,376,513942,7538,478520,365600
1722,392,402,513546,7532,478922,377300
1723,380,381,513151,7546,479303,402100
1724,351,388,512804,7505,479691,395300
1725,399,388,512403,7518,480079,342400
1726,382,396,512021,7504,480475,373200
1727,399,415,511629,7481,480890,345100
1728,394,393,511244,7473,481283,342900
1729,436,387,510812,7518,481670,341300
1730,414,370,510399,7561,482040,349000
1731,381,395,510013,7552,482435,370600
1732,438,385,509569,7611,482820,347400
1733,414,374,509153,7653,483194,341100
1734,417,387,508730,7689,483581,510900
1735,404,435,508332,7652,484016,395800
1736,415,381,507921,7682,484397,358000
1737,408,425,507505,7673,484822,375200
1738,411,448,507097,7633,485270,367700
1739,415,373,506684,7673,485643,488400
1740,399,403,506280,7674,486046,367800
1741,381,371,505890,7693,486417,327300
1742,398,396,505501,7686,486813,356400
1743,454,386,505061,7740,487199,343500
1744,409,405,504638,7758,487604,350600
1745,423,403,504216,7777,488007,347300
1746,410,398,503806,7789,488405,357300
1747,457,387,503357,7851,488792,339400
1748,388,391,502967,7850,489183,341300
1749,394,406,502563,7848,489589,330100
1750,404,385,502171,7855,489974,316100
1751,376,397,501780,7849,490371,383500
1752,413,407,501378,7844,490778,349800
1753,382,409,500986,7827,491187,364500
1754,391,371,500602,7840,491558,352200
1755,417,428,500191,7823,491986,357400
1756,389,413,499788,7813,492399,338400
1757,392,415,499397,7789,492814,337700
1758,384,375,499019,7792,493189,365400
1759,392,398,498615,7798,493587,345000
1760,424,416,498207,7790,494003,387600
1761,402,387,497803,7807,494390,356200
1762,415,365,497390,7855,494755,352400
1763,399,409,496983,7853,495164,359300
1764,382,395,496608,7833,495559,340900
1765,414,394,496200,7847,495953,323900
1766,392,402,495801,7844,496355,351500
1767,379,394,495429,7822,496749,322200
1768,372,403,495050,7798,497152,323600
1769,380,424,494664,7760,497576,330500
1770,413,396,494265,7763,497972,308800
1771,418,417,493836,7775,498389,345100
1772,367,411,493469,7731,498800,352200
1773,382,382,493091,7727,499182,319800
1774,396,394,492687,7737,499576,344000
1775,352,397,492338,7689,499973,356900
1776,380,413,491956,7658,500386,315000
1777,376,397,491584,7633,500783,324600
1778,405,381,491181,7655,501164,329200
1779,376,379,490793,7664,501543,364200
1780,364,396,490441,7620,501939,329000
1781,373,402,490068,7591,502341,325100
1782,397,408,489670,7581,502749,327800
1783,404,389,489258,7604,503138,319300
1784,368,377,488888,7597,503515,326200
1785,342,399,488549,7537,503914,349100
1786,402,390,488161,7535,504304,325500
1787,364,393,487781,7522,504697,332600
1788,390,384,487407,7512,505081,330200
1789,370,363,487027,7529,505444,313400
1790,342,395,486682,7479,505839,334300
1791,386,417,486293,7451,506256,327500
1792,363,414,485937,7393,506670,322500
1793,403,376,485537,7417,507046,327700
1794,332,379,485203,7372,507425,341300
1795,325,396,484874,7305,507821,328700
1796,373,408,484501,7270,508229,327800
1797,377,375,484141,7255,508604,374000
1798,363,365,483762,7269,508969,365900
1799,364,369,483411,7251,509338,317900
1800,334,432,483057,7173,509770,329900
1801,364,376,482705,7149,510146,315500
1802,341,376,482359,7119,510522,308600
1803,343,382,482015,7081,510904,325100
1804,366,379,481654,7063,511283,346100
1805,327,351,481319,7047,511634,316800
1806,355,321,480967,7078,511955,321600
1807,343,365,480615,7065,512320,329600
1808,352,339,480273,7068,512659,320100
1809,365,359,479917,7065,513018,336300
1810,336,368,479573,7041,513386,300500
1811,316,348,479253,7013,513734,327500
1812,346,351,478900,7015,514085,351700
1813,345,348,478562,7005,514433,346800
1814,338,358,478224,6985,514791,347300
1815,375,344,477860,7005,515135,328700
1816,355,388,477492,6985,515523,328500
1817,338,391,477152,6934,515914,326600
1818,338,381,476823,6882,516295,331700
1819,343,358,476477,6870,516653,319200
1820,333,341,476142,6864,516994,383400
1821,357,347,475785,6874,517341,325500
1822,335,357,475451,6851,517698,361800
1823,352,364,475093,6845,518062,346400
1824,359,377,474742,6819,518439,319800
1825,324,352,474414,6795,518791,315700
1826,353,365,474062,6782,519156,315200
1827,313,344,473740,6760,519500,314300
1828,326,318,473416,6766,519818,340200
1829,311,344,473107,6731,520162,301600
1830,341,356,472777,6705,520518,328700
1831,322,347,472441,6694,520865,339900
1832,301,374,472143,6618,521239,314000
1833,293,352,471855,6554,521591,326500
1834,298,328,471556,6525,521919,330100
1835,311,326,471243,6512,522245,318000
1836,316,331,470925,6499,522576,323500
1837,336,347,470589,6488,522923,329900
1838,335,307,470250,6520,523230,332900
1839,318,331,469945,6494,523561,344800
1840,318,348,469622,6469,523909,339000
1841,334,361,469287,6443,524270,350500
1842,290,313,468990,6427,524583,405500
1843,336,312,468664,6441,524895,366800
1844,314,365,468351,6389,525260,376500
1845,309,340,468030,6370,525600,331300
1846,258,298,467774,6328,525898,347300
1847,292,364,467487,6251,526262,313000
1848,350,300,467139,6299,526562,326200
1849,334,325,466812,6301,526887,307100
1850,319,351,466488,6274,527238,294300
1851,336,281,466150,6331,527519,320400
1852,342,348,465810,6323,527867,328200
1853,317,347,465491,6295,528214,389800
1854,313,334,465165,6287,528548,352100
1855,356,290,464824,6338,528838,335400
1856,326,311,464491,6360,529149,325700
1857,325,340,464170,6341,529489,307900
1858,289,345,463877,6289,529834,330100
1859,342,330,463550,6286,530164,323700
1860,309,344,463226,6266,530508,325400
1861,298,287,462933,6272,530795,317200
1862,293,319,462633,6253,531114,317900
1863,332,304,462308,6274,531418,329500
1864,322,323,461987,6272,531741,322900
1865,313,346,461664,6249,532087,320000
1866,331,320,461347,6246,532407,316200
1867,332,304,461013,6276,532711,319900
1868,307,319,460693,6277,533030,360500
1869,324,340,460383,6247,533370,330800
1870,296,315,460076,6239,533685,313500
1871,320,335,459752,6228,534020,333900
1872,357,329,459415,6236,534349,340100
1873,328,310,459086,6255,534659,331200
1874,350,317,458728,6296,534976,311200
1875,291,315,458427,6282,535291,348100
1876,299,335,458138,6236,535626,370600
1877,320,311,457825,6238,535937,330300
1878,304,316,457512,6235,536253,351400
1879,342,344,457168,6235,536597,351500
1880,292,346,456874,6183,536943,329600
1881,343,306,456540,6211,537249,338500
1882,323,326,456213,6212,537575,332300
1883,321,306,455895,6224,537881,339600
1884,321,302,455574,6243,538183,363600
1885,291,341,455272,6204,538524,334900
1886,307,305,454973,6198,538829,416500
1887,301,327,454666,6178,539156,404500
1888,294,303,454375,6166,539459,372200
1889,319,335,454061,6145,539794,354300
1890,291,307,453760,6139,540101,310800
1891,337,339,453428,6132,540440,343300
1892,314,313,453121,6126,540753,331000
1893,285,339,452825,6083,541092,304000
1894,316,323,452509,6076,541415,312300
1895,282,310,452226,6049,541725,308400
1896,317,303,451908,6064,542028,312700
1897,308,295,451610,6067,542323,342800
1898,303,314,451300,6063,542637,326800
1899,346,296,450970,6097,542933,468200
1900,302,322,450661,6084,543255,378400
1901,295,321,450359,6065,543576,346500
1902,292,326,450076,6022,543902,305200
1903,259,277,449804,6017,544179,308200
1904,316,324,449498,5999,544503,319800
1905,286,306,449200,5991,544809,341600
1906,263,330,448948,5913,545139,341400
1907,306,307,448638,5916,545446,325600
1908,283,293,448355,5906,545739,330400
1909,320,277,448047,5937,546016,339500
1910,316,326,447714,5944,546342,320400
1911,302,304,447406,5948,546646,310200
1912,353,311,447067,5976,546957,327900
1913,286,317,446773,5953,547274,312900
1914,294,312,446473,5941,547586,318300
1915,316,316,446159,5939,547902,326800
1916,327,296,445853,5949,548198,324500
1917,287,361,445546,5895,548559,334800
1918,325,317,445238,5886,548876,345300
1919,292,306,444928,5890,549182,337500
1920,300,280,444632,5906,549462,327100
1921,275,314,444346,5878,549776,306200
1922,354,263,444019,5942,550039,325000
1923,337,333,443669,5959,550372,309200
1924,328,290,443342,5996,550662,329900
1925,291,310,443048,5980,550972,325500
1926,312,314,442739,5975,551286,335500
1927,266,305,442468,5941,551591,350000
1928,294,321,442181,5907,551912,402800
1929,336,322,441849,5917,552234,330200
1930,327,315,441510,5941,552549,348700
1931,282,305,441228,5918,552854,336600
1932,290,281,440942,5923,553135,377600
1933,280,286,440653,5926,553421,328400
1934,308,326,440355,5898,553747,313900
1935,290,282,440083,5888,554029,329600
1936,303,313,439761,5897,554342,323400
1937,273,310,439487,5861,554652,316100
1938,326,304,439171,5873,554956,306100
1939,312,271,438863,5910,555227,320000
1940,305,328,438536,5909,555555,316000
1941,317,307,438232,5906,555862,320000
1942,300,340,437929,5869,556202,312400
1943,306,307,437626,5865,556509,325900
1944,304,299,437322,5870,556808,324500
1945,285,339,437037,5816,557147,318400
1946,354,310,436694,5849,557457,310200
1947,333,300,436352,5891,557757,330700
1948,325,323,436030,5890,558080,323000
1949,338,316,435694,5910,558396,304600
1950,322,320,435369,5915,558716,338000
1951,295,288,435065,5931,559004,317300
1952,260,312,434797,5887,559316,318400
1953,313,329,434497,5858,559645,334400
1954,299,290,434197,5868,559935,325200
1955,284,293,433908,5864,560228,329900
1956,298,303,433611,5858,560531,331300
1957,274,310,433341,5818,560841,311000
1958,286,297,433047,5815,561138,320600
1959,287,280,432768,5814,561418,311800
1960,287,278,432484,5820,561696,350800
1961,277,297,432201,5806,561993,350100
1962,315,278,431896,5833,562271,330700
1963,322,335,431562,5832,562606,335600
1964,273,309,431285,5800,562915,328200
1965,280,292,431016,5777,563207,312100
1966,270,298,430747,5748,563505,319600
1967,312,275,430422,5798,563780,330400
1968,288,275,430138,5807,564055,325600
1969,304,326,429837,5782,564381,312900
1970,288,323,429549,5747,564704,337800
1971,315,293,429227,5776,564997,339400
1972,285,313,428957,5733,565310,364100
1973,306,306,428651,5733,565616,312900
1974,282,324,428357,5703,565940,307400
1975,342,265,428019,5776,566205,336500
1976,331,306,427692,5797,566511,334200
1977,272,264,427419,5806,566775,297800
1978,290,292,427126,5807,567067,350900
1979,319,316,426816,5801,567383,384300
1980,281,310,426520,5787,567693,352400
1981,325,296,426198,5813,567989,300500
1982,312,303,425888,5820,568292,327100
1983,297,303,425598,5807,568595,312900
1984,285,316,425308,5781,568911,489300
1985,315,307,425002,5780,569218,343900
1986,283,300,424712,5770,569518,343300
1987,270,298,424436,5748,569816,338100
1988,304,304,424141,5739,570120,373700
1989,303,285,423843,5752,570405,349900
1990,305,279,423535,5781,570684,355700
1991,287,265,423235,5816,570949,397200
1992,296,320,422955,5776,571269,340300
1993,296,324,422656,5751,571593,375200
1994,288,283,422358,5766,571876,358900
1995,263,297,422092,5735,572173,343700
1996,269,280,421828,5719,572453,302700
1997,284,289,421544,5714,572742,360500
1998,328,305,421228,5725,573047,324400
1999,309,316,420908,5729,573363,321700
2000,321,285,420594,5758,573648,364400
2001,320,302,420270,5780,573950,318400
2002,316,288,419953,5809,574238,331600
2003,294,292,419671,5799,574530,341900
2004,280,311,419374,5785,574841,319800
2005,261,286,419107,5766,575127,324800
2006,292,252,418832,5789,575379,314700
2007,296,283,418539,5799,575662,329700
2008,311,291,418215,5832,575953,322000
2009,303,291,417921,5835,576244,315900
2010,290,280,417631,5845,576524,311600
2011,334,327,417300,5849,576851,311300
2012,252,318,417033,5798,577169,307400
2013,298,292,416744,5795,577461,330300
2014,321,264,416428,5847,577725,344500
2015,284,312,416137,5826,578037,315500
2016,327,305,415803,5855,578342,335100
2017,289,298,415525,5835,578640,334500
2018,284,314,415236,5810,578954,316100
2019,285,292,414955,5799,579246,354500
2020,281,289,414661,5804,579535,349500
2021,279,290,414390,5785,579825,380200
2022,284,277,414113,5785,580102,368000
2023,286,288,413812,5798,580390,353500
2024,299,344,413528,5738,580734,315900
2025,307,278,413219,5769,581012,364200
2026,296,304,412923,5761,581316,417100
2027,304,297,412624,5763,581613,368700
2028,279,300,412332,5755,581913,352800
2029,303,272,412033,5782,582185,333200
2030,322,289,411717,5809,582474,327400
2031,285,293,411429,5804,582767,351900
2032,268,325,411177,5731,583092,369500
2033,281,336,410871,5701,583428,387800
2034,303,300,410574,5698,583728,355000
2035,293,293,410287,5692,584021,349100
2036,268,310,410007,5662,584331,352400
2037,291,339,409723,5607,584670,359100
2038,303,312,409430,5588,584982,335100
2039,285,282,409127,5609,585264,335900
2040,313,311,408816,5609,585575,331500
2041,267,287,408546,5592,585862,339200
2042,281,287,408288,5563,586149,327300
2043,252,292,408022,5537,586441,331300
2044,287,293,407738,5528,586734,349600
2045,278,298,407461,5507,587032,333800
2046,273,299,407172,5497,587331,321000
2047,279,285,406910,5474,587616,340600
2048,253,258,406649,5477,587874,369000
2049,299,262,406355,5509,588136,336500
2050,260,275,406086,5503,588411,350400
2051,282,300,405814,5475,588711,339900
2052,264,282,405545,5462,588993,333800
2053,299,253,405252,5502,589246,350900
2054,259,267,404988,5499,589513,347600
2055,288,276,404714,5497,589789,340300
2056,302,298,404394,5519,590087,331400
2057,291,319,404109,5485,590406,356700
2058,329,263,403777,5554,590669,343800
2059,268,300,403509,5522,590969,345100
2060,298,311,403217,5503,591280,364500
2061,308,256,402900,5564,591536,340300
2062,304,297,402601,5566,591833,358400
2063,276,236,402323,5608,592069,324100
2064,309,284,402019,5628,592353,357700
2065,283,291,401735,5621,592644,345600
2066,266,288,401461,5607,592932,353000
2067,292,309,401184,5575,593241,356900
2068,294,279,400889,5591,593520,346000
2069,290,306,400578,5596,593826,395500
2070,275,291,400310,5573,594117,411600
2071,288,295,400021,5567,594412,397400
2072,287,291,399747,5550,594703,348700
2073,318,288,399432,5577,594991,384900
2074,321,278,399106,5625,595269,364300
2075,295,270,398802,5659,595539,357900
2076,273,286,398535,5640,595825,370200
2077,304,298,398234,5643,596123,334100
2078,303,296,397933,5648,596419,354000
2079,307,306,397622,5653,596725,443400
2080,305,245,397312,5718,596970,349100
2081,291,281,397032,5717,597251,349000
2082,307,295,396710,5744,597546,364300
2083,308,282,396413,5759,597828,329400
2084,317,304,396089,5779,598132,331200
2085,299,281,395784,5803,598413,362900
2086,316,295,395480,5812,598708,344000
2087,299,312,395182,5798,599020,332000
2088,334,280,394856,5844,599300,314100
2089,293,307,394545,5848,599607,345600
2090,324,324,394230,5839,599931,363400
2091,306,320,393927,5822,600251,352100
2092,317,287,393627,5835,600538,337600
2093,277,313,393338,5811,600851,20094700
2094,294,313,393035,5801,601164,748000
2095,289,297,392745,5794,601461,746900
2096,308,287,392447,5805,601748,753000
2097,303,331,392136,5785,602079,673800
2098,315,286,391817,5818,602365,483800
2099,302,285,391525,5825,602650,548600
2100,253,321,391264,5765,602971,473000
2101,278,292,390991,5746,603263,502600
2102,289,286,390695,5756,603549,512500
2103,289,299,390396,5756,603848,409700
2104,317,292,390086,5774,604140,401900
2105,296,286,389799,5775,604426,373000
2106,326,296,389477,5801,604722,370300
2107,357,302,389112,5864,605024,357700
2108,296,311,388817,5848,605335,364200
2109,319,269,388502,5894,605604,347900
2110,324,293,388174,5929,605897,456900
2111,333,326,387844,5933,606223,399300
2112,301,304,387538,5935,606527,387400
2113,293,300,387243,5930,606827,420200
2114,310,298,386933,5942,607125,413200
2115,282,312,386649,5914,607437,391900
2116,313,309,386338,5916,607746,356100
2117,323,309,386017,5928,608055,393200
2118,321,275,385698,5972,608330,346600
2119,286,313,385408,5949,608643,349300
2120,324,293,385094,5970,608936,356500
2121,273,298,384810,5956,609234,366400
2122,308,323,384501,5942,609557,349500
2123,302,287,384201,5955,609844,395000
2124,321,323,383884,5949,610167,528500
2125,297,306,383583,5944,610473,376900
2126,300,300,383286,5941,610773,363900
2127,289,302,383001,5924,611075,360800
2128,294,326,382709,5890,611401,362100
2129,287,295,382416,5888,611696,357100
2130,277,286,382132,5886,611982,356700
2131,285,285,381850,5883,612267,354200
2132,323,312,381544,5877,612579,392600
2133,302,340,381235,5846,612919,355800
2134,284,299,380938,5844,613218,344700
2135,314,292,380639,5851,613510,359800
2136,236,330,380393,5767,613840,358400
2137,269,290,380132,5738,614130,361600
2138,289,296,379838,5736,614426,346600
2139,277,290,379559,5725,614716,358100
2140,301,306,379247,5731,615022,316900
2141,278,300,378981,5697,615322,366800
2142,312,314,378674,5690,615636,370100
2143,288,286,378371,5707,615922,368900
2144,276,321,378105,5652,616243,377400
2145,295,315,377809,5633,616558,341900
2146,284,276,377516,5650,616834,371300
2147,262,264,377258,5644,617098,334300
2148,279,289,376984,5629,617387,362800
2149,279,303,376713,5597,617690,331500
2150,322,336,376370,5604,618026,359300
2151,297,268,376088,5618,618294,328100
2152,284,279,375798,5629,618573,340800
2153,314,310,375494,5623,618883,335600
2154,301,306,375182,5629,619189,540800
2155,290,315,374897,5599,619504,345400
2156,305,289,374593,5614,619793,322400
2157,290,317,374305,5585,620110,318600
2158,283,319,374025,5546,620429,319000
2159,301,274,373715,5582,620703,334700
2160,301,304,373422,5571,621007,332000
2161,282,271,373127,5595,621278,310200
2162,309,258,372836,5628,621536,333300
2163,289,319,372539,5606,621855,326900
2164,289,280,372245,5620,622135,328200
2165,298,266,371961,5638,622401,319500
2166,263,309,371683,5607,622710,351400
2167,308,300,371372,5618,623010,324200
2168,289,301,371096,5593,623311,333100
2169,312,297,370791,5601,623608,322600
2170,312,288,370463,5641,623896,467500
2171,298,276,370163,5665,624172,325400
2172,311,325,369852,5651,624497,319700
2173,296,285,369566,5652,624782,305600
2174,260,278,369302,5638,625060,348900
2175,303,262,369008,5670,625322,322800
2176,296,298,368696,5684,625620,364400
2177,288,283,368412,5685,625903,327600
2178,264,282,368147,5668,626185,333900
2179,290,294,367857,5664,626479,351700
2180,295,327,367569,5625,626806,402200
2181,273,300,367287,5607,627106,387000
2182,262,272,367036,5586,627378,365400
2183,301,290,366724,5608,627668,397500
2184,245,287,366480,5565,627955,358100
2185,290,292,366199,5554,628247,367200
2186,250,310,365937,5506,628557,355500
2187,283,283,365655,5505,628840,305000
2188,288,273,365363,5524,629113,346400
2189,243,286,365135,5466,629399,337100
2190,277,283,364850,5468,629682,373000
2191,261,268,364591,5459,629950,374000
2192,287,271,364307,5472,630221,348100
2193,255,288,364043,5448,630509,351800
2194,263,267,363785,5439,630776,332500
2195,280,279,363504,5441,631055,310400
2196,265,284,363244,5417,631339,353000
2197,297,289,362942,5430,631628,316200
2198,234,268,362710,5394,631896,329600
2199,263,293,362445,5366,632189,370500
2200,284,294,362152,5365,632483,364400
2201,243,300,361907,5310,632783,365300
2202,243,287,361681,5249,633070,385800
2203,277,259,361394,5277,633329,364600
2204,252,266,361141,5264,633595,346800
2205,273,294,360873,5238,633889,352900
2206,253,260,360613,5238,634149,342800
2207,262,266,360354,5231,634415,336600
2208,276,266,360083,5236,634681,302400
2209,279,289,359804,5226,634970,319700
2210,262,290,359535,5205,635260,318200
2211,261,239,359277,5224,635499,323400
2212,254,263,359031,5207,635762,298200
2213,268,271,358765,5202,636033,310900
2214,257,300,358500,5167,636333,427400
2215,264,276,358232,5159,636609,319500
2216,281,266,357959,5166,636875,323900
2217,270,248,357691,5186,637123,314100
2218,280,266,357398,5213,637389,312000
2219,274,292,357148,5171,637681,319800
2220,274,259,356854,5206,637940,398000
2221,266,293,356599,5168,638233,302400
2222,290,259,356306,5202,638492,332800
2223,288,265,356021,5222,638757,354600
2224,271,277,355737,5229,639034,317600
2225,267,247,355473,5246,639281,361400
2226,277,277,355186,5256,639558,362300
2227,236,266,354963,5213,639824,332000
2228,287,256,354683,5237,640080,333700
2229,283,269,354402,5249,640349,322200
2230,266,312,354132,5207,640661,387500
2231,266,282,353862,5195,640943,321500
2232,271,271,353589,5197,641214,327800
2233,249,266,353339,5181,641480,318000
2234,256,263,353078,5179,641743,335500
2235,274,287,352818,5152,642030,315600
2236,259,264,352550,5156,642294,321200
2237,282,261,352281,5164,642555,333400
2238,248,262,352011,5172,642817,334100
2239,277,274,351752,5157,643091,322200
2240,282,254,351462,5193,643345,427300
2241,277,285,351189,5181,643630,340900
2242,256,282,350933,5155,643912,332100
2243,269,253,350670,5165,644165,327900
2244,294,257,350375,5203,644422,345900
2245,271,287,350100,5191,644709,300200
2246,276,272,349813,5206,644981,317700
2247,309,276,349532,5211,645257,317800
2248,286,238,349227,5278,645495,302900
2249,264,246,348959,5300,645741,331600
2250,263,272,348693,5294,646013,298500
2251,260,276,348432,5279,646289,342400
2252,281,277,348152,5282,646566,301200
2253,296,303,347865,5266,646869,306500
2254,259,265,347597,5269,647134,315300
2255,262,261,347339,5266,647395,295500
2256,284,285,347071,5249,647680,323800
2257,255,274,346798,5248,647954,353000
2258,252,242,346551,5253,648196,306500
2259,270,306,346279,5219,648502,308600
2260,237,252,346033,5213,648754,305200
2261,257,265,345782,5199,649019,324700
2262,257,291,345528,5162,649310,315600
2263,242,260,345287,5143,649570,331900
2264,306,265,344984,5181,649835,302000
2265,274,252,344707,5206,650087,321200
2266,264,260,344437,5216,650347,312400
2267,281,280,344158,5215,650627,305900
2268,270,247,343892,5234,650874,312300
2269,281,255,343613,5258,651129,313400
2270,294,259,343321,5291,651388,330700
2271,277,275,343039,5298,651663,319700
2272,261,286,342786,5265,651949,316000
2273,263,281,342503,5267,652230,356600
2274,264,306,342257,5207,652536,321700
2275,276,269,341983,5212,652805,320000
2276,255,304,341715,5176,653109,333100
2277,262,269,341463,5159,653378,327200
2278,262,279,341187,5156,653657,334100
2279,237,272,340945,5126,653929,340000
2280,245,256,340714,5101,654185,331900
2281,247,260,340460,5095,654445,325300
2282,271,279,340197,5079,654724,321400
2283,272,268,339925,5083,654992,321100
2284,285,280,339642,5086,655272,322700
2285,282,256,339352,5120,655528,350800
2286,240,263,339112,5097,655791,333500
2287,244,270,338876,5063,656061,328500
2288,276,254,338594,5091,656315,306200
2289,248,272,338345,5068,656587,321100
2290,259,247,338091,5075,656834,323400
2291,246,252,337839,5075,657086,333100
2292,308,283,337542,5089,657369,314700
2293,244,266,337291,5074,657635,321500
2294,318,238,336967,5160,657873,328400
2295,298,275,336678,5174,658148,312700
2296,271,269,336404,5179,658417,329100
2297,282,252,336122,5209,658669,341200
2298,279,259,335843,5229,658928,328000
2299,275,268,335564,5240,659196,314300
2300,299,288,335274,5242,659484,307500
2301,262,268,335014,5234,659752,360600
2302,271,301,334735,5212,660053,332500
2303,259,261,334475,5211,660314,349100
2304,260,275,334220,5191,660589,346100
2305,296,255,333916,5240,660844,315000
2306,241,260,333682,5214,661104,313500
2307,298,280,333386,5230,661384,340100
2308,258,274,333125,5217,661658,324100
2309,246,235,332869,5238,661893,312400
2310,232,277,332655,5175,662170,373400
2311,264,253,332377,5200,662423,328100
2312,272,248,332111,5218,662671,353800
2313,284,259,331824,5246,662930,346300
2314,256,267,331571,5232,663197,307900
2315,272,282,331297,5224,663479,319700
2316,311,277,330990,5254,663756,335200
2317,273,261,330721,5262,664017,316200
2318,257,278,330453,5252,664295,362600
2319,255,308,330202,5195,664603,355000
2320,266,279,329939,5179,664882,356600
2321,296,276,329647,5195,665158,341600
2322,309,252,329341,5249,665410,331900
2323,258,278,329081,5231,665688,337900
2324,254,276,328822,5214,665964,390800
2325,266,286,328561,5189,666250,321200
2326,254,282,328281,5187,666532,421000
2327,300,280,328002,5186,666812,337400
2328,285,293,327720,5175,667105,346300
2329,306,293,327413,5189,667398,310000
2330,266,274,327146,5182,667672,316300
2331,297,235,326846,5247,667907,328500
2332,279,264,326576,5253,668171,292200
2333,286,271,326280,5278,668442,340200
2334,273,266,326013,5279,668708,381700
2335,286,268,325723,5301,668976,303500
2336,273,275,325452,5297,669251,336600
2337,330,290,325129,5330,669541,307700
2338,262,248,324855,5356,669789,314700
2339,312,274,324555,5382,670063,313000
2340,300,267,324237,5433,670330,304400
2341,270,271,323977,5422,670601,297400
2342,277,303,323706,5390,670904,339200
2343,255,293,323443,5360,671197,330100
2344,272,301,323166,5336,671498,308600
2345,295,279,322886,5337,671777,308400
2346,269,265,322612,5346,672042,297800
2347,258,280,322354,5324,672322,310500
2348,295,276,322061,5341,672598,325300
2349,273,266,321780,5356,672864,311400
2350,282,267,321494,5375,673131,317000
2351,252,290,321233,5346,673421,340800
2352,290,261,320964,5354,673682,307100
2353,263,271,320692,5355,673953,350800
2354,294,316,320402,5329,674269,325400
2355,282,267,320121,5343,674536,314300
2356,241,277,319872,5315,674813,324400
2357,263,290,319614,5283,675103,337700
2358,260,258,319360,5279,675361,318300
2359,270,288,319077,5274,675649,314400
2360,261,267,318829,5255,675916,310000
2361,267,265,318551,5268,676181,319500
2362,266,246,318281,5292,676427,305100
2363,284,267,318007,5299,676694,321800
2364,288,298,317720,5288,676992,307400
2365,258,289,317465,5254,677281,305400
2366,266,260,317187,5272,677541,334300
2367,273,249,316924,5286,677790,332200
2368,255,259,316664,5287,678049,344800
2369,280,280,316390,5281,678329,318800
2370,274,293,316116,5262,678622,338400
2371,265,290,315848,5240,678912,323700
2372,276,286,315571,5231,679198,319800
2373,289,285,315286,5231,679483,313900
2374,254,267,315031,5219,679750,313400
2375,238,281,314792,5177,680031,327000
2376,276,263,314506,5200,680294,322100
2377,262,253,314245,5208,680547,319700
2378,279,263,313972,5218,680810,321900
2379,305,256,313676,5258,681066,294300
2380,276,240,313388,5306,681306,315600
2381,270,293,313116,5285,681599,328500
2382,283,271,312844,5286,681870,334400
2383,278,289,312559,5282,682159,377800
2384,261,253,312300,5288,682412,321800
2385,260,272,312033,5283,682684,333400
2386,252,304,311781,5231,682988,339200
2387,262,279,311519,5214,683267,355600
2388,257,270,311271,5192,683537,358900
2389,244,315,311020,5128,683852,334800
2390,247,262,310775,5111,684114,383400
2391,275,239,310503,5144,684353,451800
2392,262,247,310240,5160,684600,355900
2393,247,288,309991,5121,684888,328700
2394,232,256,309762,5094,685144,315500
2395,265,292,309492,5072,685436,340300
2396,270,266,309231,5067,685702,319400
2397,295,242,308937,5119,685944,289200
2398,288,245,308645,5166,686189,340800
2399,342,288,308296,5227,686477,333100
2400,286,285,308019,5219,686762,318500
2401,280,277,307741,5220,687039,365400
2402,276,262,307460,5239,687301,312700
2403,305,281,307159,5259,687582,312700
2404,313,272,306842,5304,687854,326300
2405,272,276,306570,5300,688130,313400
2406,267,264,306312,5294,688394,315600
2407,276,266,306020,5320,688660,347000
2408,273,299,305760,5281,688959,364000
2409,287,245,305469,5327,689204,348300
2410,293,262,305184,5350,689466,323300
2411,313,274,304864,5396,689740,343000
2412,291,274,304563,5423,690014,314400
2413,277,281,304290,5415,690295,347700
2414,261,247,304042,5416,690542,311200
2415,232,268,303795,5395,690810,303100
2416,287,258,303509,5423,691068,351300
2417,295,299,303230,5403,691367,309400
2418,266,275,302950,5408,691642,322000
2419,260,286,302688,5384,691928,352500
2420,281,294,302419,5359,692222,315700
2421,263,253,302156,5369,692475,333800
2422,253,289,301892,5344,692764,310100
2423,248,279,301639,5318,693043,307200
2424,262,299,301381,5277,693342,314100
2425,283,256,301112,5290,693598,345100
2426,255,271,300839,5292,693869,321600
2427,285,259,300564,5308,694128,324000
2428,249,288,300308,5276,694416,309800
2429,328,255,299999,5330,694671,306700
2430,302,321,299685,5323,694992,303400
2431,300,254,299395,5359,695246,312000
2432,256,285,299133,5336,695531,329000
2433,250,268,298868,5333,695799,312300
2434,264,253,298615,5333,696052,329100
2435,250,303,298354,5291,696355,301900
2436,271,262,298095,5288,696617,335000
2437,280,302,297809,5272,696919,316300
2438,280,284,297530,5267,697203,321900
2439,266,261,297268,5268,697464,306400
2440,296,276,296968,5292,697740,333300
2441,273,281,296700,5279,698021,321500
2442,275,275,296434,5270,698296,317700
2443,225,292,296191,5221,698588,335400
2444,265,251,295942,5219,698839,338700
2445,278,254,295653,5254,699093,418700
2446,267,254,295391,5262,699347,316700
2447,272,248,295117,5288,699595,338800
2448,266,273,294848,5284,699868,305500
2449,263,285,294573,5274,700153,324700
2450,294,258,294290,5299,700411,348500
2451,260,279,294034,5276,700690,358100
2452,319,280,293715,5315,700970,311600
2453,252,285,293457,5288,701255,304900
2454,262,317,293205,5223,701572,305700
2455,264,268,292927,5233,701840,315600
2456,276,282,292666,5212,702122,326300
2457,283,281,292372,5225,702403,301700
2458,266,279,292116,5202,702682,326800
2459,279,294,291829,5195,702976,359200
2460,277,276,291563,5185,703252,355100
2461,294,274,291265,5209,703526,328000
2462,267,264,290994,5216,703790,312700
2463,282,286,290702,5222,704076,311600
2464,257,277,290451,5196,704353,327300
2465,281,258,290176,5213,704611,320200
2466,272,289,289900,5200,704900,306000
2467,278,264,289625,5211,705164,330100
2468,255,258,289374,5204,705422,389600
2469,272,254,289099,5225,705676,310300
2470,259,263,288829,5232,705939,297400
2471,269,270,288572,5219,706209,311000
2472,275,239,288300,5252,706448,324700
2473,295,274,288009,5269,706722,328300
2474,283,270,287720,5288,706992,317000
2475,256,270,287461,5277,707262,303000
2476,256,243,287187,5308,707505,304800
2477,270,271,286934,5290,707776,327600
2478,255,265,286671,5288,708041,325100
2479,274,260,286405,5294,708301,305300
2480,325,288,286089,5322,708589,323500
2481,298,260,285782,5369,708849,284300
2482,302,281,285495,5375,709130,328800
2483,307,290,285167,5413,709420,307500
2484,285,282,284890,5408,709702,316800
2485,278,263,284608,5427,709965,313700
2486,265,274,284355,5406,710239,325300
2487,266,262,284083,5416,710501,326200
2488,281,283,283794,5422,710784,310000
2489,286,285,283511,5420,711069,327200
2490,237,303,283271,5357,711372,326500
2491,226,276,283039,5313,711648,329700
2492,258,252,282776,5324,711900,320700
2493,273,288,282522,5290,712188,299900
2494,266,272,282267,5273,712460,323100
2495,258,264,282001,5275,712724,325300
2496,287,288,281698,5290,713012,333500
2497,261,273,281440,5275,713285,316100
2498,252,263,281183,5269,713548,338100
2499,272,244,280915,5293,713792,324000
2500,280,280,280638,5290,714072,318900
2501,319,280,280320,5328,714352,312300
2502,279,263,280044,5341,714615,316100
2503,274,284,279768,5333,714899,395500
2504,301,300,279479,5322,715199,336100
2505,287,305,279177,5319,715504,365100
2506,266,265,278914,5317,715769,362700
2507,273,243,278640,5348,716012,333500
2508,286,272,278354,5362,716284,379600
2509,288,277,278082,5357,716561,361900
2510,256,308,277809,5322,716869,334400
2511,270,299,277541,5291,717168,342100
2512,276,274,277262,5296,717442,302400
2513,276,254,276989,5315,717696,317900
2514,303,269,276695,5340,717965,290700
2515,341,280,276356,5399,718245,298200
2516,317,289,276035,5431,718534,317200
2517,311,297,275729,5440,718831,328500
2518,306,289,275425,5455,719120,350300
2519,289,291,275122,5467,719411,348400
2520,271,285,274852,5452,719696,318200
2521,299,273,274561,5470,719969,335500
2522,275,307,274275,5449,720276,344900
2523,313,281,273971,5472,720557,348800
2524,299,298,273658,5487,720855,328200
2525,280,267,273377,5501,721122,341600
2526,271,286,273107,5485,721408,329200
2527,272,294,272836,5462,721702,332300
2528,256,283,272591,5424,721985,347700
2529,261,270,272328,5417,722255,353700
2530,269,284,272061,5400,722539,414400
2531,303,290,271748,5423,722829,353700
2532,261,269,271498,5404,723098,320300
2533,271,256,271215,5431,723354,372600
2534,282,266,270954,5426,723620,360000
2535,306,310,270643,5427,723930,363700
2536,269,301,270373,5396,724231,358600
2537,218,285,270140,5344,724516,345200
2538,257,284,269887,5313,724800,323900
2539,238,295,269657,5248,725095,363500
2540,281,287,269370,5248,725382,364200
2541,247,293,269118,5207,725675,348300
2542,244,286,268885,5154,725961,351500
2543,282,276,268590,5173,726237,336100
2544,278,262,268318,5183,726499,330300
2545,238,308,268078,5115,726807,344800
2546,247,259,267837,5097,727066,347100
2547,262,291,267577,5066,727357,354900
2548,263,298,267314,5031,727655,379600
2549,225,261,267088,4996,727916,349800
2550,237,275,266841,4968,728191,410800
2551,268,270,266581,4958,728461,361900
2552,254,277,266320,4942,728738,358800
2553,236,242,266097,4923,728980,400200
2554,278,283,265810,4927,729263,344200
2555,241,221,265566,4950,729484,381300
2556,253,242,265312,4962,729726,418100
2557,233,274,265085,4915,730000,418200
2558,256,271,264828,4901,730271,354100
2559,272,236,264556,4937,730507,394400
2560,252,263,264308,4922,730770,358600
2561,242,274,264054,4902,731044,382900
2562,245,237,263811,4908,731281,359700
2563,291,253,263533,4933,731534,351100
2564,249,233,263270,4963,731767,450000
2565,241,247,263041,4945,732014,337300
2566,264,268,262768,4950,732282,369100
2567,266,257,262511,4950,732539,354300
2568,277,246,262229,4986,732785,339700
2569,241,235,261995,4985,733020,328000
2570,251,262,261738,4980,733282,329900
2571,211,276,261528,4914,733558,321200
2572,250,240,261274,4928,733798,299800
2573,238,271,261031,4900,734069,337300
2574,200,249,260831,4851,734318,323900
2575,247,228,260590,4864,734546,308600
2576,264,282,260331,4841,734828,305500
2577,254,225,260068,4879,735053,308400
2578,247,256,259826,4865,735309,322300
2579,218,254,259602,4835,735563,293000
2580,232,259,259365,4813,735822,318500
2581,258,253,259120,4805,736075,318500
2582,254,251,258858,4816,736326,329600
2583,269,238,258598,4838,736564,311600
2584,244,247,258345,4844,736811,409000
2585,244,219,258109,4861,737030,357200
2586,247,253,257857,4860,737283,350400
2587,232,264,257626,4827,737547,379900
2588,257,270,257361,4822,737817,412400
2589,291,234,257083,4866,738051,451900
2590,277,264,256799,4886,738315,414400
2591,292,242,256513,4930,738557,409200
2592,241,240,256271,4932,738797,443700
2593,246,248,256027,4928,739045,395700
2594,274,260,255753,4942,739305,407300
2595,256,264,255496,4935,739569,546900
2596,266,250,255228,4953,739819,415900
2597,295,254,254928,4999,740073,382900
2598,259,259,254662,5006,740332,358500
2599,277,249,254400,5019,740581,349300
2600,254,249,254141,5029,740830,361500
2601,300,246,253851,5073,741076,353700
2602,258,241,253584,5099,741317,329500
2603,273,247,253307,5129,741564,347800
2604,263,297,253058,5081,741861,349000
2605,266,273,252786,5080,742134,364400
2606,259,264,252519,5083,742398,358300
2607,245,281,252285,5036,742679,433800
2608,253,251,252028,5042,742930,333100
2609,232,258,251791,5021,743188,355000
2610,251,250,251545,5017,743438,394400
2611,258,250,251281,5031,743688,380800
2612,287,253,250994,5065,743941,372000
2613,270,281,250738,5040,744222,348700
2614,272,278,250452,5048,744500,362200
2615,266,260,250183,5057,744760,377800
2616,254,264,249937,5039,745024,337600
2617,284,253,249657,5066,745277,383100
2618,255,266,249390,5067,745543,373500
2619,285,272,249112,5073,745815,352600
2620,269,270,248840,5075,746085,411400
2621,264,265,248588,5062,746350,351400
2622,260,263,248311,5076,746613,370400
2623,274,266,248043,5078,746879,351300
2624,293,294,247748,5079,747173,469500
2625,266,247,247491,5089,747420,392000
2626,287,271,247209,5100,747691,357000
2627,273,257,246926,5126,747948,345300
2628,291,269,246636,5147,748217,348800
2629,283,303,246348,5132,748520,335100
2630,268,272,246088,5120,748792,356500
2631,270,296,245814,5098,749088,368700
2632,284,258,245530,5124,749346,378100
2633,282,244,245247,5163,749590,413900
2634,295,291,244961,5158,749881,389200
2635,247,264,244706,5149,750145,393100
2636,273,292,244431,5132,750437,383900
2637,273,290,244167,5106,750727,355900
2638,275,279,243895,5099,751006,388600
2639,268,267,243618,5109,751273,365000
2640,246,246,243363,5118,751519,326200
2641,248,300,243122,5059,751819,366800
2642,252,287,242868,5026,752106,356600
2643,290,312,242583,4999,752418,366200
2644,233,260,242342,4980,752678,398700
2645,272,261,242072,4989,752939,351600
2646,248,253,241825,4983,753192,358400
2647,252,242,241572,4994,753434,383400
2648,258,252,241318,4996,753686,323600
2649,259,251,241063,5000,753937,358200
2650,242,301,240822,4940,754238,373200
2651,294,246,240529,4987,754484,377400
2652,243,272,240274,4970,754756,395700
2653,262,251,240019,4974,755007,345200
2654,296,249,239727,5017,755256,382600
2655,273,269,239457,5018,755525,389900
2656,282,259,239179,5037,755784,347900
2657,276,252,238893,5071,756036,405200
2658,264,281,238626,5057,756317,356100
2659,298,245,238336,5102,756562,337600
2660,279,243,238054,5141,756805,390500
2661,282,251,237768,5176,757056,375000
2662,266,268,237500,5176,757324,373700
2663,271,275,237234,5167,757599,372300
2664,285,264,236947,5190,757863,340500
2665,292,273,236658,5206,758136,381000
2666,250,281,236396,5187,758417,368200
2667,270,273,236143,5167,758690,365800
2668,268,255,235878,5177,758945,369800
2669,250,273,235617,5165,759218,358800
2670,293,256,235325,5201,759474,402800
2671,294,265,235024,5237,759739,411800
2672,262,268,234770,5223,760007,392000
2673,275,280,234491,5222,760287,402900
2674,276,283,234218,5212,760570,341200
2675,260,257,233959,5214,760827,370200
2676,269,278,233691,5204,761105,365800
2677,232,285,233455,5155,761390,343500
2678,259,264,233184,5162,761654,392900
2679,261,254,232929,5163,761908,358100
2680,267,246,232669,5177,762154,369900
2681,244,266,232427,5153,762420,370800
2682,281,270,232145,5165,762690,364400
2683,291,240,231846,5224,762930,443600
2684,281,237,231575,5258,763167,413300
2685,268,257,231307,5269,763424,378500
2686,253,300,231048,5228,763724,393000
2687,232,266,230814,5196,763990,371600
2688,262,290,230550,5170,764280,367200
2689,280,246,230275,5199,764526,364600
2690,276,244,229999,5231,764770,354500
2691,262,284,229731,5215,765054,371100
2692,264,249,229471,5226,765303,357200
2693,268,280,229202,5215,765583,363100
2694,273,267,228934,5216,765850,391800
2695,270,245,228661,5244,766095,347900
2696,263,285,228405,5215,766380,371800
2697,272,284,228135,5201,766664,368700
2698,255,261,227876,5199,766925,342400
2699,260,252,227615,5208,767177,375000
2700,267,274,227348,5201,767451,376000
2701,254,320,227092,5137,767771,375100
2702,261,256,226828,5145,768027,354200
2703,252,271,226582,5120,768298,350500
2704,266,292,226321,5089,768590,365400
2705,247,281,226064,5065,768871,373300
2706,281,271,225798,5060,769142,329200
2707,248,278,225537,5043,769420,378400
2708,273,260,225275,5045,769680,368400
2709,266,268,224997,5055,769948,327100
2710,262,276,224736,5040,770224,393300
2711,252,272,224483,5021,770496,393600
2712,231,244,224249,5011,770740,391800
2713,245,251,224001,5008,770991,654000
2714,254,251,223748,5010,771242,434600
2715,231,263,223521,4974,771505,419900
2716,256,289,223259,4947,771794,408900
2717,257,268,223008,4930,772062,453600
2718,234,243,222772,4923,772305,388700
2719,262,263,222523,4909,772568,419100
2720,257,244,222256,4932,772812,395000
2721,251,237,222003,4948,773049,403400
2722,237,260,221765,4926,773309,421100
2723,273,270,221487,4934,773579,377400
2724,250,264,221250,4907,773843,412200
2725,253,249,220998,4910,774092,386700
2726,250,243,220740,4925,774335,406400
2727,252,285,220497,4883,774620,412000
2728,263,243,220229,4908,774863,389600
2729,279,252,219961,4924,775115,413200
2730,263,223,219685,4977,775338,361500
2731,279,258,219419,4985,775596,419400
2732,267,262,219144,4998,775858,415900
2733,269,224,218879,5039,776082,378500
2734,250,272,218625,5021,776354,409800
2735,286,308,218330,5008,776662,376200
2736,282,232,218041,5065,776894,387300
2737,270,251,217788,5067,777145,395300
2738,263,246,217513,5096,777391,401200
2739,287,255,217233,5121,777646,396200
2740,303,286,216941,5127,777932,370400
2741,232,247,216695,5126,778179,404500
2742,273,273,216427,5121,778452,388000
2743,272,275,216146,5127,778727,404400
2744,269,256,215887,5130,778983,405900
2745,255,259,215628,5130,779242,383300
2746,316,294,215316,5148,779536,431000
2747,283,291,215030,5143,779827,396700
2748,273,283,214750,5140,780110,388300
2749,279,260,214484,5146,780370,409700
2750,300,266,214181,5183,780636,360800
2751,304,275,213873,5216,780911,416700
2752,276,288,213616,5185,781199,404300
2753,260,271,213337,5193,781470,389900
2754,280,264,213055,5211,781734,399700
2755,263,254,212803,5209,781988,360000
2756,272,272,212528,5212,782260,406900
2757,304,286,212219,5235,782546,363600
2758,305,266,211925,5263,782812,376500
2759,259,274,211653,5261,783086,379000
2760,258,274,211403,5237,783360,353600
2761,267,271,211128,5241,783631,368400
2762,239,285,210894,5190,783916,336400
2763,257,276,210628,5180,784192,338600
2764,266,250,210374,5184,784442,354200
2765,267,290,210096,5172,784732,374600
2766,266,260,209835,5173,784992,388400
2767,291,280,209540,5188,785272,548700
2768,280,271,209269,5188,785543,387700
2769,282,273,208980,5204,785816,386900
2770,252,268,208730,5186,786084,479700
2771,265,247,208468,5201,786331,395000
2772,292,266,208174,5229,786597,409100
2773,251,263,207922,5218,786860,384400
2774,256,238,207666,5236,787098,363900
2775,270,265,207396,5241,787363,332800
2776,261,254,207143,5240,787617,313200
2777,251,267,206882,5234,787884,389000
2778,271,243,206606,5267,788127,471300
2779,267,275,206337,5261,788402,359400
2780,279,273,206067,5258,788675,325700
2781,240,251,205829,5245,788926,411800
2782,273,279,205549,5246,789205,388900
2783,251,267,205294,5234,789472,344400
2784,234,227,205063,5238,789699,336700
2785,278,270,204791,5240,789969,352300
2786,261,259,204538,5234,790228,313800
2787,238,270,204292,5210,790498,333100
2788,228,281,204054,5167,790779,322000
2789,256,273,203812,5136,791052,331900
2790,262,278,203542,5128,791330,341800
2791,267,252,203278,5140,791582,417800
2792,261,264,203018,5136,791846,357800
2793,249,266,202775,5113,792112,397200
2794,257,247,202508,5133,792359,422000
2795,243,299,202268,5074,792658,361100
2796,235,267,202030,5045,792925,368900
2797,273,272,201769,5034,793197,334300
2798,239,242,201518,5043,793439,342400
2799,255,290,201270,5001,793729,344900
2800,255,289,201004,4978,794018,360300
2801,264,250,200738,4994,794268,332200
2802,265,262,200480,4990,794530,315900
2803,264,246,200220,5004,794776,327900
2804,247,259,199971,4994,795035,304700
2805,262,245,199719,5001,795280,318100
2806,276,241,199438,5041,795521,314200
2807,238,236,199186,5057,795757,348900
2808,249,280,198946,5017,796037,366000
2809,282,253,198669,5041,796290,357400
2810,279,239,198383,5088,796529,340300
2811,262,268,198111,5092,796797,344300
2812,242,265,197867,5071,797062,365700
2813,262,274,197616,5048,797336,354400
2814,284,267,197335,5062,797603,377100
2815,262,264,197078,5055,797867,375900
2816,224,281,196849,5003,798148,332900
2817,242,265,196609,4978,798413,320100
2818,232,240,196371,4976,798653,335000
2819,245,252,196125,4970,798905,383600
2820,235,241,195891,4963,799146,364800
2821,254,268,195647,4939,799414,367800
2822,260,259,195387,4940,799673,318000
2823,226,252,195155,4920,799925,325200
2824,258,265,194901,4909,800190,342900
2825,260,251,194630,4929,800441,321900
2826,252,241,194386,4932,800682,316300
2827,249,229,194140,4949,800911,332000
2828,235,255,193896,4938,801166,308200
2829,249,269,193661,4904,801435,335700
2830,241,298,193411,4856,801733,330300
2831,263,237,193146,4884,801970,322800
2832,239,220,192911,4899,802190,320800
2833,245,282,192664,4864,802472,333900
2834,242,250,192418,4860,802722,361100
2835,250,265,192175,4838,802987,346300
2836,260,233,191913,4867,803220,394700
2837,257,242,191650,4888,803462,340100
2838,276,250,191383,4905,803712,307000
2839,248,235,191139,4914,803947,353200
2840,272,261,190858,4934,804208,321000
2841,251,246,190608,4938,804454,330800
2842,241,247,190356,4943,804701,314300
2843,260,275,190114,4910,804976,312800
2844,209,246,189898,4880,805222,321300
2845,238,248,189654,4876,805470,326000
2846,236,267,189418,4845,805737,324500
2847,236,251,189184,4828,805988,316500
2848,232,245,188952,4815,806233,319100
2849,213,272,188741,4754,806505,305000
2850,265,249,188465,4781,806754,324200
2851,239,250,188228,4768,807004,364500
2852,251,282,187982,4732,807286,367900
2853,263,259,187727,4728,807545,375800
2854,250,239,187483,4733,807784,354400
2855,226,234,187244,4738,808018,315200
2856,274,254,186985,4743,808272,332700
2857,218,258,186754,4716,808530,358900
2858,268,262,186487,4721,808792,326600
2859,241,216,186247,4745,809008,307700
2860,267,262,185984,4746,809270,297600
2861,221,231,185753,4746,809501,317000
2862,239,268,185520,4711,809769,307900
2863,252,246,185274,4711,810015,303500
2864,266,253,185003,4729,810268,308000
2865,261,241,184741,4750,810509,321000
2866,267,260,184477,4754,810769,323800
2867,245,253,184228,4750,811022,332700
2868,259,239,183966,4773,811261,326900
2869,265,271,183707,4761,811532,324500
2870,261,268,183452,4748,811800,325600
2871,268,241,183183,4776,812041,310500
2872,286,266,182897,4796,812307,320200
2873,291,245,182603,4845,812552,314500
2874,282,260,182319,4869,812812,309700
2875,279,249,182037,4902,813061,339700
2876,245,251,181803,4885,813312,308800
2877,255,245,181532,4911,813557,320600
2878,272,239,181275,4929,813796,328900
2879,267,267,180999,4938,814063,316800
2880,283,255,180717,4965,814318,307100
2881,282,266,180435,4981,814584,340700
2882,303,263,180138,5015,814847,344400
2883,254,264,179867,5022,815111,364300
2884,287,262,179588,5039,815373,334300
2885,271,266,179324,5037,815639,318400
2886,242,257,179073,5031,815896,319400
2887,279,264,178811,5029,816160,366600
2888,264,254,178533,5053,816414,301600
2889,288,291,178254,5041,816705,310900
2890,283,266,177964,5065,816971,322000
2891,265,275,177710,5044,817246,324800
2892,284,264,177421,5069,817510,318500
2893,261,248,177152,5090,817758,310300
2894,244,296,176915,5031,818054,336400
2895,264,292,176645,5009,818346,320300
2896,282,256,176367,5031,818602,308600
2897,240,266,176117,5015,818868,328600
2898,241,287,175881,4964,819155,332500
2899,276,266,175605,4974,819421,327300
2900,272,248,175334,4997,819669,337400
2901,263,264,175075,4992,819933,325300
2902,262,266,174811,4990,820199,322300
2903,273,273,174541,4987,820472,335400
2904,257,237,174274,5017,820709,311400
2905,246,267,174034,4990,820976,332400
2906,249,270,173781,4973,821246,308700
2907,234,289,173546,4919,821535,308100
2908,232,268,173316,4881,821803,344000
2909,286,244,173030,4923,822047,339600
2910,213,244,172810,4899,822291,314100
2911,270,263,172549,4897,822554,301400
2912,229,254,172320,4872,822808,330100
2913,252,239,172067,4886,823047,328300
2914,279,275,171797,4881,823322,318800
2915,263,248,171523,4907,823570,329800
2916,257,244,171275,4911,823814,315700
2917,255,232,171022,4932,824046,333300
2918,241,251,170772,4931,824297,327300
2919,284,223,170495,4985,824520,331800
2920,247,251,170247,4982,824771,366600
2921,265,278,169983,4968,825049,363900
2922,248,244,169733,4974,825293,318900
2923,236,262,169489,4956,825555,296200
2924,259,247,169230,4968,825802,325100
2925,249,271,168984,4943,826073,320000
2926,240,260,168739,4928,826333,314900
2927,280,259,168475,4933,826592,330800
2928,225,240,168235,4933,826832,349200
2929,247,266,167998,4904,827098,312300
2930,229,254,167763,4885,827352,338400
2931,247,294,167519,4835,827646,346000
2932,250,277,167264,4813,827923,323800
2933,244,263,167023,4791,828186,316100
2934,242,232,166776,4806,828418,324300
2935,229,263,166549,4770,828681,294900
2936,247,219,166303,4797,828900,315800
2937,239,254,166067,4779,829154,310200
2938,215,254,165840,4752,829408,305100
2939,255,247,165594,4751,829655,337100
2940,264,227,165334,4784,829882,326200
2941,257,235,165068,4815,830117,318500
2942,224,216,164845,4822,830333,305400
2943,239,261,164618,4788,830594,334300
2944,251,248,164370,4788,830842,358500
2945,242,251,164131,4776,831093,410000
2946,236,253,163888,4766,831346,340300
2947,255,259,163627,4768,831605,339700
2948,249,249,163373,4773,831854,336100
2949,223,229,163150,4767,832083,335400
2950,237,240,162916,4761,832323,323600
2951,257,251,162653,4773,832574,316500
2952,252,236,162410,4780,832810,315900
2953,233,248,162176,4766,833058,316700
2954,242,235,161944,4763,833293,335800
2955,246,258,161690,4759,833551,347500
2956,266,222,161424,4803,833773,357000
2957,241,254,161178,4795,834027,355100
2958,237,260,160945,4768,834287,334700
2959,239,271,160707,4735,834558,344500
2960,269,285,160437,4720,834843,377400
2961,269,242,160181,4734,835085,343800
2962,257,260,159909,4746,835345,343800
2963,272,251,159650,4754,835596,333500
2964,288,259,159350,4795,835855,324500
2965,249,243,159111,4791,836098,323300
2966,265,260,158838,4804,836358,319400
2967,261,266,158570,4806,836624,323800
2968,275,254,158302,4820,836878,313600
2969,273,250,158031,4841,837128,347200
2970,263,221,157766,4885,837349,324400
2971,266,249,157496,4906,837598,299700
2972,240,238,157257,4907,837836,319300
2973,273,277,156994,4893,838113,348200
2974,243,270,156740,4877,838383,410000
2975,268,262,156471,4884,838645,407600
2976,284,250,156192,4913,838895,362300
2977,260,289,155927,4889,839184,350100
2978,281,253,155656,4907,839437,340800
2979,250,245,155397,4921,839682,334200
2980,254,257,155156,4905,839939,325000
2981,253,231,154883,4947,840170,345200
2982,272,269,154630,4931,840439,355400
2983,265,264,154353,4944,840703,360500
2984,252,257,154104,4936,840960,363800
2985,266,267,153849,4924,841227,347000
2986,223,230,153610,4933,841457,356500
2987,226,251,153388,4904,841708,332600
2988,280,254,153112,4926,841962,353900
2989,254,275,152850,4913,842237,337800
2990,236,237,152621,4905,842474,342200
2991,243,254,152372,4900,842728,342800
2992,284,254,152093,4925,842982,334600
2993,241,260,151851,4907,843242,366500
2994,277,255,151579,4924,843497,342400
2995,258,238,151320,4945,843735,330900
2996,258,235,151057,4973,843970,359300
2997,260,263,150794,4973,844233,314500
2998,267,278,150531,4958,844511,332100
2999,244,268,150288,4933,844779,321100
3000,284,246,150003,4972,845025,318000
3001,242,234,149765,4976,845259,314400
3002,271,230,149498,5013,845489,340400
3003,277,263,149206,5042,845752,338600
3004,255,264,148948,5036,846016,453200
3005,226,256,148733,4995,846272,335700
3006,304,242,148428,5058,846514,333800
3007,260,294,148178,5014,846808,347600
3008,273,255,147901,5036,847063,379300
3009,275,277,147624,5036,847340,324300
3010,257,250,147358,5052,847590,315200
3011,279,237,147079,5094,847827,308000
3012,235,266,146845,5062,848093,351700
3013,252,280,146591,5036,848373,323000
3014,281,254,146322,5051,848627,363200
3015,251,274,146069,5030,848901,336600
3016,264,266,145803,5030,849167,362400
3017,287,254,145511,5068,849421,402200
3018,271,282,145246,5051,849703,335600
3019,286,290,144965,5042,849993,371400
3020,274,223,144695,5089,850216,343000
3021,287,265,144400,5119,850481,335700
3022,265,269,144141,5109,850750,314000
3023,256,284,143872,5094,851034,312200
3024,256,274,143629,5063,851308,344400
3025,256,240,143360,5092,851548,335200
3026,259,275,143104,5073,851823,346200
3027,289,266,142816,5095,852089,308600
3028,277,270,142543,5098,852359,304200
3029,281,266,142254,5121,852625,319100
3030,249,292,142008,5075,852917,310300
3031,261,267,141750,5066,853184,333200
3032,272,268,141472,5076,853452,316500
3033,241,240,141233,5075,853692,297500
3034,264,256,140963,5089,853948,344800
3035,287,253,140687,5112,854201,344000
3036,271,253,140420,5126,854454,330700
3037,269,251,140147,5148,854705,295000
3038,243,293,139893,5109,854998,317800
3039,293,261,139610,5131,855259,346800
3040,270,264,139331,5146,855523,311300
3041,326,274,139022,5181,855797,334600
3042,267,274,138747,5182,856071,321300
3043,257,289,138479,5161,856360,332000
3044,294,274,138203,5163,856634,323100
3045,279,312,137919,5135,856946,324800
3046,286,239,137644,5171,857185,317200
3047,296,261,137344,5210,857446,289300
3048,267,265,137065,5224,857711,314100
3049,315,281,136746,5262,857992,319000
3050,263,279,136485,5244,858271,476000
3051,267,239,136235,5255,858510,343000
3052,251,290,135969,5231,858800,305800
3053,277,277,135698,5225,859077,329400
3054,279,273,135411,5239,859350,308400
3055,249,266,135176,5208,859616,320300
3056,301,260,134867,5257,859876,332300
3057,277,275,134584,5265,860151,356900
3058,311,275,134283,5291,860426,331900
3059,245,290,134031,5253,860716,364100
3060,263,286,133776,5222,861002,319400
3061,287,271,133489,5238,861273,301400
3062,275,279,133205,5243,861552,326000
3063,321,271,132891,5286,861823,314400
3064,270,248,132611,5318,862071,312100
3065,276,267,132339,5323,862338,374300
3066,286,287,132048,5327,862625,331100
3067,253,265,131800,5310,862890,323600
3068,256,248,131539,5323,863138,307500
3069,255,290,131292,5280,863428,331900
3070,249,271,131048,5253,863699,328300
3071,280,287,130759,5255,863986,340500
3072,235,266,130521,5227,864252,324300
3073,273,261,130258,5229,864513,319200
3074,253,271,130009,5207,864784,327100
3075,273,285,129716,5215,865069,341300
3076,250,258,129473,5200,865327,328300
3077,261,258,129218,5197,865585,330300
3078,291,265,128926,5224,865850,317700
3079,258,247,128667,5236,866097,331000
3080,239,256,128426,5221,866353,332100
3081,277,283,128146,5218,866636,301500
3082,267,276,127884,5204,866912,332000
3083,235,276,127652,5160,867188,317400
3084,262,271,127386,5155,867459,338600
3085,269,286,127111,5144,867745,332700
3086,276,266,126838,5151,868011,311900
3087,268,257,126565,5167,868268,316400
3088,270,265,126311,5156,868533,315200
3089,277,246,126028,5193,868779,332700
3090,271,295,125754,5172,869074,349600
3091,259,264,125494,5168,869338,326600
3092,259,291,125242,5129,869629,510200
3093,250,269,124979,5123,869898,348100
3094,259,254,124727,5121,870152,341900
3095,295,254,124432,5162,870406,334400
3096,254,246,124177,5171,870652,319200
3097,268,248,123914,5186,870900,313100
3098,258,260,123657,5183,871160,330300
3099,281,277,123379,5184,871437,316200
3100,288,287,123085,5191,871724,321900
3101,278,256,122810,5210,871980,310800
3102,292,269,122518,5233,872249,317700
3103,317,252,122207,5292,872501,310900
3104,280,252,121921,5326,872753,324500
3105,273,256,121650,5341,873009,329700
3106,261,270,121386,5335,873279,319800
3107,255,280,121134,5307,873559,322100
3108,248,257,120883,5301,873816,300200
3109,263,241,120611,5332,874057,319400
3110,280,288,120333,5322,874345,322700
3111,297,295,120044,5316,874640,362100
3112,276,280,119772,5308,874920,368200
3113,279,252,119479,5349,875172,372600
3114,279,276,119213,5339,875448,338400
3115,282,300,118921,5331,875748,329200
3116,289,294,118630,5328,876042,327800
3117,251,304,118386,5268,876346,326200
3118,286,241,118102,5311,876587,345700
3119,276,272,117819,5322,876859,331500
3120,282,287,117545,5309,877146,345000
3121,248,257,117298,5299,877403,324800
3122,276,290,117020,5287,877693,325700
3123,263,291,116757,5259,877984,311800
3124,266,274,116489,5253,878258,329200
3125,262,267,116207,5268,878525,336300
3126,291,249,115943,5283,878774,315900
3127,242,284,115691,5251,879058,318200
3128,238,251,115449,5242,879309,318100
3129,240,275,115208,5208,879584,325800
3130,238,258,114973,5185,879842,330800
3131,275,278,114702,5178,880120,331900
3132,268,290,114442,5148,880410,322400
3133,248,271,114190,5129,880681,319000
3134,246,275,113944,5100,880956,298500
3135,256,274,113681,5089,881230,319800
3136,259,277,113420,5073,881507,329700
3137,271,247,113156,5090,881754,336000
3138,280,233,112873,5140,881987,363000
3139,256,264,112615,5134,882251,340500
3140,257,267,112368,5114,882518,312700
3141,254,274,112107,5101,882792,356700
3142,257,254,111843,5111,883046,320500
3143,279,279,111569,5106,883325,308100
3144,264,252,111306,5117,883577,316700
3145,274,266,111040,5117,883843,331000
3146,242,262,110785,5110,884105,320100
3147,257,275,110527,5093,884380,334000
3148,239,285,110284,5051,884665,338400
3149,232,279,110055,5001,884944,322000
3150,249,276,109830,4950,885220,338000
3151,269,259,109545,4976,885479,489700
3152,284,254,109263,5004,885733,351000
3153,267,274,108981,5012,886007,374300
3154,276,273,108721,4999,886280,338200
3155,242,265,108473,4982,886545,309600
3156,266,244,108208,5003,886789,368400
3157,290,250,107926,5035,887039,353200
3158,242,232,107687,5042,887271,338200
3159,268,268,107411,5050,887539,350800
3160,266,233,107148,5080,887772,294500
3161,249,244,106884,5100,888016,310600
3162,253,275,106643,5066,888291,372800
3163,240,275,106395,5039,888566,336900
3164,265,258,106137,5039,888824,348900
3165,236,277,105904,4995,889101,334700
3166,234,253,105670,4976,889354,311900
3167,271,256,105399,4991,889610,319100
3168,231,248,105163,4979,889858,336200
3169,281,254,104890,4998,890112,337200
3170,272,275,104601,5012,890387,314700
3171,238,255,104362,4996,890642,320000
3172,258,273,104113,4972,890915,325500
3173,245,271,103859,4955,891186,304700
3174,273,250,103603,4961,891436,327200
3175,242,251,103353,4960,891687,325000
3176,244,271,103106,4936,891958,329400
3177,241,258,102868,4916,892216,327700
3178,267,271,102596,4917,892487,311200
3179,244,267,102370,4876,892754,309000
3180,242,246,102120,4880,893000,341000
3181,236,237,101883,4880,893237,325600
3182,284,253,101613,4897,893490,321300
3183,223,261,101374,4875,893751,330300
3184,221,270,101144,4835,894021,347700
3185,201,227,100943,4809,894248,342900
3186,211,242,100733,4777,894490,329500
3187,200,242,100534,4734,894732,329800
3188,223,260,100310,4698,894992,315700
3189,222,253,100087,4668,895245,315300
3190,208,260,99877,4618,895505,328700
3191,219,228,99655,4612,895733,312800
3192,212,241,99454,4572,895974,327500
3193,198,242,99255,4529,896216,316600
3194,225,243,99034,4507,896459,327500
3195,172,232,98848,4461,896691,314500
3196,187,217,98670,4422,896908,321100
3197,216,218,98458,4416,897126,316400
3198,204,229,98256,4389,897355,337500
3199,192,224,98060,4361,897579,324100
3200,204,233,97854,4334,897812,315500
3201,233,219,97627,4342,898031,318000
3202,210,222,97413,4334,898253,480500
3203,209,235,97198,4314,898488,334800
3204,209,216,96989,4307,898704,327300
3205,207,232,96784,4280,898936,318300
3206,223,234,96567,4263,899170,316100
3207,205,232,96359,4239,899402,315400
3208,199,232,96160,4206,899634,314300
3209,220,228,95940,4198,899862,314300
3210,208,228,95730,4180,900090,323300
3211,177,209,95553,4148,900299,306100
3212,204,227,95344,4130,900526,303100
3213,161,210,95179,4085,900736,326400
3214,172,194,95011,4059,900930,343000
3215,177,219,94830,4021,901149,326700
3216,204,204,94633,4014,901353,318700
3217,220,206,94419,4022,901559,352500
3218,188,208,94227,4006,901767,366500
3219,220,219,94004,4010,901986,377900
3220,181,215,93829,3970,902201,460300
3221,188,197,93634,3968,902398,543800
3222,185,210,93450,3942,902608,476400
3223,203,203,93242,3947,902811,491000
3224,201,208,93050,3931,903019,565500
3225,219,202,92835,3944,903221,517800
3226,183,192,92648,3939,903413,460700
3227,185,219,92466,3902,903632,463400
3228,193,221,92274,3873,903853,431000
3229,188,215,92071,3861,904068,508900
3230,201,173,91878,3881,904241,467300
3231,186,187,91691,3881,904428,409600
3232,189,204,91504,3864,904632,410500
3233,163,178,91335,3855,904810,411700
3234,180,215,91161,3814,905025,418900
3235,177,202,90978,3795,905227,436200
3236,152,180,90828,3765,905407,517500
3237,182,227,90640,3726,905634,494400
3238,200,175,90448,3743,905809,471700
3239,171,183,90282,3726,905992,446100
3240,146,182,90119,3707,906174,473800
3241,182,198,89946,3682,906372,503900
3242,162,176,89783,3669,906548,734700
3243,173,175,89612,3665,906723,636000
3244,201,208,89403,3666,906931,596100
3245,168,194,89246,3629,907125,714600
3246,179,204,89071,3600,907329,896700
3247,145,186,88909,3576,907515,585500
3248,162,198,88758,3529,907713,489100
3249,156,209,88593,3485,907922,589400
3250,169,166,88430,3482,908088,522500
3251,160,155,88274,3483,908243,567800
3252,184,200,88100,3457,908443,550100
3253,168,176,87927,3454,908619,511800
3254,179,174,87741,3466,908793,472900
3255,162,187,87575,3445,908980,472600
3256,162,158,87417,3445,909138,495300
3257,151,166,87264,3432,909304,413700
3258,154,183,87108,3405,909487,414400
3259,149,173,86954,3386,909660,423300
3260,170,175,86787,3378,909835,390300
3261,181,180,86613,3372,910015,565900
3262,186,170,86425,3390,910185,384800
3263,150,156,86271,3388,910341,381800
3264,190,180,86092,3387,910521,382800
3265,160,168,85928,3383,910689,404300
3266,193,180,85730,3401,910869,421500
3267,181,181,85550,3400,911050,361500
3268,160,165,85388,3397,911215,400500
3269,145,188,85243,3354,911403,529300
3270,167,155,85076,3366,911558,451100
3271,177,187,84907,3348,911745,460600
3272,159,172,84736,3347,911917,406700
3273,166,161,84578,3344,912078,411100
3274,162,156,84411,3355,912234,385800
3275,169,172,84252,3342,912406,389300
3276,160,166,84086,3342,912572,476200
3277,147,169,83937,3322,912741,504700
3278,179,159,83758,3342,912900,563400
3279,181,174,83586,3340,913074,1139900
3280,154,187,83420,3319,913261,766100
3281,156,142,83274,3323,913403,765900
3282,167,181,83118,3298,913584,595400
3283,164,177,82936,3303,913761,590800
3284,138,164,82788,3287,913925,529300
3285,165,168,82630,3277,914093,748600
3286,143,152,82487,3268,914245,555400
3287,150,181,82341,3233,914426,563800
3288,174,160,82171,3243,914586,513100
3289,143,175,82026,3213,914761,550200
3290,131,170,81895,3174,914931,590600
3291,141,157,81755,3157,915088,472500
3292,154,183,81603,3126,915271,598800
3293,162,165,81435,3129,915436,476400
3294,149,172,81290,3102,915608,495000
3295,183,168,81115,3109,915776,547000
3296,169,165,80934,3125,915941,472900
3297,149,164,80784,3111,916105,710800
3298,180,169,80603,3123,916274,708200
3299,159,189,80445,3092,916463,543600
3300,151,174,80306,3057,916637,500600
3301,159,172,80130,3061,916809,536400
3302,163,163,79985,3043,916972,483300
3303,187,153,79790,3085,917125,463700
3304,164,156,79618,3101,917281,447400
3305,178,164,79449,3106,917445,441700
3306,171,162,79282,3111,917607,480500
3307,177,162,79099,3132,917769,444700
3308,169,173,78933,3125,917942,468800
3309,171,161,78752,3145,918103,549500
3310,164,157,78588,3152,918260,441700
3311,157,168,78438,3134,918428,510000
3312,189,160,78255,3157,918588,522300
3313,181,170,78067,3175,918758,434800
3314,167,142,77898,3202,918900,458400
3315,147,154,77747,3199,919054,446600
3316,189,173,77569,3204,919227,473100
3317,153,145,77406,3222,919372,441100
3318,191,172,77227,3229,919544,460800
3319,186,160,77039,3257,919704,491800
3320,143,152,76889,3255,919856,468600
3321,166,194,76722,3228,920050,510200
3322,169,175,76555,3220,920225,479100
3323,168,174,76383,3218,920399,1471400
3324,145,148,76240,3213,920547,908500
3325,204,155,76040,3258,920702,877500
3326,181,176,75852,3270,920878,733800
3327,207,192,75655,3275,921070,734800
3328,184,172,75476,3282,921242,571800
3329,156,179,75311,3268,921421,487000
3330,183,172,75129,3278,921593,478400
3331,182,189,74946,3272,921782,518200
3332,188,192,74755,3271,921974,610500
3333,175,164,74578,3284,922138,495200
3334,161,160,74418,3284,922298,441000
3335,156,159,74269,3274,922457,451200
3336,183,176,74085,3282,922633,439300
3337,184,159,73902,3306,922792,449200
3338,159,174,73736,3298,922966,392500
3339,176,167,73566,3301,923133,492200
3340,170,180,73399,3288,923313,467300
3341,180,205,73218,3264,923518,416900
3342,184,145,73033,3304,923663,547600
3343,158,167,72867,3303,923830,526300
3344,142,157,72724,3289,923987,564800
3345,155,174,72575,3264,924161,601200
3346,154,163,72420,3256,924324,789600
3347,126,158,72288,3230,924482,625500
3348,193,163,72111,3244,924645,585300
3349,172,180,71928,3247,924825,599500
3350,185,184,71743,3248,925009,646400
3351,169,156,71581,3254,925165,601500
3352,156,162,71416,3257,925327,598600
3353,175,159,71250,3264,925486,633000
3354,182,156,71068,3290,925642,535900
3355,167,168,70896,3294,925810,596100
3356,148,183,70744,3263,925993,606700
3357,151,170,70598,3239,926163,812400
3358,144,156,70449,3232,926319,545600
3359,179,162,70272,3247,926481,688300
3360,168,170,70104,3245,926651,582000
3361,137,178,69964,3207,926829,474700
3362,141,163,69825,3183,926992,473300
3363,139,173,69693,3142,927165,381500
3364,167,157,69521,3157,927322,358300
3365,161,154,69362,3162,927476,447300
3366,148,153,69218,3153,927629,401600
3367,122,171,69087,3113,927800,399600
3368,162,159,68928,3113,927959,387100
3369,149,155,68772,3114,928114,354200
3370,150,166,68630,3090,928280,371600
3371,143,160,68483,3077,928440,296000
3372,153,162,68332,3066,928602,328900
3373,154,152,68172,3074,928754,311600
3374,148,154,68028,3064,928908,350800
3375,161,169,67871,3052,929077,293700
3376,142,168,67722,3033,929245,349600
3377,145,129,67588,3038,929374,330300
3378,167,164,67420,3042,929538,457400
3379,166,150,67253,3059,929688,319600
3380,138,159,67110,3043,929847,330500
3381,145,153,66971,3029,930000,307000
3382,130,160,66832,3008,930160,306200
3383,154,160,66685,2995,930320,323900
3384,131,152,66546,2982,930472,348300
3385,138,152,66409,2967,930624,496800
3386,140,147,66278,2951,930771,696600
3387,141,151,66136,2942,930922,540400
3388,136,139,65997,2942,931061,519700
3389,152,171,65843,2925,931232,533500
3390,125,152,65710,2906,931384,506300
3391,145,162,65566,2888,931546,453400
3392,157,174,65422,2858,931720,382200
3393,171,142,65251,2887,931862,432100
3394,120,148,65122,2868,932010,403800
3395,153,150,64970,2870,932160,490900
3396,149,163,64823,2854,932323,437700
3397,162,177,64667,2833,932500,407100
3398,146,156,64515,2829,932656,487700
3399,126,142,64388,2814,932798,383900
3400,161,142,64228,2832,932940,480100
3401,156,136,64078,2846,933076,386300
3402,161,142,63913,2869,933218,367900
3403,158,154,63750,2878,933372,509000
3404,163,143,63592,2893,933515,614100
3405,177,143,63423,2919,933658,540300
3406,152,136,63262,2944,933794,665500
3407,176,158,63093,2955,933952,568400
3408,165,159,62916,2973,934111,487500
3409,162,137,62770,2982,934248,496200
3410,180,148,62583,3021,934396,566400
3411,147,168,62427,3009,934564,643100
3412,174,161,62265,3010,934725,589700
3413,188,187,62078,3010,934912,644400
3414,156,174,61917,2997,935086,566100
3415,160,152,61756,3006,935238,463000
3416,156,138,61596,3028,935376,887200
3417,203,155,61399,3070,935531,787000
3418,190,171,61220,3078,935702,774600
3419,185,176,61022,3100,935878,1330200
3420,169,149,60862,3111,936027,2504000
3421,157,157,60690,3126,936184,1892900
3422,173,163,60523,3130,936347,1502800
3423,184,156,60337,3160,936503,1444200
3424,154,177,60190,3130,936680,1996800
3425,178,151,60009,3160,936831,1159600
3426,163,144,59846,3179,936975,1486300
3427,143,170,59698,3157,937145,750500
3428,152,163,59561,3131,937308,694300
3429,128,175,59421,3096,937483,797700
3430,152,152,59265,3100,937635,849800
3431,132,146,59132,3087,937781,979700
3432,141,162,58989,3068,937943,907700
3433,165,147,58826,3084,938090,745600
3434,131,146,58696,3068,938236,848800
3435,156,120,58543,3101,938356,545300
3436,160,166,58382,3096,938522,589000
3437,162,156,58227,3095,938678,681100
3438,149,175,58066,3081,938853,724400
3439,158,159,57917,3071,939012,714800
3440,155,176,57762,3050,939188,775600
3441,142,158,57618,3036,939346,649400
3442,147,154,57475,3025,939500,604100
3443,168,141,57296,3063,939641,682300
3444,161,177,57150,3032,939818,696300
3445,128,154,57016,3012,939972,616500
3446,170,149,56848,3031,940121,583500
3447,159,158,56685,3036,940279,896300
3448,147,154,56537,3030,940433,785300
3449,135,166,56400,3001,940599,745600
3450,158,139,56240,3022,940738,718900
3451,157,157,56090,3015,940895,690500
3452,135,169,55951,2985,941064,714700
3453,141,148,55814,2974,941212,976100
3454,159,164,55655,2969,941376,1058600
3455,167,184,55481,2959,941560,672700
3456,147,151,55333,2956,941711,678200
3457,109,159,55219,2911,941870,734800
3458,167,144,55067,2919,942014,675000
3459,134,145,54926,2915,942159,686100
3460,126,139,54798,2904,942298,565800
3461,141,139,54663,2900,942437,549800
3462,118,163,54535,2865,942600,662500
3463,148,165,54395,2840,942765,643300
3464,146,140,54245,2850,942905,709800
3465,126,164,54129,2802,943069,790000
3466,135,155,53984,2792,943224,617700
3467,123,134,53857,2785,943358,555800
3468,134,169,53735,2738,943527,551400
3469,145,132,53588,2753,943659,529100
3470,119,160,53465,2716,943819,595200
3471,125,140,53340,2701,943959,507700
3472,136,134,53204,2703,944093,513100
3473,115,118,53085,2704,944211,497000
3474,144,149,52943,2697,944360,449800
3475,145,133,52806,2701,944493,464000
3476,96,120,52699,2688,944613,434000
3477,126,141,52578,2668,944754,563000
3478,121,109,52450,2687,944863,564200
3479,133,144,52332,2661,945007,565500
3480,134,129,52190,2674,945136,554100
3481,117,113,52074,2677,945249,508500
3482,127,151,51945,2655,945400,448600
3483,141,141,51807,2652,945541,467400
3484,123,136,51690,2633,945677,575800
3485,115,144,51565,2614,945821,620600
3486,137,131,51429,2619,945952,649800
3487,128,142,51300,2606,946094,543100
3488,124,124,51175,2607,946218,580200
3489,119,144,51061,2577,946362,532400
3490,103,138,50948,2552,946500,496300
3491,111,151,50840,2509,946651,746400
3492,134,132,50708,2509,946783,861000
3493,129,136,50578,2503,946919,526400
3494,126,122,50455,2504,947041,485900
3495,119,129,50333,2497,947170,527900
3496,131,140,50212,2478,947310,447100
3497,140,128,50071,2491,947438,733000
3498,114,150,49948,2464,947588,598400
3499,124,126,49825,2461,947714,615700
3500,108,122,49716,2448,947836,574400
3501,135,117,49590,2457,947953,620700
3502,107,158,49475,2414,948111,490800
3503,115,111,49364,2414,948222,562200
3504,132,113,49234,2431,948335,627500
3505,147,128,49082,2455,948463,684300
3506,122,120,48957,2460,948583,676400
3507,153,129,48815,2473,948712,691200
3508,130,114,48672,2502,948826,518500
3509,137,111,48542,2521,948937,586700
3510,130,122,48417,2524,949059,588300
3511,132,134,48276,2531,949193,535200
3512,133,114,48150,2543,949307,561200
3513,126,113,48023,2557,949420,507200
3514,155,126,47864,2590,949546,529300
3515,150,128,47718,2608,949674,623100
3516,159,154,47558,2614,949828,454300
3517,130,147,47426,2599,949975,748300
3518,147,137,47288,2600,950112,877100
3519,146,136,47138,2614,950248,646800
3520,128,134,47006,2612,950382,2380100
3521,134,135,46873,2610,950517,737600
3522,146,108,46725,2650,950625,617800
3523,110,146,46615,2614,950771,458700
3524,126,140,46482,2607,950911,470100
3525,124,124,46362,2603,951035,498800
3526,140,128,46227,2610,951163,504200
3527,128,144,46098,2595,951307,496100
3528,153,141,45951,2601,951448,438500
3529,153,133,45798,2621,951581,427600
3530,148,144,45647,2628,951725,392000
3531,133,136,45514,2625,951861,443800
3532,140,122,45367,2650,951983,502500
3533,121,113,45248,2656,952096,415700
3534,118,150,45128,2626,952246,393300
3535,144,147,44992,2615,952393,378800
3536,114,149,44877,2581,952542,423100
3537,130,111,44742,2605,952653,638100
3538,130,136,44619,2592,952789,619800
3539,132,149,44476,2586,952938,403400
3540,141,152,44339,2571,953090,450400
3541,112,133,44229,2548,953223,530800
3542,140,141,44091,2545,953364,412100
3543,134,153,43958,2525,953517,546200
3544,150,149,43804,2530,953666,429000
3545,128,133,43676,2525,953799,559800
3546,136,141,43538,2522,953940,390600
3547,123,132,43412,2516,954072,474300
3548,103,131,43317,2480,954203,591500
3549,146,118,43176,2503,954321,371500
3550,130,129,43034,2516,954450,343500
3551,114,122,42915,2513,954572,365400
3552,135,137,42792,2499,954709,438500
3553,119,133,42670,2488,954842,364500
3554,104,138,42558,2462,954980,406700
3555,121,120,42441,2459,955100,402700
3556,135,117,42314,2469,955217,365600
3557,117,122,42191,2470,955339,344400
3558,115,120,42071,2470,955459,389700
3559,116,135,41963,2443,955594,409700
3560,119,124,41847,2435,955718,433200
3561,120,118,41720,2444,955836,551000
3562,119,129,41603,2432,955965,551100
3563,114,107,41486,2442,956072,539700
3564,116,124,41370,2434,956196,436100
3565,112,131,41257,2416,956327,490300
3566,116,114,41147,2412,956441,495400
3567,117,120,41030,2409,956561,434600
3568,116,118,40911,2410,956679,766100
3569,116,115,40791,2415,956794,607600
3570,109,134,40686,2386,956928,608600
3571,121,126,40562,2384,957054,507300
3572,139,137,40433,2376,957191,479100
3573,123,120,40304,2385,957311,449000
3574,137,116,40169,2404,957427,559400
3575,118,120,40049,2404,957547,622900
3576,130,135,39921,2397,957682,511600
3577,119,133,39802,2383,957815,526700
3578,101,115,39698,2372,957930,435100
3579,134,135,39561,2374,958065,422800
3580,109,111,39457,2367,958176,394800
3581,134,137,39320,2367,958313,413100
3582,132,116,39193,2378,958429,466000
3583,114,125,39079,2367,958554,552900
3584,121,131,38951,2364,958685,445800
3585,104,111,38849,2355,958796,472800
3586,112,118,38737,2349,958914,410000
3587,116,126,38622,2338,959040,458200
3588,133,129,38492,2339,959169,626200
3589,123,122,38362,2347,959291,463800
3590,114,145,38253,2311,959436,603800
3591,124,122,38128,2314,959558,650100
3592,114,134,38010,2298,959692,452300
3593,107,124,37907,2277,959816,480400
3594,109,120,37792,2272,959936,420200
3595,111,122,37682,2260,960058,397500
3596,109,117,37576,2249,960175,371000
3597,100,111,37478,2236,960286,372000
3598,118,125,37366,2223,960411,614700
3599,114,99,37249,2241,960510,466600
3600,117,131,37125,2234,960641,505800
3601,124,102,37006,2251,960743,483800
3602,126,121,36885,2251,960864,422600
3603,119,112,36758,2266,960976,412700
3604,109,143,36652,2229,961119,405400
3605,118,118,36539,2224,961237,564700
3606,120,108,36412,2243,961345,429400
3607,102,109,36313,2233,961454,483500
3608,138,120,36180,2246,961574,408400
3609,136,133,36035,2258,961707,409900
3610,108,124,35926,2243,961831,360900
3611,137,122,35797,2250,961953,411100
3612,119,129,35674,2244,962082,440900
3613,124,122,35546,2250,962204,440500
3614,110,124,35435,2237,962328,607300
3615,119,136,35326,2210,962464,534400
3616,127,112,35200,2224,962576,604700
3617,112,112,35081,2231,962688,471300
3618,99,119,34977,2216,962807,399800
3619,127,101,34853,2239,962908,415500
3620,116,124,34736,2232,963032,551600
3621,133,129,34606,2233,963161,461200
3622,114,106,34488,2245,963267,1274000
3623,121,118,34366,2249,963385,569100
3624,112,119,34256,2240,963504,509600
3625,132,107,34133,2256,963611,465100
3626,110,135,34018,2236,963746,465600
3627,108,118,33907,2229,963864,528200
3628,127,110,33783,2243,963974,485000
3629,110,113,33671,2242,964087,412000
3630,105,106,33565,2242,964193,452300
3631,102,123,33467,2217,964316,406400
3632,131,104,33338,2242,964420,365000
3633,96,107,33228,2245,964527,411500
3634,115,123,33117,2233,964650,437800
3635,114,109,33013,2228,964759,459100
3636,106,120,32905,2216,964879,441800
3637,88,134,32812,2175,965013,519200
3638,119,114,32691,2182,965127,398900
3639,117,121,32584,2168,965248,404800
3640,123,107,32456,2189,965355,446400
3641,113,137,32345,2163,965492,468500
3642,110,113,32240,2155,965605,574300
3643,108,130,32124,2141,965735,485600
3644,122,122,32006,2137,965857,464400
3645,121,123,31879,2141,965980,473700
3646,115,112,31764,2144,966092,385900
3647,116,98,31645,2165,966190,390800
3648,138,115,31516,2179,966305,410400
3649,110,113,31407,2175,966418,435000
3650,132,122,31274,2186,966540,520500
3651,123,117,31144,2199,966657,387400
3652,144,118,31010,2215,966775,358200
3653,128,113,30880,2232,966888,354900
3654,138,107,30738,2267,966995,387000
3655,103,115,30630,2260,967110,367300
3656,119,112,30512,2266,967222,385300
3657,124,122,30394,2262,967344,435300
3658,139,118,30252,2286,967462,434300
3659,138,101,30108,2329,967563,401400
3660,114,128,30003,2306,967691,357200
3661,118,106,29883,2320,967797,330000
3662,132,109,29756,2338,967906,417500
3663,140,109,29616,2369,968015,426300
3664,175,134,29441,2410,968149,366200
3665,123,142,29309,2400,968291,495900
3666,117,123,29197,2389,968414,648400
3667,123,123,29070,2393,968537,432700
3668,133,115,28941,2407,968652,552400
3669,104,131,28841,2376,968783,436900
3670,122,118,28715,2384,968901,406800
3671,121,117,28591,2391,969018,428300
3672,116,127,28478,2377,969145,555600
3673,97,118,28378,2359,969263,572900
3674,125,143,28263,2331,969406,416700
3675,105,116,28149,2329,969522,430000
3676,117,109,28032,2337,969631,423900
3677,122,105,27911,2353,969736,499000
3678,129,118,27787,2359,969854,502500
3679,103,118,27678,2350,969972,611100
3680,101,119,27576,2333,970091,474400
3681,117,121,27461,2327,970212,448400
3682,133,118,27329,2341,970330,436500
3683,132,130,27193,2347,970460,430400
3684,86,127,27106,2307,970587,404700
3685,126,116,26984,2313,970703,407200
3686,114,134,26872,2291,970837,532700
3687,104,115,26764,2284,970952,480100
3688,110,108,26650,2290,971060,434300
3689,92,110,26557,2273,971170,403300
3690,99,127,26461,2242,971297,420800
3691,124,116,26338,2249,971413,473100
3692,123,122,26221,2244,971535,436800
3693,105,104,26116,2245,971639,534300
3694,130,102,25990,2269,971741,608500
3695,103,113,25875,2271,971854,462600
3696,99,101,25779,2266,971955,402300
3697,107,112,25674,2259,972067,480000
3698,123,118,25546,2269,972185,417800
3699,98,103,25445,2267,972288,433000
3700,113,110,25340,2262,972398,523200
3701,96,109,25247,2246,972507,486600
3702,110,104,25137,2252,972611,415300
3703,110,105,25023,2261,972716,472900
3704,104,133,24913,2238,972849,409600
3705,112,104,24804,2243,972953,430200
3706,121,127,24684,2236,973080,451900
3707,109,91,24570,2259,973171,411200
3708,111,113,24463,2253,973284,420500
3709,114,111,24347,2258,973395,450000
3710,122,108,24230,2267,973503,347000
3711,80,125,24142,2230,973628,395400
3712,97,113,24053,2206,973741,379400
3713,105,124,23949,2186,973865,410700
3714,90,105,23857,2173,973970,400200
3715,77,111,23779,2140,974081,519800
3716,89,100,23687,2132,974181,411800
3717,77,101,23613,2105,974282,370100
3718,98,119,23517,2082,974401,407400
3719,94,119,23419,2061,974520,393200
3720,86,93,23338,2049,974613,383800
3721,93,102,23238,2047,974715,452600
3722,82,109,23164,2012,974824,348600
3723,94,110,23070,1996,974934,372400
3724,76,108,22987,1971,975042,430400
3725,89,122,22901,1935,975164,839800
3726,61,91,22834,1911,975255,396900
3727,73,108,22765,1872,975363,381100
3728,72,99,22693,1845,975462,436100
3729,74,113,22617,1808,975575,441600
3730,55,87,22563,1775,975662,432800
3731,81,83,22483,1772,975745,531100
3732,77,97,22403,1755,975842,456900
3733,57,91,22342,1725,975933,476500
3734,66,83,22286,1698,976016,543100
3735,73,85,22209,1690,976101,470200
3736,78,79,22131,1689,976180,458400
3737,79,101,22053,1666,976281,418100
3738,64,94,21984,1641,976375,604800
3739,69,86,21926,1613,976461,511200
3740,44,79,21869,1591,976540,447900
3741,66,70,21806,1584,976610,514500
3742,60,88,21748,1554,976698,502300
3743,60,73,21685,1544,976771,567300
3744,44,66,21643,1520,976837,697500
3745,60,73,21579,1511,976910,550200
3746,60,85,21522,1483,976995,515200
3747,64,61,21460,1484,977056,453000
3748,59,84,21402,1458,977140,529300
3749,59,80,21337,1443,977220,759700
3750,59,85,21286,1409,977305,493600
3751,69,78,21210,1407,977383,484500
3752,63,73,21151,1393,977456,493700
3753,50,61,21096,1387,977517,425000
3754,58,67,21051,1365,977584,454800
3755,63,67,20980,1369,977651,507600
3756,58,75,20921,1353,977726,511300
3757,51,60,20869,1345,977786,513300
3758,60,70,20810,1334,977856,375100
3759,56,59,20753,1332,977915,344100
3760,47,58,20706,1321,977973,417700
3761,48,58,20659,1310,978031,383500
3762,64,74,20590,1305,978105,342900
3763,49,75,20547,1273,978180,521800
3764,55,69,20491,1260,978249,513900
3765,52,68,20443,1240,978317,534700
3766,40,65,20397,1221,978382,436000
3767,47,52,20353,1213,978434,377500
3768,42,70,20308,1188,978504,387800
3769,55,59,20257,1180,978563,376600
3770,51,56,20203,1178,978619,471000
3771,43,59,20156,1166,978678,585900
3772,40,56,20117,1149,978734,381200
3773,46,62,20074,1130,978796,408900
3774,46,60,20025,1119,978856,371300
3775,41,56,19983,1105,978912,351500
3776,43,58,19948,1082,978970,376200
3777,38,43,19903,1084,979013,368600
3778,41,51,19865,1071,979064,432500
3779,42,52,19823,1061,979116,410900
3780,34,52,19785,1047,979168,472200
3781,46,51,19743,1038,979219,488000
3782,49,62,19694,1025,979281,484300
3783,44,52,19649,1018,979333,547200
3784,35,55,19615,997,979388,584300
3785,31,43,19583,986,979431,413700
3786,42,48,19544,977,979479,442100
3787,42,47,19498,976,979526,417400
3788,46,56,19455,963,979582,387000
3789,40,63,19413,942,979645,457700
3790,39,57,19373,925,979702,568200
3791,28,41,19345,912,979743,543000
3792,30,49,19314,894,979792,489300
3793,48,36,19272,900,979828,435500
3794,48,52,19220,900,979880,613500
3795,41,52,19180,888,979932,548200
3796,30,44,19148,876,979976,481100
3797,44,39,19103,882,980015,446500
3798,51,49,19056,880,980064,424800
3799,33,32,19020,884,980096,453300
3800,61,44,18961,899,980140,407800
3801,33,47,18925,888,980187,442400
3802,73,53,18853,907,980240,451500
3803,37,48,18816,896,980288,385200
3804,38,48,18784,880,980336,412200
3805,54,44,18727,893,980380,436000
3806,39,55,18684,881,980435,514200
3807,48,41,18637,887,980476,403500
3808,50,47,18592,885,980523,471300
3809,55,37,18531,909,980560,467200
3810,45,55,18490,895,980615,476600
3811,57,49,18432,904,980664,400500
3812,57,46,18374,916,980710,420400
3813,45,48,18329,913,980758,448500
3814,52,45,18278,919,980803,382500
3815,53,56,18226,915,980859,386900
3816,45,55,18179,907,980914,451300
3817,40,48,18138,900,980962,463400
3818,35,46,18104,888,981008,470700
3819,44,44,18062,886,981052,418600
3820,51,45,18008,895,981097,424000
3821,36,59,17971,873,981156,402600
3822,37,46,17934,864,981202,430800
3823,37,36,17900,862,981238,491500
3824,29,42,17867,853,981280,502300
3825,37,58,17833,829,981338,618500
3826,51,61,17780,821,981399,488600
3827,35,49,17745,807,981448,451400
3828,43,33,17706,813,981481,567300
3829,46,37,17662,820,981518,536200
3830,36,44,17624,814,981562,456900
3831,35,39,17587,812,981601,664400
3832,34,38,17551,810,981639,450200
3833,55,45,17500,816,981684,390700
3834,43,37,17456,823,981721,405400
3835,31,34,17420,825,981755,395000
3836,37,37,17385,823,981792,343300
3837,40,49,17351,808,981841,538900
3838,42,45,17308,806,981886,527300
3839,36,38,17266,810,981924,493100
3840,44,45,17226,805,981969,472200
3841,35,42,17189,800,982011,509000
3842,42,41,17148,800,982052,529000
3843,34,42,17116,790,982094,411800
3844,35,33,17078,795,982127,388700
3845,39,34,17039,800,982161,591600
3846,43,31,16996,812,982192,484000
3847,33,46,16963,799,982238,392000
3848,37,37,16930,795,982275,432900
3849,41,44,16882,799,982319,636900
3850,31,31,16857,793,982350,532500
3851,38,39,16815,796,982389,557600
3852,29,48,16786,777,982437,513300
3853,39,42,16749,772,982479,441000
3854,43,40,16708,773,982519,396600
3855,58,38,16646,797,982557,430500
3856,35,52,16610,781,982609,423100
3857,31,36,16584,771,982645,382500
3858,34,43,16547,765,982688,360400
3859,33,39,16520,753,982727,419200
3860,50,44,16466,763,982771,383500
3861,27,33,16437,759,982804,416200
3862,36,56,16403,737,982860,366200
3863,37,42,16363,735,982902,463000
3864,35,47,16328,723,982949,418400
3865,31,43,16299,709,982992,396000
3866,36,36,16265,707,983028,365800
3867,34,39,16228,705,983067,382100
3868,21,36,16205,692,983103,400200
3869,26,33,16181,683,983136,426300
3870,35,26,16146,692,983162,445000
3871,36,42,16111,685,983204,452000
3872,32,29,16079,688,983233,373800
3873,25,37,16052,678,983270,405900
3874,35,36,16016,678,983306,350200
3875,20,26,15996,672,983332,336500
3876,22,50,15973,645,983382,331300
3877,14,35,15959,624,983417,387800
3878,16,36,15943,604,983453,364500
3879,12,47,15934,566,983500,370400
3880,19,26,15913,561,983526,370100
3881,18,32,15897,545,983558,357500
3882,18,28,15878,536,983586,373600
3883,13,17,15864,533,983603,353600
3884,29,32,15837,528,983635,342500
3885,29,24,15809,532,983659,310900
3886,29,32,15776,533,983691,306000
3887,26,18,15752,539,983709,309800
3888,24,23,15726,542,983732,346800
3889,29,31,15704,533,983763,361400
3890,27,27,15674,536,983790,411000
3891,21,30,15653,527,983820,372500
3892,17,25,15634,521,983845,363300
3893,12,31,15619,505,983876,397700
3894,11,23,15611,490,983899,416600
3895,19,20,15592,489,983919,412300
3896,17,24,15573,484,983943,339000
3897,16,19,15560,478,983962,359000
3898,26,26,15533,479,983988,369500
3899,10,24,15520,468,984012,362200
3900,17,24,15506,458,984036,348700
3901,14,34,15491,439,984070,341000
3902,17,23,15473,434,984093,361000
3903,17,21,15459,427,984114,342600
3904,24,15,15435,436,984129,336400
3905,24,19,15411,441,984148,352900
3906,11,33,15396,423,984181,332800
3907,18,15,15381,423,984196,307700
3908,19,19,15361,424,984215,324700
3909,22,18,15340,427,984233,311800
3910,14,17,15325,425,984250,313700
3911,9,31,15315,404,984281,323900
3912,11,20,15304,395,984301,324900
3913,7,22,15297,380,984323,314100
3914,11,12,15287,378,984335,311300
3915,7,13,15278,374,984348,322400
3916,6,23,15272,357,984371,401100
3917,2,19,15270,340,984390,339600
3918,8,15,15264,331,984405,331800
3919,12,19,15256,320,984424,348400
3920,9,17,15241,318,984441,364800
3921,8,19,15233,307,984460,373600
3922,8,21,15227,292,984481,379100
3923,5,19,15220,280,984500,367600
3924,6,8,15215,277,984508,371400
3925,6,10,15208,274,984518,382300
3926,9,16,15200,266,984534,395600
3927,7,12,15193,261,984546,410000
3928,6,10,15188,256,984556,419200
3929,5,16,15182,246,984572,395500
3930,4,15,15178,235,984587,441500
3931,3,13,15174,226,984600,406900
3932,1,6,15173,221,984606,405400
3933,1,9,15172,213,984615,370600
3934,5,17,15167,201,984632,379900
3935,6,10,15161,197,984642,406700
3936,5,15,15157,186,984657,408700
3937,2,9,15154,180,984666,362200
3938,2,8,15153,173,984674,440500
3939,3,13,15149,164,984687,451000
3940,2,9,15147,157,984696,439800
3941,0,5,15147,152,984701,395600
3942,3,15,15144,140,984716,407900
3943,0,9,15144,131,984725,421000
3944,0,10,15144,121,984735,411600
3945,0,2,15144,119,984737,421300
3946,1,1,15143,119,984738,490800
3947,0,5,15143,114,984743,390600
3948,1,7,15142,108,984750,355000
3949,0,4,15142,104,984754,373100
3950,0,3,15142,101,984757,413200
3951,1,7,15141,95,984764,402700
3952,0,4,15141,91,984768,378600
3953,0,4,15141,87,984772,372300
3954,0,5,15141,82,984777,336400
3955,0,1,15141,81,984778,350900
3956,2,4,15140,78,984782,362700
3957,0,4,15139,75,984786,360100
3958,0,7,15139,68,984793,356700
3959,0,3,15139,65,984796,401700
3960,0,2,15139,63,984798,360500
3961,0,2,15139,61,984800,368800
3962,1,2,15139,59,984802,347300
3963,2,2,15137,59,984804,333900
3964,0,2,15136,58,984806,324300
3965,0,2,15136,56,984808,360000
3966,0,0,15136,56,984808,344500
3967,0,3,15136,53,984811,326500
3968,1,0,15135,54,984811,437300
3969,0,7,15135,47,984818,406600
3970,0,2,15135,45,984820,356400
3971,0,1,15135,44,984821,389100
3972,1,2,15135,42,984823,395100
3973,2,1,15133,43,984824,364500
3974,1,2,15131,43,984826,382800
3975,1,4,15130,40,984830,517100
3976,0,1,15130,39,984831,418700
3977,0,2,15130,37,984833,490300
3978,0,3,15130,34,984836,444700
3979,1,1,15129,34,984837,453800
3980,2,1,15127,35,984838,444000
3981,1,4,15126,32,984842,516900
3982,0,1,15126,31,984843,511600
3983,1,1,15125,31,984844,481100
3984,1,1,15124,31,984845,429300
3985,1,1,15123,31,984846,483000
3986,1,4,15123,27,984850,366100
3987,0,2,15122,26,984852,377500
3988,0,2,15122,24,984854,470200
3989,0,0,15122,24,984854,403300
3990,0,1,15122,23,984855,413700
3991,1,1,15121,23,984856,434000
3992,0,0,15121,23,984856,391700
3993,0,0,15121,23,984856,348400
3994,0,3,15121,20,984859,371200
3995,0,1,15121,19,984860,385200
3996,0,2,15121,17,984862,372200
3997,0,2,15121,15,984864,346800
3998,0,1,15121,14,984865,376000
3999,0,1,15121,13,984866,373800
4000,0,1,15121,12,984867,368800
4001,0,1,15121,11,984868,318400
4002,0,0,15121,11,984868,400500
4003,0,1,15121,10,984869,466000
4004,0,0,15121,10,984869,480900
4005,0,0,15121,10,984869,433300
4006,0,2,15121,8,984871,419400
4007,0,1,15121,7,984872,438100
4008,0,0,15121,7,984872,443300
4009,0,0,15121,7,984872,406900
4010,0,2,15121,5,984874,463800
4011,0,0,15121,5,984874,425100
4012,0,1,15121,4,984875,455200
4013,0,0,15121,4,984875,398400
4014,0,0,15121,4,984875,400300
4015,0,0,15121,4,984875,424300
4016,0,0,15121,4,984875,420200
4017,0,0,15121,4,984875,417500
4018,0,0,15121,4,984875,427300
4019,0,0,15121,4,984875,414800
4020,0,0,15121,4,984875,407900
4021,0,1,15121,3,984876,407000
4022,0,1,15121,2,984877,407200
4023,0,0,15121,2,984877,372900
4024,0,0,15121,2,984877,396500
4025,0,0,15121,2,984877,377000
4026,0,0,15121,2,984877,386900
4027,0,0,15121,2,984877,439600
4028,0,0,15121,2,984877,404600
4029,0,0,15121,2,984877,453300
4030,0,0,15121,2,984877,472600
4031,0,0,15121,2,984877,550800
4032,0,0,15121,2,984877,487400
4033,0,0,15121,2,984877,495500
4034,0,0,15121,2,984877,440800
4035,0,0,15121,2,984877,443100
4036,0,0,15121,2,984877,467100
4037,0,0,15121,2,984877,458500
4038,0,0,15121,2,984877,424500
4039,0,0,15121,2,984877,504600
4040,0,0,15121,2,984877,457000
4041,0,0,15121,2,984877,406100
4042,0,0,15121,2,984877,441200
4043,0,0,15121,2,984877,483500
4044,0,0,15121,2,984877,542500
4045,0,0,15121,2,984877,574500
4046,0,0,15121,2,984877,631200
4047,0,0,15121,2,984877,603300
4048,0,0,15121,2,984877,771300
4049,0,0,15121,2,984877,629200
4050,0,0,15121,2,984877,600200
4051,0,0,15121,2,984877,547300
4052,0,0,15121,2,984877,568200
4053,0,0,15121,2,984877,735300
4054,0,0,15121,2,984877,695700
4055,0,0,15121,2,984877,605000
4056,0,0,15121,2,984877,435400
4057,0,0,15121,2,984877,459200
4058,0,0,15121,2,984877,466900
4059,0,0,15121,2,984877,510900
4060,0,0,15121,2,984877,486800
4061,0,0,15121,2,984877,403600
4062,0,0,15121,2,984877,429900
4063,0,0,15121,2,984877,394500
4064,0,0,15121,2,984877,404600
4065,0,0,15121,2,984877,375900
4066,0,0,15121,2,984877,409600
4067,0,0,15121,2,984877,389800
4068,0,0,15121,2,984877,422700
4069,0,0,15121,2,984877,423300
4070,0,0,15121,2,984877,414300
4071,0,0,15121,2,984877,438300
4072,0,0,15121,2,984877,402700
4073,0,0,15121,2,984877,413700
4074,0,0,15121,2,984877,420800
4075,0,0,15121,2,984877,399000
4076,0,0,15121,2,984877,395500
4077,0,0,15121,2,984877,380400
4078,0,0,15121,2,984877,376700
4079,0,1,15121,1,984878,473300
4080,0,0,15121,1,984878,414500
4081,0,0,15121,1,984878,354100
4082,0,0,15121,1,984878,326600
4083,0,0,15121,1,984878,350300
4084,0,0,15121,1,984878,442300
4085,0,0,15121,1,984878,464500
4086,0,0,15121,1,984878,446300
4087,0,0,15121,1,984878,384000
4088,0,0,15121,1,984878,344400
4089,0,0,15121,1,984878,356200
4090,0,0,15121,1,984878,344900
4091,0,0,15121,1,984878,323600
4092,0,0,15121,1,984878,325100
4093,0,0,15121,1,984878,300800
4094,0,0,15121,1,984878,360900
4095,0,0,15121,1,984878,350900
4096,0,0,15121,1,984878,375800
4097,0,0,15121,1,984878,349100
4098,0,0,15121,1,984878,374400
4099,0,0,15121,1,984878,311100
4100,0,0,15121,1,984878,350000
4101,0,0,15121,1,984878,321600
4102,0,0,15121,1,984878,414900
4103,0,0,15121,1,984878,364800
4104,0,0,15121,1,984878,357300
4105,0,0,15121,1,984878,428300
4106,0,0,15121,1,984878,406400
4107,0,0,15121,1,984878,348000
4108,0,0,15121,1,984878,332800
4109,0,0,15121,1,984878,324100
4110,0,0,15121,1,984878,350700
4111,0,0,15121,1,984878,380000
4112,0,0,15121,1,984878,344700
4113,0,0,15121,1,984878,328800
4114,0,0,15121,1,984878,314500
4115,0,0,15121,1,984878,320100
4116,0,0,15121,1,984878,308800
4117,0,0,15121,1,984878,346400
4118,0,0,15121,1,984878,340700
4119,0,0,15121,1,984878,380600
4120,0,0,15121,1,984878,388700
4121,0,0,15121,1,984878,346100
4122,0,0,15121,1,984878,348900
4123,0,0,15121,1,984878,309500
4124,0,0,15121,1,984878,305600
4125,0,0,15121,1,984878,335000
4126,0,0,15121,1,984878,364100
4127,0,0,15121,1,984878,354700
4128,0,0,15121,1,984878,333500
4129,0,0,15121,1,984878,374200
4130,0,0,15121,1,984878,330000
4131,0,1,15121,0,984879,294300
