Tick,NewlyInfected,NewlyRecovered,TotalSusceptible,TotalInfected,TotalRecovered,StepTimeNanos
0,3,1,999993,6,1,1336900
1,3,1,999989,9,2,621400
2,3,0,999986,12,2,624600
3,3,0,999984,14,2,546500
4,2,0,999981,17,2,412600
5,2,1,999980,17,3,364500
6,0,1,999979,17,4,297400
7,2,1,999977,18,5,336600
8,2,0,999975,20,5,286400
9,2,2,999973,20,7,294900
10,3,1,999971,21,8,288500
11,7,2,999964,26,10,295900
12,3,4,999960,26,14,282900
13,6,0,999955,31,14,284700
14,4,2,999950,34,16,265300
15,3,0,999947,37,16,291400
16,7,1,999941,42,17,297800
17,8,2,999932,49,19,273700
18,3,4,999930,47,23,304100
19,6,4,999924,49,27,273500
20,3,3,999920,50,30,286700
21,6,1,999914,55,31,275900
22,6,2,999908,59,33,275900
23,7,5,999902,60,38,254500
24,6,4,999895,63,42,268900
25,7,0,999889,69,42,273900
26,6,4,999886,68,46,250800
27,5,6,999877,71,52,290300
28,11,5,999866,77,57,242300
29,9,3,999859,81,60,288800
30,10,7,999849,84,67,269500
31,8,5,999841,87,72,305000
32,11,1,999829,98,73,284400
33,4,7,999824,96,80,281900
34,6,3,999818,99,83,333600
35,13,6,999807,104,89,327700
36,14,8,999792,111,97,318000
37,7,4,999785,114,101,295900
38,13,6,999774,119,107,286500
39,21,5,999752,136,112,262300
40,10,9,999741,138,121,277700
41,18,9,999723,147,130,284100
42,14,8,999709,153,138,287000
43,12,4,999697,161,142,281800
44,20,6,999679,173,148,265000
45,15,3,999664,185,151,252000
46,21,8,999643,198,159,300500
47,21,10,999621,210,169,262900
48,22,12,999598,221,181,291300
49,16,18,999584,217,199,291700
50,26,10,999560,231,209,274800
51,19,7,999538,246,216,297500
52,15,20,999523,241,236,282500
53,22,16,999501,247,252,276600
54,24,8,999479,261,260,281300
55,17,17,999462,261,277,269500
56,5,10,999455,258,287,266000
57,15,14,999443,256,301,252900
58,24,17,999416,266,318,297300
59,19,14,999398,270,332,254400
60,19,14,999377,277,346,270800
61,14,18,999363,273,364,290300
62,23,18,999340,278,382,286500
63,18,12,999323,283,394,262600
64,23,17,999299,290,411,268700
65,27,8,999275,306,419,309300
66,21,14,999254,313,433,322300
67,25,16,999230,321,449,276600
68,28,15,999203,333,464,277900
69,31,16,999170,350,480,289500
70,21,18,999149,353,498,295000
71,28,13,999124,365,511,290500
72,24,15,999095,379,526,280900
73,24,16,999071,387,542,275900
74,33,29,999040,389,571,277100
75,29,10,999007,412,581,287000
76,47,16,998965,438,597,270300
77,40,21,998927,455,618,278300
78,33,22,998893,467,640,436300
79,31,21,998859,480,661,289800
80,38,24,998819,496,685,284100
81,29,24,998792,499,709,242300
82,39,27,998755,509,736,249500
83,32,27,998727,510,763,292900
84,30,19,998690,528,782,283000
85,36,33,998655,530,815,279800
86,28,32,998628,525,847,266000
87,26,24,998601,528,871,308900
88,23,28,998576,525,899,281400
89,41,25,998539,537,924,256000
90,34,22,998502,552,946,264000
91,49,30,998460,564,976,257800
92,50,35,998405,584,1011,270700
93,38,28,998367,594,1039,277700
94,54,33,998313,615,1072,291400
95,43,21,998269,638,1093,259000
96,35,27,998238,642,1120,273800
97,48,36,998189,655,1156,267400
98,54,34,998136,674,1190,255400
99,41,43,998094,673,1233,266400
100,38,41,998057,669,1274,261200
101,39,35,998018,673,1309,266400
102,41,41,997974,676,1350,275200
103,48,33,997926,691,1383,293100
104,40,29,997889,699,1412,283000
105,56,41,997833,714,1453,306600
106,44,38,997787,722,1491,316500
107,36,46,997750,713,1537,295300
108,41,31,997709,723,1568,310000
109,48,35,997662,735,1603,283300
110,36,37,997629,731,1640,263000
111,44,27,997583,750,1667,266700
112,54,27,997528,778,1694,291700
113,42,35,997487,784,1729,271800
114,52,38,997438,795,1767,273900
115,62,37,997373,823,1804,268400
116,60,44,997311,841,1848,261500
117,57,45,997259,848,1893,287600
118,60,41,997198,868,1934,330300
119,57,47,997139,880,1981,314500
120,61,46,997076,897,2027,300900
121,60,45,997018,910,2072,318600
122,54,44,996965,919,2116,304600
123,59,45,996906,933,2161,269700
124,54,45,996850,944,2206,291800
125,53,47,996804,943,2253,274600
126,50,45,996748,954,2298,259300
127,47,43,996702,957,2341,245300
128,52,54,996649,956,2395,264100
129,58,34,996591,980,2429,272700
130,57,58,996538,975,2487,289300
131,55,43,996484,986,2530,275600
132,51,59,996431,980,2589,239500
133,42,52,996385,974,2641,242400
134,64,41,996319,999,2682,286400
135,62,46,996264,1008,2728,276800
136,62,61,996195,1016,2789,263100
137,55,58,996144,1009,2847,308500
138,50,46,996092,1015,2893,273800
139,71,52,996022,1033,2945,257400
140,56,60,995966,1029,3005,265300
141,59,72,995906,1017,3077,286300
142,63,64,995845,1014,3141,265600
143,59,53,995785,1021,3194,263100
144,98,50,995701,1055,3244,261500
145,72,65,995615,1076,3309,283900
146,73,64,995543,1084,3373,301600
147,82,55,995463,1109,3428,279200
148,68,41,995395,1136,3469,260600
149,74,55,995318,1158,3524,308500
150,79,54,995243,1179,3578,279100
151,68,57,995173,1192,3635,277900
152,70,55,995110,1200,3690,318900
153,79,65,995028,1217,3755,274600
154,86,64,994952,1229,3819,283000
155,89,61,994853,1267,3880,305300
156,82,51,994765,1304,3931,326100
157,81,53,994684,1332,3984,293500
158,74,78,994613,1325,4062,307300
159,93,79,994519,1340,4141,319500
160,77,51,994449,1359,4192,327200
161,85,56,994357,1395,4248,316700
162,91,68,994269,1415,4316,309700
163,82,77,994187,1420,4393,329200
164,101,81,994086,1440,4474,296100
165,78,72,994004,1450,4546,285900
166,95,75,993913,1466,4621,296300
167,83,70,993830,1479,4691,309900
168,99,81,993738,1490,4772,316700
169,82,101,993648,1479,4873,290300
170,78,71,993569,1487,4944,334100
171,89,80,993479,1497,5024,322600
172,96,65,993387,1524,5089,274600
173,88,75,993301,1535,5164,294400
174,82,77,993215,1544,5241,311200
175,85,70,993133,1556,5311,272400
176,72,66,993058,1565,5377,297400
177,95,76,992961,1586,5453,279300
178,78,80,992886,1581,5533,273500
179,91,75,992796,1596,5608,279100
180,90,93,992703,1596,5701,283400
181,95,78,992608,1613,5779,253200
182,90,85,992525,1611,5864,244600
183,86,89,992437,1610,5953,263800
184,89,92,992344,1611,6045,363900
185,82,70,992264,1621,6115,296700
186,78,86,992181,1618,6201,287800
187,88,87,992095,1617,6288,294200
188,103,114,991989,1609,6402,300600
189,95,83,991900,1615,6485,297800
190,91,87,991812,1616,6572,289000
191,78,70,991730,1628,6642,283100
192,83,77,991644,1637,6719,270800
193,83,102,991569,1610,6821,279500
194,72,88,991492,1599,6909,265200
195,93,94,991401,1596,7003,265900
196,73,75,991329,1593,7078,251600
197,101,96,991229,1597,7174,284600
198,95,92,991126,1608,7266,270100
199,85,71,991043,1620,7337,262800
200,99,92,990943,1628,7429,291400
201,103,94,990847,1630,7523,253100
202,95,84,990744,1649,7607,358300
203,93,73,990657,1663,7680,349300
204,108,83,990548,1689,7763,339400
205,109,79,990444,1714,7842,317700
206,91,97,990351,1710,7939,315800
207,120,84,990231,1746,8023,322100
208,98,92,990135,1750,8115,281400
209,112,89,990019,1777,8204,270000
210,110,93,989916,1787,8297,287400
211,113,108,989796,1799,8405,270900
212,108,76,989692,1827,8481,252400
213,116,98,989576,1845,8579,285100
214,125,85,989449,1887,8664,289900
215,115,94,989339,1903,8758,316500
216,115,98,989221,1923,8856,282200
217,122,79,989096,1969,8935,253900
218,106,111,988989,1965,9046,303400
219,131,92,988863,1999,9138,327200
220,138,97,988728,2037,9235,319300
221,111,112,988610,2043,9347,349300
222,130,100,988479,2074,9447,283300
223,107,109,988372,2072,9556,300700
224,114,101,988258,2085,9657,303900
225,135,115,988122,2106,9772,293000
226,114,112,988009,2107,9884,275300
227,100,119,987907,2090,10003,291100
228,109,125,987796,2076,10128,286000
229,123,97,987685,2090,10225,272200
230,123,100,987560,2115,10325,302600
231,130,107,987430,2138,10432,275300
232,135,124,987300,2144,10556,266700
233,138,135,987159,2150,10691,269800
234,119,133,987035,2141,10824,266600
235,118,101,986911,2164,10925,299700
236,125,106,986789,2180,11031,285200
237,136,114,986662,2193,11145,292800
238,107,111,986548,2196,11256,311900
239,135,104,986416,2224,11360,285200
240,123,133,986285,2222,11493,303000
241,114,120,986174,2213,11613,292500
242,150,116,986025,2246,11729,291900
243,131,114,985901,2256,11843,273400
244,126,126,985766,2265,11969,287100
245,123,106,985649,2276,12075,268100
246,125,120,985518,2287,12195,269100
247,160,98,985368,2339,12293,327700
248,145,107,985223,2377,12400,271100
249,154,130,985068,2402,12530,278700
250,141,116,984925,2429,12646,299400
251,119,132,984798,2424,12778,286700
252,143,146,984664,2412,12924,323300
253,147,127,984511,2438,13051,307400
254,134,126,984385,2438,13177,287600
255,145,137,984238,2448,13314,265600
256,123,130,984112,2444,13444,308800
257,155,137,983956,2463,13581,328300
258,153,133,983801,2485,13714,312500
259,134,110,983664,2512,13824,283600
260,127,121,983543,2512,13945,289300
261,120,126,983421,2508,14071,318200
262,128,116,983295,2518,14187,272700
263,138,131,983153,2529,14318,273100
264,153,130,983006,2546,14448,282600
265,139,129,982865,2558,14577,255900
266,127,122,982737,2564,14699,279700
267,175,157,982572,2572,14856,269400
268,163,150,982396,2598,15006,274900
269,151,138,982248,2608,15144,326000
270,172,140,982084,2632,15284,290500
271,146,138,981938,2640,15422,320100
272,153,144,981786,2648,15566,290100
273,166,112,981621,2701,15678,305200
274,140,140,981473,2709,15818,293200
275,150,162,981325,2695,15980,276700
276,131,136,981199,2685,16116,278100
277,146,135,981045,2704,16251,273100
278,119,148,980926,2675,16399,256000
279,148,134,980778,2689,16533,272600
280,161,133,980627,2707,16666,248200
281,125,125,980488,2721,16791,252500
282,164,142,980330,2737,16933,277200
283,142,124,980194,2749,17057,273000
284,145,158,980040,2745,17215,273400
285,137,136,979908,2741,17351,281400
286,135,128,979770,2751,17479,267300
287,141,137,979635,2749,17616,298200
288,148,145,979485,2754,17761,285600
289,132,152,979342,2745,17913,286300
290,159,137,979191,2759,18050,294300
291,158,139,979032,2779,18189,331500
292,157,140,978873,2798,18329,308200
293,174,144,978704,2823,18473,292400
294,172,163,978536,2828,18636,275300
295,164,151,978365,2848,18787,265000
296,161,161,978213,2839,18948,268800
297,147,168,978054,2830,19116,267000
298,149,139,977907,2838,19255,249500
299,165,145,977746,2854,19400,267100
300,149,157,977593,2850,19557,289000
301,147,134,977461,2848,19691,285400
302,163,152,977287,2870,19843,299100
303,165,145,977121,2891,19988,291500
304,160,161,976960,2891,20149,280600
305,151,146,976807,2898,20295,292200
306,185,137,976629,2939,20432,267100
307,159,147,976463,2958,20579,303400
308,171,162,976295,2964,20741,278200
309,169,138,976136,2985,20879,298800
310,142,135,975978,3008,21014,306400
311,186,160,975799,3027,21174,285900
312,185,161,975620,3045,21335,272300
313,147,147,975464,3054,21482,259900
314,159,139,975310,3069,21621,288300
315,178,177,975132,3070,21798,275200
316,170,150,974963,3089,21948,314300
317,175,147,974791,3114,22095,308200
318,180,157,974608,3140,22252,289700
319,124,169,974475,3104,22421,264500
320,180,170,974300,3109,22591,272200
321,143,167,974159,3083,22758,280900
322,160,171,974000,3071,22929,333600
323,167,179,973832,3060,23108,305900
324,172,160,973658,3074,23268,252800
325,179,151,973483,3098,23419,289100
326,154,169,973327,3085,23588,312000
327,175,145,973149,3118,23733,289600
328,170,193,972981,3093,23926,305900
329,177,158,972806,3110,24084,310500
330,193,170,972616,3130,24254,273600
331,161,165,972457,3124,24419,313800
332,174,145,972272,3164,24564,291900
333,166,154,972109,3173,24718,301100
334,207,136,971907,3239,24854,325300
335,194,194,971712,3240,25048,296700
336,180,152,971524,3276,25200,325300
337,186,149,971348,3303,25349,294400
338,175,194,971169,3288,25543,295900
339,183,179,970990,3288,25722,1482000
340,172,166,970816,3296,25888,8505500
341,188,157,970626,3329,26045,1673900
342,186,174,970444,3337,26219,1914100
343,184,162,970261,3358,26381,876500
344,188,180,970078,3361,26561,1197900
345,206,183,969871,3385,26744,1186300
346,197,192,969661,3403,26936,919000
347,181,183,969486,3395,27119,901700
348,178,165,969311,3405,27284,990200
349,189,168,969126,3422,27452,1044600
350,183,191,968935,3422,27643,761800
351,183,169,968748,3440,27812,754200
352,188,200,968575,3413,28012,755100
353,179,166,968396,3426,28178,926600
354,199,183,968184,3455,28361,2988500
355,205,178,967990,3471,28539,1155600
356,222,186,967762,3513,28725,1015500
357,215,198,967547,3530,28923,994800
358,214,179,967338,3560,29102,877200
359,209,161,967123,3614,29263,2472200
360,221,201,966901,3635,29464,637300
361,191,174,966716,3646,29638,499000
362,194,165,966515,3682,29803,535400
363,214,196,966300,3701,29999,526400
364,207,183,966098,3720,30182,456100
365,217,184,965887,3747,30366,586400
366,208,176,965683,3775,30542,675700
367,211,199,965469,3790,30741,583000
368,200,199,965266,3794,30940,460300
369,206,224,965057,3779,31164,407600
370,189,205,964866,3765,31369,1335500
371,228,203,964637,3791,31572,1079300
372,174,198,964460,3770,31770,1115200
373,211,201,964252,3777,31971,958700
374,225,188,964039,3802,32159,631400
375,193,220,963838,3783,32379,490600
376,216,197,963627,3797,32576,488400
377,201,190,963412,3822,32766,492200
378,192,192,963227,3815,32958,688400
379,191,190,963030,3822,33148,480900
380,222,181,962826,3845,33329,675100
381,206,225,962617,3829,33554,539100
382,199,194,962412,3840,33748,691400
383,192,212,962215,3825,33960,601200
384,220,176,962004,3860,34136,504500
385,201,209,961804,3851,34345,460400
386,223,201,961569,3885,34546,507900
387,253,206,961323,3925,34752,650400
388,216,193,961099,3956,34945,584300
389,213,184,960886,3985,35129,462800
390,195,201,960691,3979,35330,410300
391,194,197,960493,3980,35527,334800
392,202,202,960305,3966,35729,307100
393,209,209,960088,3974,35938,414200
394,200,199,959888,3975,36137,335800
395,238,188,959649,4026,36325,316800
396,276,196,959381,4098,36521,325000
397,196,210,959179,4090,36731,326000
398,232,220,958953,4096,36951,329600
399,216,224,958743,4082,37175,301000
400,248,221,958490,4114,37396,308900
401,226,225,958257,4122,37621,322600
402,234,177,958035,4167,37798,325300
403,208,206,957814,4182,38004,319500
404,235,192,957589,4215,38196,287400
405,246,225,957350,4229,38421,306700
406,203,242,957128,4209,38663,283200
407,254,213,956886,4238,38876,296600
408,250,223,956630,4271,39099,286800
409,221,211,956404,4286,39310,323800
410,251,221,956160,4309,39531,319100
411,234,232,955931,4306,39763,316900
412,261,241,955665,4331,40004,339500
413,233,220,955435,4341,40224,345900
414,226,224,955203,4349,40448,327300
415,251,223,954954,4375,40671,329400
416,256,229,954699,4401,40900,324100
417,232,207,954462,4431,41107,320500
418,264,205,954210,4478,41312,305900
419,272,244,953934,4510,41556,304400
420,240,240,953691,4513,41796,297800
421,233,205,953453,4546,42001,305500
422,242,232,953218,4549,42233,291000
423,224,241,952987,4539,42474,282300
424,249,224,952750,4552,42698,287200
425,239,217,952508,4577,42915,429400
426,258,238,952251,4596,43153,332600
427,266,228,951978,4641,43381,298000
428,244,234,951736,4649,43615,325300
429,268,259,951473,4653,43874,309600
430,284,245,951179,4702,44119,314800
431,272,241,950910,4730,44360,323300
432,257,252,950651,4737,44612,308700
433,249,237,950414,4737,44849,300800
434,256,256,950139,4756,45105,311200
435,257,261,949897,4737,45366,352800
436,249,253,949653,4728,45619,312200
437,259,265,949397,4719,45884,466500
438,241,245,949139,4732,46129,394300
439,272,243,948867,4761,46372,319800
440,260,246,948615,4767,46618,328000
441,247,251,948362,4769,46869,340700
442,249,243,948113,4775,47112,319900
443,256,271,947861,4756,47383,348800
444,265,236,947596,4785,47619,348300
445,272,221,947324,4836,47840,331600
446,253,233,947067,4860,48073,302700
447,288,254,946781,4892,48327,342400
448,258,239,946522,4912,48566,322300
449,250,261,946272,4901,48827,881100
450,288,241,945984,4948,49068,384600
451,279,236,945707,4989,49304,352900
452,267,244,945440,5012,49548,373300
453,267,263,945177,5012,49811,378100
454,304,259,944872,5058,50070,493300
455,292,269,944586,5075,50339,840600
456,289,265,944305,5091,50604,1335200
457,287,261,944002,5133,50865,985200
458,282,253,943727,5155,51118,1105400
459,309,307,943417,5158,51425,1178800
460,280,257,943136,5182,51682,1377100
461,251,277,942878,5163,51959,1077700
462,279,264,942616,5161,52223,965500
463,271,284,942341,5152,52507,404800
464,282,271,942041,5181,52778,367900
465,286,262,941771,5189,53040,413800
466,281,279,941476,5205,53319,461000
467,253,292,941224,5165,53611,515400
468,286,262,940942,5185,53873,467500
469,305,277,940640,5210,54150,419200
470,274,271,940364,5215,54421,358900
471,271,257,940088,5234,54678,352400
472,274,274,939822,5226,54952,384300
473,251,254,939568,5226,55206,366100
474,282,246,939287,5261,55452,352600
475,276,259,939001,5288,55711,395900
476,268,307,938745,5237,56018,440200
477,271,271,938481,5230,56289,410300
478,267,249,938202,5260,56538,380600
479,280,295,937926,5241,56833,455200
480,270,244,937659,5264,57077,514000
481,290,250,937369,5304,57327,395000
482,287,257,937083,5333,57584,353900
483,295,284,936782,5350,57868,311400
484,276,319,936514,5299,58187,361700
485,267,265,936244,5304,58452,392600
486,275,272,935979,5297,58724,379200
487,269,291,935702,5283,59015,401800
488,269,272,935432,5281,59287,352700
489,271,251,935154,5308,59538,337300
490,240,287,934911,5264,59825,353600
491,233,262,934676,5237,60087,329500
492,263,282,934409,5222,60369,282300
493,251,265,934170,5196,60634,314900
494,245,258,933920,5188,60892,371800
495,249,274,933678,5156,61166,386700
496,272,239,933403,5192,61405,415100
497,269,244,933131,5220,61649,369700
498,302,280,932830,5241,61929,373700
499,291,296,932550,5225,62225,330300
500,283,267,932264,5244,62492,327400
501,309,252,931944,5312,62744,323700
502,296,284,931661,5311,63028,311700
503,274,285,931386,5301,63313,334500
504,300,284,931084,5319,63597,355200
505,314,286,930766,5351,63883,334800
506,304,257,930454,5406,64140,382100
507,309,293,930158,5409,64433,314100
508,283,270,929870,5427,64703,343700
509,317,283,929565,5449,64986,356400
510,324,280,929239,5495,65266,457200
511,287,282,928942,5510,65548,406200
512,301,288,928636,5528,65836,413200
513,285,278,928360,5526,66114,454800
514,324,293,928039,5554,66407,444900
515,328,288,927707,5598,66695,389500
516,288,297,927421,5587,66992,406900
517,333,292,927077,5639,67284,396600
518,343,326,926736,5654,67610,335800
519,342,286,926406,5698,67896,426800
520,298,282,926105,5717,68178,396600
521,319,285,925789,5748,68463,374000
522,307,290,925473,5774,68753,422000
523,305,287,925170,5790,69040,419800
524,314,282,924859,5819,69322,401400
525,348,294,924514,5870,69616,367700
526,340,320,924178,5886,69936,377700
527,290,286,923888,5890,70222,387300
528,290,292,923595,5891,70514,430600
529,298,303,923290,5893,70817,443100
530,308,311,922992,5880,71128,399900
531,315,306,922675,5891,71434,400400
532,322,302,922344,5920,71736,354700
533,302,306,922037,5921,72042,342200
534,309,301,921741,5916,72343,389400
535,320,303,921420,5934,72646,370500
536,339,323,921082,5949,72969,447500
537,298,306,920781,5944,73275,419100
538,297,326,920480,5919,73601,431700
539,303,313,920186,5900,73914,357600
540,323,286,919847,5953,74200,565100
541,330,311,919533,5956,74511,526800
542,338,305,919182,6002,74816,410600
543,327,305,918863,6016,75121,398000
544,315,304,918552,6023,75425,389900
545,327,293,918219,6063,75718,346600
546,295,282,917915,6085,76000,339000
547,305,305,917624,6071,76305,359800
548,310,317,917308,6070,76622,345200
549,298,329,917010,6039,76951,418900
550,317,316,916693,6040,77267,853900
551,341,337,916349,6047,77604,402900
552,322,323,916029,6044,77927,438200
553,351,318,915690,6065,78245,409300
554,327,300,915357,6098,78545,420900
555,306,347,915060,6048,78892,359500
556,304,314,914741,6053,79206,409500
557,346,300,914396,6098,79506,380200
558,317,332,914085,6077,79838,432700
559,351,343,913726,6093,80181,432500
560,337,343,913397,6079,80524,384900
561,324,303,913074,6099,80827,396100
562,386,305,912691,6177,81132,426400
563,366,293,912321,6254,81425,416700
564,340,329,911985,6261,81754,378400
565,317,280,911658,6308,82034,370000
566,326,329,911328,6309,82363,436700
567,335,325,910995,6317,82688,394600
568,343,281,910667,6364,82969,392000
569,342,343,910318,6370,83312,371000
570,326,317,909986,6385,83629,349700
571,362,302,909633,6436,83931,340700
572,331,366,909297,6406,84297,337000
573,369,298,908927,6478,84595,358100
574,321,297,908615,6493,84892,386200
575,354,334,908256,6518,85226,405700
576,290,337,907971,6466,85563,358000
577,298,367,907653,6417,85930,378100
578,314,340,907353,6377,86270,383200
579,298,328,907053,6349,86598,379400
580,337,300,906715,6387,86898,360700
581,368,358,906353,6391,87256,442000
582,325,300,906021,6423,87556,407700
583,328,330,905682,6432,87886,387900
584,334,319,905376,6419,88205,376600
585,328,327,905037,6431,88532,400600
586,338,333,904699,6436,88865,414500
587,325,313,904370,6452,89178,405300
588,318,294,904045,6483,89472,477600
589,327,335,903709,6484,89807,426600
590,359,352,903368,6473,90159,410200
591,354,344,903017,6480,90503,402600
592,318,349,902707,6441,90852,380100
593,294,273,902392,6483,91125,386200
594,343,343,902065,6467,91468,372900
595,331,347,901731,6454,91815,353700
596,367,327,901367,6491,92142,351900
597,335,326,901025,6507,92468,363800
598,319,341,900701,6490,92809,397800
599,343,325,900356,6510,93134,410500
600,331,340,900028,6498,93474,391300
601,318,348,899706,6472,93822,720800
602,299,352,899403,6423,94174,431000
603,320,349,899095,6382,94523,416600
604,300,286,898796,6395,94809,456700
605,356,320,898448,6423,95129,438800
606,326,346,898111,6414,95475,628100
607,314,318,897803,6404,95793,622400
608,315,348,897479,6380,96141,467700
609,350,352,897128,6379,96493,442400
610,371,343,896763,6401,96836,394500
611,348,314,896413,6437,97150,335500
612,339,305,896086,6459,97455,361300
613,338,350,895732,6463,97805,372900
614,341,352,895396,6447,98157,385900
615,365,328,895038,6477,98485,555700
616,337,331,894699,6485,98816,405500
617,351,308,894346,6530,99124,407000
618,348,304,894000,6572,99428,438500
619,358,344,893631,6597,99772,407900
620,385,332,893262,6634,100104,376300
621,330,321,892926,6649,100425,387600
622,314,324,892607,6644,100749,377300
623,365,326,892247,6678,101075,357500
624,325,380,891916,6629,101455,386800
625,322,375,891593,6577,101830,376100
626,362,367,891239,6564,102197,505800
627,371,340,890861,6602,102537,481200
628,342,345,890520,6598,102882,580200
629,335,339,890189,6590,103221,532400
630,330,332,889869,6578,103553,388400
631,360,353,889496,6598,103906,354700
632,339,324,889146,6624,104230,366100
633,341,332,888816,6622,104562,388900
634,308,331,888503,6604,104893,401900
635,352,342,888156,6609,105235,394400
636,391,365,887786,6614,105600,409300
637,352,351,887414,6635,105951,361500
638,375,326,887042,6681,106277,364700
639,381,326,886664,6733,106603,397900
640,363,381,886304,6712,106984,498300
641,399,312,885907,6797,107296,539000
642,392,361,885511,6832,107657,417900
643,379,351,885134,6858,108008,1150500
644,382,362,884739,6891,108370,581900
645,375,327,884377,6926,108697,481700
646,392,360,883975,6968,109057,470200
647,403,333,883589,7021,109390,431400
648,370,333,883208,7069,109723,367000
649,374,357,882835,7085,110080,508100
650,357,351,882473,7096,110431,479000
651,368,342,882105,7122,110773,935700
652,396,340,881729,7158,111113,833100
653,395,394,881319,7174,111507,871800
654,380,366,880925,7202,111873,489600
655,381,360,880557,7210,112233,423300
656,384,357,880179,7231,112590,427600
657,408,394,879781,7235,112984,591200
658,410,366,879346,7304,113350,841200
659,398,361,878955,7334,113711,763500
660,412,335,878554,7400,114046,570900
661,404,379,878140,7435,114425,567800
662,412,383,877726,7466,114808,489000
663,400,391,877326,7475,115199,412900
664,369,394,876960,7447,115593,395600
665,419,378,876538,7491,115971,452600
666,372,373,876168,7488,116344,373300
667,412,411,875763,7482,116755,357500
668,380,389,875381,7475,117144,352900
669,408,375,874972,7509,117519,366500
670,380,397,874591,7493,117916,388600
671,367,391,874220,7473,118307,396000
672,377,388,873854,7451,118695,433300
673,404,384,873429,7492,119079,398600
674,407,395,873035,7491,119474,374600
675,373,393,872671,7462,119867,383400
676,398,401,872258,7474,120268,351700
677,374,387,871894,7451,120655,361400
678,390,379,871495,7471,121034,330300
679,387,350,871114,7502,121384,478100
680,377,394,870725,7497,121778,324800
681,407,394,870327,7501,122172,322300
682,379,379,869950,7499,122551,329100
683,373,417,869569,7463,122968,354100
684,413,403,869167,7462,123371,382000
685,367,378,868801,7450,123749,343900
686,383,381,868413,7457,124130,349800
687,385,387,868026,7457,124517,372500
688,398,347,867633,7503,124864,428600
689,380,388,867257,7491,125252,347600
690,397,395,866853,7500,125647,331000
691,437,422,866423,7508,126069,400300
692,402,397,866004,7530,126466,384800
693,421,367,865598,7569,126833,387100
694,401,395,865191,7581,127228,406200
695,381,391,864817,7564,127619,414300
696,403,407,864399,7575,128026,358000
697,383,387,864037,7550,128413,456200
698,379,406,863648,7533,128819,370000
699,401,390,863242,7549,129209,407600
700,410,420,862840,7531,129629,361100
701,407,386,862430,7555,130015,391600
702,363,396,862064,7525,130411,359300
703,363,354,861704,7531,130765,352200
704,396,383,861302,7550,131148,389100
705,392,404,860905,7543,131552,415200
706,403,401,860519,7528,131953,343000
707,414,402,860107,7538,132355,335300
708,383,390,859714,7541,132745,332300
709,405,392,859315,7548,133137,322000
710,401,417,858910,7536,133554,363100
711,386,414,858519,7513,133968,391000
712,378,383,858145,7504,134351,422000
713,384,397,857760,7492,134748,445000
714,410,373,857356,7523,135121,342500
715,389,372,856957,7550,135493,412200
716,374,390,856589,7528,135883,406900
717,423,391,856161,7565,136274,390100
718,384,385,855785,7556,136659,562500
719,420,395,855367,7579,137054,382300
720,388,388,854981,7577,137442,391900
721,409,399,854562,7597,137841,352600
722,394,391,854183,7585,138232,337500
723,462,364,853703,7701,138596,368800
724,432,396,853281,7727,138992,367400
725,411,389,852868,7751,139381,316600
726,408,416,852473,7730,139797,517300
727,420,377,852044,7782,140174,432000
728,438,405,851614,7807,140579,367600
729,447,385,851160,7876,140964,386700
730,443,404,850715,7917,141368,386400
731,398,413,850316,7903,141781,340500
732,403,404,849912,7903,142185,336100
733,427,419,849483,7913,142604,321800
734,392,386,849090,7920,142990,311500
735,409,405,848695,7910,143395,380300
736,387,441,848286,7878,143836,323300
737,362,386,847942,7836,144222,306800
738,394,425,847550,7803,144647,352200
739,405,403,847137,7813,145050,346400
740,411,388,846727,7835,145438,325400
741,394,434,846333,7795,145872,332900
742,384,394,845937,7797,146266,339300
743,380,371,845566,7797,146637,304500
744,403,410,845158,7795,147047,386000
745,407,389,844765,7799,147436,310400
746,419,393,844338,7833,147829,339100
747,402,435,843931,7805,148264,342100
748,393,419,843530,7787,148683,332700
749,409,407,843132,7778,149090,317300
750,379,396,842752,7762,149486,324700
751,396,399,842357,7758,149885,309700
752,374,414,841980,7721,150299,315100
753,367,390,841612,7699,150689,319100
754,379,393,841233,7685,151082,326600
755,397,399,840837,7682,151481,363100
756,361,348,840483,7688,151829,374900
757,366,413,840115,7643,152242,348600
758,401,398,839703,7657,152640,408800
759,437,378,839275,7707,153018,384800
760,383,378,838893,7711,153396,422400
761,401,416,838500,7688,153812,410300
762,392,367,838097,7724,154179,442200
763,407,389,837701,7731,154568,414800
764,404,413,837285,7734,154981,358600
765,395,362,836890,7767,155343,362500
766,402,377,836489,7791,155720,365600
767,420,387,836081,7812,156107,365700
768,407,407,835665,7821,156514,336700
769,423,362,835254,7870,156876,375300
770,432,390,834812,7922,157266,347800
771,434,415,834384,7935,157681,303600
772,392,403,833982,7934,158084,432300
773,426,407,833562,7947,158491,380900
774,381,412,833177,7920,158903,338800
775,406,429,832765,7903,159332,391200
776,414,406,832358,7904,159738,345700
777,438,411,831932,7919,160149,352700
778,402,420,831524,7907,160569,334600
779,418,438,831099,7894,161007,399600
780,428,413,830669,7911,161420,349600
781,370,393,830297,7890,161813,407400
782,419,385,829889,7913,162198,444400
783,417,401,829474,7927,162599,499900
784,412,384,829053,7964,162983,403300
785,372,430,828672,7915,163413,450800
786,412,392,828277,7918,163805,440400
787,445,406,827821,7968,164211,433400
788,435,463,827391,7935,164674,418300
789,430,373,826968,7985,165047,381200
790,440,381,826521,8051,165428,402900
791,380,430,826143,7999,165858,385900
792,365,426,825774,7942,166284,361700
793,401,422,825364,7930,166706,360200
794,402,414,824979,7901,167120,354800
795,387,363,824582,7935,167483,347700
796,407,408,824170,7939,167891,324100
797,417,442,823761,7906,168333,326000
798,435,424,823326,7917,168757,302200
799,379,458,822937,7848,169215,341700
800,433,392,822516,7877,169607,337400
801,447,412,822062,7919,170019,385200
802,427,415,821643,7923,170434,399300
803,400,385,821243,7938,170819,346600
804,349,415,820896,7870,171234,414900
805,393,425,820502,7839,171659,336200
806,416,437,820088,7816,172096,367300
807,396,432,819686,7786,172528,443900
808,448,417,819239,7816,172945,422500
809,409,412,818822,7821,173357,366800
810,409,421,818425,7797,173778,391900
811,476,412,817960,7850,174190,375300
812,421,393,817528,7889,174583,371000
813,415,421,817117,7879,175004,388600
814,399,431,816714,7851,175435,341100
815,436,380,816272,7913,175815,359200
816,381,384,815894,7907,176199,393700
817,403,418,815493,7890,176617,351700
818,412,371,815070,7942,176988,391300
819,406,403,814674,7935,177391,365700
820,418,408,814259,7942,177799,393200
821,440,392,813815,7994,178191,376400
822,410,404,813402,8003,178595,441900
823,405,398,812998,8009,178993,392400
824,408,391,812595,8021,179384,403600
825,378,405,812207,8004,179789,397800
826,391,425,811817,7969,180214,409900
827,388,447,811446,7893,180661,621500
828,409,419,811031,7889,181080,386500
829,423,409,810606,7905,181489,423600
830,434,390,810161,7960,181879,393300
831,402,391,809769,7961,182270,435600
832,401,400,809355,7975,182670,459900
833,426,406,808936,7988,183076,394600
834,410,405,808528,7991,183481,346100
835,412,429,808123,7967,183910,422900
836,434,418,807681,7991,184328,541000
837,415,413,807272,7987,184741,501000
838,432,431,806832,7996,185172,444700
839,444,375,806390,8063,185547,433800
840,425,394,805962,8097,185941,508800
841,448,447,805518,8094,186388,462500
842,465,447,805055,8110,186835,463800
843,429,412,804625,8128,187247,523500
844,441,405,804182,8166,187652,430500
845,461,423,803727,8198,188075,491900
846,455,437,803290,8198,188512,568800
847,424,430,802846,8212,188942,502600
848,463,410,802389,8259,189352,413600
849,484,423,801910,8315,189775,482400
850,498,481,801411,8333,190256,507600
851,456,438,800944,8362,190694,391500
852,476,420,800456,8430,191114,723700
853,496,422,799983,8481,191536,570000
854,460,463,799521,8480,191999,526900
855,475,431,799057,8513,192430,498400
856,509,461,798528,8581,192891,542400
857,491,462,798045,8602,193353,599500
858,451,420,797583,8644,193773,548400
859,482,452,797110,8665,194225,483200
860,452,474,796652,8649,194699,480100
861,444,474,796212,8615,195173,467200
862,438,418,795787,8622,195591,514700
863,460,456,795314,8639,196047,630600
864,488,422,794826,8705,196469,493400
865,474,422,794357,8752,196891,523200
866,487,420,793860,8829,197311,633300
867,484,467,793394,8828,197778,512400
868,463,465,792918,8839,198243,548100
869,464,453,792467,8837,198696,455100
870,481,490,791971,8843,199186,460900
871,463,452,791526,8836,199638,511900
872,453,451,791068,8843,200089,403200
873,501,485,790555,8871,200574,461000
874,485,451,790082,8893,201025,502400
875,476,460,789593,8922,201485,412200
876,490,431,789106,8978,201916,425400
877,513,476,788607,9001,202392,345400
878,480,451,788119,9038,202843,327900
879,435,436,787672,9049,203279,320600
880,411,458,787266,8997,203737,314200
881,451,465,786829,8969,204202,317600
882,469,452,786354,8992,204654,362800
883,445,490,785903,8953,205144,420800
884,419,423,785487,8946,205567,368000
885,463,467,785032,8934,206034,350300
886,479,467,784548,8951,206501,387300
887,494,483,784049,8967,206984,513800
888,491,472,783561,8983,207456,505300
889,486,480,783070,8994,207936,456300
890,457,480,782615,8969,208416,431700
891,498,463,782100,9021,208879,440800
892,484,467,781650,9004,209346,383100
893,497,437,781137,9080,209783,385100
894,489,457,780660,9100,210240,420700
895,497,480,780153,9127,210720,402600
896,525,461,779636,9183,211181,367400
897,482,481,779162,9176,211662,353200
898,499,466,778660,9212,212128,393700
899,448,471,778186,9215,212599,371300
900,532,446,777659,9296,213045,354100
901,493,460,777180,9315,213505,427300
902,557,514,776607,9374,214019,491800
903,495,516,776127,9338,214535,418900
904,515,486,775605,9374,215021,381300
905,476,481,775124,9374,215502,310100
906,487,491,774647,9360,215993,315700
907,509,520,774143,9344,216513,318700
908,498,478,773633,9376,216991,411900
909,509,508,773117,9384,217499,442100
910,441,507,772685,9309,218006,374400
911,532,516,772151,9327,218522,411500
912,500,473,771661,9344,218995,355000
913,475,469,771167,9369,219464,408400
914,494,495,770688,9353,219959,436000
915,507,477,770175,9389,220436,528400
916,505,483,769678,9403,220919,396000
917,498,467,769183,9431,221386,375900
918,533,508,768645,9461,221894,356500
919,460,462,768174,9470,222356,370500
920,501,481,767675,9488,222837,378400
921,516,537,767170,9456,223374,430000
922,497,492,766667,9467,223866,515900
923,515,478,766160,9496,224344,495300
924,508,482,765641,9533,224826,448800
925,524,468,765125,9581,225294,443200
926,546,492,764586,9628,225786,410600
927,488,499,764090,9625,226285,410800
928,491,507,763592,9616,226792,472600
929,493,526,763106,9576,227318,444700
930,537,515,762576,9591,227833,374900
931,479,476,762088,9603,228309,429600
932,541,495,761553,9643,228804,354900
933,471,493,761076,9627,229297,335200
934,494,495,760571,9637,229792,344400
935,495,514,760080,9614,230306,337600
936,499,488,759589,9617,230794,426700
937,485,480,759106,9620,231274,376900
938,545,439,758564,9723,231713,349100
939,513,546,758042,9699,232259,339700
940,495,540,757535,9666,232799,372600
941,514,502,757029,9670,233301,387100
942,489,493,756539,9667,233794,408100
943,474,489,756057,9660,234283,666500
944,531,489,755541,9687,234772,421900
945,517,505,755034,9689,235277,384500
946,488,555,754544,9624,235832,336500
947,533,492,754012,9664,236324,370000
948,503,513,753500,9663,236837,449600
949,509,475,752993,9695,237312,452200
950,507,500,752486,9702,237812,355400
951,533,506,751947,9735,238318,386100
952,478,493,751471,9718,238811,372200
953,482,494,751007,9688,239305,368500
954,499,526,750492,9677,239831,359000
955,470,471,750015,9683,240302,489900
956,485,535,749534,9629,240837,401400
957,469,515,749069,9579,241352,397000
958,511,509,748555,9584,241861,405600
959,454,492,748082,9565,242353,322900
960,457,523,747652,9472,242876,355800
961,437,479,747195,9450,243355,467500
962,465,525,746736,9384,243880,448000
963,508,544,746245,9331,244424,362100
964,471,479,745768,9329,244903,435900
965,491,494,745273,9330,245397,391900
966,485,502,744792,9309,245899,473800
967,482,489,744306,9306,246388,382500
968,497,503,743806,9303,246891,429000
969,463,478,743346,9285,247369,388600
970,484,460,742859,9312,247829,469500
971,490,480,742375,9316,248309,421200
972,473,471,741899,9321,248780,339200
973,500,464,741400,9356,249244,337800
974,523,499,740864,9393,249743,329100
975,528,520,740352,9385,250263,347800
976,496,491,739854,9392,250754,432800
977,481,464,739372,9410,251218,417300
978,542,418,738838,9526,251636,371800
979,496,500,738336,9528,252136,534300
980,481,500,737855,9509,252636,392800
981,487,485,737362,9517,253121,383000
982,502,466,736879,9534,253587,422900
983,481,505,736372,9536,254092,540500
984,565,494,735821,9593,254586,440300
985,545,495,735267,9652,255081,507200
986,509,514,734769,9636,255595,389500
987,521,490,734238,9677,256085,438700
988,533,505,733720,9690,256590,1827500
989,554,503,733160,9747,257093,544400
990,488,516,732670,9721,257609,811800
991,464,507,732200,9684,258116,607700
992,516,475,731719,9690,258591,421600
993,496,473,731185,9751,259064,450500
994,512,471,730688,9777,259535,561200
995,486,494,730193,9778,260029,462000
996,518,501,729669,9801,260530,455100
997,556,529,729118,9823,261059,395100
998,501,506,728611,9824,261565,436800
999,512,497,728105,9833,262062,442200
1000,550,459,727565,9914,262521,450300
1001,569,531,727005,9943,263052,784000
1002,481,485,726497,9966,263537,503800
1003,584,516,725936,10011,264053,411800
1004,497,508,725424,10015,264561,485300
1005,534,501,724896,10042,265062,380300
1006,538,539,724369,10030,265601,384800
1007,508,571,723844,9984,266172,360600
1008,478,468,723379,9981,266640,388100
1009,534,542,722847,9971,267182,414100
1010,536,462,722307,10049,267644,364900
1011,531,521,721779,10056,268165,374700
1012,516,501,721250,10084,268666,359900
1013,534,490,720714,10130,269156,357100
1014,516,510,720197,10137,269666,383200
1015,515,496,719689,10149,270162,418500
1016,520,560,719176,10102,270722,436900
1017,543,512,718613,10153,271234,403100
1018,566,514,718058,10194,271748,364000
1019,531,502,717533,10217,272250,463600
1020,537,527,717008,10215,272777,496100
1021,504,485,716479,10259,273262,389400
1022,536,463,715950,10325,273725,387400
1023,537,531,715418,10326,274256,358100
1024,533,494,714878,10372,274750,347100
1025,538,506,714340,10404,275256,391100
1026,539,526,713810,10408,275782,372100
1027,525,498,713293,10427,276280,475400
1028,578,565,712706,10449,276845,410100
1029,540,541,712154,10460,277386,396300
1030,559,533,711619,10462,277919,477000
1031,554,577,711061,10443,278496,372800
1032,492,546,710546,10412,279042,380800
1033,525,541,710009,10408,279583,319900
1034,574,557,709473,10387,280140,317400
1035,542,565,708910,10385,280705,320200
1036,468,513,708426,10356,281218,403200
1037,553,545,707893,10344,281763,435600
1038,539,510,707350,10377,282273,385100
1039,550,549,706810,10368,282822,402700
1040,523,537,706280,10361,283359,375000
1041,526,506,705761,10374,283865,406700
1042,519,512,705233,10390,284377,422700
1043,515,549,704720,10354,284926,442000
1044,518,542,704199,10333,285468,369100
1045,514,512,703692,10328,285980,387900
1046,537,507,703148,10365,286487,365300
1047,540,559,702615,10339,287046,377400
1048,504,563,702115,10276,287609,399600
1049,532,550,701589,10252,288159,389300
1050,480,538,701094,10209,288697,360800
1051,565,525,700537,10241,289222,401800
1052,480,531,700044,10203,289753,381700
1053,472,484,699573,10190,290237,407400
1054,525,478,699051,10234,290715,492000
1055,516,505,698546,10234,291220,451800
1056,553,566,698001,10213,291786,406900
1057,530,517,697452,10245,292303,389300
1058,555,547,696913,10237,292850,442600
1059,523,525,696379,10246,293375,342700
1060,514,541,695863,10221,293916,310200
1061,507,544,695351,10189,294460,367900
1062,524,489,694827,10224,294949,461400
1063,518,495,694331,10225,295444,532500
1064,503,494,693808,10254,295938,461800
1065,531,529,693287,10246,296467,429800
1066,500,540,692780,10213,297007,440800
1067,566,514,692232,10247,297521,370700
1068,523,526,691711,10242,298047,448800
1069,549,517,691150,10286,298564,511400
1070,537,491,690599,10346,299055,444600
1071,549,574,690057,10314,299629,386100
1072,500,558,689565,10248,300187,411100
1073,539,526,689005,10282,300713,391400
1074,495,567,688509,10211,301280,372100
1075,473,538,688058,10124,301818,343300
1076,483,536,687571,10075,302354,442000
1077,509,510,687056,10080,302864,392600
1078,494,504,686568,10064,303368,443000
1079,516,534,686048,10050,303902,398500
1080,552,536,685496,10066,304438,369500
1081,523,519,684975,10068,304957,397500
1082,492,563,684478,10002,305520,557800
1083,488,501,683990,9989,306021,404200
1084,520,504,683474,10001,306525,464600
1085,540,549,682941,9985,307074,499300
1086,508,514,682421,9991,307588,387500
1087,490,519,681932,9961,308107,401100
1088,482,550,681439,9904,308657,399600
1089,525,492,680938,9913,309149,386900
1090,529,540,680399,9912,309689,423700
1091,539,496,679860,9955,310185,366900
1092,494,504,679376,9935,310689,372700
1093,499,524,678868,9919,311213,379300
1094,477,489,678398,9900,311702,316700
1095,528,554,677879,9865,312256,375800
1096,501,508,677339,9897,312764,395600
1097,520,506,676848,9882,313270,361900
1098,530,516,676316,9898,313786,353700
1099,531,468,675781,9965,314254,379300
1100,548,519,675235,9992,314773,330800
1101,540,522,674709,9996,315295,370200
1102,465,502,674215,9988,315797,398200
1103,530,508,673703,9992,316305,379100
1104,554,539,673135,10021,316844,349900
1105,499,515,672649,9992,317359,351900
1106,489,509,672172,9960,317868,327200
1107,516,544,671633,9955,318412,365000
1108,537,544,671091,9953,318956,358100
1109,532,480,670571,9993,319436,379000
1110,517,487,670066,10011,319923,382700
1111,509,514,669545,10018,320437,370200
1112,488,518,669059,9986,320955,340600
1113,495,539,668558,9948,321494,359500
1114,466,518,668095,9893,322012,330900
1115,507,512,667582,9894,322524,375900
1116,507,457,667091,9928,322981,347100
1117,520,514,666547,9958,323495,347800
1118,522,543,666038,9924,324038,447800
1119,464,541,665563,9858,324579,413100
1120,470,500,665104,9817,325079,406400
1121,506,484,664603,9834,325563,450400
1122,468,490,664134,9813,326053,364300
1123,479,455,663645,9847,326508,446600
1124,492,480,663165,9847,326988,472500
1125,498,519,662666,9827,327507,382900
1126,496,510,662165,9818,328017,483300
1127,483,538,661677,9768,328555,417700
1128,580,523,661109,9813,329078,404100
1129,506,515,660599,9808,329593,426600
1130,475,548,660103,9756,330141,453100
1131,529,465,659583,9811,330606,393800
1132,536,502,659056,9836,331108,380200
1133,560,498,658518,9876,331606,384000
1134,472,532,658022,9840,332138,348300
1135,497,503,657512,9847,332641,409800
1136,533,517,656999,9843,333158,419100
1137,543,520,656460,9862,333678,465300
1138,512,514,655942,9866,334192,389600
1139,560,489,655379,9940,334681,380500
1140,514,500,654864,9955,335181,446100
1141,527,534,654336,9949,335715,326100
1142,486,494,653844,9947,336209,346600
1143,498,520,653361,9910,336729,353000
1144,544,542,652821,9908,337271,456800
1145,512,517,652303,9909,337788,397000
1146,547,498,651757,9957,338286,372200
1147,521,526,651231,9957,338812,396300
1148,498,522,650727,9939,339334,383600
1149,534,470,650208,9988,339804,398200
1150,501,542,649708,9946,340346,383300
1151,496,505,649203,9946,340851,443700
1152,495,509,648719,9921,341360,451600
1153,505,512,648216,9912,341872,397600
1154,525,503,647691,9934,342375,413900
1155,529,512,647149,9964,342887,437500
1156,552,562,646609,9942,343449,348100
1157,510,466,646088,9997,343915,358000
1158,505,517,645594,9974,344432,330600
1159,519,511,645058,9999,344943,371300
1160,513,527,644551,9979,345470,452200
1161,549,531,644016,9983,346001,379600
1162,539,530,643452,10017,346531,373300
1163,517,481,642954,10034,347012,364700
1164,546,521,642405,10062,347533,399800
1165,519,546,641890,10031,348079,396100
1166,487,523,641392,10006,348602,372500
1167,469,521,640917,9960,349123,455400
1168,472,520,640457,9900,349643,377800
1169,519,513,639943,9901,350156,379500
1170,515,514,639417,9913,350670,349100
1171,518,492,638903,9935,351162,391100
1172,462,517,638413,9908,351679,330500
1173,508,493,637917,9911,352172,327100
1174,497,533,637426,9869,352705,328700
1175,534,543,636906,9846,353248,330000
1176,478,495,636420,9837,353743,344900
1177,487,554,635926,9777,354297,394000
1178,516,490,635417,9796,354787,447400
1179,497,533,634898,9782,355320,374800
1180,537,497,634394,9789,355817,382500
1181,485,526,633886,9771,356343,412500
1182,491,488,633413,9756,356831,418300
1183,545,505,632864,9800,357336,423500
1184,535,529,632336,9799,357865,535900
1185,475,516,631849,9770,358381,434400
1186,520,486,631337,9796,358867,486600
1187,487,486,630838,9809,359353,517900
1188,503,504,630339,9804,359857,619800
1189,540,490,629799,9854,360347,463600
1190,504,521,629299,9833,360868,459300
1191,564,483,628739,9910,361351,489800
1192,492,479,628244,9926,361830,518100
1193,519,500,627729,9941,362330,497100
1194,476,522,627243,9905,362852,488900
1195,471,486,626772,9890,363338,515100
1196,500,501,626281,9880,363839,366900
1197,491,539,625796,9826,364378,436500
1198,486,498,625297,9827,364876,503500
1199,493,525,624800,9799,365401,473100
1200,546,485,624268,9846,365886,482400
1201,505,510,623749,9855,366396,440400
1202,538,544,623220,9840,366940,447600
1203,499,523,622722,9815,367463,487000
1204,520,540,622201,9796,368003,476400
1205,507,522,621686,9789,368525,453500
1206,492,542,621192,9741,369067,424300
1207,514,460,620694,9779,369527,380100
1208,492,497,620194,9782,370024,384300
1209,493,516,619710,9750,370540,356800
1210,504,510,619205,9745,371050,442500
1211,461,493,618721,9736,371543,373200
1212,506,486,618219,9752,372029,445000
1213,527,544,617708,9719,372573,426800
1214,545,517,617152,9758,373090,465600
1215,552,513,616600,9797,373603,395900
1216,476,511,616127,9759,374114,448000
1217,514,483,615614,9789,374597,405700
1218,503,497,615117,9789,375094,639600
1219,510,511,614628,9767,375605,584900
1220,544,512,614072,9811,376117,451000
1221,501,499,613574,9810,376616,449600
1222,478,500,613080,9804,377116,483600
1223,545,531,612546,9807,377647,491700
1224,509,504,612030,9819,378151,427800
1225,559,512,611470,9867,378663,421400
1226,539,498,610934,9905,379161,419200
1227,562,506,610381,9952,379667,589900
1228,508,542,609869,9922,380209,549300
1229,552,499,609317,9975,380708,520500
1230,521,503,608792,9997,381211,433600
1231,511,527,608278,9984,381738,490600
1232,455,546,607810,9906,382284,383700
1233,513,506,607310,9900,382790,395000
1234,516,528,606788,9894,383318,473200
1235,519,508,606282,9892,383826,459500
1236,522,509,605753,9912,384335,426100
1237,499,518,605244,9903,384853,427900
1238,490,490,604765,9892,385343,516200
1239,504,498,604259,9900,385841,541800
1240,515,515,603744,9900,386356,526300
1241,484,497,603254,9893,386853,455400
1242,471,509,602774,9864,387362,509200
1243,507,494,602273,9871,387856,511200
1244,519,499,601757,9888,388355,487700
1245,533,520,601228,9897,388875,514200
1246,511,530,600734,9861,389405,460700
1247,500,492,600208,9895,389897,478700
1248,513,541,599694,9868,390438,493500
1249,485,502,599223,9837,390940,534700
1250,520,469,598707,9884,391409,751700
1251,507,534,598197,9860,391943,504900
1252,537,531,597677,9849,392474,438700
1253,550,509,597109,9908,392983,372100
1254,510,535,596598,9884,393518,354800
1255,490,528,596105,9849,394046,457000
1256,521,559,595581,9814,394605,456800
1257,524,523,595070,9802,395128,402200
1258,529,518,594524,9830,395646,419400
1259,546,522,593995,9837,396168,399500
1260,526,471,593456,9905,396639,486000
1261,553,509,592910,9942,397148,641600
1262,475,505,592433,9914,397653,542400
1263,500,537,591936,9874,398190,440500
1264,462,532,591472,9806,398722,500600
1265,494,500,590978,9800,399222,351400
1266,542,493,590446,9839,399715,354500
1267,510,482,589916,9887,400197,361400
1268,484,512,589429,9862,400709,369800
1269,515,488,588920,9883,401197,450100
1270,508,465,588404,9934,401662,460400
1271,510,490,587899,9949,402152,407500
1272,478,484,587426,9938,402636,430300
1273,496,573,586940,9851,403209,430500
1274,492,503,586447,9841,403712,502100
1275,516,534,585928,9826,404246,487700
1276,492,545,585433,9776,404791,394600
1277,450,500,584974,9735,405291,359800
1278,491,536,584488,9685,405827,330000
1279,528,476,583964,9733,406303,353100
1280,468,526,583497,9674,406829,357900
1281,459,503,583030,9638,407332,454400
1282,488,488,582555,9625,407820,393700
1283,473,491,582072,9617,408311,465700
1284,491,451,581587,9651,408762,469000
1285,485,517,581086,9635,409279,414300
1286,463,478,580639,9604,409757,451100
1287,465,518,580168,9557,410275,442300
1288,453,476,579704,9545,410751,409400
1289,488,473,579233,9543,411224,382200
1290,467,503,578754,9519,411727,421700
1291,508,485,578261,9527,412212,381800
1292,488,488,577766,9534,412700,381500
1293,510,488,577263,9549,413188,359100
1294,558,489,576695,9628,413677,381400
1295,540,503,576160,9660,414180,403500
1296,568,471,575599,9750,414651,348400
1297,529,510,575056,9783,415161,369000
1298,538,477,574528,9834,415638,353400
1299,501,505,574023,9834,416143,351900
1300,515,514,573513,9830,416657,327400
1301,545,499,572965,9879,417156,317800
1302,537,509,572438,9897,417665,430600
1303,522,543,571897,9895,418208,419900
1304,496,541,571407,9844,418749,403500
1305,494,490,570911,9850,419239,374700
1306,519,506,570394,9861,419745,369100
1307,477,497,569905,9853,420242,368600
1308,518,495,569405,9858,420737,378200
1309,513,478,568893,9892,421215,373600
1310,487,493,568384,9908,421708,370400
1311,507,496,567879,9917,422204,368500
1312,511,498,567384,9914,422702,373500
1313,511,531,566855,9912,423233,340600
1314,490,482,566382,9903,423715,319800
1315,486,492,565898,9895,424207,336300
1316,481,489,565413,9891,424696,450900
1317,497,512,564914,9878,425208,338000
1318,490,504,564434,9854,425712,302900
1319,527,522,563900,9866,426234,318400
1320,502,493,563397,9876,426727,320600
1321,536,507,562865,9901,427234,387500
1322,488,513,562364,9889,427747,363800
1323,517,493,561855,9905,428240,351300
1324,486,487,561368,9905,428727,359000
1325,541,524,560836,9913,429251,374300
1326,545,540,560298,9911,429791,350800
1327,525,523,559761,9925,430314,352700
1328,545,527,559221,9938,430841,352300
1329,514,480,558700,9979,431321,348200
1330,499,547,558211,9921,431868,357300
1331,503,498,557680,9954,432366,331600
1332,481,506,557207,9921,432872,368000
1333,559,547,556671,9910,433419,334200
1334,523,479,556133,9969,433898,351600
1335,542,497,555597,10008,434395,350700
1336,513,532,555082,9991,434927,352200
1337,500,481,554566,10026,435408,359800
1338,502,495,554076,10021,435903,341600
1339,544,539,553528,10030,436442,357600
1340,473,478,553049,10031,436920,342300
1341,504,497,552559,10024,437417,335900
1342,511,522,552046,10015,437939,330900
1343,501,550,551542,9969,438489,315500
1344,499,459,551055,9997,438948,332600
1345,504,509,550532,10011,439457,330800
1346,503,483,550046,10014,439940,317600
1347,492,508,549562,9990,440448,312900
1348,552,535,548994,10023,440983,356200
1349,490,495,548503,10019,441478,520600
1350,506,538,547997,9987,442016,376400
1351,514,530,547468,9986,442546,354300
1352,516,510,546970,9974,443056,347300
1353,512,516,546445,9983,443572,338100
1354,490,509,545953,9966,444081,332800
1355,537,548,545438,9933,444629,321600
1356,511,533,544922,9916,445162,312800
1357,545,523,544383,9932,445685,335900
1358,513,510,543853,9952,446195,324800
1359,541,502,543328,9975,446697,326200
1360,532,478,542774,10051,447175,344200
1361,526,525,542267,10033,447700,327800
1362,548,492,541727,10081,448192,362700
1363,540,507,541202,10099,448699,313600
1364,521,490,540657,10154,449189,344000
1365,559,534,540114,10163,449723,360300
1366,540,575,539564,10138,450298,399200
1367,549,548,539001,10153,450846,371700
1368,514,465,538488,10201,451311,379300
1369,535,563,537955,10171,451874,349800
1370,547,534,537411,10181,452408,344600
1371,518,518,536887,10187,452926,331300
1372,485,509,536398,10167,453435,340900
1373,532,504,535879,10182,453939,320800
1374,463,522,535405,10134,454461,315400
1375,504,551,534893,10095,455012,319400
1376,523,538,534388,10062,455550,306900
1377,509,518,533875,10057,456068,301700
1378,545,461,533335,10136,456529,323400
1379,504,534,532827,10110,457063,315700
1380,516,517,532318,10102,457580,338900
1381,514,525,531795,10100,458105,341800
1382,486,513,531306,10076,458618,342600
1383,528,517,530786,10079,459135,330300
1384,497,521,530296,10048,459656,326600
1385,473,481,529806,10057,460137,324000
1386,536,534,529281,10048,460671,283300
1387,537,484,528741,10104,461155,301300
1388,502,553,528229,10063,461708,294400
1389,518,528,527718,10046,462236,317300
1390,482,507,527253,10004,462743,326700
1391,513,529,526719,10009,463272,327000
1392,548,545,526175,10008,463817,330200
1393,489,534,525702,9947,464351,299600
1394,513,491,525158,10000,464842,308300
1395,549,540,524636,9982,465382,310800
1396,547,507,524081,10030,465889,328100
1397,521,524,523573,10014,466413,360100
1398,492,497,523062,10028,466910,394600
1399,500,522,522559,10009,467432,387400
1400,528,488,522043,10037,467920,355000
1401,523,501,521517,10062,468421,363000
1402,532,527,520987,10065,468948,347400
1403,544,523,520441,10088,469471,351100
1404,514,511,519934,10084,469982,344300
1405,542,552,519389,10077,470534,300400
1406,542,573,518849,10044,471107,303300
1407,513,481,518339,10073,471588,329600
1408,518,500,517803,10109,472088,316900
1409,468,523,517340,10049,472611,321200
1410,517,499,516828,10062,473110,314200
1411,555,553,516272,10065,473663,308600
1412,520,538,515750,10049,474201,308700
1413,511,493,515258,10048,474694,392000
1414,483,539,514759,10008,475233,361900
1415,529,542,514234,9991,475775,341500
1416,457,487,513776,9962,476262,365300
1417,518,478,513253,10007,476740,335400
1418,500,534,512751,9975,477274,383600
1419,537,500,512225,10001,477774,318500
1420,475,507,511738,9981,478281,317200
1421,513,526,511229,9964,478807,310600
1422,508,509,510717,9967,479316,294000
1423,499,524,510222,9938,479840,306500
1424,510,540,509710,9910,480380,289500
1425,495,514,509210,9896,480894,323700
1426,549,476,508665,9965,481370,314100
1427,495,529,508176,9925,481899,306300
1428,513,506,507652,9943,482405,338300
1429,525,517,507139,9939,482922,315200
1430,521,522,506622,9934,483444,342900
1431,487,529,506119,9908,483973,340300
1432,494,498,505634,9895,484471,328600
1433,477,505,505143,9881,484976,318800
1434,521,521,504630,9873,485497,331700
1435,482,495,504130,9878,485992,304100
1436,476,544,503670,9794,486536,294600
1437,498,482,503191,9791,487018,313800
1438,533,471,502647,9864,487489,296500
1439,480,516,502167,9828,488005,311600
1440,469,474,501704,9817,488479,310900
1441,469,508,501213,9800,488987,290400
1442,480,560,500739,9714,489547,315400
1443,497,480,500261,9712,490027,325000
1444,471,483,499770,9720,490510,319100
1445,473,479,499299,9712,490989,298900
1446,463,534,498847,9630,491523,309100
1447,459,517,498375,9585,492040,309000
1448,477,511,497892,9557,492551,329600
1449,512,488,497409,9552,493039,338400
1450,497,496,496893,9572,493535,316900
1451,487,451,496414,9600,493986,349400
1452,524,472,495892,9650,494458,311000
1453,532,491,495359,9692,494949,325800
1454,497,478,494857,9716,495427,311900
1455,514,474,494341,9758,495901,302900
1456,468,466,493866,9767,496367,342500
1457,477,527,493397,9709,496894,324000
1458,459,481,492920,9705,497375,336300
1459,489,461,492457,9707,497836,355500
1460,499,499,491954,9711,498335,361600
1461,496,483,491464,9718,498818,323400
1462,499,545,490938,9699,499363,323000
1463,485,494,490471,9672,499857,306200
1464,476,471,490004,9668,500328,350300
1465,488,501,489502,9669,500829,332400
1466,495,512,489006,9653,501341,333500
1467,510,512,488500,9647,501853,322600
1468,494,529,488008,9610,502382,325300
1469,512,502,487502,9614,502884,325200
1470,502,493,486994,9629,503377,327100
1471,483,487,486508,9628,503864,327300
1472,529,474,485990,9672,504338,318900
1473,509,475,485478,9709,504813,313200
1474,516,497,484951,9739,505310,301000
1475,535,486,484424,9780,505796,301000
1476,541,510,483875,9819,506306,327700
1477,497,488,483383,9823,506794,314700
1478,491,470,482890,9846,507264,324100
1479,544,492,482361,9883,507756,309300
1480,512,525,481841,9878,508281,325200
1481,503,542,481319,9858,508823,338600
1482,498,513,480837,9827,509336,321400
1483,523,519,480324,9821,509855,332400
1484,465,505,479843,9797,510360,335000
1485,479,459,479375,9806,510819,351100
1486,484,534,478884,9763,511353,316600
1487,510,500,478379,9768,511853,322800
1488,516,543,477861,9743,512396,327900
1489,518,507,477340,9757,512903,314900
1490,522,522,476810,9765,513425,320700
1491,503,472,476312,9791,513897,319500
1492,488,496,475833,9774,514393,329200
1493,486,465,475349,9793,514858,317400
1494,492,518,474842,9782,515376,304800
1495,498,528,474357,9739,515904,318700
1496,448,481,473899,9716,516385,298100
1497,476,484,473433,9698,516869,331700
1498,504,474,472932,9725,517343,338600
1499,524,491,472406,9760,517834,348100
1500,489,508,471919,9739,518342,355200
1501,510,497,471400,9761,518839,328200
1502,443,526,470944,9691,519365,337000
1503,503,509,470454,9672,519874,320600
1504,508,522,469943,9661,520396,317300
1505,487,510,469454,9640,520906,322500
1506,478,526,468976,9592,521432,426200
1507,522,491,468480,9597,521923,348400
1508,497,513,467963,9601,522436,319400
1509,474,512,467482,9570,522948,332100
1510,484,502,466997,9553,523450,323700
1511,525,449,466474,9627,523899,330400
1512,529,478,465974,9649,524377,327600
1513,495,509,465465,9649,524886,349300
1514,531,490,464918,9706,525376,352600
1515,488,533,464423,9668,525909,379200
1516,473,525,463952,9614,526434,446100
1517,527,501,463437,9628,526935,367400
1518,479,502,462961,9602,527437,393800
1519,467,516,462486,9561,527953,367800
1520,440,529,462043,9475,528482,343200
1521,489,469,461560,9489,528951,336800
1522,477,502,461078,9469,529453,328700
1523,472,484,460618,9445,529937,352600
1524,449,468,460152,9443,530405,330800
1525,486,492,459679,9424,530897,333000
1526,460,471,459210,9422,531368,317900
1527,476,492,458734,9406,531860,366400
1528,451,494,458283,9363,532354,316400
1529,485,482,457804,9360,532836,406600
1530,497,450,457295,9419,533286,378300
1531,510,508,456801,9405,533794,389600
1532,498,470,456310,9426,534264,369200
1533,540,492,455766,9478,534756,328500
1534,502,507,455262,9475,535263,347700
1535,476,480,454781,9476,535743,317300
1536,469,491,454304,9462,536234,310700
1537,512,475,453804,9487,536709,300400
1538,503,476,453312,9503,537185,328100
1539,484,500,452809,9506,537685,367100
1540,505,493,452317,9505,538178,349800
1541,481,488,451831,9503,538666,315500
1542,448,470,451383,9481,539136,304800
1543,490,488,450900,9476,539624,313800
1544,490,488,450396,9492,540112,323200
1545,448,495,449937,9456,540607,448800
1546,460,490,449487,9416,541097,327100
1547,451,438,449029,9436,541535,354100
1548,498,474,448541,9450,542009,348300
1549,522,501,448018,9472,542510,321400
1550,452,493,447560,9437,543003,379300
1551,453,494,447117,9386,543497,547900
1552,497,448,446620,9435,543945,344500
1553,514,474,446105,9476,544419,329400
1554,514,512,445592,9477,544931,329400
1555,481,463,445110,9496,545394,328500
1556,530,508,444585,9513,545902,311000
1557,534,477,444049,9572,546379,341100
1558,495,475,443561,9585,546854,332300
1559,498,509,443060,9577,547363,336200
1560,540,473,442526,9638,547836,354300
1561,485,513,442043,9608,548349,360200
1562,533,503,441490,9658,548852,358800
1563,542,493,440943,9712,549345,364800
1564,512,535,440438,9682,549880,346500
1565,508,528,439932,9660,550408,342500
1566,522,530,439423,9639,550938,320000
1567,500,521,438905,9636,551459,305700
1568,482,465,438415,9661,551924,322200
1569,497,532,437938,9606,552456,330200
1570,502,501,437440,9603,552957,320100
1571,516,461,436920,9662,553418,312800
1572,525,505,436401,9676,553923,326000
1573,530,468,435859,9750,554391,299000
1574,520,528,435349,9732,554919,310500
1575,490,475,434847,9759,555394,353300
1576,486,513,434363,9730,555907,328400
1577,510,497,433864,9732,556404,344100
1578,547,487,433314,9795,556891,360100
1579,535,516,432774,9819,557407,345600
1580,569,455,432194,9944,557862,347400
1581,551,502,431672,9964,558364,350900
1582,513,498,431135,10003,558862,327700
1583,546,534,430601,10003,559396,338900
1584,582,465,430026,10113,559861,331700
1585,577,518,429454,10167,560379,303700
1586,582,549,428861,10211,560928,328300
1587,511,501,428342,10229,561429,318500
1588,536,554,427821,10196,561983,310900
1589,561,474,427260,10283,562457,344000
1590,520,506,426725,10312,562963,305100
1591,518,542,426201,10294,563505,318900
1592,545,552,425664,10279,564057,299400
1593,509,509,425154,10280,564566,311700
1594,549,559,424615,10260,565125,383600
1595,479,512,424129,10234,565637,355400
1596,538,531,423591,10241,566168,377700
1597,507,498,423085,10249,566666,388200
1598,496,546,422578,10210,567212,385800
1599,500,508,422092,10188,567720,356000
1600,471,547,421613,10120,568267,340400
1601,490,534,421115,10084,568801,351600
1602,483,483,420630,10086,569284,361800
1603,468,517,420165,10034,569801,405900
1604,520,519,419648,10032,570320,339700
1605,455,536,419185,9959,570856,348700
1606,501,515,418697,9932,571371,340900
1607,504,515,418176,9938,571886,303100
1608,472,545,417705,9864,572431,299100
1609,493,482,417216,9871,572913,354600
1610,475,484,416752,9851,573397,339700
1611,479,495,416272,9836,573892,347400
1612,498,514,415774,9820,574406,345500
1613,523,529,415246,9819,574935,333800
1614,489,509,414758,9798,575444,343400
1615,483,513,414280,9763,575957,359800
1616,561,495,413723,9825,576452,317200
1617,490,493,413222,9833,576945,328900
1618,508,515,412719,9821,577460,310100
1619,492,534,412228,9778,577994,315700
1620,527,480,411707,9819,578474,309900
1621,575,560,411133,9833,579034,311600
1622,555,522,410585,9859,579556,306600
1623,505,525,410077,9842,580081,327400
1624,526,519,409547,9853,580600,307900
1625,542,492,408997,9911,581092,329600
1626,544,484,408449,9975,581576,346600
1627,534,493,407922,10009,582069,392700
1628,543,533,407370,10028,582602,356700
1629,506,544,406865,9989,583146,353900
1630,535,514,406351,9989,583660,350400
1631,542,491,405800,10049,584151,312800
1632,515,503,405288,10058,584654,333300
1633,491,542,404784,10020,585196,320100
1634,498,544,404294,9966,585740,344200
1635,530,549,403766,9945,586289,332400
1636,532,478,403238,9995,586767,318200
1637,510,518,402708,10007,587285,346500
1638,529,514,402185,10016,587799,323900
1639,521,545,401669,9987,588344,334800
1640,534,538,401143,9975,588882,343700
1641,602,560,400545,10013,589442,301500
1642,571,564,399979,10015,590006,341600
1643,534,516,399452,10026,590522,334000
1644,524,544,398901,10033,591066,348200
1645,514,502,398391,10041,591568,339100
1646,532,544,397854,10034,592112,329200
1647,488,506,397371,10011,592618,317600
1648,508,472,396852,10058,593090,326300
1649,489,557,396369,9984,593647,343500
1650,519,539,395852,9962,594186,325400
1651,497,512,395347,9955,594698,320900
1652,516,527,394857,9918,595225,320800
1653,569,537,394278,9960,595762,321100
1654,534,511,393734,9993,596273,317700
1655,533,488,393219,10020,596761,318000
1656,534,529,392673,10037,597290,307600
1657,545,536,392130,10044,597826,331300
1658,530,531,391583,10060,598357,311600
1659,512,499,391091,10053,598856,325100
1660,511,504,390570,10070,599360,354000
1661,536,534,390042,10064,599894,351200
1662,521,509,389509,10088,600403,358900
1663,539,529,388991,10077,600932,370000
1664,531,512,388448,10108,601444,355400
1665,562,532,387876,10148,601976,340700
1666,520,478,387364,10182,602454,330300
1667,497,542,386877,10127,602996,328700
1668,535,546,386342,10116,603542,321000
1669,512,526,385815,10117,604068,314800
1670,483,516,385334,10082,604584,315000
1671,527,522,384811,10083,605106,302000
1672,545,524,384255,10115,605630,314400
1673,487,478,383777,10115,606108,303000
1674,516,497,383255,10140,606605,314900
1675,535,524,382746,10125,607129,381000
1676,535,531,382190,10150,607660,352000
1677,512,517,381685,10138,608177,341800
1678,473,506,381197,10120,608683,360500
1679,512,545,380678,10094,609228,372200
1680,460,487,380229,10056,609715,319200
1681,489,522,379744,10019,610237,297300
1682,513,529,379237,9997,610766,316800
1683,515,491,378725,10018,611257,315000
1684,524,500,378191,10052,611757,347200
1685,500,541,377684,10018,612298,373900
1686,478,498,377225,9979,612796,354600
1687,471,514,376727,9963,613310,369700
1688,511,518,376242,9930,613828,393700
1689,512,495,375726,9951,614323,332800
1690,514,504,375211,9962,614827,329600
1691,498,529,374703,9941,615356,374500
1692,511,492,374201,9951,615848,343100
1693,525,539,373670,9943,616387,374900
1694,499,519,373187,9907,616906,355900
1695,470,537,372695,9862,617443,341000
1696,544,537,372157,9863,617980,330100
1697,502,513,371649,9858,618493,307600
1698,504,511,371146,9850,619004,315800
1699,515,531,370642,9823,619535,317100
1700,517,520,370120,9825,620055,324200
1701,531,492,369598,9855,620547,327500
1702,503,499,369094,9860,621046,309500
1703,484,504,368600,9850,621550,305600
1704,532,512,368072,9866,622062,317000
1705,433,499,367629,9810,622561,310500
1706,487,510,367137,9792,623071,309800
1707,483,513,366680,9736,623584,321800
1708,484,494,366179,9743,624078,323100
1709,428,512,365739,9671,624590,338500
1710,463,541,365293,9576,625131,336500
1711,414,460,364871,9538,625591,328700
1712,452,505,364419,9485,626096,350800
1713,453,493,363977,9434,626589,333600
1714,494,483,363464,9464,627072,314400
1715,442,496,363038,9394,627568,335700
1716,450,493,362577,9362,628061,344300
1717,469,434,362111,9394,628495,318600
1718,468,509,361648,9348,629004,295400
1719,470,461,361185,9350,629465,353500
1720,500,456,360688,9391,629921,314900
1721,419,505,360257,9317,630426,325900
1722,441,503,359813,9258,630929,350700
1723,476,511,359360,9200,631440,333900
1724,471,458,358876,9226,631898,336500
1725,470,479,358400,9223,632377,339300
1726,438,478,357959,9186,632855,332000
1727,467,466,357497,9182,633321,342700
1728,473,516,357041,9122,633837,341300
1729,451,502,356568,9093,634339,338100
1730,484,459,356092,9110,634798,488900
1731,442,485,355640,9077,635283,345500
1732,432,454,355213,9050,635737,389100
1733,496,469,354721,9073,636206,450600
1734,436,426,354291,9077,636632,332000
1735,451,477,353834,9057,637109,350500
1736,475,500,353355,9036,637609,346800
1737,488,478,352867,9046,638087,336600
1738,464,473,352394,9046,638560,344000
1739,464,431,351925,9084,638991,366100
1740,469,485,351462,9062,639476,382600
1741,440,437,351027,9060,639913,369000
1742,442,459,350579,9049,640372,361800
1743,454,485,350138,9005,640857,336400
1744,476,452,349659,9032,641309,349600
1745,443,436,349197,9058,641745,337700
1746,450,446,348766,9043,642191,320100
1747,474,456,348286,9067,642647,394800
1748,462,441,347833,9079,643088,310500
1749,483,460,347329,9123,643548,356700
1750,461,486,346878,9088,644034,343200
1751,469,443,346415,9108,644477,338500
1752,484,441,345943,9139,644918,329900
1753,477,529,345456,9097,645447,325600
1754,459,474,344998,9081,645921,326800
1755,428,480,344567,9032,646401,357600
1756,474,459,344102,9038,646860,339600
1757,462,451,343625,9064,647311,375800
1758,471,487,343167,9035,647798,343200
1759,417,434,342745,9023,648232,369700
1760,421,479,342326,8963,648711,341800
1761,416,449,341900,8940,649160,352200
1762,429,503,341479,8858,649663,334200
1763,472,444,341014,8879,650107,337500
1764,438,459,340561,8873,650566,334400
1765,416,471,340135,8828,651037,317200
1766,438,469,339705,8789,651506,323100
1767,425,489,339284,8721,651995,331500
1768,423,446,338858,8701,652441,328200
1769,411,449,338447,8663,652890,362300
1770,434,463,338009,8638,653353,347700
1771,419,444,337597,8606,653797,356000
1772,417,449,337169,8585,654246,346900
1773,410,430,336770,8554,654676,365000
1774,414,456,336365,8503,655132,359700
1775,371,419,335972,8477,655551,436900
1776,383,431,335609,8409,655982,349200
1777,407,414,335192,8412,656396,331500
1778,417,423,334783,8398,656819,334800
1779,375,391,334409,8381,657210,365200
1780,410,433,333989,8368,657643,347300
1781,420,461,333570,8326,658104,318400
1782,420,419,333160,8317,658523,342300
1783,394,446,332768,8263,658969,316600
1784,353,439,332392,8200,659408,327300
1785,386,438,332018,8136,659846,305100
1786,397,408,331616,8130,660254,342200
1787,403,413,331215,8118,660667,383400
1788,406,431,330808,8094,661098,338300
1789,371,437,330435,8030,661535,370800
1790,433,415,330030,8020,661950,422700
1791,415,408,329601,8041,662358,394600
1792,399,398,329200,8044,662756,361400
1793,389,447,328817,7980,663203,345500
1794,416,420,328388,7989,663623,353600
1795,362,409,328014,7954,664032,380200
1796,398,450,327631,7887,664482,374900
1797,371,410,327257,7851,664892,345800
1798,397,404,326866,7838,665296,336300
1799,407,379,326463,7862,665675,325400
1800,418,401,326030,7894,666076,329500
1801,356,421,325668,7835,666497,329300
1802,400,405,325277,7821,666902,335900
1803,401,454,324881,7763,667356,327100
1804,406,381,324480,7783,667737,357300
1805,381,413,324087,7763,668150,354500
1806,406,397,323679,7774,668547,343900
1807,397,380,323285,7788,668927,441200
1808,403,383,322872,7818,669310,351700
1809,417,402,322472,7816,669712,328800
1810,415,406,322071,7811,670118,302900
1811,393,407,321655,7820,670525,334900
1812,436,396,321233,7846,670921,319300
1813,397,396,320822,7861,671317,330900
1814,368,394,320444,7845,671711,322500
1815,417,404,320037,7848,672115,346100
1816,409,389,319637,7859,672504,327200
1817,392,388,319245,7863,672892,330000
1818,389,436,318851,7821,673328,350200
1819,420,373,318429,7870,673701,345200
1820,377,414,318056,7829,674115,317500
1821,376,431,317672,7782,674546,352900
1822,366,396,317309,7749,674942,364700
1823,377,394,316938,7726,675336,346400
1824,387,421,316550,7693,675757,316000
1825,394,383,316151,7709,676140,319200
1826,402,422,315753,7685,676562,307200
1827,358,407,315392,7639,676969,300600
1828,395,398,314997,7636,677367,285100
1829,415,437,314594,7602,677804,342400
1830,374,378,314203,7615,678182,318800
1831,399,392,313804,7622,678574,307100
1832,374,398,313426,7602,678972,330500
1833,376,383,313055,7590,679355,306100
1834,399,382,312670,7593,679737,309200
1835,371,393,312277,7593,680130,361700
1836,402,357,311891,7622,680487,360500
1837,391,375,311498,7640,680862,336500
1838,388,438,311111,7589,681300,372500
1839,382,391,310728,7581,681691,333900
1840,358,361,310376,7572,682052,315900
1841,420,387,309949,7612,682439,335800
1842,432,382,309525,7654,682821,318000
1843,403,366,309114,7699,683187,321300
1844,402,402,308709,7702,683589,322100
1845,399,428,308320,7663,684017,318000
1846,378,400,307933,7650,684417,307000
1847,392,386,307549,7648,684803,322500
1848,411,397,307134,7666,685200,302600
1849,416,392,306714,7694,685592,312600
1850,396,375,306321,7712,685967,317500
1851,385,415,305942,7676,686382,393100
1852,375,352,305571,7695,686734,346500
1853,317,393,305235,7638,687127,329200
1854,347,388,304888,7597,687515,320600
1855,387,389,304501,7595,687904,343400
1856,356,382,304151,7563,688286,324600
1857,359,391,303785,7538,688677,307200
1858,388,363,303401,7559,689040,307600
1859,369,372,303045,7543,689412,328800
1860,376,391,302664,7533,689803,300000
1861,394,377,302260,7560,690180,324900
1862,364,408,301909,7503,690588,300600
1863,365,355,301532,7525,690943,335200
1864,377,409,301139,7509,691352,311300
1865,393,362,300766,7520,691714,323400
1866,335,380,300438,7468,692094,331500
1867,417,422,300022,7462,692516,431200
1868,392,354,299612,7518,692870,409500
1869,360,397,299258,7475,693267,360700
1870,348,380,298922,7431,693647,377500
1871,402,404,298508,7441,694051,347400
1872,361,384,298148,7417,694435,346600
1873,375,370,297786,7409,694805,315000
1874,364,358,297409,7428,695163,309200
1875,413,418,297001,7418,695581,304500
1876,375,381,296618,7420,695962,325600
1877,352,384,296275,7379,696346,306300
1878,396,375,295885,7394,696721,305500
1879,378,355,295494,7430,697076,305900
1880,405,427,295104,7393,697503,311900
1881,409,426,294686,7385,697929,319700
1882,386,377,294316,7378,698306,321300
1883,365,363,293927,7404,698669,303500
1884,370,367,293570,7394,699036,508600
1885,420,372,293140,7452,699408,371400
1886,400,394,292743,7455,699802,350000
1887,385,358,292376,7464,700160,347500
1888,405,412,291949,7479,700572,340400
1889,398,411,291553,7464,700983,329900
1890,386,407,291171,7439,701390,307900
1891,392,375,290785,7450,701765,293000
1892,394,377,290388,7470,702142,318000
1893,360,403,290011,7444,702545,313300
1894,400,359,289625,7471,702904,299900
1895,401,370,289227,7499,703274,307400
1896,393,367,288827,7532,703641,318000
1897,407,421,288430,7508,704062,321300
1898,371,369,288061,7508,704431,326400
1899,407,427,287649,7493,704858,326400
1900,409,374,287228,7540,705232,322000
1901,378,392,286857,7519,705624,338100
1902,359,422,286512,7442,706046,318100
1903,399,414,286096,7444,706460,326800
1904,336,389,285758,7393,706849,314600
1905,374,334,285393,7424,707183,329600
1906,387,370,285011,7436,707553,312300
1907,373,379,284628,7440,707932,305600
1908,381,382,284248,7438,708314,317300
1909,354,367,283888,7431,708681,340300
1910,367,390,283521,7408,709071,312500
1911,394,373,283131,7425,709444,328300
1912,386,379,282754,7423,709823,325600
1913,414,383,282342,7452,710206,328300
1914,391,397,281945,7452,710603,327700
1915,383,356,281558,7483,710959,305500
1916,376,381,281176,7484,711340,338000
1917,392,400,280790,7470,711740,455400
1918,359,380,280436,7444,712120,369200
1919,358,392,280072,7416,712512,337600
1920,379,418,279706,7364,712930,358400
1921,362,383,279329,7358,713313,367600
1922,342,382,278997,7308,713695,337000
1923,379,383,278605,7317,714078,339100
1924,349,369,278259,7294,714447,326200
1925,375,372,277886,7295,714819,326800
1926,380,348,277509,7324,715167,351600
1927,392,428,277122,7283,715595,343100
1928,375,380,276735,7290,715975,320300
1929,387,385,276357,7283,716360,309800
1930,360,390,275997,7253,716750,332500
1931,390,389,275608,7253,717139,309100
1932,401,406,275208,7247,717545,347000
1933,388,401,274818,7236,717946,420700
1934,351,366,274471,7217,718312,336000
1935,398,353,274064,7271,718665,325600
1936,344,358,273717,7260,719023,359900
1937,366,363,273365,7249,719386,373800
1938,355,368,272997,7249,719754,367100
1939,347,354,272644,7248,720108,9154900
1940,362,360,272295,7237,720468,724900
1941,364,356,271923,7253,720824,659900
1942,380,362,271548,7266,721186,609400
1943,391,374,271163,7277,721560,564300
1944,365,367,270794,7279,721927,546300
1945,442,373,270354,7346,722300,476800
1946,358,404,269999,7297,722704,458400
1947,365,377,269631,7288,723081,435400
1948,344,371,269281,7267,723452,403800
1949,366,376,268922,7250,723828,406800
1950,368,375,268547,7250,724203,400900
1951,384,399,268170,7228,724602,426400
1952,404,379,267764,7255,724981,417400
1953,371,367,267390,7262,725348,424800
1954,330,381,267052,7219,725729,496500
1955,337,413,266710,7148,726142,436800
1956,393,356,266316,7186,726498,430700
1957,376,369,265949,7184,726867,411400
1958,358,370,265592,7171,727237,430700
1959,339,343,265245,7175,727580,419800
1960,361,366,264902,7152,727946,412800
1961,350,356,264535,7163,728302,432400
1962,353,381,264201,7116,728683,366000
1963,404,354,263781,7182,729037,398600
1964,387,369,263403,7191,729406,415700
1965,377,355,263030,7209,729761,414700
1966,334,388,262682,7169,730149,437900
1967,347,358,262345,7148,730507,407900
1968,332,344,262015,7134,730851,441500
1969,338,363,261661,7125,731214,382100
1970,387,390,261276,7120,731604,395800
1971,327,357,260949,7090,731961,365200
1972,377,365,260600,7074,732326,406700
1973,352,374,260235,7065,732700,393300
1974,361,360,259869,7071,733060,387000
1975,355,360,259526,7054,733420,402300
1976,324,379,259185,7016,733799,402700
1977,377,337,258816,7048,734136,408800
1978,341,358,258481,7025,734494,393900
1979,357,347,258113,7046,734841,376000
1980,347,346,257761,7052,735187,380600
1981,317,371,257456,6986,735558,359300
1982,355,376,257105,6961,735934,378900
1983,356,348,256738,6980,736282,351700
1984,340,348,256385,6985,736630,345800
1985,345,344,256065,6961,736974,361300
1986,308,346,255736,6944,737320,374100
1987,351,347,255392,6941,737667,363800
1988,343,347,255041,6945,738014,364100
1989,334,312,254714,6960,738326,360100
1990,301,380,254423,6871,738706,339400
1991,350,367,254069,6858,739073,447200
1992,310,356,253753,6818,739429,387000
1993,363,344,253395,6832,739773,393200
1994,315,338,253082,6807,740111,368600
1995,327,361,252747,6781,740472,362900
1996,313,330,252423,6775,740802,358700
1997,323,344,252118,6736,741146,369900
1998,350,340,251775,6739,741486,362100
1999,320,369,251438,6707,741855,357800
2000,316,358,251118,6669,742213,361400
2001,316,321,250818,6648,742534,349700
2002,323,311,250489,6666,742845,393800
2003,326,338,250163,6654,743183,374100
2004,320,335,249844,6638,743518,355400
2005,326,331,249519,6632,743849,352600
2006,298,330,249218,6603,744179,393900
2007,359,308,248872,6641,744487,411700
2008,337,322,248525,6666,744809,416800
2009,350,325,248170,6696,745134,399700
2010,343,339,247827,6700,745473,417400
2011,299,316,247526,6685,745789,391400
2012,352,314,247174,6723,746103,353400
2013,319,344,246853,6700,746447,361500
2014,318,390,246539,6624,746837,363600
2015,345,351,246204,6608,747188,352600
2016,286,340,245906,6566,747528,391900
2017,317,349,245604,6519,747877,368200
2018,318,327,245276,6520,748204,379600
2019,312,314,244961,6521,748518,378900
2020,304,329,244658,6495,748847,344900
2021,295,335,244368,6450,749182,399300
2022,304,307,244061,6450,749489,400800
2023,312,315,243754,6442,749804,373800
2024,290,332,243457,6407,750136,368500
2025,301,328,243166,6370,750464,394500
2026,320,342,242829,6365,750806,358300
2027,301,358,242544,6292,751164,374100
2028,317,356,242219,6261,751520,388400
2029,278,295,241931,6254,751815,380100
2030,313,316,241627,6242,752131,361500
2031,327,324,241299,6246,752455,358100
2032,310,325,240991,6229,752780,379500
2033,315,364,240680,6176,753144,349900
2034,298,317,240373,6166,753461,397700
2035,325,312,240052,6175,753773,372600
2036,303,314,239752,6161,754087,409900
2037,286,339,239459,6115,754426,378400
2038,287,301,239161,6112,754727,399200
2039,291,308,238884,6081,755035,382900
2040,323,298,238568,6099,755333,396600
2041,287,288,238269,6110,755621,387700
2042,293,296,237982,6101,755917,364900
2043,250,267,237723,6093,756184,362900
2044,290,341,237434,6041,756525,368700
2045,291,287,237152,6036,756812,358000
2046,264,289,236881,6018,757101,380400
2047,264,285,236607,6007,757386,379500
2048,299,304,236320,5990,757690,371600
2049,273,285,236045,5980,757975,360200
2050,271,285,235765,5975,758260,381300
2051,265,315,235514,5911,758575,410000
2052,285,305,235229,5891,758880,367200
2053,276,306,234942,5872,759186,369500
2054,302,320,234659,5835,759506,381500
2055,277,326,234377,5791,759832,396500
2056,271,308,234104,5756,760140,384600
2057,269,296,233826,5738,760436,378200
2058,293,282,233536,5746,760718,381400
2059,289,283,233245,5754,761001,385600
2060,283,297,232970,5732,761298,363100
2061,268,303,232696,5703,761601,377900
2062,308,297,232390,5712,761898,353200
2063,283,316,232102,5684,762214,381100
2064,290,323,231820,5643,762537,397400
2065,263,289,231555,5619,762826,411300
2066,281,277,231269,5628,763103,387400
2067,295,314,230992,5591,763417,386400
2068,281,325,230706,5552,763742,383400
2069,310,293,230385,5580,764035,380300
2070,294,284,230109,5572,764319,372100
2071,264,295,229834,5552,764614,340900
2072,282,309,229547,5530,764923,357400
2073,311,302,229243,5532,765225,364900
2074,283,295,228955,5525,765520,346000
2075,286,276,228672,5532,765796,349200
2076,281,280,228387,5537,766076,347500
2077,251,285,228137,5502,766361,343000
2078,273,266,227848,5525,766627,345700
2079,265,286,227592,5495,766913,395300
2080,289,293,227302,5492,767206,377800
2081,256,282,227059,5453,767488,402800
2082,253,287,226786,5439,767775,380300
2083,283,284,226518,5423,768059,406300
2084,296,255,226223,5463,768314,396800
2085,242,304,225969,5413,768618,341700
2086,282,275,225695,5412,768893,441500
2087,262,324,225429,5354,769217,383600
2088,286,269,225139,5375,769486,402300
2089,277,252,224871,5391,769738,387900
2090,255,255,224599,5408,769993,418300
2091,248,287,224376,5344,770280,392000
2092,274,262,224083,5375,770542,378200
2093,273,271,223815,5372,770813,393200
2094,275,292,223561,5334,771105,383200
2095,227,285,223302,5308,771390,477000
2096,285,265,223028,5317,771655,417300
2097,263,263,222762,5320,771918,407900
2098,247,245,222521,5316,772163,386700
2099,302,283,222226,5328,772446,386000
2100,249,297,221970,5287,772743,365500
2101,269,264,221704,5289,773007,339800
2102,289,299,221413,5281,773306,361500
2103,257,250,221144,5300,773556,416500
2104,261,264,220884,5296,773820,362000
2105,276,277,220603,5300,774097,353200
2106,255,278,220355,5270,774375,393100
2107,237,279,220134,5212,774654,399400
2108,268,269,219864,5213,774923,385600
2109,246,301,219620,5156,775224,402200
2110,248,257,219360,5159,775481,372600
2111,257,275,219110,5134,775756,416300
2112,242,252,218860,5132,776008,359300
2113,257,269,218612,5111,776277,352300
2114,235,258,218378,5087,776535,369300
2115,282,250,218091,5124,776785,398200
2116,216,263,217864,5088,777048,416900
2117,242,278,217631,5043,777326,365500
2118,224,242,217413,5019,777568,371700
2119,260,261,217145,5026,777829,347400
2120,255,274,216886,5011,778103,373700
2121,235,261,216658,4978,778364,479200
2122,246,263,216418,4955,778627,405900
2123,284,228,216134,5011,778855,418800
2124,242,261,215887,4997,779116,437700
2125,246,261,215634,4989,779377,436400
2126,256,250,215385,4988,779627,444400
2127,257,259,215120,4994,779886,416300
2128,274,285,214849,4980,780171,428800
2129,276,267,214572,4990,780438,400400
2130,237,254,214339,4969,780692,403700
2131,231,228,214113,4967,780920,371100
2132,262,263,213848,4969,781183,368300
2133,243,238,213601,4978,781421,376100
2134,266,235,213333,5011,781656,421700
2135,238,244,213102,4998,781900,379900
2136,247,275,212848,4977,782175,385900
2137,241,265,212617,4943,782440,400200
2138,222,274,212382,4904,782714,378300
2139,250,257,212137,4892,782971,416900
2140,242,247,211899,4883,783218,400300
2141,235,218,211658,4906,783436,367100
2142,231,287,211428,4849,783723,357900
2143,251,233,211186,4858,783956,359000
2144,235,261,210947,4836,784217,354800
2145,219,243,210716,4824,784460,354400
2146,240,253,210483,4804,784713,367700
2147,228,249,210256,4782,784962,351300
2148,244,267,210014,4757,785229,375700
2149,242,238,209764,4769,785467,360500
2150,219,236,209553,4744,785703,389700
2151,240,249,209311,4737,785952,366800
2152,220,219,209088,4741,786171,384900
2153,236,253,208853,4723,786424,385400
2154,219,253,208641,4682,786677,375000
2155,246,237,208391,4695,786914,372400
2156,213,254,208172,4660,787168,350600
2157,224,242,207949,4641,787410,385600
2158,267,256,207695,4639,787666,360100
2159,191,225,207488,4621,787891,364300
2160,234,240,207260,4609,788131,372800
2161,222,251,207040,4578,788382,354600
2162,239,240,206799,4579,788622,359900
2163,232,215,206579,4584,788837,365600
2164,213,276,206350,4537,789113,369000
2165,211,237,206155,4495,789350,364200
2166,228,213,205909,4528,789563,367100
2167,232,211,205695,4531,789774,420000
2168,258,217,205434,4575,789991,422900
2169,261,218,205169,4622,790209,423900
2170,263,244,204910,4637,790453,399300
2171,236,233,204656,4658,790686,364700
2172,227,227,204445,4642,790913,365700
2173,242,246,204200,4641,791159,397000
2174,244,235,203955,4651,791394,366000
2175,246,244,203715,4647,791638,353000
2176,233,265,203475,4622,791903,360800
2177,244,229,203237,4631,792132,346500
2178,247,217,202993,4658,792349,425500
2179,226,231,202764,4656,792580,370500
2180,236,250,202523,4647,792830,384800
2181,275,225,202247,4698,793055,370200
2182,211,240,202035,4670,793295,372500
2183,240,236,201800,4669,793531,392700
2184,247,250,201544,4675,793781,370900
2185,218,240,201327,4652,794021,362600
2186,231,244,201108,4627,794265,360100
2187,217,217,200880,4638,794482,390300
2188,227,238,200654,4626,794720,355300
2189,239,240,200409,4631,794960,390100
2190,231,243,200189,4608,795203,360400
2191,260,241,199940,4616,795444,374200
2192,233,247,199687,4622,795691,364900
2193,230,228,199463,4618,795919,375300
2194,241,233,199227,4621,796152,385000
2195,199,222,199016,4610,796374,380700
2196,222,213,198807,4606,796587,380700
2197,220,248,198593,4572,796835,392000
2198,242,254,198335,4576,797089,333300
2199,218,238,198131,4542,797327,352700
2200,247,244,197878,4551,797571,346700
2201,223,230,197658,4541,797801,365700
2202,243,221,197411,4567,798022,397500
2203,286,257,197133,4588,798279,372100
2204,227,258,196895,4568,798537,350800
2205,191,242,196697,4524,798779,340700
2206,220,241,196487,4493,799020,325700
2207,222,205,196244,4531,799225,339700
2208,252,234,196011,4530,799459,462700
2209,232,267,195774,4500,799726,418100
2210,210,224,195565,4485,799950,401800
2211,220,240,195356,4454,800190,431600
2212,253,221,195104,4485,800411,438800
2213,264,251,194829,4509,800662,367300
2214,236,226,194595,4517,800888,363800
2215,222,248,194377,4487,801136,402900
2216,240,270,194136,4458,801406,376000
2217,221,229,193914,4451,801635,355200
2218,233,225,193684,4456,801860,361100
2219,216,252,193464,4424,802112,376800
2220,212,228,193255,4405,802340,353500
2221,237,250,193021,4389,802590,333800
2222,219,205,192791,4414,802795,385400
2223,247,250,192554,4401,803045,387200
2224,229,229,192318,4408,803274,402000
2225,248,223,192072,4431,803497,392900
2226,249,244,191822,4437,803741,377100
2227,251,239,191561,4459,803980,347900
2228,234,240,191322,4458,804220,337500
2229,255,249,191075,4456,804469,384000
2230,213,231,190863,4437,804700,337300
2231,212,237,190657,4406,804937,344200
2232,231,227,190435,4401,805164,337500
2233,232,223,190198,4415,805387,366800
2234,261,230,189939,4444,805617,369700
2235,254,236,189672,4475,805853,351900
2236,246,255,189428,4464,806108,380300
2237,241,231,189184,4477,806339,371100
2238,229,237,188958,4466,806576,383500
2239,206,224,188758,4442,806800,385300
2240,220,228,188530,4442,807028,371900
2241,228,214,188313,4445,807242,367100
2242,187,227,188100,4431,807469,360400
2243,226,242,187890,4399,807711,361100
2244,207,236,187680,4373,807947,364300
2245,221,214,187455,4384,808161,353000
2246,226,235,187250,4354,808396,356100
2247,216,229,187021,4354,808625,354600
2248,201,219,186816,4340,808844,411900
2249,209,226,186609,4321,809070,397600
2250,226,215,186388,4327,809285,353900
2251,234,227,186168,4320,809512,341900
2252,226,201,185928,4359,809713,380300
2253,220,223,185706,4358,809936,375800
2254,254,234,185456,4374,810170,401100
2255,208,215,185242,4373,810385,367800
2256,226,195,185009,4411,810580,369100
2257,207,231,184822,4367,810811,370200
2258,235,228,184583,4378,811039,357100
2259,212,226,184369,4366,811265,315600
2260,242,236,184124,4375,811501,351700
2261,244,247,183885,4367,811748,356400
2262,233,243,183648,4361,811991,353700
2263,215,247,183430,4332,812238,379000
2264,239,214,183193,4355,812452,350100
2265,247,234,182953,4361,812686,341800
2266,209,223,182732,4359,812909,341000
2267,242,232,182493,4366,813141,374000
2268,210,223,182281,4355,813364,371700
2269,204,237,182085,4314,813601,374400
2270,211,214,181859,4326,813815,371000
2271,235,233,181638,4314,814048,364200
2272,215,241,181428,4283,814289,375700
2273,221,213,181199,4299,814502,341400
2274,216,223,180980,4295,814725,366200
2275,228,205,180754,4316,814930,351800
2276,243,203,180512,4355,815133,340800
2277,210,232,180303,4332,815365,344600
2278,211,202,180085,4348,815567,359200
2279,227,232,179873,4328,815799,354800
2280,217,206,179646,4349,816005,350200
2281,216,235,179429,4331,816240,357800
2282,213,227,179222,4311,816467,434300
2283,185,208,179032,4293,816675,389400
2284,198,206,178827,4292,816881,358900
2285,208,218,178618,4283,817099,395600
2286,218,228,178415,4258,817327,370600
2287,222,212,178186,4275,817539,366800
2288,249,222,177945,4294,817761,366200
2289,220,213,177712,4314,817974,340300
2290,186,219,177528,4279,818193,370700
2291,207,229,177322,4256,818422,364900
2292,212,240,177113,4225,818662,387600
2293,179,215,176933,4190,818877,343900
2294,222,225,176718,4180,819102,377900
2295,203,204,176505,4189,819306,412700
2296,199,205,176312,4177,819511,420200
2297,213,243,176101,4145,819754,427200
2298,209,232,175889,4125,819986,410300
2299,208,211,175682,4121,820197,391400
2300,192,190,175478,4135,820387,415700
2301,203,210,175283,4120,820597,407400
2302,196,221,175089,4093,820818,390700
2303,216,216,174870,4096,821034,374000
2304,220,209,174660,4097,821243,377800
2305,220,220,174438,4099,821463,368700
2306,228,201,174205,4131,821664,354000
2307,231,232,173972,4132,821896,347900
2308,185,199,173784,4121,822095,351200
2309,210,221,173585,4099,822316,365400
2310,232,198,173347,4139,822514,348000
2311,200,219,173144,4123,822733,413600
2312,203,190,172942,4135,822923,400500
2313,192,220,172748,4109,823143,380500
2314,221,196,172530,4131,823339,371600
2315,220,197,172317,4147,823536,372100
2316,246,223,172074,4167,823759,431400
2317,197,188,171863,4190,823947,349700
2318,207,220,171653,4180,824167,364100
2319,214,183,171452,4198,824350,340700
2320,223,213,171227,4210,824563,339500
2321,199,213,171023,4201,824776,347900
2322,237,200,170785,4239,824976,364600
2323,225,223,170566,4235,825199,364600
2324,224,226,170333,4242,825425,345700
2325,215,213,170118,4244,825638,366100
2326,238,222,169896,4244,825860,365600
2327,244,224,169642,4274,826084,379000
2328,227,225,169418,4273,826309,399900
2329,222,215,169196,4280,826524,375500
2330,197,225,168994,4257,826749,359500
2331,209,236,168786,4229,826985,353600
2332,224,201,168570,4244,827186,375200
2333,219,202,168353,4259,827388,340900
2334,197,227,168147,4238,827615,316600
2335,198,252,167954,4179,827867,342700
2336,218,197,167733,4203,828064,356000
2337,183,214,167553,4169,828278,329900
2338,216,184,167341,4197,828462,345000
2339,223,208,167112,4218,828670,383200
2340,202,208,166902,4220,828878,355800
2341,223,216,166674,4232,829094,336800
2342,224,212,166458,4236,829306,363300
2343,224,236,166232,4226,829542,371300
2344,208,205,166031,4222,829747,361500
2345,191,201,165832,4220,829948,361200
2346,239,234,165597,4221,830182,326800
2347,219,227,165378,4213,830409,344100
2348,204,201,165174,4216,830610,344700
2349,216,227,164962,4201,830837,340700
2350,216,208,164743,4212,831045,346900
2351,203,225,164538,4192,831270,319300
2352,208,207,164333,4190,831477,336400
2353,195,190,164130,4203,831667,350300
2354,208,241,163928,4164,831908,325300
2355,210,222,163721,4149,832130,364500
2356,205,198,163512,4160,832328,347600
2357,221,212,163297,4163,832540,392800
2358,208,239,163091,4130,832779,362100
2359,216,231,162862,4128,833010,373600
2360,202,208,162664,4118,833218,339600
2361,195,214,162468,4100,833432,356600
2362,195,218,162269,4081,833650,330100
2363,193,208,162080,4062,833858,360800
2364,189,235,161893,4014,834093,344300
2365,183,200,161705,4002,834293,339700
2366,205,211,161500,3996,834504,352900
2367,194,190,161309,3997,834694,333400
2368,222,194,161082,4030,834888,354600
2369,199,200,160891,4021,835088,333100
2370,207,177,160684,4051,835265,435200
2371,195,194,160480,4061,835459,351100
2372,197,204,160297,4040,835663,360200
2373,188,221,160098,4018,835884,366900
2374,204,194,159900,4022,836078,334700
2375,199,204,159708,4010,836282,382500
2376,193,202,159507,4009,836484,409600
2377,184,206,159326,3984,836690,346400
2378,213,216,159108,3986,836906,352300
2379,211,177,158905,4012,837083,337600
2380,181,206,158721,3990,837289,337400
2381,209,203,158515,3993,837492,335300
2382,173,213,158328,3967,837705,338400
2383,210,199,158128,3968,837904,366000
2384,182,208,157943,3945,838112,339900
2385,197,193,157746,3949,838305,355200
2386,204,197,157546,3952,838502,347400
2387,207,188,157348,3962,838690,354100
2388,238,203,157108,3999,838893,395200
2389,182,188,156914,4005,839081,359700
2390,208,217,156699,4003,839298,346200
2391,213,185,156495,4022,839483,344200
2392,202,216,156294,4007,839699,333000
2393,218,197,156080,4024,839896,345200
2394,206,220,155866,4018,840116,337100
2395,174,241,155688,3955,840357,350500
2396,212,175,155488,3980,840532,342600
2397,203,211,155278,3979,840743,361200
2398,175,206,155101,3950,840949,334500
2399,201,218,154903,3930,841167,349400
2400,188,186,154720,3927,841353,342000
2401,165,200,154551,3896,841553,327000
2402,185,207,154372,3868,841760,327000
2403,177,190,154186,3864,841950,341100
2404,182,191,154000,3859,842141,351400
2405,202,201,153800,3858,842342,359000
2406,180,182,153617,3859,842524,348100
2407,190,182,153423,3871,842706,324900
2408,208,220,153227,3847,842926,357400
2409,206,188,153019,3867,843114,343100
2410,188,206,152833,3847,843320,337200
2411,199,216,152644,3820,843536,339600
2412,196,206,152441,3817,843742,385300
2413,170,183,152272,3803,843925,334300
2414,200,183,152062,3830,844108,354600
2415,197,215,151874,3803,844323,327700
2416,201,184,151663,3830,844507,320300
2417,209,213,151455,3825,844720,349900
2418,186,198,151280,3802,844918,314600
2419,194,190,151083,3809,845108,339000
2420,196,191,150876,3825,845299,394300
2421,197,178,150686,3837,845477,356800
2422,200,182,150484,3857,845659,332300
2423,204,194,150284,3863,845853,336900
2424,208,198,150077,3872,846051,338000
2425,194,206,149879,3864,846257,343400
2426,186,188,149700,3855,846445,349800
2427,198,224,149494,3837,846669,338500
2428,207,190,149295,3846,846859,330800
2429,178,194,149117,3830,847053,353600
2430,191,208,148930,3809,847261,331400
2431,186,169,148738,3832,847430,351100
2432,192,196,148538,3836,847626,366400
2433,172,179,148360,3835,847805,333200
2434,202,208,148167,3820,848013,357800
2435,194,192,147986,3809,848205,354500
2436,190,183,147792,3820,848388,342300
2437,204,207,147581,3824,848595,352800
2438,207,211,147378,3816,848806,345200
2439,186,194,147190,3810,849000,346400
2440,184,212,147000,3788,849212,340400
2441,193,213,146807,3768,849425,329200
2442,187,195,146633,3747,849620,349800
2443,180,209,146440,3731,849829,298300
2444,171,185,146276,3710,850014,347000
2445,164,217,146113,3656,850231,347600
2446,150,183,145962,3624,850414,342100
2447,173,191,145786,3609,850605,328200
2448,181,193,145610,3592,850798,327700
2449,164,202,145443,3557,851000,343200
2450,171,202,145264,3534,851202,341200
2451,176,190,145095,3513,851392,327100
2452,174,197,144926,3485,851589,366900
2453,156,154,144755,3502,851743,347600
2454,174,192,144586,3479,851935,375900
2455,205,168,144388,3509,852103,344700
2456,171,180,144208,3509,852283,336300
2457,186,173,144026,3518,852456,342400
2458,187,195,143845,3504,852651,345900
2459,158,176,143679,3494,852827,350800
2460,180,180,143506,3487,853007,324800
2461,181,182,143324,3487,853189,325600
2462,189,192,143135,3484,853381,345300
2463,204,161,142928,3530,853542,350200
2464,179,173,142747,3538,853715,402200
2465,185,200,142572,3513,853915,336000
2466,190,159,142379,3547,854074,363500
2467,193,191,142183,3552,854265,337700
2468,173,182,142004,3549,854447,362000
2469,169,208,141848,3497,854655,359900
2470,174,157,141661,3527,854812,359200
2471,199,203,141466,3519,855015,332000
2472,166,162,141300,3523,855177,344300
2473,159,199,141135,3489,855376,335000
2474,169,157,140967,3500,855533,341300
2475,170,221,140797,3449,855754,326000
2476,164,159,140634,3453,855913,330200
2477,177,198,140462,3427,856111,333300
2478,157,193,140294,3402,856304,340200
2479,188,168,140113,3415,856472,331300
2480,166,172,139945,3411,856644,346700
2481,174,187,139776,3393,856831,328200
2482,181,177,139607,3385,857008,332600
2483,180,162,139415,3415,857170,350700
2484,187,180,139226,3424,857350,407600
2485,180,160,139047,3443,857510,409200
2486,158,175,138881,3434,857685,416200
2487,161,169,138728,3418,857854,339900
2488,161,193,138568,3385,858047,363100
2489,197,186,138380,3387,858233,358300
2490,192,161,138182,3424,858394,366900
2491,192,192,137993,3421,858586,371800
2492,169,182,137817,3415,858768,359100
2493,208,176,137618,3438,858944,354400
2494,176,164,137426,3466,859108,341100
2495,181,173,137242,3477,859281,336700
2496,194,197,137064,3458,859478,336600
2497,175,187,136886,3449,859665,315000
2498,189,173,136701,3461,859838,334300
2499,155,173,136537,3452,860011,394800
2500,199,202,136347,3440,860213,360700
2501,189,192,136155,3440,860405,355400
2502,146,193,135997,3405,860598,325100
2503,179,198,135835,3369,860796,330800
2504,177,161,135644,3399,860957,342800
2505,163,151,135489,3403,861108,357100
2506,175,173,135314,3405,861281,388600
2507,188,171,135130,3418,861452,367200
2508,165,190,134958,3400,861642,371300
2509,194,190,134763,3405,861832,335100
2510,182,184,134579,3405,862016,339100
2511,182,166,134396,3422,862182,353500
2512,163,179,134242,3397,862361,348900
2513,169,198,134056,3385,862559,345200
2514,161,184,133910,3347,862743,366800
2515,171,169,133735,3353,862912,360000
2516,177,173,133558,3357,863085,366900
2517,172,164,133384,3367,863249,363000
2518,183,167,133202,3382,863416,349800
2519,162,180,133040,3364,863596,334100
2520,187,173,132859,3372,863769,375100
2521,162,159,132695,3377,863928,350400
2522,189,185,132507,3380,864113,351200
2523,156,165,132339,3383,864278,343500
2524,157,183,132194,3345,864461,339100
2525,157,183,132026,3330,864644,406000
2526,167,179,131871,3306,864823,353200
2527,150,183,131712,3282,865006,367400
2528,199,199,131522,3273,865205,337600
2529,189,159,131334,3302,865364,336700
2530,201,156,131131,3349,865520,381600
2531,147,200,130970,3310,865720,374200
2532,191,178,130798,3304,865898,377900
2533,166,161,130619,3322,866059,334400
2534,173,157,130449,3335,866216,354600
2535,159,160,130289,3335,866376,328100
2536,149,169,130140,3315,866545,340700
2537,166,169,129976,3310,866714,343800
2538,182,167,129800,3319,866881,344600
2539,171,151,129625,3343,867032,340000
2540,186,161,129439,3368,867193,330800
2541,171,184,129262,3361,867377,342000
2542,160,170,129107,3346,867547,367600
2543,156,162,128958,3333,867709,338200
2544,167,179,128784,3328,867888,337500
2545,174,175,128607,3330,868063,338100
2546,149,179,128454,3304,868242,337300
2547,155,171,128309,3278,868413,382400
2548,154,180,128153,3254,868593,351600
2549,151,162,127995,3250,868755,341100
2550,152,164,127843,3238,868919,351800
2551,165,170,127690,3221,869089,334200
2552,177,160,127501,3250,869249,324100
2553,192,159,127316,3276,869408,321800
2554,158,188,127154,3250,869596,373500
2555,139,153,127010,3241,869749,338100
2556,152,162,126864,3225,869911,338700
2557,184,173,126686,3230,870084,328100
2558,169,157,126514,3245,870241,330600
2559,162,168,126342,3249,870409,324100
2560,158,157,126199,3235,870566,342600
2561,168,170,126026,3238,870736,342100
2562,155,152,125865,3247,870888,347500
2563,184,173,125682,3257,871061,357000
2564,161,154,125525,3260,871215,344100
2565,150,179,125370,3236,871394,350500
2566,188,157,125186,3263,871551,342200
2567,165,164,125023,3262,871715,390800
2568,184,189,124839,3257,871904,342300
2569,152,175,124684,3237,872079,340000
2570,177,148,124509,3264,872227,365600
2571,165,181,124353,3239,872408,347100
2572,174,173,124162,3257,872581,315100
2573,180,145,123991,3283,872726,348200
2574,180,180,123806,3288,872906,314100
2575,181,150,123628,3316,873056,312500
2576,205,146,123433,3365,873202,335400
2577,174,186,123239,3373,873388,351300
2578,159,185,123083,3344,873573,363100
2579,182,194,122916,3317,873767,353600
2580,167,174,122740,3319,873941,397700
2581,170,173,122568,3318,874114,366400
2582,172,198,122394,3294,874312,363200
2583,165,181,122240,3267,874493,373500
2584,158,181,122080,3246,874674,403700
2585,164,175,121915,3236,874849,366400
2586,162,155,121760,3236,875004,359300
2587,198,178,121557,3261,875182,381500
2588,155,175,121402,3241,875357,369600
2589,162,155,121236,3252,875512,367600
2590,169,178,121071,3239,875690,337500
2591,143,157,120915,3238,875847,334800
2592,163,160,120755,3238,876007,397400
2593,140,161,120618,3214,876168,418600
2594,165,159,120451,3222,876327,379000
2595,160,175,120289,3209,876502,368900
2596,157,156,120148,3194,876658,338800
2597,164,185,119969,3188,876843,346800
2598,154,159,119816,3182,877002,360500
2599,132,167,119687,3144,877169,337200
2600,137,172,119543,3116,877341,332100
2601,149,170,119405,3084,877511,322000
2602,132,157,119274,3058,877668,336100
2603,144,157,119124,3051,877825,351500
2604,132,141,118994,3040,877966,328800
2605,153,162,118834,3038,878128,323100
2606,160,157,118687,3028,878285,341200
2607,152,144,118523,3048,878429,344000
2608,149,160,118378,3033,878589,334400
2609,166,137,118212,3062,878726,356800
2610,153,165,118063,3046,878891,374600
2611,146,145,117921,3043,879036,317900
2612,173,150,117741,3073,879186,336600
2613,169,159,117573,3082,879345,358500
2614,158,161,117415,3079,879506,327300
2615,157,156,117248,3090,879662,337200
2616,158,169,117094,3075,879831,335700
2617,175,149,116926,3094,879980,340200
2618,166,169,116768,3083,880149,304700
2619,171,159,116596,3096,880308,335500
2620,165,158,116429,3105,880466,343400
2621,168,164,116254,3116,880630,337400
2622,155,159,116099,3112,880789,347100
2623,139,159,115956,3096,880948,334800
2624,158,169,115800,3083,881117,339400
2625,161,172,115643,3068,881289,333700
2626,167,170,115481,3060,881459,378700
2627,151,152,115316,3073,881611,354000
2628,179,145,115153,3091,881756,335700
2629,180,173,114972,3099,881929,343200
2630,173,168,114790,3113,882097,335700
2631,163,145,114634,3124,882242,327300
2632,167,162,114467,3129,882404,334100
2633,182,131,114281,3184,882535,336100
2634,170,187,114107,3171,882722,341200
2635,181,168,113926,3184,882890,335600
2636,154,156,113775,3179,883046,347000
2637,169,166,113601,3187,883212,351200
2638,163,146,113450,3192,883358,368200
2639,171,179,113272,3191,883537,325400
2640,151,147,113119,3197,883684,335300
2641,148,162,112967,3187,883846,343200
2642,173,173,112798,3183,884019,351900
2643,154,144,112653,3184,884163,362300
2644,156,146,112485,3206,884309,331000
2645,157,184,112335,3172,884493,337200
2646,160,152,112178,3177,884645,338500
2647,146,177,112021,3157,884822,350100
2648,155,172,111870,3136,884994,347800
2649,181,172,111695,3139,885166,334500
2650,174,160,111514,3160,885326,350200
2651,170,168,111356,3150,885494,332200
2652,155,158,111190,3158,885652,337600
2653,140,158,111046,3144,885810,351000
2654,168,173,110887,3130,885983,334400
2655,144,152,110731,3134,886135,346600
2656,151,170,110593,3102,886305,336200
2657,142,152,110440,3103,886457,339400
2658,134,164,110308,3071,886621,373300
2659,133,149,110177,3053,886770,354900
2660,150,160,110027,3043,886930,332300
2661,148,156,109877,3037,887086,340100
2662,142,155,109733,3026,887241,342600
2663,149,157,109592,3010,887398,340800
2664,142,146,109447,3009,887544,337500
2665,147,148,109300,3008,887692,348400
2666,150,166,109148,2994,887858,333800
2667,148,157,109004,2981,888015,326600
2668,143,149,108851,2985,888164,328300
2669,123,160,108736,2940,888324,331200
2670,130,153,108615,2908,888477,372800
2671,142,147,108457,2919,888624,336200
2672,137,138,108327,2911,888762,335000
2673,120,137,108208,2893,888899,352000
2674,129,149,108072,2880,889048,345600
2675,146,143,107932,2877,889191,357400
2676,142,156,107785,2868,889347,360900
2677,146,132,107643,2878,889479,392200
2678,147,142,107499,2880,889621,350300
2679,113,156,107378,2845,889777,349600
2680,137,153,107239,2831,889930,347900
2681,155,157,107089,2824,890087,383900
2682,158,139,106934,2840,890226,444700
2683,135,135,106798,2841,890361,433500
2684,136,145,106665,2829,890506,407400
2685,155,153,106513,2828,890659,350500
2686,136,142,106370,2829,890801,341500
2687,132,167,106244,2788,890968,334900
2688,146,123,106094,2815,891091,347000
2689,146,153,105946,2810,891244,350200
2690,138,127,105809,2820,891371,370400
2691,137,165,105674,2790,891536,329500
2692,139,118,105533,2813,891654,330600
2693,134,138,105396,2812,891792,352900
2694,126,151,105270,2787,891943,346300
2695,121,152,105153,2752,892095,343400
2696,139,137,105011,2757,892232,327900
2697,149,147,104861,2760,892379,328200
2698,129,150,104734,2737,892529,325000
2699,130,125,104601,2745,892654,326200
2700,113,139,104488,2719,892793,334300
2701,123,146,104368,2693,892939,343100
2702,118,156,104249,2656,893095,335900
2703,140,133,104107,2665,893228,340400
2704,116,137,103989,2646,893365,340400
2705,117,144,103873,2618,893509,346900
2706,123,139,103745,2607,893648,356900
2707,130,136,103620,2596,893784,336800
2708,110,128,103509,2579,893912,333100
2709,133,130,103387,2571,894042,336700
2710,104,134,103273,2551,894176,319500
2711,124,153,103154,2517,894329,320300
2712,102,137,103047,2487,894466,323300
2713,115,119,102928,2487,894585,340200
2714,123,116,102808,2491,894701,361300
2715,130,131,102675,2493,894832,347300
2716,110,103,102577,2488,894935,334100
2717,124,142,102444,2479,895077,313700
2718,137,150,102315,2458,895227,327300
2719,110,104,102199,2470,895331,350700
2720,133,120,102073,2476,895451,430500
2721,137,128,101931,2490,895579,366900
2722,138,145,101799,2477,895724,349600
2723,127,127,101664,2485,895851,330400
2724,122,108,101543,2498,895959,325000
2725,132,123,101414,2504,896082,343000
2726,150,120,101272,2526,896202,360200
2727,147,133,101124,2541,896335,336200
2728,116,128,101003,2534,896463,330500
2729,142,115,100866,2556,896578,339100
2730,132,131,100720,2571,896709,333800
2731,141,134,100582,2575,896843,333400
2732,134,121,100447,2589,896964,336400
2733,137,125,100318,2593,897089,328400
2734,131,135,100184,2592,897224,321200
2735,155,122,100034,2620,897346,337500
2736,155,147,99879,2628,897493,333700
2737,141,156,99741,2610,897649,349700
2738,166,132,99574,2645,897781,365500
2739,130,149,99432,2638,897930,344900
2740,143,128,99295,2647,898058,326000
2741,151,151,99143,2648,898209,351100
2742,142,128,99002,2661,898337,335400
2743,142,147,98861,2655,898484,348000
2744,124,153,98737,2626,898637,349900
2745,127,142,98601,2620,898779,345000
2746,132,114,98480,2627,898893,347900
2747,124,129,98352,2626,899022,307000
2748,133,137,98215,2626,899159,339000
2749,138,135,98078,2628,899294,324100
2750,136,133,97941,2632,899427,334300
2751,136,122,97802,2649,899549,332300
2752,137,136,97679,2636,899685,342700
2753,106,156,97560,2599,899841,345900
2754,115,133,97446,2580,899974,358900
2755,129,128,97318,2580,900102,336900
2756,113,124,97204,2570,900226,334200
2757,130,135,97075,2564,900361,332500
2758,124,115,96951,2573,900476,331300
2759,119,136,96835,2553,900612,347600
2760,131,142,96709,2537,900754,342800
2761,143,136,96568,2542,900890,315200
2762,136,132,96430,2548,901022,344800
2763,134,117,96287,2574,901139,330200
2764,116,114,96170,2577,901253,333800
2765,116,139,96056,2552,901392,334600
2766,127,134,95937,2537,901526,346500
2767,133,137,95798,2539,901663,358200
2768,130,134,95670,2533,901797,325000
2769,119,133,95548,2522,901930,331300
2770,117,134,95431,2505,902064,365600
2771,107,122,95317,2497,902186,372100
2772,129,136,95200,2478,902322,334000
2773,134,144,95061,2473,902466,333200
2774,118,151,94947,2436,902617,321800
2775,132,109,94813,2461,902726,349000
2776,137,142,94677,2455,902868,343400
2777,135,126,94543,2463,902994,323000
2778,106,119,94427,2460,903113,346400
2779,123,126,94312,2449,903239,323700
2780,141,122,94171,2468,903361,349200
2781,129,123,94042,2474,903484,320400
2782,132,142,93913,2461,903626,350200
2783,113,132,93795,2447,903758,321600
2784,127,120,93670,2452,903878,341600
2785,127,131,93533,2458,904009,353900
2786,126,134,93419,2438,904143,351500
2787,134,116,93280,2461,904259,352700
2788,117,110,93164,2467,904369,345100
2789,124,124,93046,2461,904493,322400
2790,108,162,92936,2409,904655,336900
2791,118,115,92813,2417,904770,346500
2792,128,136,92689,2405,904906,344100
2793,112,120,92576,2398,905026,352400
2794,118,130,92467,2377,905156,345300
2795,121,125,92340,2379,905281,338500
2796,128,141,92213,2365,905422,346200
2797,120,144,92086,2348,905566,356700
2798,160,112,91937,2385,905678,358800
2799,136,126,91788,2408,905804,355300
2800,137,146,91657,2393,905950,355100
2801,119,129,91540,2381,906079,346300
2802,141,121,91404,2396,906200,364500
2803,130,118,91267,2415,906318,335800
2804,130,112,91133,2437,906430,321400
2805,122,114,91016,2440,906544,342300
2806,139,115,90876,2465,906659,303700
2807,122,150,90747,2444,906809,347600
2808,126,124,90630,2437,906933,334300
2809,138,130,90487,2450,907063,336700
2810,118,122,90372,2443,907185,338900
2811,141,122,90229,2464,907307,339700
2812,118,125,90112,2456,907432,324000
2813,145,127,89974,2467,907559,331200
2814,120,136,89842,2463,907695,341800
2815,113,129,89731,2445,907824,339200
2816,125,131,89616,2429,907955,327800
2817,132,124,89481,2440,908079,375500
2818,132,132,89341,2448,908211,355800
2819,127,139,89220,2430,908350,385300
2820,113,149,89103,2398,908499,341300
2821,125,147,88977,2377,908646,357000
2822,131,106,88855,2393,908752,344000
2823,135,128,88718,2402,908880,333300
2824,130,129,88584,2407,909009,327700
2825,140,127,88444,2420,909136,329900
2826,121,129,88327,2408,909265,343000
2827,144,118,88182,2435,909383,327100
2828,143,129,88040,2448,909512,343300
2829,115,140,87920,2428,909652,331300
2830,104,140,87809,2399,909792,339600
2831,112,117,87696,2395,909909,428100
2832,117,128,87584,2379,910037,342900
2833,110,122,87473,2368,910159,347000
2834,126,110,87349,2382,910269,330700
2835,140,120,87217,2394,910389,333900
2836,110,128,87101,2382,910517,340800
2837,143,119,86963,2401,910636,333100
2838,116,117,86843,2404,910753,349000
2839,124,122,86718,2407,910875,328100
2840,143,128,86573,2424,911003,394200
2841,97,124,86474,2399,911127,337100
2842,126,134,86349,2390,911261,340400
2843,143,133,86217,2389,911394,362300
2844,115,143,86096,2367,911537,343500
2845,126,134,85979,2350,911671,344200
2846,135,117,85832,2380,911788,310900
2847,118,130,85706,2376,911918,340600
2848,127,137,85589,2356,912055,360300
2849,151,113,85441,2391,912168,374400
2850,113,122,85320,2390,912290,385500
2851,122,112,85199,2399,912402,386500
2852,108,122,85090,2386,912524,376800
2853,136,129,84962,2385,912653,349000
2854,130,112,84830,2405,912765,327300
2855,142,119,84689,2427,912884,346400
2856,117,135,84573,2408,913019,336500
2857,121,130,84448,2403,913149,365800
2858,118,122,84332,2397,913271,379900
2859,100,131,84225,2373,913402,346800
2860,150,110,84089,2399,913512,340500
2861,110,116,83972,2400,913628,371600
2862,115,127,83856,2389,913755,339000
2863,105,115,83750,2380,913870,341000
2864,123,115,83630,2385,913985,330600
2865,105,128,83515,2372,914113,338700
2866,117,131,83409,2347,914244,343800
2867,132,116,83284,2356,914360,370500
2868,117,120,83150,2370,914480,324200
2869,107,119,83046,2355,914599,324000
2870,118,118,82938,2345,914717,326000
2871,155,125,82781,2377,914842,352200
2872,128,121,82642,2395,914963,345100
2873,115,121,82532,2384,915084,356500
2874,95,119,82445,2352,915203,340500
2875,134,122,82307,2368,915325,345800
2876,111,112,82191,2372,915437,349100
2877,102,137,82087,2339,915574,351900
2878,117,123,81978,2325,915697,340500
2879,101,136,81868,2299,915833,331300
2880,113,132,81761,2274,915965,332700
2881,101,134,81656,2245,916099,330800
2882,107,109,81551,2241,916208,332600
2883,107,121,81443,2228,916329,334000
2884,127,100,81312,2259,916429,342300
2885,105,108,81210,2253,916537,336000
2886,88,117,81126,2220,916654,332300
2887,120,128,81007,2211,916782,331000
2888,116,100,80886,2232,916882,321500
2889,117,107,80774,2237,916989,336300
2890,116,100,80657,2254,917089,342700
2891,119,115,80533,2263,917204,357400
2892,123,117,80412,2267,917321,333600
2893,138,113,80271,2295,917434,362400
2894,109,121,80157,2288,917555,343300
2895,115,112,80049,2284,917667,332200
2896,94,113,79959,2261,917780,350800
2897,134,122,79825,2273,917902,361200
2898,114,109,79711,2278,918011,332900
2899,94,109,79611,2269,918120,324200
2900,123,97,79492,2291,918217,333300
2901,113,116,79381,2286,918333,345400
2902,110,114,79260,2293,918447,345200
2903,116,108,79157,2288,918555,349500
2904,111,127,79045,2273,918682,328000
2905,109,135,78939,2244,918817,334500
2906,122,101,78814,2268,918918,330800
2907,109,109,78698,2275,919027,311800
2908,108,103,78586,2284,919130,320500
2909,109,108,78484,2278,919238,336100
2910,92,111,78395,2256,919349,341000
2911,126,121,78273,2257,919470,340400
2912,111,111,78153,2266,919581,334200
2913,113,121,78044,2254,919702,348400
2914,110,130,77933,2235,919832,315900
2915,102,129,77831,2208,919961,355700
2916,108,102,77715,2222,920063,344800
2917,98,130,77620,2187,920193,330900
2918,145,110,77478,2219,920303,339000
2919,111,114,77370,2213,920417,315200
2920,128,91,77252,2240,920508,372600
2921,111,117,77131,2244,920625,387000
2922,113,116,77015,2244,920741,355000
2923,141,117,76874,2268,920858,353900
2924,121,138,76751,2253,920996,330600
2925,106,124,76651,2229,921120,341500
2926,113,101,76542,2237,921221,334200
2927,122,126,76423,2230,921347,334200
2928,111,129,76303,2221,921476,320000
2929,119,111,76193,2220,921587,355200
2930,131,121,76051,2241,921708,354900
2931,121,135,75933,2224,921843,329500
2932,134,118,75796,2243,921961,337700
2933,102,119,75688,2232,922080,317300
2934,120,106,75567,2247,922186,320500
2935,110,99,75468,2247,922285,342800
2936,140,113,75327,2275,922398,353700
2937,92,135,75239,2228,922533,337100
2938,115,138,75121,2208,922671,341900
2939,110,121,75012,2196,922792,364100
2940,87,113,74916,2179,922905,344900
2941,115,120,74805,2170,923025,345800
2942,111,92,74696,2187,923117,319300
2943,117,110,74574,2199,923227,338200
2944,128,108,74449,2216,923335,336400
2945,97,101,74356,2208,923436,316500
2946,119,108,74233,2223,923544,361500
2947,104,110,74129,2217,923654,383700
2948,105,108,74027,2211,923762,369600
2949,104,122,73921,2195,923884,345900
2950,105,112,73819,2185,923996,358600
2951,100,119,73716,2169,924115,331200
2952,98,119,73613,2153,924234,336100
2953,103,93,73521,2152,924327,329000
2954,98,124,73419,2130,924451,339100
2955,96,131,73317,2101,924582,402800
2956,109,93,73210,2115,924675,401200
2957,96,92,73115,2118,924767,384200
2958,81,102,73031,2100,924869,345500
2959,105,109,72925,2097,924978,347800
2960,115,115,72814,2093,925093,332600
2961,94,100,72715,2092,925193,341800
2962,97,103,72622,2082,925296,336000
2963,105,105,72515,2084,925401,346200
2964,95,101,72425,2073,925502,364000
2965,109,117,72320,2061,925619,332800
2966,121,111,72194,2076,925730,327900
2967,107,95,72087,2088,925825,335800
2968,84,97,71998,2080,925922,329400
2969,91,98,71906,2074,926020,342000
2970,101,115,71809,2056,926135,374800
2971,117,110,71703,2052,926245,331800
2972,98,104,71589,2062,926349,342300
2973,101,82,71492,2077,926431,349400
2974,121,108,71374,2087,926539,337600
2975,105,120,71270,2071,926659,324500
2976,98,101,71174,2066,926760,329300
2977,86,110,71080,2050,926870,341300
2978,106,121,70984,2025,926991,329000
2979,96,112,70878,2019,927103,336800
2980,107,121,70780,1996,927224,336100
2981,113,107,70662,2007,927331,317200
2982,96,102,70562,2005,927433,350200
2983,107,101,70457,2009,927534,339900
2984,111,120,70351,1995,927654,324100
2985,99,108,70249,1989,927762,338300
2986,90,99,70156,1983,927861,339600
2987,94,108,70061,1970,927969,334700
2988,98,100,69965,1966,928069,353400
2989,93,90,69877,1964,928159,318300
2990,88,99,69785,1957,928258,332400
2991,109,100,69681,1961,928358,355800
2992,101,98,69570,1974,928456,320700
2993,94,105,69479,1960,928561,332400
2994,98,98,69380,1961,928659,327800
2995,110,101,69277,1963,928760,349700
2996,81,92,69186,1962,928852,317200
2997,100,94,69091,1963,928946,339300
2998,82,113,69006,1935,929059,324400
2999,88,91,68922,1928,929150,382900
3000,97,115,68826,1909,929265,345000
3001,101,94,68721,1920,929359,324000
3002,98,93,68629,1919,929452,327700
3003,110,91,68515,1942,929543,340800
3004,91,112,68423,1922,929655,346600
3005,107,98,68322,1925,929753,340700
3006,96,108,68217,1922,929861,329600
3007,90,89,68140,1910,929950,350200
3008,100,101,68031,1918,930051,340400
3009,93,87,67932,1930,930138,324200
3010,102,96,67834,1932,930234,324600
3011,112,120,67730,1916,930354,339300
3012,108,105,67625,1916,930459,340400
3013,97,96,67522,1923,930555,325300
3014,97,106,67424,1915,930661,333000
3015,117,71,67303,1965,930732,335600
3016,100,102,67207,1959,930834,330200
3017,114,122,67097,1947,930956,353500
3018,109,98,66984,1962,931054,374800
3019,100,92,66882,1972,931146,347400
3020,107,99,66784,1971,931245,340200
3021,83,105,66691,1959,931350,340800
3022,93,97,66596,1957,931447,351100
3023,102,105,66502,1946,931552,320400
3024,115,98,66383,1967,931650,312100
3025,91,83,66295,1972,931733,339400
3026,104,107,66187,1973,931840,354600
3027,112,103,66075,1982,931943,354700
3028,111,88,65966,2003,932031,353400
3029,117,116,65860,1993,932147,360800
3030,103,98,65745,2010,932245,337500
3031,103,111,65639,2005,932356,310900
3032,102,122,65542,1980,932478,334700
3033,103,109,65444,1969,932587,321300
3034,105,96,65331,1986,932683,334500
3035,107,91,65228,1998,932774,393500
3036,114,110,65116,2000,932884,330200
3037,96,94,65015,2007,932978,336100
3038,96,105,64921,1996,933083,335300
3039,102,112,64813,1992,933195,330000
3040,112,93,64710,2002,933288,337400
3041,106,115,64605,1992,933403,328000
3042,91,99,64514,1984,933502,332800
3043,85,97,64421,1980,933599,373900
3044,105,95,64318,1988,933694,326100
3045,95,96,64220,1990,933790,323900
3046,100,91,64127,1992,933881,329700
3047,91,108,64029,1982,933989,356700
3048,90,93,63940,1978,934082,319100
3049,83,87,63861,1970,934169,339500
3050,80,101,63776,1954,934270,332300
3051,83,109,63696,1925,934379,343800
3052,88,96,63611,1914,934475,374800
3053,94,95,63508,1922,934570,365500
3054,97,85,63418,1927,934655,325100
3055,95,98,63325,1922,934753,320900
3056,96,99,63225,1923,934852,335500
3057,73,105,63148,1895,934957,314400
3058,105,89,63047,1907,935046,336300
3059,71,100,62974,1880,935146,351400
3060,91,93,62885,1876,935239,385000
3061,86,97,62796,1868,935336,369700
3062,101,100,62696,1868,935436,397900
3063,73,112,62624,1828,935548,323400
3064,96,83,62538,1831,935631,338100
3065,84,97,62450,1822,935728,348300
3066,102,72,62340,1860,935800,352700
3067,74,91,62264,1845,935891,373500
3068,75,85,62199,1825,935976,354800
3069,80,94,62110,1820,936070,363900
3070,91,102,62024,1804,936172,328200
3071,88,96,61932,1800,936268,414000
3072,88,79,61850,1803,936347,322700
3073,92,105,61756,1792,936452,312000
3074,77,106,61673,1769,936558,340600
3075,98,96,61576,1770,936654,325700
3076,60,91,61516,1739,936745,342500
3077,96,92,61420,1743,936837,351200
3078,90,100,61329,1734,936937,326000
3079,86,108,61251,1704,937045,326300
3080,99,96,61151,1708,937141,335900
3081,100,102,61053,1704,937243,346200
3082,80,77,60965,1715,937320,340500
3083,75,100,60886,1694,937420,332400
3084,89,87,60807,1686,937507,347300
3085,94,88,60708,1697,937595,317000
3086,72,103,60631,1671,937698,387400
3087,87,70,60549,1683,937768,343100
3088,108,81,60451,1700,937849,347100
3089,80,86,60367,1698,937935,374000
3090,89,90,60275,1700,938025,357500
3091,82,81,60194,1700,938106,332800
3092,77,102,60113,1679,938208,358400
3093,82,97,60030,1665,938305,356500
3094,63,98,59965,1632,938403,349500
3095,81,82,59892,1623,938485,339900
3096,73,68,59816,1631,938553,339200
3097,77,81,59744,1622,938634,338800
3098,92,87,59651,1628,938721,325800
3099,78,84,59569,1626,938805,309700
3100,72,90,59498,1607,938895,328000
3101,84,102,59413,1590,938997,331800
3102,68,67,59343,1593,939064,341400
3103,85,82,59260,1594,939146,357600
3104,79,78,59175,1601,939224,312700
3105,81,70,59093,1613,939294,312100
3106,86,73,59018,1615,939367,331200
3107,92,90,58922,1621,939457,332400
3108,79,88,58846,1609,939545,328200
3109,83,78,58760,1617,939623,344600
3110,76,74,58684,1619,939697,308600
3111,87,79,58600,1624,939776,379000
3112,67,88,58531,1605,939864,355200
3113,94,68,58431,1637,939932,314000
3114,104,107,58331,1630,940039,367400
3115,81,81,58251,1629,940120,336500
3116,76,82,58175,1623,940202,318200
3117,88,70,58092,1636,940272,327400
3118,93,80,57998,1650,940352,339900
3119,90,89,57903,1656,940441,331400
3120,101,74,57808,1677,940515,357300
3121,92,87,57714,1684,940602,346100
3122,98,95,57615,1688,940697,344600
3123,111,89,57508,1706,940786,340000
3124,83,81,57417,1716,940867,343100
3125,116,89,57304,1740,940956,332200
3126,96,101,57210,1733,941057,317500
3127,109,99,57097,1747,941156,332500
3128,90,106,57006,1732,941262,337900
3129,80,89,56926,1723,941351,370600
3130,96,100,56838,1711,941451,336200
3131,80,107,56756,1686,941558,316300
3132,80,67,56671,1704,941625,347700
3133,69,86,56603,1686,941711,334000
3134,78,73,56523,1693,941784,303700
3135,75,88,56448,1680,941872,332600
3136,87,86,56369,1673,941958,333400
3137,82,76,56284,1682,942034,353900
3138,84,91,56201,1674,942125,341200
3139,74,80,56121,1674,942205,344900
3140,80,88,56042,1665,942293,329400
3141,74,87,55969,1651,942380,331700
3142,81,81,55887,1652,942461,329900
3143,85,76,55805,1658,942537,336400
3144,87,89,55714,1660,942626,338300
3145,80,87,55634,1653,942713,332300
3146,84,85,55554,1648,942798,364700
3147,77,72,55468,1662,942870,333400
3148,75,90,55399,1641,942960,346700
3149,76,95,55322,1623,943055,339500
3150,83,86,55237,1622,943141,369200
3151,81,97,55162,1600,943238,350100
3152,86,87,55073,1602,943325,318200
3153,93,83,54988,1604,943408,337600
3154,72,90,54907,1595,943498,424800
3155,76,100,54831,1571,943598,334500
3156,86,67,54743,1592,943665,352100
3157,63,81,54679,1575,943746,338200
3158,86,80,54596,1578,943826,330900
3159,63,80,54532,1562,943906,337600
3160,83,91,54454,1549,943997,318300
3161,91,88,54365,1550,944085,359100
3162,77,82,54286,1547,944167,326000
3163,74,85,54212,1536,944252,497300
3164,67,84,54133,1531,944336,369000
3165,89,90,54062,1512,944426,355200
3166,75,77,53978,1519,944503,378300
3167,79,61,53898,1538,944564,368600
3168,92,79,53810,1547,944643,318500
3169,82,72,53723,1562,944715,316700
3170,67,76,53654,1555,944791,361700
3171,78,86,53575,1548,944877,362800
3172,79,79,53497,1547,944956,342700
3173,77,81,53425,1538,945037,324400
3174,79,96,53349,1518,945133,350100
3175,68,81,53281,1505,945214,342400
3176,78,82,53209,1495,945296,344300
3177,57,100,53135,1469,945396,333600
3178,61,73,53082,1449,945469,321900
3179,78,80,53009,1442,945549,343100
3180,66,73,52936,1442,945622,360200
3181,71,76,52864,1438,945698,329000
3182,67,74,52796,1432,945772,333200
3183,76,65,52725,1438,945837,321500
3184,91,59,52636,1468,945896,351800
3185,69,72,52563,1469,945968,330700
3186,65,70,52496,1466,946038,374200
3187,70,70,52432,1460,946108,458800
3188,81,74,52345,1473,946182,451900
3189,75,69,52267,1482,946251,384700
3190,71,54,52201,1494,946305,397700
3191,66,64,52139,1492,946369,403900
3192,80,103,52054,1474,946472,381300
3193,74,83,51983,1462,946555,352300
3194,78,82,51902,1461,946637,389300
3195,72,66,51830,1467,946703,385300
3196,65,72,51764,1461,946775,364700
3197,84,79,51679,1467,946854,359700
3198,70,73,51615,1458,946927,355800
3199,58,74,51555,1444,947001,357900
3200,68,77,51485,1437,947078,372600
3201,73,69,51411,1442,947147,390200
3202,58,66,51349,1438,947213,400700
3203,70,78,51283,1426,947291,394700
3204,65,74,51223,1412,947365,468500
3205,52,75,51162,1398,947440,421800
3206,72,74,51098,1388,947514,419200
3207,75,68,51022,1396,947582,410900
3208,54,86,50966,1366,947668,407200
3209,72,73,50891,1368,947741,422900
3210,73,79,50823,1357,947820,406600
3211,77,60,50742,1378,947880,389800
3212,63,62,50684,1374,947942,398600
3213,72,74,50608,1376,948016,452700
3214,73,77,50535,1372,948093,385400
3215,75,78,50458,1371,948171,435800
3216,72,66,50392,1371,948237,451500
3217,80,74,50303,1386,948311,439100
3218,98,65,50215,1409,948376,387100
3219,88,89,50128,1407,948465,374800
3220,74,87,50049,1399,948552,387100
3221,78,76,49973,1399,948628,386200
3222,84,72,49887,1413,948700,358800
3223,57,72,49827,1401,948772,411900
3224,67,68,49763,1397,948840,413400
3225,72,48,49696,1416,948888,388300
3226,87,72,49608,1432,948960,384500
3227,75,82,49530,1428,949042,407300
3228,78,86,49445,1427,949128,394600
3229,73,64,49379,1429,949192,387600
3230,101,85,49282,1441,949277,462000
3231,91,64,49191,1468,949341,433500
3232,70,88,49114,1457,949429,416900
3233,92,80,49022,1469,949509,477300
3234,112,66,48921,1504,949575,483100
3235,80,77,48839,1509,949652,448700
3236,89,90,48747,1511,949742,425400
3237,72,57,48665,1536,949799,382700
3238,86,89,48586,1526,949888,412600
3239,94,72,48493,1547,949960,422000
3240,76,70,48413,1557,950030,396500
3241,90,105,48325,1540,950135,395300
3242,88,70,48239,1556,950205,394700
3243,81,83,48158,1554,950288,428400
3244,102,74,48061,1577,950362,372400
3245,78,101,47975,1562,950463,392300
3246,91,75,47889,1573,950538,362400
3247,70,76,47810,1576,950614,350600
3248,87,79,47729,1578,950693,434700
3249,82,81,47649,1577,950774,577800
3250,71,74,47574,1578,950848,414300
3251,92,67,47486,1599,950915,416600
3252,63,76,47419,1590,950991,366100
3253,90,78,47326,1605,951069,387300
3254,94,77,47240,1614,951146,342100
3255,81,68,47158,1628,951214,361100
3256,79,83,47077,1626,951297,338100
3257,102,79,46981,1643,951376,392200
3258,66,77,46906,1641,951453,338000
3259,72,93,46835,1619,951546,340300
3260,76,79,46759,1616,951625,328300
3261,97,80,46669,1626,951705,336800
3262,75,84,46587,1624,951789,385400
3263,71,92,46522,1597,951881,346700
3264,71,79,46448,1592,951960,346300
3265,64,69,46379,1592,952029,361500
3266,69,74,46311,1586,952103,344900
3267,75,79,46242,1576,952182,329500
3268,64,73,46178,1567,952255,321500
3269,77,86,46099,1560,952341,353600
3270,83,83,46017,1559,952424,360400
3271,66,91,45950,1535,952515,363500
3272,68,77,45878,1530,952592,351400
3273,68,70,45816,1522,952662,377700
3274,70,65,45742,1531,952727,374200
3275,78,97,45665,1511,952824,335800
3276,71,78,45593,1505,952902,351200
3277,65,74,45529,1495,952976,339800
3278,65,74,45462,1488,953050,368200
3279,79,72,45382,1496,953122,349400
3280,60,87,45323,1468,953209,359600
3281,67,67,45253,1471,953276,391700
3282,60,71,45197,1456,953347,370000
3283,73,79,45120,1454,953426,368700
3284,66,85,45056,1433,953511,401000
3285,72,75,44990,1424,953586,383900
3286,72,91,44912,1411,953677,332200
3287,74,74,44840,1409,953751,341100
3288,59,66,44782,1401,953817,378200
3289,67,72,44713,1398,953889,341200
3290,65,67,44649,1395,953956,343500
3291,79,81,44566,1397,954037,347600
3292,63,72,44504,1387,954109,368200
3293,59,65,44450,1376,954174,328700
3294,74,76,44376,1374,954250,334800
3295,67,65,44306,1379,954315,334500
3296,65,78,44234,1373,954393,373500
3297,71,75,44169,1363,954468,326200
3298,66,85,44106,1341,954553,349700
3299,77,86,44030,1331,954639,335000
3300,70,70,43958,1333,954709,362300
3301,60,64,43896,1331,954773,350800
3302,80,66,43821,1340,954839,347800
3303,59,71,43759,1331,954910,364400
3304,77,73,43681,1336,954983,360600
3305,72,75,43611,1331,955058,363100
3306,64,50,43543,1349,955108,335200
3307,70,66,43472,1354,955174,373400
3308,69,63,43402,1361,955237,365800
3309,46,60,43352,1351,955297,338000
3310,58,72,43301,1330,955369,348700
3311,77,72,43223,1336,955441,359400
3312,67,68,43160,1331,955509,347700
3313,61,75,43094,1322,955584,333300
3314,69,69,43027,1320,955653,345900
3315,86,57,42946,1344,955710,345100
3316,78,62,42866,1362,955772,344200
3317,68,63,42801,1364,955835,332200
3318,65,68,42734,1363,955903,310400
3319,76,63,42653,1381,955966,385500
3320,74,69,42582,1383,956035,344300
3321,67,70,42509,1386,956105,359600
3322,54,64,42452,1379,956169,357700
3323,89,73,42372,1386,956242,353400
3324,85,63,42298,1397,956305,345800
3325,63,70,42224,1401,956375,374700
3326,73,73,42156,1396,956448,381400
3327,77,82,42073,1397,956530,350600
3328,69,78,42004,1388,956608,327700
3329,55,66,41947,1379,956674,358800
3330,78,68,41873,1385,956742,338700
3331,66,65,41806,1387,956807,344400
3332,68,51,41738,1404,956858,336600
3333,75,62,41660,1420,956920,348200
3334,67,65,41596,1419,956985,376000
3335,76,68,41528,1419,957053,334300
3336,51,64,41467,1416,957117,353800
3337,65,69,41399,1415,957186,346500
3338,62,76,41343,1395,957262,337600
3339,61,73,41275,1390,957335,339900
3340,77,79,41206,1380,957414,337400
3341,71,76,41135,1375,957490,323200
3342,49,65,41079,1366,957555,400200
3343,62,66,41020,1359,957621,355200
3344,70,65,40954,1360,957686,401600
3345,71,84,40878,1352,957770,369300
3346,65,74,40815,1341,957844,426500
3347,70,71,40749,1336,957915,352900
3348,68,68,40674,1343,957983,352900
3349,64,69,40614,1334,958052,366600
3350,60,59,40548,1341,958111,347200
3351,64,88,40491,1310,958199,328200
3352,60,72,40426,1303,958271,335400
3353,70,80,40359,1290,958351,332900
3354,45,58,40311,1280,958409,333600
3355,67,48,40248,1295,958457,344700
3356,70,60,40186,1297,958517,337300
3357,74,61,40098,1324,958578,367100
3358,63,67,40038,1317,958645,331900
3359,66,76,39973,1306,958721,344800
3360,67,62,39909,1308,958783,354300
3361,65,77,39841,1299,958860,342900
3362,67,56,39771,1313,958916,330400
3363,65,67,39709,1308,958983,330000
3364,68,58,39641,1318,959041,371400
3365,83,69,39566,1324,959110,359500
3366,55,57,39510,1323,959167,349900
3367,54,88,39450,1295,959255,351700
3368,63,49,39390,1306,959304,334600
3369,55,65,39328,1303,959369,332700
3370,59,66,39273,1292,959435,330000
3371,82,62,39191,1312,959497,342200
3372,56,77,39137,1289,959574,354500
3373,65,53,39068,1305,959627,358300
3374,65,57,39008,1308,959684,347900
3375,67,63,38935,1318,959747,523300
3376,73,66,38864,1323,959813,339800
3377,73,57,38792,1338,959870,355000
3378,73,68,38722,1340,959938,354600
3379,67,78,38652,1332,960016,395500
3380,72,60,38575,1349,960076,358900
3381,54,74,38523,1327,960150,343100
3382,68,69,38461,1320,960219,396400
3383,55,56,38403,1322,960275,330300
3384,72,70,38339,1316,960345,324000
3385,70,78,38258,1319,960423,369500
3386,61,72,38201,1304,960495,338500
3387,50,66,38149,1290,960561,379700
3388,60,56,38085,1298,960617,372300
3389,61,72,38026,1285,960689,335500
3390,78,64,37959,1288,960753,339100
3391,54,72,37893,1282,960825,337700
3392,63,58,37837,1280,960883,345500
3393,73,65,37767,1285,960948,332900
3394,58,68,37701,1283,961016,390600
3395,58,70,37638,1276,961086,362800
3396,82,67,37563,1284,961153,336300
3397,66,73,37492,1282,961226,352100
3398,41,65,37453,1256,961291,353000
3399,62,69,37396,1244,961360,343800
3400,63,58,37326,1256,961418,362300
3401,60,69,37267,1246,961487,355500
3402,48,76,37220,1217,961563,394500
3403,55,55,37166,1216,961618,344100
3404,60,65,37110,1207,961683,325100
3405,50,71,37054,1192,961754,339000
3406,59,59,36994,1193,961813,345600
3407,51,58,36946,1183,961871,318500
3408,67,54,36879,1196,961925,343100
3409,69,67,36819,1189,961992,334400
3410,60,72,36752,1184,962064,381600
3411,47,62,36701,1173,962126,359300
3412,57,56,36647,1171,962182,339000
3413,59,63,36588,1167,962245,322500
3414,70,58,36522,1175,962303,341800
3415,53,54,36460,1183,962357,352300
3416,55,62,36412,1169,962419,324000
3417,61,56,36344,1181,962475,450200
3418,69,69,36284,1172,962544,355600
3419,52,61,36221,1174,962605,351700
3420,72,66,36159,1170,962671,348600
3421,55,57,36101,1171,962728,339500
3422,59,66,36042,1164,962794,331400
3423,45,56,35996,1154,962850,341500
3424,63,52,35942,1156,962902,346700
3425,67,54,35864,1180,962956,367500
3426,66,55,35803,1186,963011,371300
3427,65,52,35736,1201,963063,350300
3428,52,40,35683,1214,963103,342400
3429,66,64,35618,1215,963167,358300
3430,65,62,35560,1211,963229,338400
3431,54,81,35496,1194,963310,365300
3432,58,67,35438,1185,963377,360800
3433,66,63,35376,1184,963440,375800
3434,58,52,35320,1188,963492,351000
3435,67,54,35255,1199,963546,390200
3436,61,58,35191,1205,963604,378500
3437,67,63,35122,1211,963667,391800
3438,60,66,35065,1202,963733,382200
3439,57,65,35003,1199,963798,359700
3440,73,52,34934,1216,963850,370900
3441,70,64,34862,1224,963914,354100
3442,51,77,34811,1198,963991,467500
3443,68,69,34745,1195,964060,333800
3444,59,67,34680,1193,964127,328400
3445,60,70,34620,1183,964197,345100
3446,63,64,34559,1180,964261,339200
3447,62,48,34498,1193,964309,373200
3448,55,53,34446,1192,964362,354900
3449,58,73,34383,1182,964435,320100
3450,54,60,34331,1174,964495,356200
3451,50,64,34281,1160,964559,335300
3452,58,69,34228,1144,964628,340800
3453,63,76,34163,1133,964704,343800
3454,55,66,34106,1124,964770,356400
3455,51,50,34049,1131,964820,343800
3456,54,55,34003,1122,964875,365100
3457,47,65,33948,1112,964940,331300
3458,61,57,33896,1107,964997,335900
3459,58,62,33838,1103,965059,322400
3460,42,77,33793,1071,965136,350400
3461,41,56,33748,1060,965192,337300
3462,49,61,33708,1039,965253,324500
3463,65,60,33640,1047,965313,348400
3464,47,56,33588,1043,965369,336800
3465,55,49,33533,1049,965418,342800
3466,59,48,33477,1057,965466,343100
3467,59,55,33414,1065,965521,350900
3468,42,52,33376,1051,965573,325900
3469,54,52,33318,1057,965625,346000
3470,45,67,33273,1035,965692,409400
3471,49,59,33223,1026,965751,340800
3472,66,55,33168,1026,965806,346500
3473,56,57,33105,1032,965863,384800
3474,64,45,33038,1054,965908,362700
3475,61,53,32983,1056,965961,386500
3476,64,59,32914,1066,966020,376700
3477,57,47,32865,1068,966067,368000
3478,71,57,32785,1091,966124,396600
3479,58,57,32733,1086,966181,370300
3480,49,47,32679,1093,966228,417700
3481,56,59,32622,1091,966287,392300
3482,44,45,32582,1086,966332,402900
3483,46,55,32537,1076,966387,385200
3484,43,75,32495,1043,966462,491500
3485,51,54,32441,1043,966516,388100
3486,58,45,32384,1055,966561,334200
3487,50,55,32333,1051,966616,336400
3488,42,39,32289,1056,966655,331300
3489,50,52,32241,1052,966707,367900
3490,57,46,32183,1064,966753,379400
3491,43,47,32141,1059,966800,373200
3492,55,56,32089,1055,966856,364700
3493,57,47,32028,1069,966903,404000
3494,55,66,31973,1058,966969,358700
3495,57,46,31919,1066,967015,374000
3496,71,59,31848,1078,967074,358400
3497,52,60,31790,1076,967134,381800
3498,56,63,31739,1064,967197,368600
3499,66,52,31675,1076,967249,380800
3500,57,54,31619,1078,967303,359000
3501,55,47,31558,1092,967350,372900
3502,62,52,31505,1093,967402,350400
3503,53,61,31444,1093,967463,371100
3504,59,59,31382,1096,967522,371500
3505,60,76,31325,1077,967598,362700
3506,51,46,31277,1079,967644,390600
3507,47,41,31230,1085,967685,358300
3508,65,45,31165,1105,967730,379300
3509,67,66,31100,1104,967796,352100
3510,44,53,31053,1098,967849,341600
3511,52,48,31003,1100,967897,387300
3512,56,75,30943,1085,967972,351200
3513,54,68,30889,1071,968040,417400
3514,51,46,30844,1070,968086,376300
3515,51,62,30788,1064,968148,352400
3516,43,47,30742,1063,968195,348400
3517,53,52,30691,1062,968247,335200
3518,56,48,30639,1066,968295,345700
3519,53,59,30586,1060,968354,341600
3520,47,50,30536,1060,968404,377000
3521,56,71,30482,1043,968475,364800
3522,51,47,30429,1049,968522,334500
3523,45,51,30386,1041,968573,341800
3524,56,62,30331,1034,968635,368700
3525,59,51,30268,1046,968686,367200
3526,63,57,30209,1048,968743,391500
3527,44,65,30157,1035,968808,344200
3528,54,61,30109,1022,968869,443100
3529,51,56,30057,1018,968925,339500
3530,58,42,29997,1036,968967,344900
3531,58,56,29942,1035,969023,331900
3532,53,57,29890,1030,969080,356600
3533,61,53,29828,1039,969133,359700
3534,54,52,29773,1042,969185,348000
3535,48,50,29725,1040,969235,343200
3536,47,38,29678,1049,969273,347000
3537,62,57,29613,1057,969330,334900
3538,58,53,29559,1058,969383,337200
3539,57,59,29500,1058,969442,339900
3540,52,48,29453,1057,969490,338400
3541,68,49,29388,1073,969539,371400
3542,60,64,29322,1075,969603,330400
3543,67,51,29250,1096,969654,355200
3544,40,41,29216,1089,969695,342800
3545,52,48,29160,1097,969743,351500
3546,54,52,29109,1096,969795,349000
3547,62,46,29050,1109,969841,329900
3548,50,56,28996,1107,969897,339800
3549,57,66,28937,1100,969963,382100
3550,47,65,28885,1087,970028,398300
3551,57,54,28832,1086,970082,350500
3552,49,53,28788,1077,970135,349800
3553,45,60,28741,1064,970195,348400
3554,38,45,28700,1060,970240,364800
3555,38,48,28661,1051,970288,335100
3556,48,47,28614,1051,970335,338500
3557,48,54,28567,1044,970389,345900
3558,44,41,28521,1049,970430,359100
3559,42,53,28481,1036,970483,323500
3560,41,59,28441,1017,970542,351000
3561,32,67,28403,988,970609,341500
3562,39,36,28370,985,970645,336500
3563,33,63,28336,956,970708,349200
3564,45,32,28294,966,970740,346400
3565,43,61,28251,948,970801,311200
3566,44,52,28204,943,970853,360400
3567,41,46,28166,935,970899,323100
3568,40,52,28121,928,970951,321400
3569,39,63,28084,902,971014,326600
3570,40,47,28046,893,971061,313700
3571,41,38,27999,902,971099,337900
3572,36,42,27965,894,971141,319900
3573,54,48,27917,894,971189,314200
3574,34,50,27876,885,971239,353200
3575,44,42,27838,881,971281,325600
3576,40,40,27797,882,971321,351000
3577,31,51,27761,867,971372,425200
3578,36,44,27729,855,971416,351500
3579,53,38,27676,870,971454,323700
3580,48,54,27627,865,971508,328100
3581,40,40,27585,867,971548,339700
3582,45,51,27542,859,971599,362200
3583,43,59,27504,838,971658,351900
3584,47,39,27454,849,971697,369600
3585,37,37,27414,852,971734,384000
3586,43,41,27370,855,971775,351200
3587,33,41,27337,847,971816,349100
3588,35,45,27302,837,971861,322900
3589,34,52,27271,816,971913,344400
3590,44,55,27229,803,971968,343600
3591,31,55,27191,786,972023,326500
3592,24,39,27169,769,972062,350300
3593,37,33,27133,772,972095,338900
3594,27,30,27107,768,972125,335500
3595,48,42,27056,777,972167,334100
3596,31,37,27025,771,972204,327000
3597,33,31,26992,773,972235,333100
3598,40,44,26956,765,972279,329600
3599,37,34,26914,773,972313,321100
3600,36,31,26877,779,972344,362300
3601,38,35,26844,777,972379,408000
3602,29,40,26817,764,972419,359900
3603,36,30,26778,773,972449,382100
3604,49,45,26733,773,972494,386000
3605,33,41,26694,771,972535,373300
3606,41,41,26656,768,972576,402100
3607,35,46,26617,761,972622,366300
3608,40,45,26578,755,972667,376500
3609,36,35,26544,754,972702,397600
3610,32,45,26512,741,972747,359100
3611,35,53,26478,722,972800,413400
3612,40,41,26437,722,972841,400400
3613,35,32,26402,725,972873,379500
3614,51,39,26351,737,972912,383900
3615,34,39,26315,734,972951,371100
3616,40,48,26277,724,972999,383300
3617,38,29,26237,735,973028,350700
3618,48,39,26194,739,973067,353700
3619,44,40,26153,740,973107,345200
3620,50,43,26098,752,973150,371700
3621,39,51,26057,742,973201,426000
3622,42,36,26019,744,973237,373800
3623,30,26,25988,749,973263,388400
3624,42,36,25944,757,973299,431500
3625,41,28,25908,765,973327,483900
3626,32,41,25869,763,973368,393500
3627,37,36,25834,762,973404,498400
3628,33,27,25799,770,973431,423700
3629,40,43,25761,765,973474,353700
3630,36,45,25724,757,973519,335500
3631,43,35,25682,764,973554,368400
3632,30,43,25658,745,973597,408500
3633,34,37,25619,747,973634,439000
3634,39,37,25586,743,973671,455100
3635,39,32,25542,755,973703,389400
3636,44,45,25505,747,973748,357900
3637,26,38,25469,745,973786,467100
3638,26,41,25442,731,973827,428100
3639,31,25,25411,737,973852,456300
3640,29,40,25385,723,973892,470700
3641,33,40,25352,716,973932,462900
3642,31,35,25317,716,973967,366200
3643,41,38,25279,716,974005,495800
3644,36,30,25247,718,974035,402000
3645,34,35,25209,721,974070,496300
3646,31,38,25177,715,974108,404700
3647,36,29,25143,720,974137,454800
3648,40,54,25104,705,974191,354500
3649,31,36,25071,702,974227,346100
3650,27,43,25041,689,974270,440600
3651,30,39,25012,679,974309,453400
3652,31,38,24985,668,974347,446900
3653,38,29,24948,676,974376,486600
3654,35,36,24912,676,974412,433900
3655,31,32,24880,676,974444,398400
3656,36,44,24844,668,974488,402700
3657,30,36,24809,667,974524,388400
3658,38,34,24777,665,974558,426100
3659,28,30,24750,662,974588,401800
3660,40,32,24709,671,974620,348100
3661,38,28,24668,684,974648,501800
3662,34,32,24635,685,974680,346600
3663,39,25,24598,697,974705,333100
3664,30,33,24563,699,974738,323000
3665,38,36,24528,698,974774,485300
3666,44,45,24487,694,974819,404000
3667,37,43,24444,694,974862,385800
3668,41,48,24407,683,974910,414000
3669,40,30,24365,695,974940,431000
3670,51,38,24318,704,974978,358900
3671,43,33,24274,715,975011,392100
3672,32,40,24242,707,975051,407100
3673,41,32,24195,722,975083,394300
3674,41,33,24162,722,975116,525400
3675,40,28,24116,740,975144,366000
3676,35,48,24083,725,975192,356800
3677,40,41,24041,726,975233,334300
3678,46,34,23997,736,975267,323300
3679,47,49,23955,729,975316,381500
3680,43,32,23910,742,975348,389800
3681,35,46,23869,737,975394,399600
3682,39,28,23833,745,975422,443000
3683,39,48,23793,737,975470,405300
3684,43,34,23753,743,975504,365600
3685,41,31,23714,751,975535,395000
3686,51,45,23657,763,975580,390600
3687,36,48,23623,749,975628,363500
3688,39,42,23582,748,975670,432000
3689,29,39,23553,738,975709,376200
3690,34,30,23523,738,975739,395800
3691,36,38,23487,736,975777,347800
3692,36,38,23451,734,975815,383200
3693,32,32,23417,736,975847,384400
3694,35,32,23388,733,975879,406400
3695,28,38,23348,735,975917,379500
3696,30,31,23323,729,975948,414000
3697,36,44,23288,720,975992,363100
3698,30,33,23255,720,976025,388700
3699,30,40,23226,709,976065,362800
3700,41,33,23185,717,976098,406000
3701,38,37,23145,720,976135,412800
3702,32,36,23118,711,976171,374400
3703,36,38,23077,714,976209,350200
3704,42,44,23035,712,976253,382700
3705,42,41,22998,708,976294,386900
3706,31,36,22963,707,976330,401900
3707,38,28,22928,714,976358,435400
3708,37,35,22893,714,976393,447100
3709,38,36,22855,716,976429,366600
3710,39,35,22814,722,976464,377400
3711,24,30,22788,718,976494,387000
3712,18,31,22769,706,976525,403400
3713,44,25,22725,725,976550,386800
3714,45,30,22684,736,976580,505300
3715,46,40,22642,738,976620,381800
3716,35,34,22600,746,976654,418800
3717,31,35,22572,739,976689,376600
3718,39,42,22534,735,976731,415000
3719,36,36,22498,735,976767,427200
3720,33,44,22462,727,976811,391000
3721,33,35,22430,724,976846,534200
3722,39,51,22393,710,976897,464800
3723,37,34,22353,716,976931,427700
3724,36,45,22320,704,976976,391200
3725,29,30,22289,705,977006,410600
3726,33,26,22256,712,977032,398900
3727,28,32,22227,709,977064,329400
3728,27,29,22199,708,977093,391800
3729,32,49,22168,690,977142,366700
3730,31,34,22137,687,977176,366100
3731,26,32,22109,683,977208,370300
3732,30,35,22079,678,977243,352700
3733,31,44,22051,662,977287,379900
3734,30,31,22021,661,977318,396600
3735,33,36,21987,659,977354,371400
3736,34,34,21955,657,977388,346700
3737,28,29,21924,659,977417,389700
3738,26,34,21900,649,977451,376100
3739,36,25,21865,659,977476,404900
3740,20,32,21842,650,977508,363700
3741,33,28,21810,654,977536,354600
3742,36,45,21776,643,977581,365500
3743,25,31,21751,637,977612,424900
3744,30,29,21718,641,977641,444200
3745,27,25,21693,641,977666,417700
3746,29,35,21666,633,977701,406500
3747,28,32,21635,632,977733,397400
3748,30,33,21605,629,977766,369700
3749,28,28,21575,631,977794,361500
3750,35,37,21543,626,977831,442300
3751,35,43,21508,618,977874,446500
3752,22,37,21483,606,977911,434000
3753,31,31,21452,606,977942,407400
3754,28,23,21426,609,977965,419600
3755,32,22,21395,618,977987,396600
3756,39,42,21358,613,978029,396900
3757,40,26,21316,629,978055,402500
3758,31,29,21287,629,978084,415000
3759,42,37,21243,636,978121,399200
3760,25,30,21221,628,978151,343300
3761,23,33,21192,624,978184,466900
3762,24,32,21172,612,978216,386400
3763,30,33,21139,612,978249,652800
3764,25,31,21115,605,978280,469400
3765,26,31,21088,601,978311,422800
3766,20,31,21071,587,978342,470200
3767,29,30,21040,588,978372,462100
3768,34,30,21008,590,978402,534200
3769,25,35,20980,583,978437,420900
3770,25,19,20958,586,978456,371900
3771,23,32,20933,579,978488,359100
3772,22,23,20908,581,978511,417900
3773,26,35,20885,569,978546,399800
3774,23,22,20862,570,978568,522700
3775,25,38,20837,557,978606,377200
3776,26,26,20811,557,978632,395200
3777,26,33,20785,550,978665,402800
3778,20,27,20763,545,978692,361400
3779,20,29,20744,535,978721,363400
3780,28,27,20714,538,978748,364600
3781,31,25,20683,544,978773,365100
3782,17,16,20665,546,978789,380700
3783,26,26,20640,545,978815,352800
3784,25,16,20615,554,978831,389000
3785,24,31,20594,544,978862,351200
3786,27,20,20566,552,978882,361300
3787,15,21,20549,548,978903,351200
3788,26,14,20523,560,978917,372900
3789,21,26,20503,554,978943,369500
3790,28,24,20479,554,978967,392900
3791,24,23,20452,558,978990,390200
3792,27,17,20424,569,979007,386900
3793,23,18,20402,573,979025,354600
3794,21,28,20380,567,979053,428900
3795,28,25,20355,567,979078,383300
3796,27,45,20325,552,979123,374500
3797,21,26,20304,547,979149,374600
3798,29,33,20277,541,979182,371700
3799,27,18,20249,551,979200,352300
3800,25,31,20224,545,979231,343600
3801,24,20,20202,547,979251,393800
3802,36,21,20165,563,979272,375100
3803,27,25,20140,563,979297,353200
3804,27,33,20111,559,979330,353600
3805,34,29,20075,566,979359,353000
3806,27,28,20048,565,979387,358500
3807,36,34,20015,564,979421,350000
3808,32,26,19985,568,979447,436600
3809,32,22,19951,580,979469,360400
3810,30,39,19921,571,979508,379100
3811,25,16,19893,583,979524,356700
3812,26,32,19868,576,979556,358400
3813,29,34,19840,570,979590,339300
3814,23,27,19820,563,979617,339000
3815,32,31,19783,569,979648,394800
3816,31,20,19755,577,979668,385700
3817,30,33,19726,573,979701,359000
3818,27,36,19698,565,979737,344800
3819,26,27,19669,567,979764,359100
3820,27,30,19647,559,979794,356400
3821,25,33,19620,553,979827,339300
3822,31,27,19587,559,979854,344900
3823,23,21,19564,561,979875,398800
3824,29,33,19541,551,979908,413400
3825,24,29,19513,550,979937,395500
3826,39,25,19473,565,979962,342000
3827,35,36,19438,564,979998,373900
3828,30,22,19412,568,980020,360800
3829,37,39,19375,566,980059,391200
3830,43,28,19329,584,980087,371500
3831,20,32,19306,575,980119,372900
3832,32,34,19280,567,980153,356600
3833,27,28,19247,572,980181,388100
3834,26,32,19223,564,980213,336000
3835,23,32,19200,555,980245,356700
3836,28,29,19174,552,980274,411000
3837,31,36,19140,550,980310,364000
3838,35,29,19104,557,980339,338000
3839,32,21,19070,570,980360,357400
3840,26,26,19049,565,980386,334500
3841,26,26,19021,567,980412,357200
3842,29,34,18992,562,980446,356200
3843,29,32,18966,556,980478,434000
3844,37,38,18934,550,980516,430300
3845,25,34,18904,546,980550,390100
3846,28,25,18873,552,980575,368900
3847,39,26,18840,559,980601,391200
3848,32,20,18805,574,980621,387900
3849,31,43,18773,563,980664,394600
3850,33,27,18740,569,980691,366000
3851,23,29,18717,563,980720,354800
3852,15,24,18698,558,980744,358300
3853,37,27,18667,562,980771,333300
3854,32,24,18634,571,980795,370900
3855,31,26,18599,580,980821,337700
3856,25,34,18574,571,980855,387000
3857,32,27,18543,575,980882,350100
3858,28,32,18516,570,980914,353200
3859,26,31,18489,566,980945,375400
3860,22,26,18465,564,980971,357300
3861,31,20,18439,570,980991,341100
3862,23,29,18413,567,981020,349300
3863,28,30,18386,564,981050,391800
3864,15,32,18371,547,981082,383100
3865,24,24,18349,545,981106,370400
3866,24,21,18323,550,981127,362200
3867,27,26,18296,551,981153,335400
3868,24,21,18271,555,981174,360700
3869,26,20,18245,561,981194,346000
3870,26,23,18218,565,981217,352800
3871,27,31,18196,556,981248,353600
3872,32,24,18164,564,981272,345300
3873,27,25,18136,567,981297,364400
3874,20,33,18112,558,981330,378200
3875,32,38,18084,548,981368,348500
3876,26,30,18056,546,981398,370400
3877,28,30,18031,541,981428,379700
3878,33,29,17994,549,981457,342600
3879,22,38,17974,531,981495,353200
3880,20,23,17950,532,981518,332600
3881,28,20,17923,539,981538,349100
3882,20,27,17906,529,981565,363900
3883,25,25,17881,529,981590,337500
3884,22,22,17856,532,981612,396700
3885,17,28,17839,521,981640,363400
3886,25,17,17816,527,981657,355900
3887,19,26,17795,522,981683,363500
3888,19,26,17778,513,981709,353600
3889,25,22,17751,518,981731,358400
3890,19,30,17731,508,981761,362000
3891,24,21,17710,508,981782,402600
3892,21,24,17687,507,981806,397700
3893,17,20,17668,506,981826,358800
3894,22,25,17647,502,981851,357300
3895,24,30,17626,493,981881,387300
3896,27,24,17600,495,981905,356000
3897,23,29,17575,491,981934,501700
3898,19,26,17556,484,981960,358100
3899,23,27,17531,482,981987,379000
3900,23,21,17510,482,982008,358100
3901,14,22,17495,475,982030,346000
3902,19,18,17478,474,982048,344400
3903,17,24,17461,467,982072,365500
3904,22,26,17437,465,982098,382600
3905,31,24,17410,468,982122,350300
3906,19,29,17385,464,982151,356000
3907,20,16,17366,467,982167,385000
3908,19,21,17347,465,982188,389400
3909,28,18,17321,473,982206,360100
3910,16,28,17303,463,982234,417600
3911,27,26,17282,458,982260,396100
3912,22,13,17253,474,982273,391100
3913,21,26,17234,467,982299,363400
3914,16,26,17218,457,982325,396700
3915,25,29,17193,453,982354,367600
3916,18,23,17177,446,982377,353600
3917,20,25,17152,446,982402,378600
3918,18,18,17135,445,982420,370400
3919,16,26,17119,435,982446,350000
3920,20,23,17098,433,982469,360900
3921,23,19,17078,434,982488,352000
3922,13,28,17065,419,982516,361600
3923,28,24,17039,421,982540,361700
3924,20,24,17015,421,982564,364700
3925,20,17,16997,422,982581,392300
3926,21,25,16978,416,982606,402300
3927,20,18,16960,416,982624,365400
3928,27,14,16931,431,982638,359300
3929,16,26,16913,423,982664,394900
3930,21,28,16894,414,982692,385800
3931,22,19,16870,419,982711,378300
3932,27,29,16844,416,982740,540100
3933,19,24,16822,414,982764,389900
3934,22,15,16799,422,982779,352600
3935,20,26,16783,412,982805,371700
3936,15,16,16767,412,982821,401200
3937,17,24,16753,402,982845,368300
3938,22,17,16728,410,982862,355600
3939,18,22,16710,406,982884,349000
3940,15,15,16694,407,982899,345900
3941,22,25,16673,403,982924,343400
3942,10,28,16662,386,982952,384300
3943,19,14,16646,388,982966,392500
3944,24,17,16626,391,982983,359400
3945,24,23,16598,396,983006,342400
3946,16,17,16580,397,983023,344300
3947,15,16,16566,395,983039,346100
3948,13,19,16552,390,983058,340800
3949,16,23,16536,383,983081,362800
3950,21,22,16518,379,983103,341900
3951,15,17,16501,379,983120,357600
3952,11,16,16489,375,983136,349000
3953,16,19,16471,374,983155,377300
3954,18,18,16452,375,983173,370900
3955,17,18,16439,370,983191,462400
3956,15,18,16425,366,983209,427200
3957,21,15,16403,373,983224,388700
3958,12,12,16388,376,983236,354200
3959,16,17,16372,375,983253,389500
3960,13,18,16360,369,983271,345900
3961,18,14,16344,371,983285,342400
3962,18,24,16326,365,983309,389800
3963,10,15,16316,360,983324,374900
3964,17,18,16300,358,983342,352200
3965,10,20,16287,351,983362,369800
3966,19,15,16271,352,983377,392800
3967,15,15,16253,355,983392,345600
3968,10,16,16245,347,983408,376100
3969,16,7,16229,356,983415,359900
3970,12,18,16216,351,983433,360100
3971,18,22,16197,348,983455,357700
3972,16,12,16179,354,983467,367600
3973,18,18,16167,348,983485,386800
3974,13,18,16153,344,983503,390600
3975,12,20,16137,340,983523,477300
3976,7,10,16131,336,983533,347900
3977,10,21,16120,326,983554,331600
3978,12,16,16109,321,983570,370300
3979,10,17,16099,314,983587,358800
3980,22,18,16079,316,983605,351200
3981,7,14,16069,312,983619,370200
3982,8,10,16061,310,983629,346000
3983,9,16,16054,301,983645,327900
3984,14,10,16039,306,983655,317600
3985,7,17,16030,298,983672,335700
3986,11,10,16021,297,983682,345900
3987,9,22,16013,283,983704,321000
3988,6,16,16006,274,983720,332200
3989,12,16,15992,272,983736,351100
3990,6,6,15986,272,983742,393200
3991,8,17,15981,260,983759,349400
3992,10,14,15970,257,983773,365400
3993,7,16,15962,249,983789,343100
3994,6,15,15959,237,983804,344500
3995,16,9,15942,245,983813,364800
3996,8,14,15931,242,983827,380800
3997,12,12,15922,239,983839,369000
3998,11,13,15912,236,983852,331400
3999,10,12,15898,238,983864,350600
4000,10,6,15890,240,983870,361400
4001,8,9,15881,240,983879,350000
4002,7,7,15874,240,983886,420000
4003,11,10,15866,238,983896,383900
4004,14,15,15849,240,983911,387600
4005,6,11,15843,235,983922,356700
4006,14,15,15831,232,983937,344500
4007,7,10,15822,231,983947,356800
4008,15,9,15806,238,983956,326500
4009,12,13,15795,236,983969,360700
4010,14,16,15783,232,983985,323600
4011,3,17,15777,221,984002,360300
4012,11,14,15767,217,984016,368800
4013,6,12,15761,211,984028,347800
4014,8,18,15754,200,984046,336400
4015,3,11,15749,194,984057,359000
4016,10,8,15741,194,984065,349700
4017,8,12,15733,190,984077,358100
4018,3,10,15728,185,984087,340300
4019,4,12,15726,175,984099,379000
4020,4,6,15721,174,984105,368500
4021,11,10,15715,170,984115,340900
4022,4,10,15707,168,984125,334000
4023,4,7,15701,167,984132,367000
4024,9,5,15694,169,984137,352400
4025,5,4,15689,170,984141,362700
4026,6,8,15683,168,984149,338800
4027,5,13,15678,160,984162,336000
4028,3,6,15674,158,984168,339700
4029,4,9,15670,153,984177,370100
4030,5,11,15664,148,984188,385500
4031,6,10,15659,143,984198,369200
4032,3,4,15656,142,984202,399300
4033,8,4,15648,146,984206,356400
4034,9,5,15639,150,984211,337600
4035,6,8,15633,148,984219,338900
4036,7,8,15626,147,984227,352600
4037,1,10,15624,139,984237,331800
4038,2,7,15624,132,984244,343900
4039,4,9,15619,128,984253,353400
4040,3,2,15615,130,984255,354800
4041,5,10,15612,123,984265,338500
4042,3,5,15607,123,984270,327000
4043,3,2,15605,123,984272,457200
4044,6,5,15598,125,984277,329500
4045,3,10,15595,118,984287,338300
4046,7,4,15589,120,984291,353900
4047,5,1,15584,124,984292,338900
4048,6,3,15578,127,984295,342100
4049,6,5,15571,129,984300,331900
4050,3,9,15569,122,984309,340800
4051,2,7,15566,118,984316,339500
4052,5,6,15563,115,984322,339600
4053,6,4,15555,119,984326,325100
4054,2,4,15553,117,984330,333400
4055,2,6,15551,113,984336,318200
4056,3,5,15549,110,984341,325100
4057,0,9,15548,102,984350,412600
4058,1,4,15547,99,984354,339500
4059,4,8,15543,95,984362,354900
4060,2,8,15541,89,984370,341300
4061,1,5,15540,85,984375,329900
4062,3,2,15538,85,984377,310400
4063,2,4,15535,84,984381,346800
4064,1,4,15534,81,984385,318400
4065,2,1,15532,82,984386,366400
4066,2,4,15530,80,984390,356200
4067,0,6,15530,74,984396,315800
4068,0,3,15530,71,984399,315500
4069,1,6,15529,66,984405,320800
4070,0,3,15529,63,984408,346100
4071,1,3,15528,61,984411,311300
4072,3,4,15526,59,984415,364800
4073,2,3,15523,59,984418,332900
4074,3,3,15520,59,984421,309000
4075,1,3,15519,57,984424,318700
4076,0,0,15519,57,984424,329600
4077,1,5,15518,53,984429,325900
4078,0,3,15518,50,984432,320700
4079,1,3,15518,47,984435,330500
4080,0,3,15517,45,984438,388100
4081,1,2,15516,44,984440,340600
4082,0,1,15516,43,984441,334800
4083,0,2,15516,41,984443,317700
4084,0,0,15516,41,984443,335700
4085,0,6,15516,35,984449,320300
4086,0,0,15516,35,984449,433800
4087,0,3,15516,32,984452,386700
4088,0,2,15516,30,984454,357900
4089,0,1,15516,29,984455,345000
4090,0,1,15516,28,984456,338700
4091,0,0,15516,28,984456,330200
4092,0,1,15516,27,984457,326300
4093,0,2,15516,25,984459,347400
4094,0,1,15516,24,984460,350300
4095,0,2,15516,22,984462,313000
4096,0,3,15516,19,984465,351800
4097,0,3,15516,16,984468,354900
4098,0,1,15516,15,984469,319000
4099,0,1,15516,14,984470,356800
4100,0,0,15516,14,984470,505300
4101,0,1,15516,13,984471,339200
4102,0,0,15516,13,984471,322700
4103,0,1,15516,12,984472,379800
4104,0,0,15516,12,984472,365600
4105,0,0,15516,12,984472,358300
4106,0,2,15516,10,984474,330300
4107,0,1,15516,9,984475,365000
4108,0,0,15516,9,984475,352300
4109,0,0,15516,9,984475,353000
4110,0,0,15516,9,984475,320400
4111,0,0,15516,9,984475,350200
4112,0,0,15516,9,984475,346200
4113,0,0,15516,9,984475,396500
4114,0,1,15516,8,984476,321800
4115,0,1,15516,7,984477,331600
4116,0,0,15516,7,984477,347900
4117,0,2,15516,5,984479,425500
4118,0,0,15516,5,984479,387100
4119,0,0,15516,5,984479,394400
4120,0,0,15516,5,984479,537300
4121,0,0,15516,5,984479,409300
4122,0,1,15516,4,984480,391900
4123,0,0,15516,4,984480,411600
4124,0,0,15516,4,984480,390500
4125,0,0,15516,4,984480,365200
4126,0,0,15516,4,984480,388800
4127,0,1,15516,3,984481,384900
4128,0,2,15516,1,984483,368800
4129,0,0,15516,1,984483,391200
4130,0,0,15516,1,984483,396500
4131,0,0,15516,1,984483,364200
4132,0,0,15516,1,984483,431100
4133,0,1,15516,0,984484,401700
